0.978365 -0.192286 0.076336 0.091442 0.197603 0.977813 -0.0695283 0.0166375 -0.061273 0.0831083 0.994655 -0.191202 0 0 0 1
1 0 0 0 0 1 0 0 0 0 1 0 0 0 0 1
###
0.0118457 0.170272 0.329579 
0.222981 -0.170533 0.567341 
0.122557 -0.369221 0.652744 
0.010415 -0.0521576 0.525546 
1.88994 -9.93385 10.9005 
1.40528 -4.65802 7.61724 
0.0113847 -0.052329 0.531973 
0.0556065 0.200038 0.265472 
-0.185151 0.272717 0.463423 
0.190609 0.0364148 0.49316 
-0.871827 0.469876 1.12262 
0.0455911 0.0987525 0.505409 
-0.0521471 0.199194 0.392392 
-0.433059 0.416889 0.944952 
0.00139589 0.170689 0.523826 
0.167769 0.0991895 0.475861 
0.233627 -0.0179767 0.408064 
-0.0519757 0.198879 0.392155 
-0.00833803 0.222706 0.318927 
-0.171016 0.245084 0.494762 
0.170096 0.0867041 0.484339 
0.239473 -0.065056 0.455995 
0.0283275 0.0896207 0.518786 
0.0174608 0.168237 0.511411 
-0.056952 0.240798 0.355997 

0.217281 0.071946 0.142367 
0.396031 -0.199144 0.310778 
0.304703 -0.334982 0.356153 
0.220939 -0.104755 0.284321 
2.20197 -8.59138 8.35668 
1.12694 -2.74653 4.02619 
0.225252 -0.106803 0.288199 
0.24532 0.0972798 0.0921234 
0.0647414 0.135174 0.24099 
0.363014 -0.0321315 0.261641 
-0.42743 0.240825 0.714284 
0.248746 0.011653 0.27429 
0.166348 0.0902126 0.19108 
-0.126226 0.232378 0.629114 
0.212441 0.0657246 0.293683 
0.341092 0.0155258 0.248579 
0.393064 -0.0700256 0.190644 
0.16723 0.0897524 0.191584 
0.197994 0.110778 0.134412 
0.0764724 0.11691 0.268216 
0.346101 0.00555466 0.256578 
0.395257 -0.107315 0.222992 
0.237928 0.00343358 0.287208 
0.221872 0.0631962 0.280912 
0.159757 0.120355 0.161703 
