0.977398 -0.0692055 -0.19976 0.258298 0.0646331 0.997478 -0.0293288 -0.142864 0.201286 0.0157548 0.979406 0.0250174 0 0 0 1
0.250281 -0.247438 -0.93602 0.0618845 0.198276 0.959399 -0.200602 -0.20082 0.947653 -0.135384 0.28918 0.186466 0 0 0 1
###
-0.189203 0.304274 0.237036 
0.0158696 0.241791 0.27636 
-0.14158 0.293603 0.167111 
-0.0742902 0.311622 0.105992 
-0.0714557 0.312751 0.105214 
-0.185087 0.293345 0.301827 
-0.133543 0.110374 0.383151 
-0.275596 0.328787 0.232352 
-0.187537 0.292348 0.298405 
-0.161253 0.293954 0.189646 
-0.0653853 0.228884 0.266258 
0.00840826 0.251373 0.273862 
-0.262387 0.309506 0.256256 
-0.186214 0.313691 0.259854 
-0.176814 0.299588 0.455762 
-0.077848 0.324268 0.0943125 
-0.07946 0.315921 0.112246 
-0.0911484 0.344352 0.0808384 
-0.164559 0.294087 0.286845 

-0.0796451 0.256571 -0.0407032 
-0.0636512 0.22107 -0.0831446 
-0.101549 0.250145 -0.0584351 
-0.109906 0.25151 -0.0822485 
-0.110622 0.251132 -0.0817705 
-0.0722764 0.249746 -0.0354384 
-0.0589535 0.197105 -0.0275312 
-0.0946703 0.267884 -0.0223894 
-0.071731 0.249747 -0.0349307 
-0.0971368 0.251525 -0.0513623 
-0.0705793 0.224184 -0.0643208 
-0.0648846 0.224013 -0.0820517 
-0.0887563 0.261443 -0.0215415 
-0.0800713 0.256616 -0.0400975 
-0.0490605 0.243556 -0.0254563 
-0.113428 0.254847 -0.0820454 
-0.109953 0.252172 -0.0790627 
-0.118551 0.259913 -0.0792481 
-0.072212 0.248902 -0.0413503 
