0.984281 -0.082135 -0.156346 0.951038 0.0727315 0.995234 -0.0649539 -0.232613 0.160936 0.0525616 0.985564 0.183621 0 0 0 1
-0.984157 -0.1296 -0.120988 0.0117144 -0.0833529 0.940496 -0.329423 -0.0758886 0.156482 -0.314119 -0.936399 0.06566 0 0 0 1
###
-0.255206 0.307512 0.32499 
-0.695884 0.594244 0.175021 
-0.380294 0.319042 0.452875 
-0.703901 0.522155 0.459219 
-0.525463 0.520151 0.218939 
-0.873357 0.578648 0.405555 
-0.807737 0.586659 0.394434 
-0.761123 0.546386 0.267048 
-0.321007 0.324876 0.344513 
-0.645434 0.417255 0.455261 
-0.724668 0.543454 0.223289 
-0.607921 0.468503 0.371045 
-0.428541 0.433128 0.446521 
-0.592213 0.424891 0.415855 
-0.451626 0.46773 0.421861 
-0.312382 0.326143 0.35193 
-0.712909 0.533139 0.222597 
-0.400782 0.412357 0.340643 
-0.694154 0.589064 0.171949 

-0.0231449 0.0770642 0.00268567 
-0.00644183 0.10337 0.0196194 
-0.0118541 0.0773385 0.00120623 
0.00521137 0.0939766 0.00711772 
-0.013387 0.0958321 0.0125298 
0.011676 0.100838 0.0147997 
0.00798106 0.100605 0.012751 
0.000576226 0.0999456 0.0179912 
-0.0197806 0.0781351 0.00219391 
0.00202655 0.0867915 0.00733457 
-0.00302846 0.0999387 0.0188978 
-0.0031441 0.0910123 0.00892916 
-0.00979648 0.0845892 -0.000793724 
-0.00229235 0.0871902 0.00675668 
-0.00949357 0.0876182 0.000190586 
-0.0191719 0.0786831 0.0035418 
-0.00365985 0.099225 0.0187695 
-0.0151692 0.0851673 0.00461248 
-0.00653469 0.103281 0.0193427 
