0.929272 -0.257716 -0.264645 0.382232 0.243061 0.966075 -0.0872993 0.0421757 0.278165 0.0168001 0.960386 -0.104855 0 0 0 1
1 0 0 0 0 1 0 0 0 0 1 0 0 0 0 1
###
1.44671 -4.80218 7.8642 
1.10696 -2.43966 1.02848 
-1.82433 -5.3416 3.96309 
-1.12761 0.4493 0.969122 
1.78567 -9.40508 10.3442 
-0.220386 0.296699 0.521715 
-0.101017 0.267855 0.421853 
-0.804334 -0.606079 2.0516 
0.223045 0.0656329 0.468821 
0.268768 0.0100481 0.382097 
0.146818 -0.0746976 0.586424 
-0.072194 0.247841 0.52387 
-0.199128 0.292794 0.499934 
0.0591394 0.216785 0.288355 
0.00291637 0.183741 0.56653 
-0.0344948 0.20782 0.386497 
-1.7733 -4.31474 3.40932 
-1.49976 -5.33825 3.7215 
1.06712 -2.38132 1.02057 
0.0604695 0.217442 0.287965 
0.224635 -0.0368963 0.537385 
0.00213625 0.18532 0.567494 
0.340326 -0.284447 0.470451 
0.387895 -0.366467 0.37222 
0.133413 -0.244837 0.635924 
-0.0330042 0.209844 0.387036 
0.181259 0.107229 0.514445 
-0.0701623 0.262304 0.38486 
0.138401 -0.269358 0.646299 
1.06819 -2.39527 1.03101 
-0.0766253 0.216953 0.580265 
0.138936 -0.26747 0.647174 
0.25258 -0.0193161 0.441406 
0.0612676 0.216721 0.287256 
-1.42907 -5.16165 3.49434 
-0.0927123 0.260056 0.416896 
0.124852 0.00725079 0.565606 
0.134525 -0.244844 0.636686 
0.138058 -0.0833163 0.592826 
0.213198 0.079918 0.404627 
0.267162 -0.167489 0.602503 
0.155087 -0.309825 0.638559 

3.49508 -9.35471 13.3967 
1.0616 -1.81495 0.519274 
-0.818753 -3.35107 2.13898 
-0.389109 0.147639 0.401023 
2.29386 -9.16078 8.94911 
0.0478407 0.135782 0.254966 
0.129206 0.12058 0.184497 
-0.329658 -0.551455 1.29708 
0.37142 -0.0153921 0.214385 
0.389365 -0.0451492 0.145124 
0.275745 -0.0993136 0.257161 
0.152465 0.107172 0.257229 
0.0632996 0.135318 0.240834 
0.24079 0.0958806 0.0907776 
0.21016 0.0641377 0.28729 
0.180685 0.0859001 0.162729 
-0.811063 -2.78212 1.85027 
-0.583369 -3.25841 1.86071 
1.05997 -1.83384 0.530312 
0.240554 0.0952071 0.0901553 
0.370063 -0.0876147 0.261602 
0.207855 0.0642113 0.287426 
0.456521 -0.257947 0.197491 
0.45449 -0.287901 0.115326 
0.305773 -0.233566 0.313431 
0.179883 0.0858771 0.16158 
0.334854 0.0153959 0.244724 
0.150277 0.119883 0.159885 
0.311631 -0.251964 0.320389 
1.06476 -1.84586 0.533562 
0.151878 0.0843637 0.296481 
0.320544 -0.259793 0.33098 
0.40227 -0.0721576 0.194309 
0.240033 0.094416 0.089942 
-0.602453 -3.33511 1.90842 
0.135671 0.11712 0.181847 
0.302553 -0.0585867 0.281722 
0.310241 -0.237032 0.317969 
0.311097 -0.121856 0.293232 
0.357131 0.000504407 0.165824 
0.405536 -0.180128 0.296609 
0.326171 -0.281186 0.315164 
