0.919375 -0.304487 -0.249072 0.499695 0.302834 0.951937 -0.0459088 0.0902448 0.251079 -0.0332199 0.967396 -0.087712 0 0 0 1
0.995056 -0.0116886 -0.0986238 -0.00879559 0.00994797 0.999786 -0.018123 -0.00128563 0.0988146 0.0170523 0.99496 -0.00556643 0 0 0 1
###
9.82815 -12.147 5.07099 
-1.13989 0.381933 0.753899 
-0.918375 0.49442 1.18359 
-0.463332 0.448866 1.0162 
11.656 -15.1343 6.47726 
-0.78911 -0.594321 2.01192 
0.057951 0.215126 0.284646 
-0.177452 0.269083 0.516186 
-0.0726913 0.21449 0.570246 
-0.369498 0.42789 0.982605 
0.131136 -0.240371 0.624967 
0.207423 0.0555929 0.439425 
0.0582062 0.21293 0.282956 
-1.37046 -4.94706 3.35567 
0.213311 -0.0367532 0.521953 
0.211641 -0.0166452 0.519458 
-0.781689 0.42719 1.75791 
0.0146295 -0.0547199 0.561571 
0.0483729 0.103881 0.536353 
0.303618 -0.168004 0.404169 
0.136435 -0.262739 0.635666 
0.1321 -0.24048 0.625515 

8.58238 -10.1003 3.36793 
-0.566322 0.17064 0.409995 
-0.40174 0.226604 0.671524 
-0.116016 0.217691 0.588564 
10.9883 -13.397 4.73268 
-0.321812 -0.528728 1.25712 
0.237923 0.0963262 0.0902747 
0.0757472 0.119132 0.252268 
0.146615 0.080753 0.282911 
-0.0548675 0.207611 0.567769 
0.294315 -0.224799 0.301718 
0.341915 -0.0177501 0.187252 
0.231401 0.0921399 0.0872449 
-0.597116 -3.30044 1.88862 
0.349872 -0.0831909 0.240895 
0.350951 -0.0704379 0.241946 
-0.338542 0.18774 1.13692 
0.214219 -0.100989 0.272108 
0.234073 0.00993545 0.258963 
0.414678 -0.167793 0.153542 
0.307816 -0.249448 0.317851 
0.298828 -0.228343 0.306274 
