0.834308 -0.348947 -0.42681 0.599921 0.360232 0.931114 -0.0570856 0.157703 0.417329 -0.106124 0.902538 0.0340554 0 0 0 1
1 0 0 0 0 1 0 0 0 0 1 0 0 0 0 1
###
-0.455835 0.444038 1.00735 
1.61651 -8.52939 9.3932 
1.67048 -5.5315 9.05996 
-0.916769 0.493207 1.1817 
-0.787327 -0.593323 2.00719 
0.288166 -0.0413056 0.413487 
0.00209757 0.180767 0.554992 
0.219474 0.0649341 0.461033 
-0.195569 0.288125 0.490524 
-0.787744 -0.5904 2.00125 
0.058632 0.21358 0.283238 
-1.35162 -4.87751 3.31145 
0.264613 -2.20718 4.08795 
-0.00500588 0.160172 0.620556 
0.24668 -0.0193493 0.433046 
-0.0324253 0.206002 0.380343 
0.0592703 0.213278 0.282679 
-0.464732 0.442706 1.00629 

-0.111848 0.210188 0.568252 
2.36539 -9.41465 9.20754 
3.41254 -9.13048 13.0717 
-0.390354 0.220375 0.652372 
-0.306429 -0.512758 1.20982 
0.389763 -0.078542 0.159528 
0.194951 0.0595195 0.266453 
0.34453 -0.014305 0.199009 
0.0587217 0.125487 0.223357 
-0.303824 -0.504182 1.20197 
0.223266 0.0888819 0.0842072 
-0.583134 -3.22366 1.84584 
0.434674 -1.67146 2.60639 
0.187605 0.0429928 0.304159 
0.373106 -0.0671891 0.180422 
0.166785 0.0795327 0.149863 
0.222998 0.088278 0.0835647 
-0.113317 0.20637 0.558242 
