-0.326654 -0.287577 -0.900331 0.216754 0.26873 0.885011 -0.380183 0.164353 0.906135 -0.366135 -0.211812 0.303007 0 0 0 1
0.995045 -0.011615 -0.0987444 -0.00765728 0.00981027 0.999776 -0.018743 -0.000989978 0.09894 0.0176814 0.994936 -0.00489537 0 0 0 1
###
0.219197 0.064852 0.461233 
1.23836 -2.43407 1.12534 
0.236223 -0.18059 0.601785 
0.0128495 -0.05488 0.564417 
0.207746 0.0552613 0.439317 
0.135484 -0.263931 0.633318 
0.130575 -0.240519 0.62419 
0.216255 -0.0361618 0.522972 
0.0701644 0.0951051 0.516184 
0.126355 -0.382281 0.730231 
0.248047 -0.0187516 0.433679 
0.289743 0.117244 0.332574 
-0.0331079 0.205674 0.379845 
-0.0094846 0.237516 0.340021 
0.177846 0.105334 0.505167 
0.271242 0.00914277 0.392777 
0.263556 -0.233561 0.589207 
0.160194 0.176283 0.215495 
0.291852 -0.241572 0.401229 
0.287019 -0.216509 0.393403 
0.0511532 0.231318 0.269017 

0.310947 -0.0129823 0.179686 
0.933499 -1.46043 0.473675 
0.326611 -0.163888 0.25639 
0.185749 -0.0880263 0.237802 
0.29661 -0.0153839 0.162732 
0.264958 -0.214801 0.272725 
0.262763 -0.201288 0.269397 
0.304491 -0.0716649 0.215184 
0.216228 0.00383567 0.212973 
0.268564 -0.296226 0.336225 
0.326261 -0.0584982 0.158211 
0.335815 0.0252153 0.0987118 
0.151077 0.0720425 0.135766 
0.16293 0.0910854 0.110537 
0.281187 0.0128568 0.204846 
0.337917 -0.0398589 0.133269 
0.3444 -0.194301 0.246977 
0.261454 0.06215 0.0324448 
0.353577 -0.189988 0.130223 
0.354204 -0.178197 0.12808 
0.195586 0.0902876 0.0671247 
