-0.241694 -0.249729 -0.937667 0.190921 0.146933 0.945755 -0.289756 0.140339 0.959164 -0.207806 -0.19189 0.303905 0 0 0 1
1 0 0 0 0 1 0 0 0 0 1 0 0 0 0 1
###
0.236647 -0.181056 0.60213 
1.23767 -2.43273 1.12541 
0.0128529 0.180921 0.351504 
0.180119 0.105662 0.508642 
0.183251 0.126115 0.4223 
0.0591753 0.214516 0.284356 
-0.0331432 0.205782 0.379958 
0.284381 0.116872 0.332098 
-0.00958166 0.237938 0.340245 
0.263719 -0.233264 0.589026 
0.047835 0.10324 0.535538 
0.177884 0.105348 0.505138 
0.198158 -0.0364649 0.542066 
0.248109 -0.0187172 0.433625 
0.270985 0.00925466 0.392662 
0.119805 0.149183 0.387319 

0.326611 -0.163888 0.25639 
0.933499 -1.46043 0.473675 
0.178712 0.0591153 0.117228 
0.278786 0.0127965 0.203905 
0.288662 0.0299271 0.158614 
0.202176 0.0804788 0.0762985 
0.151077 0.0720425 0.135766 
0.335815 0.0252153 0.0987118 
0.162894 0.0919982 0.111219 
0.346261 -0.193553 0.248164 
0.204569 0.0087167 0.226287 
0.281187 0.0128568 0.204846 
0.300058 -0.0734654 0.225761 
0.326261 -0.0584982 0.158211 
0.339823 -0.0400541 0.133739 
0.244941 0.0412255 0.137221 
