-0.121943 -0.241579 -0.962689 0.219368 0.168158 0.950877 -0.259915 0.119002 0.978189 -0.193578 -0.0753288 0.19767 0 0 0 1
0.995061 -0.0116261 -0.0985821 -0.00769047 0.00982552 0.999776 -0.0187303 -0.0010023 0.0987778 0.0176692 0.994953 -0.00486607 0 0 0 1
###
0.219691 0.0653677 0.460823 
0.216634 0.156255 0.257402 
0.320592 -0.273192 0.455147 
-0.0235944 0.268002 0.328834 
0.264933 0.00937851 0.373768 
3.8936 -4.11707 3.90268 
0.135515 -0.26393 0.633056 
0.0482459 0.10464 0.536077 
0.246341 -0.0192863 0.432804 
1.23491 -2.41177 1.13468 
0.285696 -0.0363968 0.410361 
0.192417 -0.146748 0.609956 
0.21346 -0.0367213 0.52177 
0.313671 -0.343848 0.667918 
0.122836 0.00681289 0.555873 
0.211266 -0.0166154 0.518804 
0.177847 0.105314 0.50506 
1.99662 -10.5489 11.1053 
0.047813 0.103225 0.535523 
0.248152 -0.018647 0.433479 
0.0290264 0.18093 0.333389 
0.0604852 0.213955 0.283568 
0.15855 0.175736 0.21638 
0.134108 0.229282 0.192369 
0.254507 -0.133979 0.572945 
0.24059 -0.0647875 0.491494 
0.135218 -0.0823417 0.583142 
0.291051 -0.240985 0.401088 
0.296948 -0.164234 0.401706 
-0.0335172 0.20547 0.379772 
0.270136 -0.230918 0.572135 
0.162227 0.00424554 0.535677 
0.131808 -0.240313 0.624436 
13.146 -16.9555 7.11816 

0.310926 -0.0129696 0.179677 
0.308697 0.0511983 0.0558724 
0.385039 -0.219768 0.166697 
0.153563 0.109814 0.105631 
0.326231 -0.0378049 0.121675 
2.70953 -2.63326 2.07626 
0.264946 -0.214783 0.27272 
0.204968 0.00959077 0.226121 
0.33685 -0.0606896 0.162974 
0.944525 -1.47084 0.484891 
0.348274 -0.0678243 0.143144 
0.295006 -0.141948 0.260035 
0.306332 -0.0729415 0.210865 
0.373594 -0.260266 0.287352 
0.252311 -0.0488334 0.234936 
0.307214 -0.0617626 0.211602 
0.281153 0.0128665 0.204826 
1.94267 -7.886 7.39616 
0.204544 0.0087241 0.22626 
0.326322 -0.0584469 0.158327 
0.187967 0.059736 0.106053 
0.201509 0.0792517 0.0755944 
0.262248 0.0626761 0.0325516 
0.244558 0.0936028 0.0190155 
0.336801 -0.133595 0.240293 
0.323023 -0.0884836 0.191411 
0.262831 -0.103164 0.247961 
0.35356 -0.189958 0.130222 
0.359748 -0.145551 0.133537 
0.151057 0.0720356 0.135738 
0.346716 -0.191466 0.235528 
0.274549 -0.0491579 0.220756 
0.262753 -0.201273 0.269393 
9.53127 -11.4973 3.93569 
