ts tx ty tz qx qy qz qw agent map
1403715273.312143 0.0000000 0.0000000 0.0000000 -0.0000000 -0.0000000 -0.0000000 1.0000000 0 0
1403715278.812143 -0.0043158 -0.0350777 0.0100962 0.0288252 0.0030693 0.0099908 0.9995298 0 0
1403715278.862143 -0.0065323 -0.0445962 0.0111226 0.0325796 0.0028284 0.0108694 0.9994060 0 0
1403715374.662143 0.4232849 -0.0528390 -0.0794059 0.0013120 -0.0660228 -0.0175551 0.9976628 0 2
1403715373.962143 0.4026486 -0.0453587 -0.0985560 0.0191607 0.0854861 0.0363556 0.9954915 0 2
1403715378.312143 0.3165139 -0.0648847 0.0058911 0.0297047 -0.0776421 0.0041473 0.9965301 0 2
1403715380.512143 0.1979356 -0.0708301 -0.0149136 0.0242620 -0.0649741 -0.0145459 0.9974859 0 2
1403715377.962143 0.3376315 -0.0710105 0.0157024 0.0339095 -0.0668803 -0.0170459 0.9970390 0 2
1403715375.812143 0.4207569 -0.0736808 -0.0239520 0.0187391 -0.0352427 -0.0001179 0.9992031 0 2
1403715378.712143 0.2977421 -0.0565829 -0.0058323 0.0091178 -0.0739751 -0.0068700 0.9971948 0 2
1403715377.612143 0.3575542 -0.0762017 0.0227213 0.0419403 -0.0650915 -0.0179069 0.9968367 0 2
1403715380.162143 0.2251329 -0.0672310 -0.0153578 0.0271909 -0.0632212 -0.0254447 0.9973046 0 2
1403715379.112143 0.2822828 -0.0551036 -0.0141454 -0.0017723 -0.0734768 -0.0099102 0.9972461 0 2
1403715379.812143 0.2495085 -0.0613475 -0.0168986 0.0069370 -0.0611954 -0.0354356 0.9974725 0 2
1403715380.912143 0.1661860 -0.0753440 -0.0162098 0.0271591 -0.0654772 -0.0192933 0.9972978 0 2
1403715379.462143 0.2682046 -0.0579158 -0.0167096 0.0083767 -0.0637537 -0.0304043 0.9974672 0 2
1403715380.962143 0.1623622 -0.0758642 -0.0165588 0.0278866 -0.0655561 -0.0197460 0.9972637 0 2
1403715954.084058 0.1117031 -0.0908009 -0.0462252 0.0205042 -0.5564573 -0.3188380 0.7669923 1 2
1403715952.484058 0.0449143 -0.1006904 -0.0517783 0.1261863 -0.4771802 -0.0889917 0.8651338 1 2
1403715954.984058 0.0526249 -0.0968082 -0.0555332 0.1118013 -0.6344325 -0.1701364 0.7456872 1 2
1403715955.784058 0.1109011 -0.0738680 -0.0859508 -0.1068849 -0.6059682 -0.3078082 0.7256944 1 2
1403715954.184058 0.0935407 -0.0956059 -0.0465055 0.0768048 -0.5681840 -0.2963285 0.7638438 1 2
1403715953.584058 0.1342618 -0.0886125 -0.0655517 -0.1118022 -0.4986044 -0.2676854 0.8168467 1 2
1403715954.134058 0.1029978 -0.0911315 -0.0455716 0.0524158 -0.5625845 -0.3080741 0.7654029 1 2
1403715955.434058 0.1039482 -0.0773491 -0.0732075 -0.0633942 -0.5922942 -0.2776261 0.7537192 1 2
1403715955.484058 0.1054193 -0.0745959 -0.0775730 -0.0777294 -0.5868056 -0.2836897 0.7544120 1 2
1403715954.634058 0.0405453 -0.0967235 -0.0507428 0.1739934 -0.6280611 -0.1151240 0.7496747 1 2
1403715956.634058 0.0931740 -0.0837596 -0.0734927 0.1759869 -0.8517644 -0.1293646 0.4762257 1 2
1403715956.734058 0.0971905 -0.0841671 -0.0741336 0.1638713 -0.8581356 -0.1415244 0.4655322 1 2
1403715955.334058 0.0923536 -0.0838952 -0.0679746 -0.0370863 -0.6014524 -0.2674793 0.7518873 1 2
1403715954.234058 0.0839871 -0.1026352 -0.0475778 0.0900636 -0.5748175 -0.2803123 0.7634778 1 2
1403715956.484058 0.0906014 -0.0822194 -0.0708271 0.1614052 -0.8257287 -0.1532794 0.5182914 1 2
1403715956.534058 0.0915474 -0.0830111 -0.0706182 0.1690267 -0.8367205 -0.1410262 0.5014384 1 2
1403715956.034058 0.0996969 -0.0742179 -0.0816643 0.0368114 -0.6983532 -0.2254967 0.6783060 1 2
1403715956.584058 0.0908514 -0.0845489 -0.0730028 0.1742384 -0.8448779 -0.1380498 0.4865846 1 2
1403715956.434058 0.0936071 -0.0837401 -0.0733298 0.1508861 -0.8111911 -0.1707383 0.5385637 1 2
1403715956.234058 0.0943684 -0.0796922 -0.0771443 0.1183122 -0.7559744 -0.1977249 0.6127070 1 2
1403715956.934058 0.1111414 -0.0865957 -0.0765867 0.1051532 -0.8497908 -0.2103064 0.4717729 1 2
1403715956.784058 0.1006448 -0.0836651 -0.0758209 0.1509038 -0.8579368 -0.1531040 0.4666173 1 2
1403715957.134058 0.1339488 -0.0922049 -0.0695936 0.0418634 -0.8237505 -0.2960574 0.4816976 1 2
1403715957.184058 0.1380679 -0.0952666 -0.0674859 0.0248369 -0.8164513 -0.3173468 0.4817485 1 2
1403715959.534058 0.1604374 -0.0375979 -0.0951099 -0.0094085 -0.8417436 -0.4904061 0.2255682 1 2
1403715959.484058 0.1593971 -0.0380985 -0.0969797 -0.0075787 -0.8481632 -0.4764419 0.2314410 1 2
1403715957.584058 0.1751627 -0.0988988 -0.0769285 -0.0860476 -0.7391363 -0.4487696 0.4948527 1 2
1403715959.234058 0.1436147 -0.0403935 -0.1186292 -0.0144096 -0.8845243 -0.3762207 0.2754397 1 2
1403715957.534058 0.1730272 -0.1050468 -0.0682547 -0.0817299 -0.7510350 -0.4376015 0.4876183 1 2
1403715957.484058 0.1692191 -0.1039562 -0.0672979 -0.0718309 -0.7587828 -0.4256016 0.4878035 1 2
1403715957.384058 0.1596363 -0.1032289 -0.0571842 -0.0427371 -0.7832286 -0.3947163 0.4784616 1 2
1403715957.434058 0.1607003 -0.1037036 -0.0574093 -0.0568326 -0.7737940 -0.4104483 0.4791086 1 2
1403715957.334058 0.1535018 -0.1031514 -0.0568798 -0.0285476 -0.7937220 -0.3765908 0.4768330 1 2
1403715957.234058 0.1439695 -0.0951113 -0.0630377 0.0097142 -0.8102174 -0.3343225 0.4813334 1 2
1403715961.084058 0.1866044 -0.0656398 -0.1012419 0.0340972 -0.8629220 -0.4754254 0.1678507 1 2
1403715962.184058 0.2057226 -0.0757290 -0.1851880 0.0439837 -0.9887004 -0.1428779 0.0110896 1 2
1403715959.434058 0.1546224 -0.0402380 -0.0989210 -0.0086974 -0.8560401 -0.4603780 0.2348869 1 2
1403715961.184058 0.1941697 -0.0718136 -0.0983290 0.0251414 -0.8403158 -0.5130291 0.1733162 1 2
1403715961.434058 0.2045251 -0.0784019 -0.1079614 -0.0100281 -0.8597927 -0.4797696 0.1745768 1 2
1403715961.234058 0.1968358 -0.0733490 -0.0977897 0.0169565 -0.8340135 -0.5227666 0.1756391 1 2
1403715961.934058 0.2045314 -0.0816480 -0.1738340 0.0474676 -0.9653152 -0.2487394 0.0635782 1 2
1403715963.184058 0.1745107 -0.0694739 -0.0312765 -0.0418346 0.8518304 0.4928578 0.1724120 1 2
1403715961.784058 0.2052007 -0.0805852 -0.1549811 0.0266143 -0.9465746 -0.3064401 0.0968646 1 2
1403715963.034058 0.1868516 -0.0780675 -0.0574694 0.0024169 0.8868950 0.4392875 0.1429617 1 2
1403715962.334058 0.2084096 -0.0812833 -0.1809999 -0.0243451 0.9870318 0.1573013 0.0207812 1 2
1403715962.284058 0.2068447 -0.0779082 -0.1825946 -0.0331943 0.9888854 0.1445081 0.0110069 1 2
1403715962.584058 0.2102317 -0.0817380 -0.1448476 0.0367873 0.9643884 0.2535860 0.0655442 1 2
1403715963.234058 0.1702736 -0.0645694 -0.0245985 -0.0499972 0.8411841 0.5063038 0.1832101 1 2
1403715963.834058 0.1569262 -0.0006300 -0.0021256 -0.0154659 0.8963736 0.2948618 0.3306535 1 2
1403715964.234058 0.1541459 0.0132661 0.0025420 -0.0627266 0.8594126 0.3592862 0.3583141 1 2
1403715963.984058 0.1557873 0.0083772 -0.0007295 -0.0103782 0.8881142 0.3021875 0.3461623 1 2
1403715965.834058 0.1927385 -0.0319689 -0.0416829 -0.0354856 0.8665676 0.3335859 0.3694887 1 2
1403715965.884058 0.1964357 -0.0328108 -0.0458672 -0.0203927 0.8774830 0.3039145 0.3704643 1 2
1403715966.734058 0.2000470 -0.0660750 -0.0448497 -0.0772887 0.8254257 0.4368877 0.3490386 1 2
1403715967.434058 0.2374337 -0.0921436 -0.0618269 0.0238078 0.9221954 0.1833376 0.3396706 1 2
1403715969.584058 0.1259378 -0.0867352 0.0531591 -0.1412174 0.7636309 0.4538891 0.4369326 1 2
1403715968.584058 0.2053522 -0.1212619 -0.0027443 0.0056260 0.8445158 0.2899335 0.4502221 1 2
1403715966.384058 0.2092933 -0.0478194 -0.0594191 0.0040874 0.8918540 0.2507788 0.3764170 1 2
1403715965.534058 0.1777354 -0.0273170 -0.0223621 -0.0740790 0.8202817 0.4311297 0.3684799 1 2
1403715970.184058 0.1842174 -0.0754286 0.0475858 0.0052084 0.8546910 0.2339538 0.4634024 1 2
1403715969.934058 0.1498005 -0.0777070 0.0477316 -0.1079829 0.8231716 0.3183550 0.4575787 1 2
1403715970.884058 0.1905774 -0.0956559 0.0915161 0.0087592 0.7786583 0.4217970 0.4644372 1 2
1403715971.034058 0.1826226 -0.1012707 0.0969024 -0.0343346 0.7455491 0.4850269 0.4557703 1 2
1403715968.234058 0.2088254 -0.1300011 -0.0067547 -0.0564382 0.7876810 0.4271975 0.4403132 1 2
1403715967.784058 0.2335947 -0.1136631 -0.0379584 0.0338026 0.8699151 0.3128296 0.3797930 1 2
1403715968.884058 0.1944761 -0.1077839 0.0054654 0.0429130 0.8691803 0.2039397 0.4484336 1 2
1403715970.534058 0.2083198 -0.0824231 0.0637775 0.0803230 0.8584391 0.1936879 0.4680978 1 2
1403715969.234058 0.1538385 -0.0951479 0.0359178 -0.0420943 0.8166721 0.3591813 0.4497373 1 2
1403715974.784058 0.1026891 -0.1160519 -0.0443677 -0.0187229 0.6530775 0.2741781 0.7056667 1 2
1403715971.134058 0.1800997 -0.1031514 0.0953682 -0.0710393 0.7359899 0.4909338 0.4607128 1 2
1403715971.334058 0.1867260 -0.1050165 0.0786273 -0.1088097 0.7564374 0.4032609 0.5033324 1 2
1403715971.234058 0.1816620 -0.1047739 0.0877168 -0.0996903 0.7401028 0.4624001 0.4780125 1 2
1403715971.434058 0.1962033 -0.1069180 0.0679784 -0.1062884 0.7702912 0.3345508 0.5323815 1 2
1403715971.984058 0.2583533 -0.1276977 0.0389854 0.0226193 0.7159743 0.1911846 0.6710572 1 2
1403715971.634058 0.2213312 -0.1133209 0.0484979 -0.0738169 0.7731525 0.2226194 0.5892597 1 2
1403715973.734058 0.1108355 -0.1556709 0.0377594 -0.0257205 0.6390690 0.3385982 0.6901309 1 2
1403715973.584058 0.1257800 -0.1576099 0.0432697 -0.0185056 0.6496170 0.3144836 0.6919215 1 2
1403715980.284058 0.0800139 -0.1015629 -0.0472345 0.1104240 -0.6376730 -0.2155409 0.7312468 1 2
1403715977.984058 0.2242038 -0.0972216 -0.0759987 -0.0062775 0.3437307 0.1099371 0.9325898 1 2
1403715972.334058 0.2689081 -0.1446033 0.0401444 0.0819142 0.6860619 0.1486499 0.7074689 1 2
1403715976.234058 0.1630349 -0.0739730 -0.1365156 -0.0278558 0.6481190 0.2470616 0.7198100 1 2
1403715977.634058 0.2181195 -0.0881908 -0.1022449 -0.0176735 0.4688785 0.1711236 0.8663471 1 2
1403715975.484058 0.1319291 -0.0811046 -0.0978864 -0.0186433 0.6515312 0.2384615 0.7199275 1 2
1403715978.334058 0.2185978 -0.1046046 -0.0437184 0.0109173 0.2110896 0.0165797 0.9772651 1 2
1403715977.284058 0.2077438 -0.0808683 -0.1237332 -0.0245395 0.5666842 0.2087007 0.7966874 1 2
1403715976.934058 0.1938201 -0.0770334 -0.1376595 -0.0265926 0.6103256 0.2261618 0.7587137 1 2
1403715976.584058 0.1785711 -0.0744970 -0.1427794 -0.0355020 0.6461825 0.2278645 0.7275064 1 2
1403715980.534058 0.0788117 -0.1000473 -0.0703773 0.0906149 -0.7363895 -0.2312631 0.6293147 1 2
1403715978.584058 0.2028252 -0.1102563 -0.0239350 0.0304544 0.0981078 0.0137537 0.9946146 1 2
1403715975.884058 0.1479636 -0.0750763 -0.1221037 -0.0233808 0.6446152 0.2474613 0.7229713 1 2
1403715978.484058 0.2105117 -0.1080066 -0.0307128 0.0226849 0.1465347 0.0102781 0.9888920 1 2
1403715978.634058 0.2014784 -0.1111023 -0.0229678 0.0332565 0.0704656 0.0115703 0.9968926 1 2
1403715978.534058 0.2075896 -0.1103763 -0.0295913 0.0247071 0.1206100 0.0130514 0.9923066 1 2
1403715980.884058 0.1085452 -0.0785551 -0.0911098 0.0672845 -0.8599191 -0.2196101 0.4558328 1 2
1403715980.784058 0.0995552 -0.0975543 -0.0860493 0.0660521 -0.8293585 -0.2391110 0.5006272 1 2
1403715980.834058 0.1029820 -0.0911086 -0.0900689 0.0646038 -0.8426480 -0.2363167 0.4795052 1 2
1403715980.734058 0.0946612 -0.0977323 -0.0818126 0.0745839 -0.8130017 -0.2372695 0.5264682 1 2
1403715980.634058 0.0821433 -0.0953325 -0.0810733 0.0834728 -0.7722293 -0.2327182 0.5852662 1 2
1403715980.684058 0.0865630 -0.0912128 -0.0813614 0.0831615 -0.7930393 -0.2276340 0.5588879 1 2
1403715982.834058 0.2098125 -0.1148144 -0.0807669 -0.0162873 0.8113222 0.2744168 0.5159326 1 2
1403715982.484058 0.1872713 -0.0979682 -0.1230144 -0.0255395 0.8851019 0.2998580 0.3550037 1 2
1403715980.584058 0.0805585 -0.1000009 -0.0755796 0.0856246 -0.7550538 -0.2345759 0.6062478 1 2
1403715980.934058 0.1101137 -0.0779846 -0.0978211 0.0623065 -0.8703574 -0.2265917 0.4327264 1 2
1403715984.034058 0.1904473 -0.1779870 0.0725940 0.0892400 0.3582319 0.1296988 0.9202632 1 2
1403715983.984058 0.1969446 -0.1749927 0.0652473 0.0903685 0.3740275 0.1340465 0.9132188 1 2
1403715983.884058 0.1995541 -0.1698744 0.0629098 0.0871563 0.4257688 0.1421158 0.8893413 1 2
1403715982.084058 0.1528871 -0.0809987 -0.1613260 -0.0314625 0.9343511 0.3086994 0.1752223 1 2
1403715987.484058 -0.0099707 -0.0445156 -0.0623743 0.0388703 0.0276269 0.0568161 0.9972451 1 2
1403715987.834058 -0.0088068 -0.0320602 -0.0615685 0.0081151 0.0369584 0.0341394 0.9987006 1 2
1403715983.184058 0.2178870 -0.1328066 -0.0314664 -0.0004789 0.7084624 0.2412575 0.6632312 1 2
1403715984.634058 0.1326016 -0.1767803 0.0503665 0.0570233 0.0984042 0.0542534 0.9920290 1 2
1403715984.584058 0.1369033 -0.1774603 0.0553360 0.0678779 0.1201493 0.0655516 0.9882610 1 2
1403715984.434058 0.1530465 -0.1771422 0.0621206 0.0837965 0.1784735 0.0906027 0.9761744 1 2
1403715984.234058 0.1742636 -0.1737139 0.0625076 0.0854845 0.2558455 0.1139553 0.9561641 1 2
1403715984.184058 0.1766726 -0.1754398 0.0744097 0.0886314 0.2903152 0.1189156 0.9453681 1 2
1403715988.184058 -0.0074718 -0.0214265 -0.0591993 0.0022693 0.0279726 0.0266831 0.9992499 1 2
1403715987.134058 -0.0064774 -0.0566657 -0.0687114 0.0188195 -0.0156766 0.0415760 0.9988351 1 2
1403715988.584058 -0.0079151 -0.0169795 -0.0551552 0.0330042 0.0188494 0.0408681 0.9984414 1 2
1403715990.734058 0.0170994 0.0065785 -0.0450808 0.0103587 0.0280669 0.0123064 0.9994766 1 2
1403715990.384058 0.0181691 -0.0043708 -0.0497544 0.0239191 0.0296223 0.0173202 0.9991248 1 2
1403715989.284058 0.0002934 -0.0111179 -0.0565558 0.0054766 0.0275514 0.0386669 0.9988573 1 2
1403715990.634058 0.0181325 0.0028464 -0.0468605 0.0157724 0.0285409 0.0132588 0.9993803 1 2
1403715988.934058 -0.0064534 -0.0127900 -0.0558487 0.0090678 0.0187000 0.0500460 0.9985307 1 2
1403715990.684058 0.0177513 0.0047262 -0.0468599 0.0123842 0.0281701 0.0128124 0.9994443 1 2
1403715990.834058 0.0150704 0.0104254 -0.0436544 0.0073218 0.0278066 0.0125131 0.9995082 1 2
1403715990.534058 0.0184176 -0.0005744 -0.0485686 0.0201794 0.0285339 0.0150190 0.9992763 1 2
1403715990.884058 0.0172136 0.0118953 -0.0460836 0.0031820 0.0215618 0.0125760 0.9996834 1 2
1403715990.784058 0.0162988 0.0085526 -0.0451010 0.0089072 0.0278106 0.0121438 0.9994998 1 2
1403715990.934058 0.0200955 0.0123549 -0.0436711 0.0013209 0.0185727 0.0070649 0.9998017 1 2
1403715282.112143 -0.0438186 -0.0525581 0.0296216 0.0003216 0.1687991 0.0825696 0.9821859 0 2
1403715282.562143 -0.0484783 -0.0528950 0.0452004 -0.0058831 0.2802747 0.1219449 0.9521244 0 2
1403715283.912143 -0.0625719 -0.0532222 0.0949833 -0.0012031 0.5063633 0.2178526 0.8343470 0 2
1403715282.362143 -0.0464918 -0.0525634 0.0377557 -0.0025405 0.2318375 0.1057254 0.9669887 0 2
1403715282.212143 -0.0447157 -0.0524831 0.0327709 -0.0001505 0.1939937 0.0920382 0.9766757 0 2
1403715285.512143 -0.0532637 -0.0602980 0.1198601 0.0015014 0.5700047 0.2629533 0.7784266 0 2
1403715284.812143 -0.0594794 -0.0525994 0.1153091 -0.0026113 0.4964690 0.2054825 0.8433793 0 2
1403715284.612143 -0.0620698 -0.0526924 0.1116427 -0.0022476 0.4950695 0.2170341 0.8413069 0 2
1403715283.712143 -0.0612142 -0.0529341 0.0891964 -0.0041635 0.4948677 0.2155492 0.8418000 0 2
1403715284.412143 -0.0641566 -0.0524509 0.1080331 0.0010610 0.4947469 0.2353027 0.8365746 0 2
1403715287.362143 -0.0014073 -0.0955756 0.0909299 -0.0117842 0.6385105 0.2504603 0.7276229 0 2
1403715288.862143 0.0337774 -0.1039052 0.0749594 -0.0072059 0.7488241 0.2979120 0.5919960 0 2
1403715286.662143 -0.0267334 -0.0878714 0.0956492 -0.0135826 0.5941282 0.2468359 0.7654405 0 2
1403715286.362143 -0.0372893 -0.0837904 0.1004824 -0.0164743 0.5853108 0.2547220 0.7695822 0 2
1403715285.962143 -0.0471025 -0.0760343 0.1095790 -0.0101139 0.5826494 0.2579793 0.7706258 0 2
1403715285.762143 -0.0507588 -0.0699739 0.1149466 0.0016894 0.5758920 0.2698602 0.7717001 0 2
1403715290.512143 0.0604129 -0.0718742 0.0714260 -0.0308770 0.7862984 0.3352492 0.5180632 0 2
1403715288.012143 0.0206133 -0.1050566 0.0866337 0.0029567 0.7036689 0.2848093 0.6509416 0 2
1403715291.062143 0.0868866 -0.0729416 0.0681559 -0.0026612 0.7946899 0.3283352 0.5105457 0 2
1403715291.962143 0.1178662 -0.0565991 0.0505563 -0.0191721 0.8245643 0.3447134 0.4482173 0 2
1403715291.262143 0.0970057 -0.0717237 0.0676199 0.0138107 0.7999349 0.3356015 0.4972776 0 2
1403715290.812143 0.0744708 -0.0727505 0.0695397 -0.0192780 0.7918868 0.3229400 0.5179318 0 2
1403715289.912143 0.0412582 -0.0700737 0.0733529 -0.0297737 0.8057809 0.3278601 0.4922788 0 2
1403715289.562143 0.0369608 -0.0824547 0.0712981 -0.0306888 0.7925748 0.3151526 0.5211164 0 2
1403715292.462143 0.1350158 -0.0412125 0.0348284 -0.0352500 0.7976102 0.3324769 0.5020304 0 2
1403715292.312143 0.1289080 -0.0458592 0.0390763 -0.0297543 0.8134599 0.3397408 0.4711412 0 2
1403715291.812143 0.1141817 -0.0612182 0.0554291 0.0004607 0.8185396 0.3525186 0.4535674 0 2
1403715292.162143 0.1240164 -0.0502665 0.0440321 -0.0266883 0.8235866 0.3430811 0.4508750 0 2
1403715297.362143 0.2293281 0.0126921 -0.0473078 -0.0148428 -0.0096642 0.0353022 0.9992197 0 2
1403715292.662143 0.1443185 -0.0364627 0.0289624 -0.0258469 0.7747179 0.3029276 0.5544177 0 2
1403715295.662143 0.2089499 -0.0237873 -0.0244210 0.0137221 0.2309346 0.0975284 0.9679717 0 2
1403715303.912143 0.2688688 0.0270411 -0.0571250 0.0409281 -0.6398422 -0.2193740 0.7353924 0 2
1403715300.362143 0.2468495 -0.0108648 -0.0022224 0.0584215 -0.4844445 -0.1605590 0.8579751 0 2
1403715305.312143 0.2660562 0.0448228 -0.0739835 0.0325989 -0.6467720 -0.2347417 0.7249273 0 2
1403715301.062143 0.2417170 -0.0190050 0.0121736 0.0636793 -0.4756447 -0.1565450 0.8632501 0 2
1403715299.412143 0.2783639 0.0038526 -0.0225810 -0.0039388 -0.2929162 -0.0918888 0.9517043 0 2
1403715303.662143 0.2742397 0.0241721 -0.0501799 0.0408393 -0.5816813 -0.2178061 0.7826491 0 2
1403715300.762143 0.2405407 -0.0165019 0.0065299 0.0509415 -0.4893338 -0.1467814 0.8581449 0 2
1403715302.662143 0.2815349 0.0078021 -0.0211501 0.0263766 -0.4393418 -0.1594285 0.8836660 0 2
1403715301.962143 0.2649369 -0.0063703 0.0037944 0.0459705 -0.4592497 -0.1669269 0.8712703 0 2
1403715304.112143 0.2655499 0.0295055 -0.0620941 0.0404667 -0.6627948 -0.2199191 0.7146335 0 2
1403715305.712143 0.2689456 0.0383848 -0.0813300 0.0300721 -0.6594385 -0.2361775 0.7130615 0 2
1403715305.912143 0.2702812 0.0307874 -0.0860666 0.0290930 -0.6632054 -0.2389128 0.7086839 0 2
1403715306.262143 0.2714529 0.0194828 -0.0915936 0.0186517 -0.6653613 -0.2295333 0.7101134 0 2
1403715304.512143 0.2629717 0.0350789 -0.0677944 0.0350832 -0.6634992 -0.2268809 0.7120836 0 2
1403715306.912143 0.2777357 -0.0040813 -0.0814628 0.0728618 -0.5770565 -0.1682198 0.7958638 0 2
1403715306.062143 0.2710131 0.0255625 -0.0887799 0.0285614 -0.6630087 -0.2421943 0.7077751 0 2
1403715305.512143 0.2675650 0.0438959 -0.0768956 0.0318455 -0.6513646 -0.2359949 0.7204280 0 2
1403715305.112143 0.2645388 0.0458192 -0.0707203 0.0383283 -0.6462561 -0.2325562 0.7258111 0 2
1403715304.762143 0.2626054 0.0422521 -0.0677897 0.0421114 -0.6533290 -0.2294101 0.7202493 0 2
1403715306.662143 0.2722094 0.0057721 -0.0890347 0.0343146 -0.6337102 -0.1762851 0.7524344 0 2
1403715309.212143 0.3271975 0.0166058 -0.0482005 0.0141912 -0.2468631 -0.0535204 0.9674672 0 2
1403715308.412143 0.3317147 0.0217642 -0.0594701 0.0144071 -0.2362823 -0.0972263 0.9667007 0 2
1403715307.662143 0.3137323 0.0021828 -0.0668385 0.0242944 -0.3961935 -0.1490194 0.9056676 0 2
1403715306.462143 0.2712368 0.0131116 -0.0920739 0.0183609 -0.6607345 -0.1955880 0.7244571 0 2
1403715308.012143 0.3253163 0.0119535 -0.0639677 0.0153461 -0.3136095 -0.1249708 0.9411673 0 2
1403715310.362143 0.3468201 -0.0014981 -0.0184257 0.0572851 -0.2506761 -0.0612687 0.9644305 0 2
1403715308.812143 0.3300869 0.0243581 -0.0552401 0.0067467 -0.2249192 -0.0714514 0.9717307 0 2
1403715309.662143 0.3305444 0.0082048 -0.0360500 0.0353462 -0.2638142 -0.0787055 0.9607071 0 2
1403715310.012143 0.3356743 0.0028691 -0.0279821 0.0238945 -0.2825387 -0.0613515 0.9569937 0 2
1403715314.462143 0.4408041 -0.0592504 0.0457146 0.0165580 -0.0600358 -0.0313699 0.9975658 0 2
1403715314.112143 0.4420741 -0.0571240 0.0490196 0.0274102 -0.1336076 -0.0470472 0.9895374 0 2
1403715320.262143 0.4163474 -0.0407973 0.0864577 -0.0242358 0.7362921 0.2759282 0.6173736 0 2
1403715318.762143 0.3470596 -0.0294324 0.0674027 -0.0399480 0.5625392 0.2529995 0.7860949 0 2
1403715321.312143 0.4470645 -0.0703323 0.1116367 0.0164545 0.8299088 0.3532802 0.4314787 0 2
1403715322.062143 0.4297036 -0.0713020 0.0917883 0.0282133 0.8427235 0.3422827 0.4145644 0 2
1403715318.412143 0.3463576 -0.0358472 0.0706830 0.0035730 0.5234043 0.2422999 0.8169002 0 2
1403715323.462143 0.3837149 -0.0328736 0.0156673 -0.0530979 0.8719059 0.3505430 0.3377579 0 2
1403715322.762143 0.3917697 -0.0533360 0.0562817 -0.0420616 0.8676242 0.3607356 0.3396012 0 2
1403715322.412143 0.4097914 -0.0672369 0.0735093 -0.0265535 0.8567978 0.3493253 0.3783707 0 2
1403715319.112143 0.3560083 -0.0228992 0.0670799 -0.0387550 0.6133829 0.2575557 0.7456036 0 2
1403715319.862143 0.3932598 -0.0260399 0.0773107 -0.0286331 0.7030911 0.2746558 0.6552917 0 2
1403715318.062143 0.3503326 -0.0392669 0.0695232 0.0104385 0.4887596 0.2326910 0.8407497 0 2
1403715319.462143 0.3722302 -0.0211156 0.0698516 -0.0345672 0.6697403 0.2584638 0.6953053 0 2
1403715327.562143 0.3270613 -0.0350813 -0.0152504 -0.0006868 0.8724804 0.3642717 0.3257048 0 2
1403715323.862143 0.3964620 -0.0290081 -0.0089211 -0.0272951 0.8925353 0.3000391 0.3355776 0 2
1403715320.612143 0.4354263 -0.0538526 0.0974893 0.0049505 0.7942619 0.3083181 0.5235106 0 2
1403715320.962143 0.4458534 -0.0648917 0.1077361 0.0355191 0.8221858 0.3470456 0.4497870 0 2
1403715327.162143 0.3464184 -0.0378484 -0.0139982 -0.0035295 0.8775745 0.3517230 0.3257936 0 2
1403715327.912143 0.3082657 -0.0299817 -0.0225306 -0.0196207 0.8561294 0.3516363 0.3781658 0 2
1403715330.162143 0.2450889 -0.0092623 -0.0242011 -0.0115951 0.7369992 0.3015774 0.6047719 0 2
1403715330.512143 0.2438263 -0.0032239 -0.0205036 -0.0175650 0.7340890 0.3028091 0.6075456 0 2
1403715324.562143 0.4083757 -0.0363170 -0.0172121 0.0072553 0.8725246 0.3492521 0.3415715 0 2
1403715381.362143 0.1292511 -0.0770129 -0.0209277 0.0328508 -0.0611030 -0.0061065 0.9975721 0 2
1403715336.012143 0.2975863 0.0383053 -0.2203807 -0.0030457 0.5142940 0.2190288 0.8291675 0 2
1403715336.712143 0.3199364 0.0490807 -0.2382190 -0.0030823 0.5022399 0.2110385 0.8385752 0 2
1403715335.662143 0.2865143 0.0323209 -0.2106177 -0.0068470 0.5418462 0.2342942 0.8071319 0 2
1403715328.262143 0.2917357 -0.0237917 -0.0327276 -0.0239796 0.8500271 0.3187861 0.4186338 0 2
1403715323.112143 0.3828418 -0.0433245 0.0359850 -0.0496627 0.8711842 0.3546472 0.3358527 0 2
1403715328.612143 0.2764725 -0.0202546 -0.0394745 -0.0322527 0.8557199 0.3142684 0.4098031 0 2
1403715324.212143 0.4063619 -0.0304965 -0.0189694 -0.0071908 0.8961561 0.2867974 0.3385262 0 2
1403715326.612143 0.3672559 -0.0412959 -0.0179738 -0.0177001 0.8888368 0.3100525 0.3369322 0 2
1403715333.912143 0.2608340 -0.0008270 -0.1343769 -0.0046030 0.6064844 0.2578183 0.7521205 0 2
1403715334.962143 0.2688935 0.0189362 -0.1849143 -0.0110968 0.5702035 0.2406628 0.7853829 0 2
1403715329.412143 0.2527779 -0.0183829 -0.0326945 -0.0164421 0.7550821 0.3085269 0.5782662 0 2
1403715334.262143 0.2591828 0.0058591 -0.1507553 -0.0066826 0.5762905 0.2545826 0.7765515 0 2
1403715329.512143 0.2510753 -0.0178867 -0.0310836 -0.0168862 0.7468106 0.3077291 0.5893145 0 2
1403715332.462143 0.2421050 -0.0287613 -0.0686463 0.0016956 0.6446905 0.2945014 0.7054362 0 2
1403715331.312143 0.2429111 -0.0170472 -0.0303080 0.0034625 0.6613279 0.2866802 0.6931435 0 2
1403715333.212143 0.2610647 -0.0196567 -0.1025005 0.0294216 0.6281899 0.2324087 0.7419555 0 2
1403715332.812143 0.2489026 -0.0247868 -0.0827032 -0.0032156 0.6373137 0.2847132 0.7160723 0 2
1403715337.462143 0.3436781 0.0500835 -0.2522631 -0.0057202 0.4574505 0.2101900 0.8640177 0 2
1403715331.712143 0.2412790 -0.0270173 -0.0458446 -0.0081049 0.6472162 0.2646677 0.7148402 0 2
1403715337.812143 0.3580931 0.0494809 -0.2562242 0.0034701 0.4428264 0.2001755 0.8739694 0 2
1403715336.362143 0.3092393 0.0440096 -0.2294924 0.0053609 0.5047677 0.2104701 0.8371876 0 2
1403715339.812143 0.4549068 0.0599386 -0.2808032 -0.0067283 0.3679277 0.1433347 0.9187160 0 2
1403715337.062143 0.3312411 0.0513339 -0.2460825 -0.0034164 0.5035389 0.2058755 0.8390782 0 2
1403715341.562143 0.4917931 0.0329210 -0.2385522 0.0165026 0.2499126 0.1064448 0.9622582 0 2
1403715338.962143 0.4125471 0.0504007 -0.2727176 0.0059293 0.3655647 0.1644104 0.9161313 0 2
1403715338.162143 0.3750051 0.0495773 -0.2601810 0.0068413 0.4522147 0.1980195 0.8696225 0 2
1403715341.912143 0.4988488 0.0271189 -0.2296470 0.0129257 0.2667209 0.0850979 0.9599225 0 2
1403715340.162143 0.4674425 0.0637033 -0.2774025 -0.0118733 0.3519303 0.1110594 0.9293385 0 2
1403715339.462143 0.4377915 0.0541419 -0.2793677 0.0030281 0.3517078 0.1545619 0.9232568 0 2
1403715339.312143 0.4304878 0.0530460 -0.2780736 -0.0033268 0.3522000 0.1513343 0.9236028 0 2
1403715338.612143 0.3955820 0.0495137 -0.2657911 0.0121635 0.4137829 0.1914756 0.8899286 0 2
1403715340.512143 0.4706497 0.0565221 -0.2698210 0.0013890 0.2579286 0.1097460 0.9599097 0 2
1403715340.862143 0.4733942 0.0483053 -0.2606623 -0.0023171 0.2111838 0.1142914 0.9707386 0 2
1403715341.212143 0.4811088 0.0407889 -0.2490624 0.0065275 0.2203715 0.1176790 0.9682693 0 2
1403715344.712143 0.4849538 -0.0196894 -0.0980183 0.0302778 0.0829736 0.0018630 0.9960899 0 2
1403715343.912143 0.5033370 -0.0046407 -0.1416063 0.0091677 0.1501301 0.0582187 0.9869080 0 2
1403715342.612143 0.5012608 0.0171567 -0.2088707 -0.0097116 0.2056108 0.0921030 0.9742417 0 2
1403715343.362143 0.5032695 0.0040430 -0.1731188 0.0062515 0.1364055 0.0701900 0.9881436 0 2
1403715343.462143 0.5033041 0.0029601 -0.1679160 0.0008155 0.1376217 0.0668331 0.9882272 0 2
1403715342.962143 0.5028574 0.0109622 -0.1937174 0.0051740 0.1552342 0.0675683 0.9855507 0 2
1403715344.662143 0.4870591 -0.0191610 -0.1002770 0.0353450 0.0858803 0.0030674 0.9956736 0 2
1403715346.962143 0.3098771 -0.0371680 -0.0454226 0.0178404 0.0809389 0.0677792 0.9942518 0 2
1403715345.762143 0.4034995 -0.0270570 -0.0664679 0.0293711 0.0600862 0.0357261 0.9971212 0 2
1403715349.112143 0.2253714 -0.0417426 -0.0174093 0.0254443 -0.2029876 -0.0286083 0.9784325 0 2
1403715348.412143 0.2338488 -0.0557167 -0.0365117 0.0162805 -0.1424069 -0.0102355 0.9896214 0 2
1403715349.462143 0.2325857 -0.0364266 -0.0052219 0.0445997 -0.2177100 -0.0466610 0.9738768 0 2
1403715347.362143 0.2891587 -0.0421094 -0.0410728 0.0135565 0.0644390 0.0397073 0.9970393 0 2
1403715350.162143 0.2568096 -0.0228664 0.0088473 0.0242443 -0.2964604 -0.0920039 0.9502940 0 2
1403715350.862143 0.2704906 -0.0138995 0.0243598 0.0058223 -0.2922346 -0.1223081 0.9484755 0 2
1403715351.312143 0.2586144 -0.0148541 0.0357923 0.0175109 -0.2972957 -0.1218337 0.9468185 0 2
1403715351.662143 0.2402435 -0.0188594 0.0416320 0.0478576 -0.2985366 -0.1144179 0.9463055 0 2
1403715352.712143 0.1780689 -0.0308250 0.0387061 0.0254015 -0.3984966 -0.1102686 0.9101627 0 2
1403715353.762143 0.1479613 -0.0423376 0.0423053 0.0397920 -0.4085226 -0.1396069 0.9011303 0 2
1403715358.612143 0.0069002 -0.0811909 0.0441783 0.0531403 -0.6403007 -0.2598635 0.7208759 0 2
1403715356.862143 0.0970633 -0.0701506 0.0547810 0.0140833 -0.5386918 -0.1951920 0.8194589 0 2
1403715354.512143 0.1360518 -0.0289947 0.0453317 0.0213037 -0.4200243 -0.1441736 0.8957342 0 2
1403715355.012143 0.1295187 -0.0353628 0.0472780 0.0231938 -0.4243270 -0.1344714 0.8951682 0 2
1403715354.112143 0.1413913 -0.0361927 0.0431155 0.0311256 -0.4184616 -0.1357072 0.8974991 0 2
1403715358.962143 -0.0173029 -0.0759196 0.0289546 0.0481888 -0.6787083 -0.2326419 0.6949177 0 2
1403715356.412143 0.1124054 -0.0681641 0.0567082 0.0358173 -0.5158359 -0.2153451 0.8284062 0 2
1403715357.212143 0.0822497 -0.0736341 0.0554081 0.0217847 -0.6065637 -0.2133951 0.7655511 0 2
1403715356.062143 0.1183821 -0.0633241 0.0546935 0.0345853 -0.5363155 -0.2046158 0.8181087 0 2
1403715361.462143 -0.0698422 -0.0574781 -0.0372605 0.0324604 -0.4649139 -0.1713178 0.8680159 0 2
1403715358.262143 0.0299736 -0.0851395 0.0532328 0.0396432 -0.6250445 -0.2517773 0.7378048 0 2
1403715359.712143 -0.0513788 -0.0616498 0.0053422 0.0610202 -0.6798567 -0.2423102 0.6894615 0 2
1403715357.912143 0.0491550 -0.0859158 0.0578602 0.0573446 -0.6250258 -0.2541991 0.7358241 0 2
1403715355.712143 0.1219531 -0.0558856 0.0509382 0.0306822 -0.5195174 -0.1810071 0.8345038 0 2
1403715360.762143 -0.0650019 -0.0523034 -0.0335148 0.0183262 -0.6315956 -0.2041108 0.7477232 0 2
1403715360.062143 -0.0577364 -0.0571975 -0.0097054 0.0395997 -0.6800944 -0.2412391 0.6911636 0 2
1403715357.562143 0.0661547 -0.0815086 0.0569378 0.0383621 -0.6270987 -0.2383889 0.7405717 0 2
1403715359.312143 -0.0365526 -0.0686038 0.0184592 0.0503046 -0.6880047 -0.2349997 0.6847585 0 2
1403715361.812143 -0.0743106 -0.0567610 -0.0404166 0.0230489 -0.4126792 -0.1566561 0.8970081 0 2
1403715361.862143 -0.0752705 -0.0560225 -0.0408785 0.0197345 -0.4051996 -0.1533419 0.9010605 0 2
1403715362.912143 -0.1202785 -0.0477580 -0.0430706 0.0131866 -0.1473161 -0.0154015 0.9888816 0 2
1403715360.412143 -0.0617672 -0.0530067 -0.0248450 0.0281343 -0.6751846 -0.2329959 0.6993191 0 2
1403715362.562143 -0.0998521 -0.0492579 -0.0424853 0.0173096 -0.2303866 -0.0907847 0.9687005 0 2
1403715366.762143 -0.0533455 -0.0602195 -0.1027676 -0.0008442 0.3939593 0.1764404 0.9020333 0 2
1403715370.112143 0.1518249 -0.0153918 -0.2011967 -0.0188744 0.2026016 0.0771010 0.9760389 0 2
1403715367.112143 -0.0438189 -0.0549185 -0.1172960 -0.0099058 0.3817079 0.1803055 0.9064717 0 2
1403715367.462143 -0.0295763 -0.0525247 -0.1302122 -0.0132903 0.3694445 0.1852699 0.9104994 0 2
1403715362.212143 -0.0852055 -0.0530165 -0.0425666 0.0174413 -0.3311997 -0.1249296 0.9350910 0 2
1403715363.612143 -0.1362151 -0.0528200 -0.0418548 0.0180576 -0.0075278 0.0562803 0.9982233 0 2
1403715364.462143 -0.1134731 -0.0608420 -0.0435202 0.0191929 0.1742596 0.1106923 0.9782701 0 2
1403715364.812143 -0.1017949 -0.0638015 -0.0494974 0.0193607 0.1915315 0.1030710 0.9758674 0 2
1403715366.012143 -0.0696672 -0.0715952 -0.0715095 0.0232639 0.3733374 0.1816179 0.9094465 0 2
1403715363.262143 -0.1348466 -0.0488482 -0.0431469 0.0178332 -0.0848454 0.0479446 0.9950802 0 2
1403715364.062143 -0.1246729 -0.0573801 -0.0407433 0.0257254 0.1170675 0.0764220 0.9898450 0 2
1403715365.312143 -0.0838881 -0.0686872 -0.0589534 0.0116696 0.2615868 0.1054031 0.9593365 0 2
1403715368.262143 0.0227881 -0.0476111 -0.1487498 0.0130735 0.3689044 0.1737064 0.9129977 0 2
1403715365.662143 -0.0758801 -0.0709260 -0.0642610 0.0190920 0.3123820 0.1363157 0.9399314 0 2
1403715366.412143 -0.0616401 -0.0673114 -0.0853585 0.0238322 0.3944332 0.1942371 0.8978454 0 2
1403715368.962143 0.0749270 -0.0344381 -0.1703039 0.0101766 0.3789725 0.1650414 0.9105151 0 2
1403715371.662143 0.2417150 -0.0145604 -0.1774778 0.0047895 0.2064621 0.1173431 0.9713810 0 2
1403715367.912143 -0.0025823 -0.0496132 -0.1419697 -0.0086035 0.3657534 0.1736704 0.9143244 0 2
1403715371.312143 0.2200987 -0.0120209 -0.1904653 -0.0327754 0.2124450 0.1038323 0.9710879 0 2
1403715368.612143 0.0484960 -0.0426858 -0.1571637 0.0239159 0.3717430 0.1804451 0.9103158 0 2
1403715370.912143 0.1973612 -0.0130751 -0.1961269 0.0079226 0.2088999 0.1015996 0.9726127 0 2
1403715369.762143 0.1282859 -0.0201988 -0.1966164 -0.0067331 0.2250651 0.1051069 0.9686346 0 2
1403715373.562143 0.3805454 -0.0411916 -0.1107329 0.0176140 0.1479408 0.0755484 0.9859492 0 2
1403715370.212143 0.1583483 -0.0144022 -0.2011008 -0.0100712 0.2018996 0.0757957 0.9764170 0 2
1403715372.412143 0.2974373 -0.0196922 -0.1476041 0.0107921 0.1827357 0.0932437 0.9786710 0 2
1403715370.562143 0.1773379 -0.0141783 -0.1982450 0.0118275 0.1998635 0.1063952 0.9739583 0 2
1403715376.962143 0.3889148 -0.0812247 0.0226733 0.0518054 -0.0471519 -0.0146526 0.9974358 0 2
1403715373.212143 0.3555733 -0.0363765 -0.1215494 0.0177044 0.1425066 0.0871010 0.9857951 0 2
1403715372.762143 0.3238592 -0.0277569 -0.1363284 0.0150054 0.1523347 0.0765664 0.9852444 0 2
1403715375.112143 0.4288892 -0.0610758 -0.0604878 0.0126210 -0.0602239 -0.0239555 0.9978176 0 2
1403715377.312143 0.3727908 -0.0793268 0.0249840 0.0375855 -0.0567330 -0.0212110 0.9974561 0 2
1403715375.462143 0.4268126 -0.0682772 -0.0424246 0.0163882 -0.0460872 -0.0107960 0.9987447 0 2
1403715374.312143 0.4144246 -0.0492172 -0.0891834 0.0209181 -0.0129378 0.0070666 0.9996725 0 2
1403715376.212143 0.4110261 -0.0791072 -0.0033107 0.0279440 -0.0354869 0.0033862 0.9989737 0 2
1403715376.612143 0.3998684 -0.0817783 0.0135813 0.0370365 -0.0368077 -0.0087028 0.9985979 0 2
1403715374.762143 0.4253826 -0.0543233 -0.0758924 -0.0020184 -0.0690491 -0.0203643 0.9974034 0 2
1403715886.584058 0.0000000 0.0000000 0.0000000 -0.0000000 -0.0000000 -0.0000000 1.0000000 1 2
1403715893.834058 -0.0017694 -0.0047263 -0.0039782 0.0364390 -0.0100612 0.0141856 0.9991845 1 2
1403715912.184058 -0.0075059 -0.0641634 -0.0215078 0.0397731 -0.5241831 -0.1783631 0.8317673 1 2
1403715912.334058 0.0024859 -0.0514071 -0.0668996 0.0264665 -0.5368982 -0.1847705 0.8227392 1 2
1403715896.384058 -0.1103020 -0.0718872 -0.0297037 0.0210813 -0.0166681 0.0683453 0.9972997 1 2
1403715896.834058 -0.1106606 -0.0806134 -0.0353221 0.0301152 -0.0314502 0.1013860 0.9938938 1 2
1403715897.934058 0.0333220 -0.0890365 -0.0503080 0.0211607 -0.0189774 0.0657874 0.9974288 1 2
1403715896.684058 -0.1140134 -0.0794276 -0.0330845 0.0332290 -0.0272302 0.0944257 0.9946045 1 2
1403715897.434058 -0.0499418 -0.0878090 -0.0464401 0.0066051 -0.0189634 0.0630856 0.9978061 1 2
1403715897.234058 -0.0799668 -0.0852693 -0.0433573 0.0144229 -0.0409414 0.1246826 0.9912468 1 2
1403715897.084058 -0.0958770 -0.0842330 -0.0404129 0.0152435 -0.0439445 0.1294317 0.9904968 1 2
1403715902.584058 0.3227730 -0.0837396 0.0096119 0.0073395 0.1534471 0.0656984 0.9859431 1 2
1403715901.434058 0.3933341 -0.0912990 0.0716271 0.0944490 0.1534760 0.0633087 0.9815888 1 2
1403715900.034058 0.3671803 -0.0441864 -0.0283863 -0.0182863 0.1634126 0.0186055 0.9862128 1 2
1403715901.634058 0.3867315 -0.0926028 0.0659602 0.0650804 0.1506772 0.0655956 0.9842551 1 2
1403715902.384058 0.3398464 -0.0846098 0.0226683 0.0248600 0.1591135 0.0491892 0.9857208 1 2
1403715901.834058 0.3772560 -0.0904137 0.0566304 0.0506083 0.1490140 0.0668864 0.9852715 1 2
1403715902.284058 0.3463644 -0.0873160 0.0299674 0.0328518 0.1592397 0.0545026 0.9851868 1 2
1403715901.134058 0.4030953 -0.0813442 0.0665520 0.1008840 0.1505712 0.0513258 0.9820980 1 2
1403715974.134058 0.0917190 -0.1461684 0.0112521 -0.0337039 0.6433702 0.3166159 0.6961992 1 2
1403715906.034058 0.1414475 -0.1235053 0.0031428 -0.0327134 -0.7609838 -0.3224567 0.5620099 1 2
1403715905.284058 0.1422399 -0.1246891 0.0076073 0.0874315 -0.5824285 -0.1913499 0.7851866 1 2
1403715905.084058 0.1489288 -0.1292218 0.0048820 0.0750843 -0.5236052 -0.1658598 0.8322803 1 2
1403715904.884058 0.1585943 -0.1335687 0.0013832 0.0643759 -0.4444439 -0.1538552 0.8801443 1 2
1403715904.684058 0.1709751 -0.1308783 -0.0031873 0.0705441 -0.3681988 -0.1468184 0.9153675 1 2
1403715905.434058 0.1405414 -0.1224036 0.0095965 0.0711792 -0.6149111 -0.2252980 0.7523687 1 2
1403715905.584058 0.1400294 -0.1150769 0.0065852 0.0550348 -0.6438398 -0.2477632 0.7218413 1 2
1403715905.534058 0.1398638 -0.1224195 0.0094542 0.0566921 -0.6352063 -0.2453099 0.7301520 1 2
1403715904.984058 0.1532314 -0.1310150 0.0036616 0.0674447 -0.4856182 -0.1575773 0.8572022 1 2
1403715905.734058 0.1395534 -0.1193033 0.0038499 0.0155405 -0.6841218 -0.2601547 0.6812161 1 2
1403715905.984058 0.1415813 -0.1234382 0.0024444 -0.0294348 -0.7490789 -0.3078236 0.5858831 1 2
1403715912.284058 0.0038460 -0.0516615 -0.0625738 0.0258896 -0.5285743 -0.1840404 0.8282923 1 2
1403715912.384058 0.0025462 -0.0513513 -0.0705552 0.0264827 -0.5462166 -0.1865302 0.8161817 1 2
1403715911.884058 0.0012039 -0.0645114 0.0086611 0.0418587 -0.4612379 -0.1636454 0.8710497 1 2
1403715912.134058 0.0242316 -0.0423334 -0.0427843 0.0441400 -0.5194964 -0.1882959 0.8322979 1 2
1403715911.784058 0.0331149 -0.0457424 -0.0130819 0.0445386 -0.4417541 -0.1616641 0.8813254 1 2
1403715912.034058 -0.0031663 -0.0636392 -0.0059691 0.0426544 -0.4946727 -0.1755539 0.8500943 1 2
1403715911.934058 -0.0002885 -0.0636003 0.0040259 0.0429014 -0.4726821 -0.1689229 0.8638265 1 2
1403715912.234058 0.0062444 -0.0510641 -0.0576782 0.0266324 -0.5209649 -0.1810120 0.8337392 1 2
1403715913.634058 -0.0181652 -0.0336795 -0.1446881 0.1164736 -0.8105240 -0.2826896 0.4995713 1 2
1403715912.434058 0.0014385 -0.0509633 -0.0742242 0.0256391 -0.5554134 -0.1886368 0.8094905 1 2
1403715912.634058 -0.0029231 -0.0491917 -0.0893632 0.0252090 -0.5955923 -0.1998854 0.7776119 1 2
1403715912.534058 -0.0006237 -0.0511957 -0.0820597 0.0247578 -0.5741487 -0.1964805 0.7944404 1 2
1403715913.934058 0.0005078 -0.0209119 -0.1684210 0.1039143 -0.8075913 -0.2997958 0.4971124 1 2
1403715913.334058 -0.0205485 -0.0442230 -0.1260909 0.0586998 -0.7868332 -0.2656527 0.5539643 1 2
1403715913.234058 -0.0200203 -0.0475212 -0.1194600 0.0464711 -0.7658232 -0.2584643 0.5869851 1 2
1403715912.584058 -0.0015061 -0.0501158 -0.0852762 0.0242817 -0.5853582 -0.1966266 0.7861960 1 2
1403715912.484058 0.0002051 -0.0513419 -0.0784639 0.0245735 -0.5640832 -0.1932471 0.8024101 1 2
1403715913.534058 -0.0199659 -0.0372327 -0.1387076 0.0920631 -0.8088388 -0.2762531 0.5108702 1 2
1403715912.934058 -0.0187550 -0.0587285 -0.0958818 0.0396677 -0.6857525 -0.2303991 0.6892650 1 2
1403715913.134058 -0.0196195 -0.0513838 -0.1119924 0.0425767 -0.7405735 -0.2520072 0.6214745 1 2
1403715912.834058 -0.0191124 -0.0606102 -0.0873868 0.0390122 -0.6560235 -0.2194742 0.7210702 1 2
1403715912.734058 -0.0056396 -0.0484565 -0.0975234 0.0264109 -0.6181377 -0.2078951 0.7576199 1 2
1403715913.034058 -0.0194170 -0.0548027 -0.1040762 0.0410635 -0.7148178 -0.2399830 0.6555589 1 2
1403715914.034058 0.0093876 -0.0169537 -0.1775877 0.0938886 -0.8057401 -0.3034588 0.4998806 1 2
1403715913.434058 -0.0204153 -0.0409391 -0.1327405 0.0746606 -0.8000671 -0.2737123 0.5285830 1 2
1403715913.834058 -0.0073413 -0.0250277 -0.1598748 0.1198812 -0.8093320 -0.2928821 0.4948033 1 2
1403715913.734058 -0.0138092 -0.0296383 -0.1519293 0.1280478 -0.8103184 -0.2868083 0.4947009 1 2
1403715914.684058 0.0802515 0.0120443 -0.2549894 -0.0075338 -0.7451586 -0.3147508 0.5878894 1 2
1403715914.134058 0.0205005 -0.0119997 -0.1886474 0.0933229 -0.8016307 -0.3052819 0.5054522 1 2
1403715914.484058 0.0598954 0.0027259 -0.2287742 0.0236683 -0.7720073 -0.3170823 0.5503665 1 2
1403715915.234058 0.0932334 0.0297291 -0.3130225 -0.0851818 -0.7115974 -0.2604311 0.6469536 1 2
1403715914.934058 0.0953296 0.0217673 -0.2861579 -0.0812842 -0.7193578 -0.2833449 0.6289936 1 2
1403715914.784058 0.0876893 0.0156795 -0.2675270 -0.0390561 -0.7335229 -0.3026519 0.6073062 1 2
1403715915.084058 0.0972207 0.0264387 -0.3017678 -0.0974983 -0.7118430 -0.2697378 0.6411046 1 2
1403715914.584058 0.0704997 0.0074365 -0.2412327 0.0119950 -0.7587598 -0.3192113 0.5676652 1 2
1403715915.384058 0.0839336 0.0309918 -0.3203151 -0.0302087 -0.7146873 -0.2626196 0.6475649 1 2
1403715916.634058 -0.0430406 0.0805284 -0.3498101 0.0149709 -0.6466497 -0.2211114 0.7298834 1 2
1403715916.984058 -0.0845046 0.0871752 -0.3531225 -0.0154296 -0.5972304 -0.1624582 0.7852930 1 2
1403715916.484058 -0.0259518 0.0745007 -0.3477987 0.0230862 -0.6780584 -0.2404976 0.6941648 1 2
1403715918.984058 -0.0903996 0.1046003 -0.2900236 -0.0033462 -0.4230808 -0.1630815 0.8912889 1 2
1403715916.034058 0.0262887 0.0564908 -0.3370203 0.0119730 -0.7202247 -0.2843838 0.6326602 1 2
1403715916.184058 0.0096731 0.0632995 -0.3414188 0.0203525 -0.7179925 -0.2730587 0.6399308 1 2
1403715916.334058 -0.0080854 0.0691393 -0.3446214 0.0259625 -0.7023867 -0.2587765 0.6625810 1 2
1403715915.734058 0.0548544 0.0424710 -0.3293535 0.0298690 -0.7167306 -0.2773024 0.6391468 1 2
1403715915.884058 0.0412290 0.0495355 -0.3329890 0.0159321 -0.7168400 -0.2858251 0.6357598 1 2
1403715917.434058 -0.1271361 0.0833180 -0.3395626 0.0809899 -0.5366212 -0.1521866 0.8260252 1 2
1403715918.284058 -0.1387256 0.0855093 -0.3148111 0.0814379 -0.5095884 -0.1400620 0.8450267 1 2
1403715917.234058 -0.1117106 0.0856145 -0.3471276 0.0472337 -0.5676182 -0.1492254 0.8082762 1 2
1403715916.784058 -0.0606835 0.0847336 -0.3521070 0.0003985 -0.6193143 -0.1966643 0.7601137 1 2
1403715919.234058 -0.0761936 0.0982843 -0.2813711 0.0022918 -0.4101277 -0.2033274 0.8890715 1 2
1403715918.734058 -0.1103205 0.1012002 -0.2998240 0.0097386 -0.4523934 -0.1137869 0.8844761 1 2
1403715919.534058 -0.0726916 0.0926002 -0.2733043 0.0333254 -0.4215424 -0.1879063 0.8865002 1 2
1403715918.534058 -0.1236720 0.0924832 -0.3078510 0.0237665 -0.4819848 -0.1111527 0.8687755 1 2
1403715918.034058 -0.1456928 0.0850790 -0.3213917 0.0740233 -0.5377825 -0.1288033 0.8298917 1 2
1403715920.134058 -0.0867178 0.1119386 -0.2606789 0.0159711 -0.4258766 -0.1823352 0.8860744 1 2
1403715917.834058 -0.1447637 0.0838199 -0.3283043 0.0501583 -0.5364299 -0.1254932 0.8330538 1 2
1403715919.934058 -0.0795301 0.1053461 -0.2624690 0.0355525 -0.4239411 -0.1795880 0.8869939 1 2
1403715921.684058 -0.1454594 0.0412308 -0.2923560 0.0241970 -0.5277018 -0.1971473 0.8258803 1 2
1403715921.334058 -0.1374729 0.0675114 -0.2835557 0.0210514 -0.5290328 -0.1749096 0.8301131 1 2
1403715922.584058 -0.1664072 -0.0384296 -0.3125914 0.0469185 -0.5341318 -0.1660603 0.8276025 1 2
1403715923.234058 -0.1636994 -0.0712964 -0.3251245 0.0447196 -0.5297959 -0.1886076 0.8256777 1 2
1403715920.634058 -0.1168120 0.1040826 -0.2662230 0.0337894 -0.4632684 -0.1380527 0.8747469 1 2
1403715921.084058 -0.1341340 0.0840466 -0.2774190 0.0242315 -0.5097417 -0.1479813 0.8471587 1 2
1403715921.984058 -0.1543178 0.0154435 -0.3000374 0.0197384 -0.5313360 -0.1792161 0.8277525 1 2
1403715920.384058 -0.1006707 0.1103766 -0.2627859 0.0133611 -0.4431740 -0.1648257 0.8810509 1 2
1403715922.834058 -0.1673134 -0.0572675 -0.3181764 0.0486021 -0.5348465 -0.1694010 0.8263658 1 2
1403715924.284058 -0.1425336 -0.0593944 -0.3180153 0.0486667 -0.5448925 -0.1539521 0.8228137 1 2
1403715926.084058 0.0470905 -0.0060276 -0.2134460 0.0284516 -0.1712395 -0.0044951 0.9848083 1 2
1403715924.534058 -0.1282209 -0.0432338 -0.3050654 0.0294181 -0.5374087 -0.1709615 0.8252869 1 2
1403715923.634058 -0.1586527 -0.0881289 -0.3379623 0.0064569 -0.5442173 -0.1569622 0.8241048 1 2
1403715924.084058 -0.1507434 -0.0728673 -0.3278104 0.0412386 -0.5502365 -0.1410129 0.8219821 1 2
1403715920.884058 -0.1291647 0.0953162 -0.2707810 0.0497718 -0.4848180 -0.1319064 0.8631773 1 2
1403715922.284058 -0.1623789 -0.0082626 -0.3056266 0.0382729 -0.5313047 -0.1654412 0.8299878 1 2
1403715922.434058 -0.1649654 -0.0235545 -0.3089135 0.0475472 -0.5306000 -0.1691284 0.8292156 1 2
1403715926.534058 0.1094395 0.0066477 -0.1818195 0.0745917 0.0057395 0.0514965 0.9958671 1 2
1403715926.334058 0.0812636 -0.0019450 -0.1943277 0.0539986 -0.0791922 0.0386478 0.9946452 1 2
1403715923.034058 -0.1659950 -0.0652187 -0.3207242 0.0509817 -0.5328224 -0.1792895 0.8254432 1 2
1403715923.884058 -0.1549775 -0.0832256 -0.3355471 0.0156143 -0.5509845 -0.1415930 0.8222675 1 2
1403715923.434058 -0.1611253 -0.0819916 -0.3324134 0.0222381 -0.5348865 -0.1797155 0.8252905 1 2
1403715924.884058 -0.0615998 -0.0027164 -0.2843626 0.0105388 -0.5166869 -0.1518539 0.8425343 1 2
1403715925.484058 -0.0187617 0.0037339 -0.2478919 0.0268551 -0.3640211 -0.0792610 0.9276235 1 2
1403715925.834058 0.0213038 -0.0223971 -0.2356910 -0.0092945 -0.2600916 -0.0371691 0.9648235 1 2
1403715926.684058 0.1311230 0.0136974 -0.1764227 0.0605415 0.0636880 0.0618697 0.9942086 1 2
1403715926.284058 0.0732973 -0.0041769 -0.1988991 0.0487078 -0.0981700 0.0331968 0.9934224 1 2
1403715974.434058 0.0928776 -0.1348673 -0.0152565 -0.0312946 0.6484234 0.2921953 0.7022746 1 2
1403715925.134058 -0.0473466 0.0047431 -0.2674659 0.0463442 -0.4581069 -0.1213474 0.8793550 1 2
1403715926.884058 0.1602944 0.0244302 -0.1726691 0.0268881 0.1338821 0.0667141 0.9883835 1 2
1403715928.684058 0.2190799 0.0977837 -0.2234174 0.0318419 0.6598456 0.2514633 0.7073585 1 2
1403715930.834058 0.2050694 0.0701480 -0.2511497 -0.0113796 0.6009250 0.3089239 0.7371063 1 2
1403715928.734058 0.2142955 0.1009621 -0.2265076 0.0192397 0.6626234 0.2605431 0.7019098 1 2
1403715929.484058 0.1823295 0.0973459 -0.2828264 -0.1090515 0.6039184 0.2032372 0.7629450 1 2
1403715929.034058 0.1883661 0.1078368 -0.2490337 -0.0624290 0.6202843 0.3166720 0.7148908 1 2
1403715931.284058 0.2299550 0.0679736 -0.2658094 -0.0679732 0.6057257 0.2971486 0.7349685 1 2
1403715928.884058 0.1998664 0.1075128 -0.2366841 -0.0277967 0.6512023 0.2954250 0.6984891 1 2
1403715933.634058 0.2641260 0.0118150 -0.2858790 -0.1433978 0.5574639 0.3945363 0.7162487 1 2
1403715932.884058 0.3717394 0.0365494 -0.2764806 0.1316590 0.6501487 0.1233509 0.7380766 1 2
1403715929.834058 0.1930166 0.0835340 -0.2827618 -0.0701436 0.6183928 0.1820409 0.7612696 1 2
1403715929.184058 0.1813295 0.1032020 -0.2620398 -0.0877727 0.5920898 0.3241154 0.7325809 1 2
1403715931.684058 0.2766521 0.0589571 -0.2757986 -0.0482279 0.6097958 0.2775978 0.7407851 1 2
1403715931.634058 0.2697772 0.0589952 -0.2751144 -0.0491001 0.6092002 0.2832416 0.7390795 1 2
1403715934.984058 0.3247735 -0.0353483 -0.2944308 0.1108615 0.6566917 0.1651638 0.7274522 1 2
1403715934.334058 0.3346497 -0.0244813 -0.2943593 0.0790979 0.6678827 0.1734805 0.7194309 1 2
1403715934.634058 0.3586648 -0.0305839 -0.2906652 0.1614280 0.6812911 0.1011812 0.7067856 1 2
1403715932.684058 0.3845650 0.0420774 -0.2741508 0.1341760 0.6478661 0.1239823 0.7395234 1 2
1403715933.234058 0.3180290 0.0245472 -0.2813954 -0.0230598 0.6210668 0.2536107 0.7412328 1 2
1403715938.384058 0.1876137 0.0308273 -0.2234359 -0.0547094 0.4060128 0.1830231 0.8936796 1 2
1403715935.884058 0.1880306 -0.0130498 -0.2951574 -0.1509764 0.5752027 0.3616844 0.7180058 1 2
1403715933.984058 0.2798361 -0.0066547 -0.2904752 -0.1275399 0.5870947 0.3516416 0.7179148 1 2
1403715940.684058 0.2447430 -0.0519306 -0.1227329 -0.1725297 0.2975649 0.2189340 0.9131027 1 2
1403715937.134058 0.2260101 -0.0025059 -0.2678514 0.0260826 0.6456740 0.2346110 0.7262110 1 2
1403715936.184058 0.2024796 -0.0093326 -0.2891358 -0.0618007 0.6231713 0.2856559 0.7254233 1 2
1403715936.584058 0.2348677 -0.0076327 -0.2794051 0.0724818 0.6670771 0.1940112 0.7156217 1 2
1403715935.384058 0.2445783 -0.0323294 -0.2991650 -0.0690520 0.6055937 0.3103604 0.7294961 1 2
1403715941.034058 0.2549722 -0.0754937 -0.1053897 -0.1273378 0.3167685 0.1882206 0.9208778 1 2
1403715937.734058 0.1874493 0.0162319 -0.2530351 -0.0491927 0.5249979 0.2537899 0.8108934 1 2
1403715941.834058 0.3048343 -0.1316279 -0.0435470 0.2461485 0.3539559 0.0947710 0.8972986 1 2
1403715941.734058 0.3032450 -0.1340661 -0.0415580 0.2209505 0.3604031 0.0995311 0.9007686 1 2
1403715941.884058 0.3020047 -0.1293280 -0.0439923 0.2525831 0.3544579 0.0919915 0.8955998 1 2
1403715944.084058 0.2518820 -0.0043155 -0.0679527 0.1326204 0.3176018 0.1116246 0.9322451 1 2
1403715941.934058 0.3021141 -0.1245934 -0.0477653 0.2513532 0.3512897 0.0883717 0.8975564 1 2
1403715945.784058 0.2372744 -0.0543466 -0.0908593 0.0629334 0.0763590 0.0339505 0.9945130 1 2
1403715943.234058 0.2198175 0.0066243 -0.1001442 -0.0913214 0.3116371 0.1568880 0.9326998 1 2
1403715941.684058 0.3030544 -0.1331516 -0.0432579 0.2072753 0.3612032 0.1000103 0.9036411 1 2
1403715942.684058 0.2168241 -0.0372213 -0.1139868 -0.1385844 0.3049753 0.2055768 0.9195231 1 2
1403715941.784058 0.3063407 -0.1315746 -0.0430917 0.2363950 0.3538522 0.0961437 0.8998125 1 2
1403715945.334058 0.2396426 -0.0397928 -0.0798727 0.1247916 0.0849758 -0.0067267 0.9885145 1 2
1403715947.084058 0.1934589 -0.1083623 -0.0682046 0.1530707 -0.0187309 0.0067029 0.9880150 1 2
1403715946.534058 0.2119545 -0.0735890 -0.1044341 -0.0588723 0.0047070 0.0061622 0.9982354 1 2
1403715947.184058 0.1933564 -0.1118376 -0.0677254 0.1972621 -0.0189440 0.0111500 0.9801043 1 2
1403715947.234058 0.1915977 -0.1132969 -0.0691721 0.2110740 -0.0167135 0.0147737 0.9772155 1 2
1403715947.484058 0.1864849 -0.1059861 -0.0840085 0.1375310 -0.0121038 0.0228651 0.9901595 1 2
1403715947.434058 0.1885452 -0.1092834 -0.0798767 0.1671827 -0.0127492 0.0214945 0.9856092 1 2
1403715950.784058 0.1025723 -0.0716692 0.0036523 0.1953943 -0.2554704 -0.0468060 0.9457089 1 2
1403715947.334058 0.1891194 -0.1125158 -0.0725636 0.2135186 -0.0143656 0.0207986 0.9766120 1 2
1403715979.834058 0.1031788 -0.1026271 -0.0161315 0.1029347 -0.4489557 -0.1851613 0.8680775 1 2
1403715950.934058 0.1039782 -0.0708535 0.0029517 0.2070468 -0.2671089 -0.0436237 0.9401497 1 2
1403715952.034058 0.0857858 -0.0780759 -0.0705411 -0.0581786 -0.3866604 -0.1470643 0.9085599 1 2
1403715950.984058 0.1013673 -0.0717351 -0.0041466 0.1848412 -0.2639916 -0.0430101 0.9456703 1 2
1403715951.034058 0.1011624 -0.0718351 -0.0096021 0.1547900 -0.2644213 -0.0472970 0.9507284 1 2
1403715953.184058 0.0920903 -0.1062404 -0.0600963 0.0128855 -0.5046380 -0.1787375 0.8445279 1 2
1403715953.234058 0.0973974 -0.1043448 -0.0625424 -0.0134732 -0.4982478 -0.1969541 0.8442611 1 2
1403715952.434058 0.0496899 -0.0973638 -0.0500141 0.1195025 -0.4747022 -0.0895790 0.8673826 1 2
1403715952.534058 0.0431054 -0.1023727 -0.0510781 0.1349720 -0.4822122 -0.0881542 0.8610940 1 2
1403715952.084058 0.0811847 -0.0823062 -0.0661222 -0.0261262 -0.4036851 -0.1340250 0.9046508 1 2
1403715953.984058 0.1239224 -0.0920150 -0.0507667 -0.0543090 -0.5444008 -0.3244174 0.7716422 1 2
