0.100000 1
0.200000 1
0.300000 1
0.400000 1
0.500000 1
0.600000 2
0.700000 2
0.800000 2
0.900000 2
1.000000 2
1.100000 2
1.200000 2
1.300000 2
1.400000 2
1.500000 2
1.600000 2
1.700000 2
1.800000 2
1.900000 2
2.000000 2
2.100000 2
2.200000 2
2.300000 2
2.400000 2
2.500000 2
2.600000 2
2.700000 2
2.800000 2
2.900000 2
3.000000 2
3.100000 2
3.200000 2
3.300000 2
3.400000 2
3.500000 2
3.600000 2
3.700000 2
3.800000 2
3.900000 2
4.000000 2
4.100000 2
4.200000 2
4.300000 2
4.400000 2
4.500000 2
4.600000 2
4.700000 2
4.800000 2
4.900000 2
5.000000 2
5.100000 2
5.200000 2
5.300000 2
5.400000 2
5.500000 2
5.600000 2
5.700000 2
5.800000 2
5.900000 2
6.000000 2
6.100000 2
6.200000 2
6.300000 2
6.400000 2
6.500000 2
6.600000 2
6.700000 2
6.800000 2
6.900000 2
7.000000 2
7.100000 2
7.200000 2
7.300000 2
7.400000 2
7.500000 2
7.600000 2
7.700000 2
7.800000 2
7.900000 2
8.000000 2
8.100000 2
8.200000 2
8.300000 2
8.400000 2
8.500000 2
8.600000 2
8.700000 2
8.800000 2
8.900000 2
9.000000 2
9.100000 2
9.200000 2
9.300000 2
9.400000 2
9.500000 2
9.600000 2
9.700000 2
9.800000 2
9.900000 2
10.000000 2
10.100000 2
10.200000 2
10.300000 2
10.400000 2
10.500000 2
10.600000 2
10.700000 2
10.800000 2
10.900000 2
11.000000 2
11.100000 2
11.200000 2
11.300000 2
11.400000 2
11.500000 2
11.600000 2
11.700000 2
11.800000 2
11.900000 2
12.000000 2
12.100000 2
12.200000 2
12.300000 2
12.400000 2
12.500000 2
12.600000 2
12.700000 2
12.800000 2
12.900000 2
13.000000 2
13.100000 2
13.200000 2
13.300000 2
13.400000 2
13.500000 2
13.600000 2
13.700000 2
13.800000 2
13.900000 2
14.000000 2
14.100000 2
14.200000 2
14.300000 2
14.400000 2
14.500000 2
14.600000 2
14.700000 2
14.800000 2
14.900000 2
15.000000 2
15.100000 2
15.200000 2
15.300000 2
15.400000 2
15.500000 2
15.600000 2
15.700000 2
15.800000 2
15.900000 2
16.000000 2
16.100000 2
16.200000 2
16.300000 2
16.400000 2
16.500000 2
16.600000 2
16.700000 2
16.800000 2
16.900000 2
17.000000 2
17.100000 2
17.200000 2
17.300000 2
17.400000 2
17.500000 2
17.600000 2
17.700000 2
17.800000 2
17.900000 2
18.000000 2
18.100000 2
18.200000 2
18.300000 2
18.400000 2
18.500000 2
18.600000 2
18.700000 2
18.800000 2
18.900000 2
19.000000 2
19.100000 2
19.200000 2
19.300000 2
19.400000 2
19.500000 2
19.600000 2
19.700000 2
19.800000 2
19.900000 2
20.000000 2
20.100000 2
20.200000 2
20.300000 2
20.400000 2
20.500000 2
20.600000 2
20.700000 2
20.800000 2
20.900000 2
21.000000 2
21.100000 2
21.200000 2
21.300000 2
21.400000 2
21.500000 2
21.600000 2
21.700000 2
21.800000 2
21.900000 2
22.000000 2
22.100000 2
22.200000 2
22.300000 2
22.400000 2
22.500000 2
22.600000 2
22.700000 2
22.800000 2
22.900000 2
23.000000 2
23.100000 2
23.200000 2
23.300000 2
23.400000 2
23.500000 2
23.600000 2
23.700000 2
23.800000 2
23.900000 2
24.000000 2
24.100000 2
24.200000 2
24.300000 2
24.400000 2
24.500000 2
24.600000 2
24.700000 2
24.800000 2
24.900000 2
25.000000 2
25.100000 2
25.200000 2
25.300000 2
25.400000 2
25.500000 2
25.600000 2
25.700000 2
25.800000 2
25.900000 2
26.000000 2
26.100000 2
26.200000 2
26.300000 2
26.400000 2
26.500000 2
26.600000 2
26.700000 2
26.800000 2
26.900000 2
27.000000 2
27.100000 2
27.200000 2
27.300000 2
27.400000 2
27.500000 2
27.600000 2
27.700000 2
27.800000 2
27.900000 2
28.000000 2
28.100000 2
28.200000 2
28.300000 2
28.400000 2
28.500000 2
28.600000 2
28.700000 2
28.800000 2
28.900000 2
29.000000 2
29.100000 2
29.200000 2
29.300000 2
29.400000 2
29.500000 2
29.600000 2
29.700000 2
29.800000 2
29.900000 2
30.000000 2
30.100000 2
30.200000 2
30.300000 2
30.400000 2
30.500000 2
30.600000 2
30.700000 2
30.800000 2
30.900000 2
31.000000 2
31.100000 2
31.200000 2
31.300000 2
31.400000 2
31.500000 2
31.600000 2
31.700000 2
31.800000 2
31.900000 2
32.000000 2
32.100000 2
32.200000 2
32.300000 2
32.400000 2
32.500000 2
32.600000 2
32.700000 2
32.800000 2
32.900000 2
33.000000 2
33.100000 2
33.200000 2
33.300000 2
33.400000 2
33.500000 2
33.600000 2
33.700000 2
33.800000 2
33.900000 2
34.000000 2
34.100000 2
34.200000 2
34.300000 2
34.400000 2
34.500000 2
34.600000 2
34.700000 2
34.800000 2
34.900000 2
35.000000 2
35.100000 2
35.200000 2
35.400000 2
35.500000 2
35.600000 2
35.800000 2
35.900000 2
36.000000 2
36.100000 2
36.200000 2
36.300000 2
36.500000 2
36.600000 2
36.700000 2
36.800000 2
36.900000 2
37.000000 2
37.100000 2
37.200000 2
37.300000 2
37.400000 2
37.500000 2
37.600000 2
37.700000 2
37.800000 2
37.900000 2
38.000000 2
38.100000 2
38.200000 2
38.300000 2
38.400000 2
38.500000 2
38.600000 2
38.700000 2
38.800000 2
38.900000 2
39.000000 2
39.100000 2
39.200000 2
39.300000 2
39.400000 2
39.500000 2
39.600000 2
39.700000 2
39.800000 2
39.900000 2
40.000000 2
40.100000 2
40.200000 2
40.300000 2
40.400000 2
40.500000 2
40.600000 2
40.700000 2
40.800000 2
40.900000 2
41.000000 2
41.100000 2
41.200000 2
41.300000 2
41.400000 2
41.500000 2
41.600000 2
41.800000 2
41.900000 2
42.000000 2
42.100000 2
42.200000 2
42.300000 2
42.400000 2
42.500000 2
42.600000 2
42.700000 2
42.800000 2
42.900000 2
43.000000 2
43.100000 2
43.200000 2
43.300000 2
43.400000 2
43.500000 2
43.600000 2
43.700000 2
43.800000 2
43.900000 2
44.000000 2
44.100000 2
44.300000 2
44.400000 2
44.500000 2
44.600000 2
44.700000 2
44.800000 2
44.900000 2
45.000000 2
45.100000 2
45.200000 2
45.300000 2
45.400000 2
45.500000 2
45.600000 2
45.700000 2
45.800000 2
45.900000 2
46.000000 2
46.100000 2
46.200000 2
46.300000 2
46.400000 2
46.500000 2
46.600000 2
46.700000 2
46.800000 2
46.900000 2
47.000000 2
47.100000 2
47.200000 2
47.300000 2
47.400000 2
47.500000 2
47.600000 2
47.700000 2
47.800000 2
47.900000 2
48.000000 2
48.200000 2
48.300000 2
48.400000 2
48.500000 2
48.600000 2
48.700000 2
48.800000 2
48.900000 2
49.000000 2
49.100000 2
49.200000 2
49.300000 2
49.500000 2
49.600000 2
49.700000 2
49.800000 2
49.900000 2
50.000000 2
50.100000 2
50.200000 2
50.300000 2
50.400000 2
50.500000 2
50.600000 2
50.700000 2
50.800000 2
51.000000 2
51.100000 2
51.200000 2
51.300000 2
51.400000 2
51.500000 2
51.600000 2
51.700000 2
51.800000 2
51.900000 2
52.000000 2
52.100000 2
52.200000 2
52.300000 2
52.400000 2
52.500000 2
52.600000 2
52.700000 2
52.800000 2
52.900000 2
53.000000 2
53.100000 2
53.200000 2
53.300000 2
53.400000 2
53.600000 2
53.700000 2
53.800000 2
53.900000 2
54.000000 2
54.100000 2
54.200000 2
54.300000 2
54.400000 2
54.500000 2
54.700000 2
54.800000 2
54.900000 2
55.000000 2
55.100000 2
55.300000 2
55.500000 2
55.600000 2
55.700000 2
55.800000 2
56.000000 2
56.100000 2
56.200000 2
56.300000 2
56.400000 2
56.500000 2
56.600000 2
56.700000 2
56.800000 2
56.900000 2
57.000000 2
57.100000 2
57.200000 2
57.300000 2
57.400000 2
57.500000 2
57.600000 2
57.700000 2
57.800000 2
57.900000 2
58.100000 2
58.200000 2
58.300000 2
58.400000 2
58.500000 2
58.600000 2
58.700000 2
58.800000 2
58.900000 2
59.000000 2
59.100000 2
59.200000 2
59.300000 2
59.400000 2
59.500000 2
59.600000 2
59.700000 2
59.900000 2
60.000000 2
60.100000 2
60.200000 2
60.300000 2
60.400000 2
60.500000 2
60.600000 2
60.700000 2
60.800000 2
60.900000 2
61.000000 2
61.100000 2
61.200000 2
61.300000 2
61.400000 2
61.500000 2
61.600000 2
61.700000 2
61.800000 2
61.900000 2
62.000000 2
62.100000 2
62.200000 2
62.300000 2
62.400000 2
62.500000 2
62.600000 2
62.700000 2
62.800000 2
62.900000 2
63.000000 2
63.100000 2
63.200000 2
63.300000 2
63.400000 2
63.500000 2
63.600000 2
63.700000 2
63.800000 2
63.900000 2
64.000000 2
64.100000 2
64.200000 2
64.300000 2
64.400000 2
64.500000 2
64.600000 2
64.700000 2
64.800000 2
64.900000 2
65.000000 2
65.100000 2
65.200000 2
65.300000 2
65.400000 2
65.500000 2
65.600000 2
65.700000 2
65.800000 2
65.900000 2
66.000000 2
66.100000 2
66.200000 2
66.300000 2
66.400000 2
66.500000 2
66.600000 2
66.700000 2
66.800000 2
66.900000 2
67.000000 2
67.100000 2
67.200000 2
67.300000 2
67.400000 2
67.500000 2
67.600000 2
67.700000 2
67.800000 2
67.900000 2
68.000000 2
68.100000 2
68.200000 2
68.300000 2
68.400000 2
68.500000 2
68.600000 2
68.700000 2
68.800000 2
68.900000 2
69.100000 2
69.200000 2
69.300000 2
69.400000 2
69.600000 2
69.700000 2
69.800000 2
70.000000 2
70.200000 2
70.300000 2
70.400000 2
70.500000 2
70.600000 2
70.700000 2
70.800000 2
70.900000 2
71.000000 2
71.100000 2
71.200000 2
71.300000 2
71.400000 2
71.500000 2
71.600000 2
71.700000 2
71.800000 2
71.900000 2
72.000000 2
72.100000 2
72.200000 2
72.300000 2
72.400000 2
72.500000 2
72.600000 2
72.700000 2
72.800000 2
72.900000 2
73.000000 2
73.100000 2
73.200000 2
73.300000 2
73.400000 2
73.500000 2
73.600000 2
73.700000 2
73.800000 2
73.900000 2
74.100000 2
74.200000 2
74.300000 2
74.400000 2
74.500000 2
74.600000 2
74.700000 2
74.800000 2
74.900000 2
75.000000 2
75.100000 2
75.200000 2
75.300000 2
75.400000 2
75.500000 2
75.600000 2
75.700000 2
75.800000 2
75.900000 2
76.000000 2
76.100000 2
76.200000 2
76.300000 2
76.400000 2
76.500000 2
76.600000 2
76.700000 2
76.800000 2
76.900000 2
77.000000 2
77.100000 2
77.200000 2
77.300000 2
77.400000 2
77.500000 2
77.600000 2
77.700000 2
77.800000 2
77.900000 2
78.000000 2
78.100000 2
78.200000 2
78.300000 2
78.400000 2
78.500000 2
78.600000 2
78.700000 2
78.800000 2
78.900000 2
79.000000 2
79.100000 2
79.200000 2
79.300000 2
79.400000 2
79.500000 2
79.600000 2
79.700000 2
79.900000 2
80.000000 2
80.100000 2
80.300000 2
80.400000 2
80.500000 2
80.600000 2
80.700000 2
80.800000 2
80.900000 2
81.100000 2
81.200000 2
81.300000 2
81.400000 2
81.500000 2
81.600000 2
81.700000 2
81.800000 2
81.900000 2
82.000000 2
82.100000 2
82.200000 2
82.300000 2
82.400000 2
82.500000 2
82.700000 2
82.800000 2
82.900000 2
83.000000 2
83.100000 2
83.200000 2
83.400000 2
83.500000 2
83.600000 2
83.700000 2
83.800000 2
83.900000 2
84.000000 2
84.100000 2
84.200000 2
84.300000 2
84.400000 2
84.500000 2
84.700000 2
84.800000 2
84.900000 2
85.000000 2
85.100000 2
85.200000 2
85.300000 2
85.400000 2
85.600000 2
85.700000 2
85.800000 2
85.900000 2
86.000000 2
86.200000 2
86.300000 2
86.500000 2
86.600000 2
86.700000 2
86.800000 2
86.900000 2
87.000000 2
87.100000 2
87.200000 2
87.300000 2
87.400000 2
87.500000 2
87.600000 2
87.700000 2
87.800000 2
87.900000 2
88.000000 2
88.100000 2
88.200000 2
88.400000 2
88.500000 2
88.600000 2
88.700000 2
88.900000 2
89.000000 2
89.100000 2
89.200000 2
89.300000 2
89.400000 2
89.500000 2
89.600000 2
89.700000 2
89.800000 2
90.000000 2
90.200000 2
90.300000 2
90.400000 2
90.500000 2
90.700000 2
90.800000 2
90.900000 2
91.100000 2
91.200000 2
91.300000 2
91.500000 2
91.600000 2
91.700000 2
91.800000 2
91.900000 2
92.000000 2
92.100000 2
92.200000 2
92.300000 2
92.400000 2
92.500000 2
92.600000 2
92.700000 2
92.800000 2
92.900000 2
93.000000 2
93.100000 2
93.200000 2
93.300000 2
93.400000 2
93.500000 2
93.600000 2
93.700000 2
93.800000 2
93.900000 2
94.000000 2
94.100000 2
94.200000 2
94.300000 2
94.500000 2
94.600000 2
94.700000 2
94.800000 2
94.900000 2
95.000000 2
95.100000 2
95.200000 2
95.300000 2
95.400000 2
95.600000 2
95.700000 2
95.800000 2
95.900000 2
96.000000 2
96.100000 2
96.200000 2
96.300000 2
96.400000 2
96.500000 2
96.600000 2
96.700000 2
96.800000 2
96.900000 2
97.100000 2
97.200000 2
97.300000 2
97.400000 2
97.500000 2
97.600000 2
97.700000 2
97.800000 2
97.900000 2
98.100000 2
98.200000 2
98.300000 2
98.400000 2
98.500000 2
98.600000 2
98.700000 2
98.800000 2
98.900000 2
99.000000 2
99.100000 2
99.200000 2
99.300000 2
99.400000 2
99.500000 2
99.600000 2
99.700000 2
99.800000 2
99.900000 2
100.000000 2
