1403715897.784058 1
1403715897.834058 1
1403715897.884058 1
1403715897.934058 1
1403715897.984058 1
1403715898.034058 1
1403715898.084058 1
1403715898.134058 1
1403715898.184058 1
1403715898.234058 1
1403715898.284058 1
1403715898.334058 1
1403715898.384058 1
1403715898.434058 1
1403715898.484058 1
1403715898.534058 1
1403715898.584058 1
1403715898.634058 1
1403715898.684058 1
1403715898.734058 1
1403715898.834058 1
1403715898.884058 1
1403715898.984058 1
1403715899.034058 1
1403715899.134058 2
1403715899.184058 2
1403715899.234058 2
1403715899.284058 2
1403715899.334058 2
1403715899.384058 2
1403715899.434058 2
1403715899.484058 2
1403715899.534058 2
1403715899.584058 2
1403715899.634058 2
1403715899.684058 2
1403715899.734058 2
1403715899.784058 2
1403715899.834058 2
1403715899.884058 2
1403715899.934058 2
1403715899.984058 2
1403715900.034058 2
1403715900.084058 2
1403715900.134058 2
1403715900.184058 2
1403715900.234058 2
1403715900.284058 2
1403715900.334058 2
1403715900.384058 2
1403715900.434058 2
1403715900.484058 2
1403715900.534058 2
1403715900.584058 2
1403715900.634058 2
1403715900.684058 2
1403715900.734058 2
1403715900.784058 2
1403715900.834058 2
1403715900.884058 2
1403715900.934058 2
1403715900.984058 2
1403715901.034058 2
1403715901.084058 2
1403715901.134058 2
1403715901.184058 2
1403715901.234058 2
1403715901.284058 2
1403715901.334058 2
1403715901.384058 2
1403715901.434058 2
1403715901.484058 2
1403715901.534058 2
1403715901.584058 2
1403715901.634058 2
1403715901.684058 2
1403715901.734058 2
1403715901.784058 2
1403715901.834058 2
1403715901.884058 2
1403715901.934058 2
1403715901.984058 2
1403715902.034058 2
1403715902.084058 2
1403715902.134058 2
1403715902.184058 2
1403715902.234058 2
1403715902.284058 2
1403715902.334058 2
1403715902.384058 2
1403715902.434058 2
1403715902.484058 2
1403715902.534058 2
1403715902.584058 2
1403715902.634058 2
1403715902.684058 2
1403715902.734058 2
1403715902.784058 2
1403715902.834058 2
1403715902.884058 2
1403715902.934058 2
1403715903.034058 2
1403715903.084058 2
1403715903.184058 2
1403715903.234058 2
1403715903.284058 2
1403715903.334058 2
1403715903.434058 2
1403715903.484058 2
1403715903.534058 2
1403715903.634058 2
1403715903.734058 2
1403715903.784058 2
1403715903.834058 2
1403715903.934058 2
1403715903.984058 2
1403715904.034058 2
1403715904.084058 2
1403715904.134058 2
1403715904.184058 2
1403715904.234058 2
1403715904.284058 2
1403715904.334058 2
1403715904.384058 2
1403715904.434058 2
1403715904.484058 2
1403715904.534058 2
1403715904.584058 2
1403715904.634058 2
1403715904.684058 2
1403715904.734058 2
1403715904.784058 2
1403715904.834058 2
1403715904.884058 2
1403715904.934058 2
1403715904.984058 2
1403715905.034058 2
1403715905.084058 2
1403715905.134058 2
1403715905.184058 2
1403715905.234058 2
1403715905.284058 2
1403715905.334058 2
1403715905.384058 2
1403715905.434058 2
1403715905.484058 2
1403715905.534058 2
1403715905.584058 2
1403715905.634058 2
1403715905.684058 2
1403715905.734058 2
1403715905.784058 2
1403715905.834058 2
1403715905.884058 2
1403715905.934058 2
1403715905.984058 2
1403715906.034058 2
1403715906.084058 2
1403715906.134058 2
1403715906.184058 2
1403715906.234058 2
1403715906.284058 2
1403715906.334058 2
1403715906.384058 2
1403715906.434058 2
1403715906.484058 2
1403715906.534058 2
