0.999599 0.0243647 0.0144079 0.418456 -0.0238826 0.999179 -0.0327368 -0.0485428 -0.0151936 0.0323796 0.99936 0.0582055 0 0 0 1
0.999565 -0.012435 -0.0267544 -0.00548211 0.0135037 0.999103 0.0401422 0.0166634 0.0262312 -0.040486 0.998836 -0.00755462 0 0 0 1
###
7.72846 -6.05266 6.68688 
-2.80031 -6.98383 7.90277 
3.94357 -7.74653 13.0779 
-2.60446 0.883834 1.42318 
-4.23593 -5.79653 2.28152 
3.61543 -2.92021 3.88073 
-0.556124 -2.17001 3.83899 
-4.46471 -6.04918 2.34501 
0.842539 -3.99479 7.36024 
0.783143 -0.912789 1.35324 
-1.4413 0.438246 0.647049 
-3.10395 -4.4558 3.023 
-0.870596 0.225322 0.674132 
-2.15957 -2.65667 3.41853 
-0.554512 0.0134458 0.721274 
1.84029 -7.2746 13.4654 
3.01358 -14.1303 16.2974 
-1.78337 -0.351056 1.39294 
-5.50801 -9.18225 2.42452 
-2.84276 0.734602 0.988001 
-0.206233 0.134102 0.307751 
-2.87141 -4.21187 3.07407 
-0.798825 -2.46969 4.34148 
2.56868 0.0926197 3.08712 
0.106672 -8.25805 4.25793 
-2.88484 0.743665 1.00073 
-2.46868 0.756188 1.12727 
-0.86237 0.225318 0.657462 
-0.55061 0.0128988 0.719914 
-3.20174 -1.63824 0.404849 
1.93333 -2.90781 1.13031 
4.85901 1.78313 0.616216 
-2.08372 -3.29845 0.0362284 
-2.62339 -0.238447 0.575209 
-4.36101 -5.86783 2.25016 
0.0917022 -8.22475 4.25086 
-2.20655 -3.51478 0.0375056 
1.80487 -2.7306 1.05844 
-2.56408 0.940276 1.54437 

-0.272049 -0.907323 1.08567 
-0.177266 -0.339658 0.349447 
0.00442881 -0.345678 0.424841 
0.0270645 -0.0223696 0.0024926 
0.0811457 -0.40477 0.535276 
0.0891784 -0.622767 0.78585 
0.13219 -0.37056 0.480432 
0.311881 -0.322006 0.243401 
-0.0961702 -0.666474 0.859026 
0.195177 -0.183814 0.0830089 
0.0306195 -0.0237201 0.000602465 
0.201712 -0.193497 0.085314 
0.244409 0.185758 0.580579 
-0.0777739 -0.405172 0.50079 
0.211229 -0.152388 0.754653 
-0.175704 -1.07727 1.39152 
0.122123 -0.167374 0.0365537 
0.36336 0.0817037 0.219248 
-0.00294399 -0.192569 0.230812 
0.187737 0.245969 0.211562 
-0.626073 -0.307353 0.925546 
0.0124875 -0.678196 0.836714 
-0.351265 -0.712667 0.781126 
0.153866 -0.0358632 0.00112885 
0.0755098 -0.335741 0.0114809 
-0.176489 0.37581 0.687013 
0.205332 0.219059 0.0362807 
-0.0334284 -0.0152376 0.081419 
-0.388449 -0.107316 0.594699 
0.170534 0.0165541 0.216609 
0.240148 0.183642 0.571755 
0.21423 0.227773 0.0407539 
0.0251392 -0.0356426 0.000475347 
0.24978 0.0406923 0.165267 
0.229244 -0.236606 0.182402 
0.0537532 -0.203679 0.0109812 
-0.534395 -1.07958 1.19035 
0.208012 0.223931 0.0310955 
0.193006 0.220005 0.0627498 
