0.999464 0.029426 0.0143502 0.451733 -0.0290204 0.999195 -0.0276974 -0.0457672 -0.0151537 0.0272661 0.999513 0.0632866 0 0 0 1
0.999565 -0.012435 -0.0267544 -0.00548211 0.0135037 0.999103 0.0401422 0.0166634 0.0262312 -0.040486 0.998836 -0.00755462 0 0 0 1
###
-0.250835 0.218018 0.274925 
-4.1483 -5.67754 2.22918 
-0.474458 -0.344308 0.59559 
12.9393 -12.5096 8.21492 
-2.50999 0.851684 1.37023 
3.79005 -3.06748 4.05283 
-5.75468 -9.53477 2.45496 
-3.20247 -1.63082 0.388239 
7.97128 -6.23859 6.89403 
0.900134 -4.21325 7.76807 
1.41361 -2.90201 1.52078 
-0.838759 0.219162 0.639164 
-2.20494 -4.52061 6.0349 
-3.63702 -5.12361 1.89405 
-3.14022 -1.54135 0.24966 
1.90733 -7.51896 13.9202 
4.28997 1.84315 1.16205 
-0.602879 0.423915 0.569622 
2.36822 -9.02349 16.8068 
-2.53499 0.779517 1.16094 
-0.205684 0.128071 0.290537 
-0.981504 -2.60704 4.25301 
0.111483 -8.36218 4.31583 
-2.3849 0.731323 1.08788 
1.83019 -2.7728 1.07312 
-0.45 -0.225387 0.407728 
-3.06798 -1.56778 0.385642 
0.270739 0.151474 0.751185 
4.14341 1.79714 1.13226 
-0.412824 0.483054 0.355382 
1.92271 -2.88888 1.1211 
-2.64117 -0.240593 0.582134 
-1.83491 -0.353427 1.45121 
-0.0987141 -0.0814156 0.331106 
-2.51087 0.784121 1.17125 
0.386958 0.983886 0.279842 
0.757491 -6.71074 3.07618 

-0.404183 -0.0346952 1.04466 
0.0355265 -0.0322824 0.0231811 
0.140881 -0.776049 1.02043 
0.186845 0.214669 0.0620788 
0.027758 -0.0226697 0.00188087 
0.0795667 -0.0712741 0.0102633 
-0.352081 -1.44385 1.72074 
0.248182 0.0317487 0.322239 
0.195177 -0.183814 0.0830089 
0.203516 -0.190178 0.0851901 
0.216531 -0.251731 0.0421535 
0.244409 0.185758 0.580579 
-0.272049 -0.907323 1.08567 
0.273446 -0.322082 0.263707 
0.180012 0.196682 0.0394327 
0.201947 -0.425377 0.536875 
0.234677 0.302232 0.217535 
-0.0882212 0.285729 0.527626 
0.183005 -0.383539 0.483816 
0.0272427 -0.0212109 0.00213413 
-0.109582 0.334434 0.616835 
-0.177266 -0.339658 0.349447 
0.0326751 -0.0752673 0.00982614 
0.205332 0.219059 0.0362807 
0.207259 0.221926 0.0293419 
-0.0777739 -0.405172 0.50079 
0.170534 0.0165541 0.216609 
0.229696 0.264252 0.0827072 
0.0274296 -0.022711 0.00223118 
-0.154956 0.327949 0.599249 
0.0278547 -0.0242683 0.00281296 
0.24015 0.0286232 0.167074 
0.260628 0.0559576 0.0311271 
0.270326 0.126346 0.337016 
-0.10721 0.322758 0.597263 
-0.381543 -0.00984759 0.541855 
0.106628 -0.240588 0.0193757 
