0.331532 -0.107558 -0.937293 -0.00245765 0.15591 0.986067 -0.058008 0.0115986 0.930472 -0.126902 0.343682 -0.0253251 0 0 0 1
0.999455 -0.0127365 -0.0304518 0.0450283 0.013023 0.999873 0.00922745 -0.00413386 0.0303304 -0.00961899 0.999494 0.00381986 0 0 0 1
###
0.187073 0.0921242 0.439773 
0.218918 0.16838 0.521499 
0.254678 0.285529 0.0739655 
0.164786 0.185563 0.0544644 
0.174595 0.195555 0.0376308 
0.139032 -0.217057 0.0292892 
-0.245333 -1.92929 2.40418 
0.18624 0.239187 0.17264 
0.225403 0.0516536 0.290805 
0.220474 -1.36714 1.771 
0.189975 -1.05053 1.38456 
0.333712 -0.738071 0.868866 
0.0925402 -0.121376 0.140802 
0.151187 0.154814 0.0440326 
0.162915 0.185898 0.0533605 
-0.0138163 -0.463681 0.574036 
0.214019 0.0479738 0.274902 
0.0946947 -0.106776 -0.0526269 
0.184113 -0.172846 0.0596699 
0.227753 -0.217083 0.094907 
0.210021 -0.201635 0.0870916 
0.0896078 -0.625896 0.791937 
0.20319 -0.55439 0.717747 
0.168353 0.180834 0.0256368 
0.398052 0.13057 0.142441 
0.304007 -0.674908 0.785957 
0.235997 -0.355093 0.0702814 
0.0617835 0.0411289 0.0200517 
0.22919 0.182025 0.522963 
0.0243898 -0.0198665 0.00135356 
0.0244177 -0.0199297 0.0013691 
0.187062 0.212149 0.0943375 
-0.20807 -0.548505 0.64279 
0.0882133 -0.0716282 0.00661764 
0.16295 -0.0556719 0.159722 
0.145384 -0.223503 0.0433483 
1.7946 -1.76541 0.598159 
0.480573 -0.571801 0.387243 
-0.0335915 -0.404556 0.491518 
0.254767 0.0386107 0.173095 
0.120719 -0.188662 0.0390621 
0.20842 -0.33372 0.0484803 
0.164335 0.241428 0.295856 
0.188515 0.219282 0.0590763 
0.0877549 -0.194332 0.0169691 
0.0637088 -0.0614421 -0.0167984 
0.195713 -0.138533 0.695253 
0.0921703 -0.0882898 0.058823 
0.0957142 -0.485515 0.64435 
0.0822705 -0.216785 0.273667 
0.148275 0.065539 0.135533 
0.22059 0.0307075 0.283891 
0.0469453 -0.0321864 0.103573 
0.170785 -0.102274 0.16802 
0.149588 0.164994 0.0350244 
0.0844196 -0.22314 0.282157 
-0.00967027 -0.237697 0.285754 
0.0242401 -0.0399228 0.0101465 
0.166081 -0.256442 0.0323035 
0.169659 0.181537 0.0243721 
0.166403 0.173237 0.0143443 
0.0984567 -0.477404 0.638417 
0.024489 -0.020076 0.00121299 

-0.511705 -0.214144 0.792532 
1.796 -2.71366 1.05017 
-2.48034 0.838177 1.33706 
-2.47052 0.898053 1.4765 
-2.80202 -0.911214 0.212567 
-2.26885 -6.88946 4.68119 
-4.42094 -6.4067 4.28246 
4.32358 1.8575 1.17187 
-3.17478 -1.6166 0.382431 
-0.381782 -0.502388 0.90597 
-3.2627 -8.21497 9.30082 
4.41327 -8.62821 14.5951 
-2.20619 -4.52401 6.03788 
4.64837 1.76402 0.868987 
4.62013 1.69659 0.586895 
-0.778012 -3.77766 6.73743 
-0.713773 0.240787 0.610864 
-4.4346 -7.24226 6.69922 
-2.84713 -4.1794 3.04922 
-2.94125 -4.2018 2.8767 
184.773 -157.776 222.455 
-0.121724 -0.734609 1.35815 
-1.12937 -2.26673 3.06761 
1.82974 -2.77145 1.07201 
-2.76915 -0.73879 1.50701 
4.05951 -3.52611 5.1182 
-1.60471 -6.71003 3.98749 
4.52565 1.76769 0.611955 
1.67238 -2.57021 0.990032 
-0.747393 0.233443 0.676838 
-2.5436 0.782015 1.16517 
-2.51147 0.844811 1.34638 
-5.06777 -6.5553 0.73657 
-1.81458 -2.56662 3.08027 
-1.96608 -2.38871 3.07924 
1.11018 -3.82509 0.764584 
-3.12455 -4.58572 3.32902 
5.28613 -5.83354 8.73642 
-0.590454 -4.3257 7.58971 
-2.65314 -0.242891 0.58463 
-2.79208 -8.07335 4.90902 
-2.67681 -6.61026 4.61888 
-0.149073 0.47401 0.211632 
-0.0290323 0.168995 0.734574 
0.754483 -6.68251 3.06284 
-0.783099 -1.48424 2.01197 
-0.118332 -0.0776948 0.344615 
-4.20485 -5.69065 2.20263 
0.99623 -1.05409 1.66704 
-0.101523 -0.260641 0.496885 
0.403425 0.973376 0.29631 
-3.05481 -1.56116 0.382907 
-0.538193 0.0133445 0.698753 
-2.53166 0.858872 1.38318 
-0.698329 0.365396 0.570198 
-0.137344 -1.74523 3.22856 
2.19207 -10.5796 12.6542 
0.564742 -0.792988 -0.0143487 
-1.98112 -7.91905 5.1101 
-0.0235407 0.166158 0.676305 
0.980203 -1.24078 0.403661 
-4.00996 -5.39126 2.08658 
0.389683 0.979552 0.284835 
