0.999815 -0.013202 0.0139594 0.541829 0.0134242 0.999783 -0.0159471 0.015599 -0.0137459 0.0161316 0.999775 0.0750608 0 0 0 1
0.989352 -0.0280931 -0.142805 -0.00509036 0.0405248 0.995565 0.0849048 0.00752622 0.139786 -0.0897879 0.986102 -0.00737609 0 0 0 1
###
185.98 -156.769 222.024 
-0.185296 -4.39121 2.02866 
-5.35243 -8.93185 2.36419 
1.29002 -2.48607 0.425678 
9.5129 -10.4289 15.6252 
-2.37449 0.805888 1.29853 
1.37991 -5.88258 10.8415 
-0.192787 -0.0719034 0.394765 
2.32359 -11.1369 13.3232 
4.02572 1.72858 1.09087 
-2.55235 0.655851 0.887694 
-3.0011 -1.52875 0.360032 
-1.75078 -2.10044 2.70703 
-0.633314 -0.963484 1.58603 
-0.702395 -1.79365 3.10258 
-1.54814 -6.48701 3.85653 
-2.98514 -1.46792 0.229036 
-0.0960738 -0.0753282 0.307508 
3.89453 -7.69574 13.0187 
1.67397 -2.56022 0.984981 
-2.54409 0.65757 0.883409 
-2.30517 0.779035 1.24266 
-0.618638 -0.928733 1.53875 
-3.70457 -4.97843 1.9193 
-1.91499 -2.82278 2.47803 
1.32569 -2.54914 0.433459 
0.295644 -14.4712 7.72448 
-2.65425 0.589049 0.622703 
3.32039 -0.0552779 0.791327 
-0.493451 -0.0202712 0.656863 
-0.617469 -0.920457 1.52688 
-0.782718 0.196413 0.617394 
1.75972 -2.66112 1.02622 
-2.22657 -0.444524 1.68123 
-3.82701 -5.14487 1.95395 
4.19751 1.54205 0.532249 
-0.0271687 -0.00990388 0.814771 
-1.86314 -7.39457 4.76355 
9.37144 -6.94435 1.50185 
-0.67373 -8.21287 4.24771 
-1.81363 -7.2271 4.66696 
3.19175 -13.6966 15.9398 
2.56234 -9.46496 18.0968 

0.211864 -0.201879 0.0881038 
0.189163 -0.28654 0.0440237 
-0.454479 -1.85927 2.21518 
0.0231354 -0.020121 0.0019668 
0.358673 -0.429877 0.292652 
0.0227212 -0.0187399 0.00152462 
0.302331 -0.641187 0.815178 
0.221102 0.176036 0.504647 
-0.00112244 -0.174 0.20861 
0.175469 0.233211 0.225221 
0.0369676 0.0020011 -0.0189258 
-0.0795239 0.255842 0.471392 
-0.0487153 -0.290398 0.358642 
0.0509574 -0.167039 0.215197 
0.242223 -1.49721 1.94248 
0.147958 -0.232434 0.0432173 
-0.0866613 0.260448 0.483043 
0.220795 0.10406 0.275182 
-0.253347 -1.99774 2.49057 
0.0225747 -0.0200623 0.00178963 
0.152213 0.201936 0.173655 
0.0250154 -0.0192338 0.000338886 
0.106541 -0.744142 0.946582 
0.405551 -0.416761 0.316052 
0.147325 -0.136614 -0.0178463 
0.0225797 -0.0196799 0.00217275 
0.120542 -0.277158 0.0197025 
-0.143182 0.304893 0.558141 
-0.134033 0.28522 0.518787 
-0.106033 0.227543 0.415712 
0.0840867 -0.498696 0.627725 
0.221201 0.169597 0.526336 
0.157899 0.169848 0.0241998 
0.243432 0.034789 0.00440528 
0.314344 -0.323471 0.242588 
0.162341 0.174124 0.0287709 
0.172486 0.221407 0.160049 
0.115049 -0.212616 0.0276548 
0.210721 0.151984 0.435735 
0.342594 -1.1656 0.147584 
0.136796 -0.246127 0.0252437 
0.375413 -0.535359 0.103359 
0.320291 -0.679068 0.863746 
