0.999596 0.0244647 0.0144333 0.49604 -0.024192 0.999531 -0.0187738 -0.0293002 -0.0148858 0.0184171 0.99972 0.0689431 0 0 0 1
0.989457 -0.0286656 -0.141959 -0.00616117 0.0409809 0.995572 0.084604 0.00870363 0.138905 -0.0895296 0.98625 -0.00842774 0 0 0 1
###
-2.53166 0.858872 1.38318 
3.67249 -2.97397 3.92919 
-0.482529 -0.393736 0.685427 
-4.20485 -5.69065 2.20263 
1.94265 -7.65039 14.159 
-0.843612 0.218475 0.652303 
1.13009 -3.90818 0.805606 
-0.475128 -1.81706 3.29769 
-3.03648 -1.47048 0.228972 
-0.527791 -0.0197365 0.697485 
-4.00996 -5.39126 2.08658 
1.67238 -2.57021 0.990032 
-2.84713 -4.1794 3.04922 
-2.75143 -4.35422 4.00688 
-0.778012 -3.77766 6.73743 
-0.52784 -0.022128 0.703068 
-2.34551 -0.418796 0.511232 
0.125722 -7.10358 3.64804 
2.92076 -13.7113 15.8235 
-0.839656 0.219049 0.640321 
-0.514066 -0.270229 0.434474 
-2.41289 0.739788 1.10178 
-0.665532 0.0991687 0.804312 
-0.214001 0.333533 0.232429 
-0.504116 0.623542 0.245364 
-3.13095 -5.22565 4.81993 
-1.96608 -2.38871 3.07924 
-0.514658 -0.270244 0.436712 
-2.95163 -0.969743 0.230689 
-0.573243 0.638272 0.211893 
-0.662951 0.099453 0.79816 
1.90386 -2.86194 1.10989 
1.04668 1.10512 0.209159 
-9.02206 -15.5372 0.182269 
-0.417461 0.622675 0.270386 
-3.32407 -5.22062 4.38874 
-1.08985 -7.4878 4.48475 
-2.51303 0.784594 1.17235 
-2.47989 0.909201 1.49276 

-0.64578 -0.95204 0.815075 
0.0710134 -0.0574671 0.00758363 
0.0954079 -0.12544 0.144303 
0.0981077 -0.466639 0.62269 
0.208541 -0.439758 0.555933 
0.202117 0.0994712 0.475373 
0.397432 -0.389954 0.138354 
-0.133466 -0.265347 0.283541 
0.204886 0.308815 0.373412 
0.0258102 -0.023002 0.00214516 
0.404344 -0.415928 0.315666 
0.195644 0.207982 0.0374548 
0.166462 -0.161376 0.022013 
-0.387161 -1.27372 1.52209 
-0.189053 -0.359376 0.370753 
-0.0314282 -0.0143372 0.0765157 
0.329495 0.0278127 0.244775 
0.0760931 -0.341503 0.0109698 
0.14569 -0.223312 0.0434217 
0.207398 0.15992 0.46377 
0.0276606 -0.0247191 0.0178335 
0.184156 0.196131 0.0324392 
0.175527 0.0732007 0.217283 
0.207725 0.239294 0.0748646 
0.209966 -0.256976 0.0440868 
0.111426 -0.104405 0.0601996 
0.170222 -0.0583479 0.166623 
0.0556303 -0.0605076 0.0499258 
0.249036 0.110705 0.32511 
0.122648 -0.191884 0.0400866 
0.240525 0.11251 0.299776 
0.188198 0.201384 0.026753 
-0.152129 0.323871 0.588412 
-0.432028 -0.771043 0.808062 
0.176273 0.203412 0.0585058 
0.253073 -0.243693 0.162992 
0.0259726 -0.0628681 0.00861193 
0.0651006 0.0418232 0.0210756 
0.177688 0.202601 0.0579198 
