0.999845 0.00776589 0.0157877 0.525513 -0.00752245 0.999853 -0.0154209 -0.00894296 -0.0159051 0.0152997 0.999756 0.0722975 0 0 0 1
0.989411 -0.0282652 -0.14236 -0.0055974 0.0406259 0.995579 0.0846827 0.0080418 0.139337 -0.0895695 0.986186 -0.00787123 0 0 0 1
###
-0.705058 -7.42179 13.596 
-3.96655 -10.0836 11.424 
7.2297 -8.09479 8.65752 
-2.93543 -0.431833 0.677584 
-0.925019 0.694352 0.262457 
-0.376328 -0.528757 0.954288 
-0.0177016 -0.463602 0.661381 
-0.511988 -0.0228996 0.680269 
-5.4472 -9.08851 2.40347 
-1.77284 -2.11651 2.72679 
-0.467652 -1.8009 3.31361 
-3.21582 -1.28388 0.356936 
-0.5216 -0.55908 0.966627 
-3.09364 -1.57561 0.371981 
1.23094 -5.35216 9.84683 
-2.46211 0.83456 1.34629 
-0.194385 -0.0762391 0.419995 
-2.60121 -3.43146 4.4286 
-0.524114 -0.577803 1.005 
-3.08061 -1.51418 0.239893 
-2.63968 0.681634 0.916284 
-1.85328 -2.65396 3.20413 
-0.0996763 -0.0778932 0.318346 
2.27363 -8.6577 16.1382 
3.9618 -3.44561 4.9875 
1.35708 -2.61139 0.445219 
1.80611 -2.73251 1.05574 
-0.512365 -0.0211266 0.682261 
-0.648009 0.096947 0.782536 
-1.05447 -7.23964 4.33654 
1.76641 -6.98225 12.9587 
-0.813391 0.203617 0.642132 
-2.35261 0.721771 1.07472 
0.931807 1.01341 0.191911 
-2.79772 -3.99399 2.73153 
1.85308 -2.78566 1.07839 
0.745368 -6.58831 3.02057 
-3.04362 -5.07446 4.90856 
-0.642156 0.0968631 0.770805 
15.0154 -14.3667 9.30459 
-2.71929 0.17265 0.624402 
-2.40284 0.880489 1.44665 

0.0841116 -0.232646 0.300891 
-0.23082 -0.440463 0.475204 
-0.85488 -1.20074 0.757377 
0.294384 0.0244972 0.218979 
0.379064 -0.82703 1.04575 
-0.202603 -1.23561 1.59689 
0.157442 -0.177088 0.128244 
-0.0288795 -0.013132 0.0704207 
-0.412179 -1.68751 2.01121 
0.0882133 -0.0716282 0.00661764 
0.0234343 -0.0287951 0.000104664 
0.207227 0.371829 0.742862 
-0.367266 -0.718298 0.773674 
0.21278 0.0270285 0.276839 
0.306002 -0.649549 0.825481 
0.0264505 -0.0203901 0.000437562 
0.12833 0.282055 0.39903 
-0.0515361 -0.306134 0.376904 
-0.224228 -0.459871 0.502556 
-0.0921023 0.276938 0.513159 
0.163685 0.196942 0.109256 
-0.0862528 -0.175227 0.179285 
0.255391 0.0417503 0.359792 
0.3065 -0.649579 0.825984 
-0.493793 0.250271 0.683493 
0.0241537 -0.0210891 0.00220417 
0.22919 0.182025 0.522963 
-0.339169 -0.0938455 0.519643 
0.236585 0.111739 0.294591 
0.0877549 -0.194332 0.0169691 
0.19177 -0.179213 0.0783121 
0.182631 0.137365 0.433185 
0.17211 0.18394 0.0309305 
-0.151803 0.323212 0.591397 
0.263247 -0.33442 0.231579 
0.169659 0.181537 0.0243721 
0.0326118 -0.135142 0.00818592 
0.231981 -0.258878 0.230446 
0.212478 0.0997224 0.263573 
0.34126 -0.363068 0.121776 
0.148275 0.065539 0.135533 
0.162915 0.185898 0.0533605 
