0.291771 -0.148355 -0.944913 -0.00279791 0.168811 0.980378 -0.101797 0.0104114 0.941474 -0.12981 0.31109 -0.0256879 0 0 0 1
0.999454 -0.0128027 -0.0304675 0.0437643 0.0130909 0.999871 0.00928055 -0.00402289 0.0303447 -0.00967432 0.999493 0.0037316 0 0 0 1
###
0.064591 -0.0390302 0.00559037 
0.204944 0.0264889 0.267472 
0.184042 0.0912165 0.433097 
0.395099 -0.875538 1.03037 
0.192354 -0.272044 0.206919 
0.226992 0.253942 0.0662562 
0.162459 0.18201 0.0352099 
0.153645 0.173113 0.0509416 
0.211864 -0.201879 0.0881038 
0.162341 0.174124 0.0287709 
0.164324 0.207716 0.152418 
0.395099 -0.875538 1.03037 
0.27016 -0.270278 0.0628646 
0.242223 -1.49721 1.94248 
0.216541 -0.207833 0.0892425 
0.157692 -0.145641 0.0498073 
0.205495 -0.190863 0.075189 
0.110334 -0.126921 -0.0679061 
0.276961 0.0851581 0.117324 
0.29921 -0.373859 0.259443 
0.067466 -0.0413012 0.00539262 
0.0843556 -0.523133 0.6605 
0.100683 -0.0819041 0.00592116 
0.0349782 -0.0419921 0.0406682 
0.151299 -0.141824 0.0588527 
0.0711261 -0.0435136 0.00684721 
0.160447 0.195349 0.0799935 
0.200623 0.0255261 0.261085 
0.0252243 -0.0204221 -0.000620294 
0.213618 0.134161 0.50752 
0.213729 0.141934 0.442139 
0.298431 0.0864649 0.147896 
0.139194 -0.205409 0.282659 
0.106541 -0.744142 0.946582 
0.143049 -0.220146 0.042214 
0.314344 -0.323471 0.242588 
-0.113217 -0.563384 0.701901 
0.158698 0.183539 0.0578333 
0.16647 0.194002 0.0549748 
0.040487 0.00309117 -0.0173218 
0.111489 -0.126502 -0.068296 
0.075867 -0.0851679 -0.0425287 
0.182999 -0.0762711 0.180793 
0.147363 0.185622 0.102744 
0.164237 0.192337 0.0653077 
0.0661528 -0.132167 0.0255458 
0.188328 -0.175882 0.0764502 
0.144891 0.0649451 0.132169 
0.115364 -0.106313 -0.0117254 
0.159045 0.204546 0.131292 
0.152055 0.187196 0.113319 
0.201659 -0.198087 0.055725 
0.188918 0.16847 -0.00401987 
0.145305 0.161576 0.0340355 
-0.00112244 -0.174 0.20861 
0.0253828 -0.0217468 -0.00147159 

-2.60121 -3.43146 4.4286 
-3.09364 -1.57561 0.371981 
-0.497046 -0.208011 0.769832 
3.29473 -6.59917 11.2359 
-5.10679 -8.43728 2.17434 
-0.194295 0.254762 0.264634 
0.513226 0.987494 0.800653 
-2.35261 0.721771 1.07472 
-2.96836 -4.26203 2.89203 
4.31679 1.58695 0.545116 
4.1617 1.78831 1.12797 
4.48088 -8.74755 14.7927 
-6.58468 -10.6859 8.59107 
-0.759001 -3.68983 6.57947 
-2.68563 -4.25102 3.91154 
-2.77495 -4.07392 2.97208 
-2.15412 -3.09627 2.14002 
-2.15004 -4.40959 5.88581 
-2.69199 -0.71803 1.4652 
7.58367 -8.42793 12.4575 
-1.79595 -2.13087 2.89059 
-0.376328 -0.528757 0.954288 
-1.1682 -1.59786 1.94648 
3.9618 -3.44561 4.9875 
7.81106 -6.11542 6.74673 
-1.77284 -2.11651 2.72679 
4.02105 1.74414 1.09905 
-0.0142272 0.28187 0.674334 
-2.46389 0.757628 1.1285 
0.191204 0.142414 0.751603 
-0.508139 0.354955 0.475064 
0.17704 0.213303 0.749174 
0.964261 -1.02049 1.61385 
15.0154 -14.3667 9.30459 
-2.85633 -7.86426 5.11144 
-4.10505 -5.55615 2.15056 
-0.296657 -1.36596 2.48559 
0.31131 0.908317 0.173894 
-2.80785 0.627866 0.662352 
-0.731746 0.234909 0.601446 
-0.590352 -0.933187 0.894932 
-0.761489 -1.44361 1.95687 
-0.0228654 0.161345 0.656737 
-2.43519 0.760436 1.13583 
4.33622 1.69476 0.586854 
-0.0987255 -6.90957 3.30539 
1.23094 -5.35216 9.84683 
0.392183 0.946156 0.288047 
-4.3465 -6.30012 4.21102 
-0.0385877 0.193531 0.780268 
0.268049 0.149941 0.651724 
4.23668 -3.28719 4.39014 
-2.40332 0.812109 1.29548 
-0.677965 0.354772 0.553469 
2.19646 -10.5831 12.6541 
-0.102333 0.383309 0.262819 
