0.249206 -0.213513 -0.944621 -0.00362077 0.189461 0.967295 -0.168656 0.0079785 0.949737 -0.136939 0.281508 -0.0253605 0 0 0 1
0.999458 -0.0126723 -0.0303759 0.0419466 0.0129587 0.999873 0.00925088 -0.00385029 0.0302549 -0.0096395 0.999496 0.00359143 0 0 0 1
###
0.351232 -0.366637 0.265992 
0.173654 0.022168 0.226416 
0.139678 0.150779 0.0239042 
0.0929875 -0.0563646 0.00521272 
0.211429 -0.200161 0.0659654 
0.181315 0.202488 0.0529239 
0.133987 0.151801 0.044014 
0.152424 -0.141517 0.00818425 
0.15242 -0.141387 -0.0200122 
0.136648 -0.168674 -0.108116 
0.119521 -0.111251 -0.0218997 
0.21572 -1.18988 1.57099 
0.0649226 -0.0657083 0.0428631 
0.135458 0.168062 0.0876125 
0.0668336 -0.063463 -0.016684 
0.129169 -0.116748 -0.00596504 
0.173917 -0.142321 0.00313663 
0.175188 -0.259491 0.0518108 
0.140458 0.164185 0.0555054 
0.429717 -0.916336 1.16803 
0.102052 -0.0929963 0.0376931 
0.153405 -0.187986 -0.120477 
0.0849014 -0.0507913 0.00284402 
0.127837 0.143021 0.0410415 
0.120526 -0.126336 -0.0402477 
0.270773 -1.63344 2.12742 
0.135773 0.146728 0.0204648 
0.0341633 -0.129104 -0.0530691 
0.0313743 -0.0959848 -0.0398165 
0.0377057 -0.0655198 -0.053672 
0.339961 -0.432467 0.299269 
0.285647 -0.320051 0.23065 
0.269448 -0.25619 0.0385513 
0.0573737 0.0233771 -0.0464711 
0.0398823 0.0066538 -0.0213301 
0.199609 0.359127 0.702935 
0.165968 -0.15521 0.0640906 
0.063045 -0.0720612 -0.0392395 
0.0289268 -0.0832386 0.0065584 
0.0351771 -0.0920106 0.00768159 
0.173654 0.022168 0.226416 
0.0866216 -0.540404 0.68353 
0.132605 0.16251 0.0645002 
0.0937381 -0.0839787 -0.0101675 
0.141454 -0.22104 0.0324073 
0.138025 0.161107 0.0549476 
0.334628 -0.345068 0.257292 
0.14141 -0.160742 -0.0895693 
0.0609027 -0.0631639 -0.0308314 
0.101284 -0.0234892 -4.4382e-05 
0.0398028 -0.098547 0.0127775 
0.162602 -0.152369 -0.0272279 
0.0383069 -0.0645835 -0.0546476 
0.0618556 -0.0702879 -0.0381716 
0.0260227 -0.0256523 0.00691931 
0.0543241 -0.108005 0.0200374 
0.04067 -0.0144729 0.00378896 
0.430876 -0.444248 0.334397 
0.215335 0.0402924 0.138679 
-0.0946267 -0.306362 0.354673 
0.0282624 -0.0875131 -0.0387888 
0.0226577 -0.0505822 0.054441 
0.0231228 -0.0402957 -0.00647858 
0.200311 -0.191809 0.0659954 
0.0359189 -0.0762924 -0.060717 
0.21021 -0.332551 0.0617031 
0.0434089 -0.00633536 0.0266449 
0.133608 0.119008 0.112476 
-0.0710087 -0.711278 0.869878 
0.0704873 -0.0323694 0.00324976 
0.0403158 -0.0606132 -0.0371697 
0.18972 0.331795 0.643153 

-3.87471 -5.24789 2.01269 
-3.00836 -1.53275 0.360407 
4.07154 1.49716 0.513488 
-2.0371 -2.56506 3.34124 
-2.87705 -4.23386 3.08817 
-0.186606 0.24466 0.254175 
-0.193639 0.118298 0.267242 
-2.95054 -4.87509 4.80127 
-2.72063 -3.88556 2.65686 
-0.0947611 -0.243509 0.464269 
-1.74445 -2.96672 3.44674 
0.945757 -1.01514 1.54631 
11.0288 -12.0559 18.0435 
3.74229 1.62141 1.02276 
-3.15248 -4.94974 4.16605 
-0.732557 -1.38781 1.88218 
4.51435 -3.56094 4.69948 
2.72035 -12.8032 14.7877 
4.2106 1.5991 0.78516 
4.03866 -3.51034 5.06577 
185.285 -157.12 222.1 
-0.129144 -1.64115 3.03649 
-1.73698 -2.06343 2.79506 
3.98563 1.55889 0.536795 
1.86322 -1.3352 1.26971 
-0.515002 -2.57097 4.72351 
-2.27338 0.833448 1.36719 
-0.288099 0.643296 0.100804 
-2.31659 0.785665 1.26319 
-2.31765 0.713219 1.05987 
6.73837 -7.44144 11.0993 
0.707346 -0.739601 1.14355 
-2.08847 -3.00174 2.07535 
0.349443 0.794859 0.55648 
-0.710633 0.226341 0.582246 
3.24002 -3.34143 1.2514 
-2.84889 -4.09087 2.77313 
-0.688589 -3.29783 5.89113 
-0.970249 -6.61836 3.96264 
0.0814262 -7.54315 3.90498 
-2.89415 -1.47957 0.365752 
3.48586 -2.82405 3.72765 
-0.705193 0.225198 0.580009 
-0.566197 -0.894877 0.858322 
-2.43755 -7.51343 5.09184 
-0.645463 0.0906842 0.702868 
-3.70639 -4.98481 1.91876 
-4.19409 -6.84823 6.33652 
-0.113722 -0.686502 1.26951 
-0.134855 0.319591 0.219631 
-0.0879529 -6.89929 3.31017 
-4.15546 -10.611 12.0309 
-0.0219777 0.15508 0.631159 
-2.85468 -4.18875 3.06973 
0.602334 -6.12019 2.84253 
0.728919 -7.0817 3.31449 
-0.50014 0.0119478 0.653922 
-3.88181 -5.22855 1.98507 
2.01555 0.236061 3.28153 
-0.0023648 0.39974 0.420346 
1.58291 -1.19707 0.636601 
-1.0583 -2.12277 2.87426 
-0.61363 -1.03231 0.00706298 
-2.89645 -4.25859 3.07498 
0.333782 -0.423493 -0.0165521 
-2.58801 -7.47314 4.55664 
0.546597 0.966415 0.403736 
-0.0134875 0.275719 0.655761 
2.72636 -13.3555 16.113 
-0.0488917 0.570552 0.292537 
2.16623 -8.25462 15.393 
-2.32185 0.717583 1.06847 
