0.268628 -0.185521 -0.94521 -0.00317126 0.185671 0.972848 -0.138178 0.00848569 0.94518 -0.138379 0.29578 -0.0254249 0 0 0 1
0.999449 -0.0128224 -0.0306275 0.0422296 0.0131182 0.999869 0.0094788 -0.00393746 0.030502 -0.00987535 0.999486 0.00370728 0 0 0 1
###
0.43805 -0.970961 1.1435 
0.107514 -0.0663738 0.00633108 
0.203448 -1.12008 1.48037 
0.044734 0.0118526 -0.0342537 
0.148139 -0.139139 0.046997 
0.17809 0.0884051 0.419362 
0.0525362 -0.279686 -0.127303 
0.156771 0.198389 0.145524 
0.102561 -0.714466 0.909518 
0.149045 -0.138227 0.00923622 
0.205857 -0.319324 0.0807686 
0.222231 -0.212993 0.0912977 
0.155393 0.167146 0.0273175 
0.196384 0.151562 0.466746 
0.0429958 0.0102415 -0.0316593 
0.160045 0.170767 0.0464586 
0.146598 0.167771 0.0484388 
0.0526975 -0.0795572 0.0157649 
0.0267353 -0.0300009 -0.0077336 
0.349318 -0.34548 0.124974 
0.226835 -0.215947 0.0937637 
0.496381 -0.5439 0.394545 
0.262041 -0.272867 0.195224 
0.21009 0.0612938 0.0846871 
-0.262248 -2.08677 2.60646 
0.150368 -0.234005 0.0305076 
0.170992 -0.159084 0.063784 
0.150276 0.161896 0.0230032 
0.128462 -0.115794 -0.00301469 
0.329652 -0.339583 0.254455 
0.362957 -0.43453 0.296107 
0.141359 -0.130035 0.00961313 
0.0619174 0.0451009 0.0200273 
0.0536718 -0.0816099 0.0928191 
0.083762 -0.518554 0.65565 
0.116171 -0.071164 0.00296956 
0.143994 0.193584 0.134027 
-0.194539 -0.513024 0.601452 
0.294336 -0.373822 0.259124 
0.0606218 -0.0799238 0.0774988 
0.154318 -0.238552 0.0297055 
0.0384743 0.00261183 -0.0161299 
0.129015 -0.247012 0.036143 
0.164698 -0.151754 0.0515052 
0.116676 -0.267741 0.019275 
0.0257646 -0.022605 -0.00615809 
0.128137 -0.236129 0.0307318 
0.154549 0.18023 0.0616681 
0.18578 -0.130558 0.659602 
0.150985 0.171952 0.0552686 
0.355825 -0.506175 0.0974343 
0.175638 -0.188223 -0.0909715 
0.164291 0.0739648 0.151972 
0.183909 -0.0306912 0.229253 
0.0652544 -0.127052 0.0128893 
0.18788 0.0838026 0.175848 
0.179355 0.160284 -0.00408787 
0.035382 -0.0528298 -0.0385465 
0.192907 0.131519 0.318809 
0.20213 0.166126 0.345566 
0.139269 0.155273 0.0325891 
0.198656 0.0168167 0.255949 
0.0270399 -0.0376705 0.039685 
0.319969 -0.322663 0.112879 
0.192278 0.0235335 0.246215 
0.0920514 0.138269 0.0468602 
0.183266 -0.0302563 0.228754 

3.89453 -7.69574 13.0187 
-2.09199 -2.66583 3.4724 
-0.45185 -1.74407 3.20848 
-2.54409 0.65757 0.883409 
-2.6914 -3.95144 2.88343 
-0.480035 -0.201372 0.744269 
-2.29899 0.835794 1.37405 
4.02572 1.72858 1.09087 
-0.733523 -3.56931 6.36535 
-2.94805 -4.87423 4.79758 
-1.82807 -7.09244 4.55604 
185.98 -156.769 222.024 
-0.159874 0.415603 0.183757 
1.69951 -2.56715 0.99281 
0.134053 0.439369 0.681958 
4.28034 1.62434 0.7946 
4.19751 1.54205 0.532249 
1.36439 -2.82722 1.49655 
-2.37449 0.805888 1.29853 
-2.08206 -2.99269 2.06853 
7.70026 -6.02852 6.64694 
0.933572 -0.987974 1.56148 
-3.92417 -5.3097 2.05049 
-2.60627 -0.694978 1.41932 
-0.366819 -0.557053 0.997034 
-0.362344 0.367472 0.38916 
-4.25714 -6.17159 4.12526 
-2.31204 0.847813 1.39215 
-0.734453 -1.39251 1.88753 
-3.70457 -4.97843 1.9193 
4.46022 -8.69835 14.705 
1.85087 -1.32687 1.26061 
-0.160039 0.421655 0.18572 
3.94885 -3.43442 4.95995 
0.706567 -0.738944 1.14215 
-1.7411 -2.06793 2.80245 
-0.167834 0.00632536 0.292136 
1.37991 -5.88258 10.8415 
7.02849 -7.82577 11.6598 
-1.05364 -2.11449 2.86143 
-2.52823 -8.25299 4.65801 
-0.42213 -0.155758 0.733265 
1.09194 -3.76493 0.765819 
-2.44374 -3.67958 3.17747 
0.727252 -6.42274 2.94404 
0.333687 -0.423672 -0.0170016 
-1.8105 -7.25488 4.52104 
-0.646448 0.0907782 0.703956 
0.899718 0.975194 0.178856 
3.82451 1.65882 1.04508 
2.71729 -12.7658 14.7307 
-2.08854 -4.28505 5.71942 
-2.33786 0.786743 1.25353 
2.21859 -0.108625 2.48341 
-1.02866 -7.06735 4.23329 
-3.12748 -1.59784 0.391454 
-2.30517 0.779035 1.24266 
-2.85514 -1.44062 0.333333 
0.656691 -1.00363 0.3839 
-0.421132 -0.218462 0.735674 
-0.225472 0.22688 0.248986 
0.520149 0.92485 0.226561 
0.946236 -1.01582 1.54649 
1.68489 -2.6079 0.999553 
-0.0136955 0.271449 0.649462 
-0.447182 -0.207635 0.749504 
0.578832 1.20901 0.429323 
