0.258518 -0.211569 -0.942554 -0.00344471 0.194921 0.967077 -0.163611 0.00792284 0.946136 -0.141427 0.291246 -0.0255745 0 0 0 1
0.999458 -0.0126548 -0.030384 0.0423624 0.0129412 0.999874 0.00924815 -0.00389298 0.0302632 -0.00963634 0.999496 0.0036257 0 0 0 1
###
0.179295 0.0229262 0.233703 
0.159944 -0.150095 0.0501938 
0.193505 0.216137 0.0566402 
0.139337 0.157469 0.0460457 
0.217671 -0.208599 0.0889795 
0.034479 -0.125445 -0.0499828 
0.111893 -0.0687382 0.00574729 
0.103284 -0.719759 0.916239 
0.244881 0.0755494 0.10318 
0.136514 -0.111328 0.00442709 
-0.274413 -2.20214 2.74684 
0.26094 -1.60417 2.08457 
0.41214 -0.407313 0.14664 
0.13155 -0.122584 -0.0233294 
0.0919705 -0.0846537 -0.0134695 
0.195788 -0.217307 0.0611649 
0.226123 0.0441077 0.143609 
0.136412 -0.132743 -0.0434119 
0.143443 0.17786 0.0929995 
0.154516 -0.300839 0.0483645 
0.2825 -0.371096 0.267777 
0.151998 0.0899341 0.355336 
0.200522 0.160248 0.457544 
0.122755 -0.142474 -0.0806907 
0.174266 -0.162947 0.05592 
0.0846395 -0.0506534 0.00359728 
0.146512 0.154117 0.027826 
0.0277379 -0.0272082 -0.0112748 
0.0281653 -0.0280049 -0.0124638 
0.192003 -0.252315 0.048444 
0.144084 0.175901 0.0717464 
0.0380897 0.0036016 -0.0171024 
0.0471406 -0.189318 0.00885474 
0.204252 -0.403447 0.053525 
0.0356079 -0.0915669 0.00831926 
0.124995 -0.292348 0.0205775 
0.301629 -0.290331 0.0406575 
0.331689 -0.341579 0.255467 
0.21704 0.108718 0.297085 
0.0313477 -0.0907814 -0.0360668 
0.046573 -0.107205 0.014636 
0.175545 -0.100565 0.17446 
0.259442 -0.24146 0.0798793 
0.0468833 -0.067261 0.0732129 
0.439978 -0.93566 1.19419 
0.18673 0.146847 0.419289 
0.188732 0.0883814 0.23498 
0.180974 0.0846069 0.225089 
-0.0369164 -0.421672 0.51324 
0.166058 -0.075913 0.164309 
0.207258 -0.223111 -0.112178 
0.223394 -0.610961 -0.277126 
0.0412899 -0.0711654 0.0147768 
0.144423 0.0263285 0.0174588 
0.0243008 -0.0346552 -0.00621382 
-0.00341418 -0.192835 0.231873 
0.143137 0.153769 0.0204564 
0.0717162 -0.026445 0.00415127 
0.0278303 -0.0289838 -0.0120557 
0.0276725 -0.155313 -0.0649666 
0.146637 0.179936 0.0925925 
0.143137 0.153769 0.0204564 
-0.0533872 -0.6974 0.846344 
0.175898 -0.123824 0.625208 
0.0236999 -0.0322424 -0.00378401 

-3.02748 -1.54264 0.361859 
3.50993 -2.84289 3.75392 
-0.188461 0.247094 0.256689 
-2.84111 -0.936796 0.213901 
-2.73789 -3.91043 2.6733 
4.27487 1.62315 0.79927 
-2.10556 -2.66515 3.4683 
0.95378 -1.02363 1.55941 
-2.54106 -0.673678 1.38108 
-0.289237 -1.33287 2.42628 
-0.571198 -4.19144 7.36657 
-0.545465 -1.03786 1.83255 
-2.62222 -4.14952 3.82011 
-0.80946 -1.55665 2.0923 
-0.694629 -3.32697 5.94384 
-0.535193 0.379794 0.522064 
-2.50391 -0.227316 0.552423 
-2.96808 -4.90464 4.8298 
3.8596 1.67485 1.05321 
-0.473588 0.58168 0.227896 
6.45512 -7.12985 10.6484 
0.182568 0.136611 0.721459 
1.71395 -2.58813 1.00229 
10.8482 -11.863 17.7568 
-2.95043 -4.3371 3.13806 
-1.75285 -2.08279 2.82062 
0.248764 0.418286 0.540209 
-2.35986 0.726063 1.08019 
-2.35115 0.726215 1.08251 
1.09938 -3.77016 0.729722 
3.99865 1.71859 1.08399 
-0.71776 0.228577 0.588121 
0.0922895 -7.50274 3.8796 
-1.65913 -6.70291 4.11672 
0.0871805 -7.74179 4.00582 
0.747314 -6.59381 3.02822 
185.322 -157.103 222.157 
-3.7185 -5.0009 1.92421 
-0.692245 0.22561 0.515912 
-2.34645 0.795477 1.27985 
-0.0891169 -6.8828 3.29834 
0.921333 -1.16638 0.379625 
-2.4581 -3.6991 3.19521 
4.2707 -3.70726 5.34106 
1.71106 -6.76516 12.554 
-0.789435 0.205674 0.601633 
-0.0965843 -0.0762071 0.311067 
-0.623844 0.0944243 0.750328 
2.36905 -11.3827 13.6313 
-2.30202 0.84376 1.3846 
-0.114769 -0.693174 1.2818 
-0.366638 0.594711 0.170403 
0.676834 -6.69305 3.12376 
-5.08692 -1.1535 4.65478 
-4.21261 -6.10449 4.08138 
2.80971 -13.2017 15.2478 
2.74421 -0.0429113 0.653658 
1.64949 -0.637196 0.876303 
-0.163446 0.420419 0.186111 
-2.10222 -3.02159 2.08891 
1.79142 -2.70648 1.04191 
-0.0221847 0.156565 0.637217 
2.86783 -13.465 15.5291 
-0.16102 0.424058 0.186747 
-2.87062 -4.21214 3.08677 
