0.998245 0.0523602 -0.0276466 0.610469 -0.051682 0.998358 0.0247038 0.0442325 0.0288947 -0.0232316 0.999312 0.0909506 0 0 0 1
0.999404 -0.0173628 -0.0298265 -0.00215018 0.0186679 0.998855 0.0440506 0.00987697 0.0290275 -0.0445812 0.998584 -0.00498752 0 0 0 1
###
-1.65394 -6.67665 4.10594 
1.72255 -7.16856 13.2244 
11.0288 -12.0559 18.0435 
-0.19886 -0.86985 0.129854 
-0.492332 -0.0225407 0.65086 
1.30336 -2.50915 0.430334 
4.91362 -4.20917 1.22242 
-2.0371 -2.56506 3.34124 
-0.515002 -2.57097 4.72351 
-0.493218 -0.0191053 0.656138 
6.73837 -7.44144 11.0993 
0.139368 -1.53857 0.309817 
-0.092693 -0.0769649 0.317882 
-0.604903 -2.04169 3.5865 
-3.00836 -1.53275 0.360407 
-2.43755 -7.51343 5.09184 
-0.479836 -0.208819 0.756825 
-2.52988 0.653569 0.878522 
-2.84889 -4.09087 2.77313 
1.78249 -2.71939 1.03976 
-3.02272 -1.54199 0.376375 
2.72035 -12.8032 14.7877 
-2.5585 0.567386 0.59506 
-2.32185 0.717583 1.06847 
3.74229 1.62141 1.02276 
-2.89645 -4.25859 3.07498 
1.79544 -2.71044 1.04263 
-0.542482 -3.90428 6.8701 
-3.55602 -4.73633 1.68948 
-0.855721 -0.0513966 0.00822342 
-2.55535 0.57164 0.598348 
-0.490354 -0.0161363 0.674722 
-0.478757 -0.202238 0.743017 
-2.27338 0.833448 1.36719 
-0.133612 0.0355618 0.520122 
-0.148408 0.126704 0.240676 
-0.0879529 -6.89929 3.31017 
-0.133093 0.14126 0.261449 
-0.136495 0.0495973 0.275133 
-3.40693 -1.27455 0.961 
-2.33059 -6.62277 4.29843 

0.163685 -0.257678 0.0461468 
0.439978 -0.93566 1.19419 
-1.25197 -2.00154 1.48206 
0.227769 -0.264855 0.0414788 
0.0855251 -0.0211914 0.00165469 
0.0210577 -0.0184212 0.00147098 
0.202568 0.032431 0.284867 
0.136514 -0.111328 0.00442709 
0.208564 -1.1491 1.51912 
0.136656 0.18385 0.12725 
-0.44895 -1.83973 2.19436 
0.26982 -0.387019 0.292005 
0.171907 0.0814094 0.211507 
0.103284 -0.719759 0.916239 
0.179295 0.0229262 0.233703 
0.145244 -0.227743 0.0293538 
-0.304733 -0.0254168 0.682223 
0.0499738 0.0191992 -0.0452755 
0.217671 -0.208599 0.0889795 
0.18673 0.146847 0.419289 
0.183202 0.0225201 0.234491 
0.393016 -0.55924 0.106796 
-0.0743872 0.2311 0.426863 
0.0210179 -0.0169431 0.000969846 
0.152829 0.0698353 0.140771 
0.162526 -0.148631 0.0184804 
0.140885 0.151668 0.0215673 
0.41214 -0.407313 0.14664 
0.435015 -0.447024 0.338233 
0.245361 0.0720937 0.11709 
0.139306 0.161682 0.0461508 
-0.335665 -0.0213171 0.496052 
-0.315125 -0.0261016 0.707424 
0.124267 0.125345 0.0106967 
0.205729 -0.312255 0.046678 
0.0401087 -0.0587736 -0.0343842 
0.344767 -1.17251 0.148024 
0.143137 0.153769 0.0204564 
0.193505 0.216137 0.0566402 
0.209162 -0.0267565 0.181143 
0.251157 -0.385362 0.0621122 
