0.999856 0.0143711 -0.00897788 0.598829 -0.0141965 0.999715 0.0192168 0.0490079 0.00925148 -0.0190865 0.999775 0.0855032 0 0 0 1
0.999404 -0.0173628 -0.0298265 -0.00215018 0.0186679 0.998855 0.0440506 0.00987697 0.0290275 -0.0445812 0.998584 -0.00498752 0 0 0 1
###
1.62151 -6.80079 12.5534 
10.8482 -11.863 17.7568 
2.36905 -11.3827 13.6313 
-2.34645 0.795477 1.27985 
-0.469521 -2.14973 3.9721 
-0.496813 -0.0213526 0.659469 
6.45512 -7.12985 10.6484 
-2.57154 0.660888 0.894055 
-2.3053 0.77851 1.24193 
-0.591025 -0.713249 1.16629 
-3.88386 -5.25998 2.0163 
6.99609 -5.49128 6.04309 
-0.0938146 -0.0774963 0.320445 
1.77521 -2.71047 1.03898 
-2.62629 0.582523 0.613229 
-2.35986 0.726063 1.08019 
-0.498228 -0.0191171 0.663099 
-0.545465 -1.03786 1.83255 
-3.15743 -0.315531 0.759862 
-3.11354 -4.07811 1.63488 
1.79142 -2.70648 1.04191 
-2.55878 0.660933 0.887987 
-2.35115 0.726215 1.08251 
4.17264 1.53403 0.527052 
-0.496652 -0.0200404 0.660914 
-2.04744 -3.037 2.68417 
-0.482878 -0.203064 0.748723 
-2.10556 -2.66515 3.4683 
-3.89664 -5.24845 1.99182 
-0.083849 -0.0759632 0.323273 
-2.26295 0.822431 1.35049 
0.0376747 0.204743 0.378373 
-4.17552 -5.61401 1.62067 
-2.30202 0.84376 1.3846 
-0.022474 0.191142 0.349151 
-0.496917 -5.8374 2.96864 
-0.0965843 -0.0762071 0.311067 
-0.480086 -0.215876 0.788216 
-0.765341 0.712031 0.102411 

0.439978 -0.93566 1.19419 
0.0839844 -0.519705 0.658018 
0.0987455 -0.218578 0.250922 
0.0208923 -0.0172706 0.0010458 
0.0870098 -0.11428 0.133061 
-0.0959597 0.205141 0.375125 
0.0873461 -0.52119 0.657647 
0.0499738 0.0191992 -0.0452755 
0.0213013 -0.0173604 0.000725383 
-0.159218 -0.303545 0.312904 
0.104956 -0.514094 0.688568 
0.217671 -0.208599 0.0889795 
0.188732 0.0883814 0.23498 
0.0206979 -0.018428 0.00133566 
-0.0763213 0.228916 0.425453 
0.0208249 -0.0161026 0.000924228 
0.136656 0.18385 0.12725 
0.17774 -0.168152 -0.0363624 
0.281731 0.0386816 0.197891 
0.210709 -0.232343 0.20709 
0.18673 0.146847 0.419289 
0.0428203 0.0115468 -0.0331865 
0.139337 0.157469 0.0460457 
0.193505 0.216137 0.0566402 
0.168774 -0.0594248 0.158639 
-0.132856 -0.200801 0.137053 
0.171975 0.0855444 0.405255 
0.0938496 -0.0589666 0.00575075 
0.435015 -0.447024 0.338233 
0.180974 0.0846069 0.225089 
0.14596 0.157064 0.0254144 
-0.0702617 0.225808 0.416823 
0.331689 -0.341579 0.255467 
0.140885 0.151668 0.0215673 
-0.318778 0.0414861 0.459699 
0.0802987 -0.231752 0.0349348 
0.173743 0.0788457 0.215716 
0.13295 0.148661 0.0310148 
0.189935 0.331231 0.643334 
