0.995019 0.0813743 -0.0575782 0.0948031 -0.0799336 0.996437 0.0269012 0.0688502 0.0595621 -0.0221648 0.997979 -0.00581597 0 0 0 1
0.996126 -0.0777623 -0.0410688 -0.00877215 0.0774306 0.996951 -0.00960808 0.00934262 0.0416907 0.00639088 0.99911 -0.0247356 0 0 0 1
###
0.371451 -0.0704357 0.337226 
1.30021 -2.84527 0.677225 
4.36693 -7.50724 13.0724 
-0.641277 -1.13185 1.44944 
-0.0901806 -0.228172 0.284307 
-0.552007 -3.61556 2.11841 
-0.223818 0.172989 0.622643 
1.98657 -2.34352 0.882057 
-0.223598 0.168719 0.612272 
-0.328213 -0.0690896 0.0947449 
0.0318898 -0.0265949 0.641788 
0.369341 -0.0694244 0.32971 
1.88624 -2.20881 0.832007 
0.13601 0.254335 0.485024 
3.11647 -0.040563 0.670463 
-0.165224 -0.269827 0.224383 
0.921911 -2.84854 5.23661 

-0.703036 0.409927 0.848207 
0.049573 -0.215708 0.199633 
-0.221573 -0.670984 0.774476 
0.109074 -0.165416 0.269426 
0.130393 -0.154973 0.202166 
0.0804866 -0.440285 0.361337 
0.569287 0.359176 1.19593 
-1.36707 0.544286 0.998729 
-1.10161 0.633554 1.30227 
-0.45317 0.32939 1.21354 
-0.0651598 0.894232 0.477577 
-0.886048 0.525198 1.06325 
-1.57008 0.603491 1.12799 
0.0276149 -0.100838 0.101263 
-0.00138735 1.01581 0.549696 
0.083862 -0.0746493 0.0924278 
0.573327 -0.450315 0.199998 
