0.234949 -0.193826 -0.952487 -0.00366286 0.167549 0.973325 -0.156737 0.00845877 0.957458 -0.122763 0.261157 -0.0260594 0 0 0 1
0.999452 -0.0127028 -0.0305769 0.0418446 0.0129938 0.999872 0.00933797 -0.00388217 0.0304543 -0.00973016 0.999489 0.00361249 0 0 0 1
###
0.171209 0.021864 0.223305 
0.162677 0.0811894 0.383728 
0.0368269 -0.151237 -0.0644381 
0.517746 -1.14779 1.35193 
0.245708 -0.233276 0.0765126 
0.136898 0.147918 0.023442 
0.158176 -0.249834 0.0306071 
0.2243 -0.215406 0.0908098 
0.144424 -0.364172 -0.169251 
0.13687 0.173574 0.126825 
0.452862 -0.447937 0.160169 
0.217552 -1.20117 1.58794 
0.217552 -1.20117 1.58794 
0.100697 -0.114868 -0.0636351 
0.135219 -0.122207 -0.00680554 
0.138407 -0.146478 -0.0488793 
0.033383 -0.0903482 0.106732 
0.144824 0.163558 0.0300727 
0.335812 -0.33575 0.0749499 
0.241197 0.0769829 0.0857142 
0.362689 -0.379038 0.274478 
0.116622 0.0821443 -0.11895 
0.140646 0.149115 0.0260527 
0.111512 0.123793 0.0372442 
0.206977 0.0455065 0.125133 
0.0575722 -0.0581425 -0.0266435 
0.0652692 -0.0686243 -0.0350494 
0.305342 -0.3389 0.320229 
0.306255 -0.29155 0.0426552 
0.172148 -0.159059 0.0090479 
0.0744599 -0.100092 0.0183581 
0.181714 0.0425508 0.232956 
0.220165 0.0639082 0.106169 
0.133963 0.145177 0.0198423 
0.425561 -0.908348 1.15733 
0.0430291 -0.0750496 -0.0714133 
0.0521776 0.0195722 -0.0403729 
0.242488 -0.437941 0.0853322 
0.169842 -0.263764 0.047531 
0.038872 -0.0663788 -0.057065 
0.0850199 0.00562147 0.00707914 
0.09625 -0.606449 0.768096 
0.339212 -0.350378 0.260619 
0.176991 0.135362 0.420736 
0.249448 -0.498228 0.0629494 
0.106785 -0.24634 0.0172195 
0.196588 -0.211089 -0.106752 
0.0944893 -0.573726 0.724726 
0.159715 0.0184538 0.203931 
0.0418819 -0.0397126 -0.0165577 
0.147008 -0.248449 -0.187232 
0.142536 -0.128951 0.013946 
0.101994 0.0631257 -0.103899 
0.774608 -1.74401 2.05287 
0.150432 -0.240083 0.328424 
0.0399698 -0.0687575 -0.0604483 
0.162556 -0.0747576 0.16075 
0.15984 -0.255394 0.0355473 
0.130797 0.167526 0.107553 
0.135271 0.155071 0.0490031 
0.203861 0.0261721 0.143313 
0.0170743 -0.0600596 0.0645792 

-3.04633 -1.55304 0.367399 
-0.476948 -0.201391 0.740621 
-2.21856 0.806296 1.32389 
4.12228 -8.13057 13.7601 
3.46352 -2.80615 3.7027 
4.03373 1.48345 0.508261 
-2.426 -7.4797 5.06886 
185.287 -157.129 222.018 
-2.53118 -8.25545 4.66104 
3.72401 1.61431 1.01597 
-2.07174 -2.97779 2.05882 
-0.284868 -1.31307 2.39026 
-0.487861 -2.16876 3.95317 
-4.1573 -6.78935 6.282 
-2.06817 -4.23928 5.66224 
-2.93592 -4.85227 4.77858 
-0.664411 -3.14835 5.63042 
3.94154 1.54208 0.529 
-6.36335 -10.3244 8.30362 
-2.55441 -0.679962 1.39097 
-3.86684 -5.24252 1.99718 
0.169449 0.188491 0.65509 
-0.436092 -0.201761 0.7286 
1.69863 -2.56463 0.992413 
-2.47443 -0.224109 0.546807 
-4.16499 -6.03591 4.03583 
0.700722 -0.732726 1.13277 
-3.66535 -4.93137 1.88926 
-2.5974 -4.1311 3.76447 
1.84711 -1.3237 1.25851 
-0.41498 0.420022 0.382148 
-2.86563 -1.29909 0.330823 
0.166311 0.198496 0.70425 
-2.25818 0.827859 1.35828 
4.36339 -3.78553 5.44341 
-2.30254 0.711622 1.05939 
-0.701786 0.224138 0.577283 
-1.9907 -6.474 3.63104 
1.09157 -3.74153 0.723382 
-2.30274 0.708678 1.05325 
-4.96697 -1.12314 4.54398 
0.940589 -1.00955 1.53755 
-4.16431 -5.59924 1.61869 
0.265943 0.155181 0.856318 
-1.73375 -6.92405 4.32166 
-0.965703 -6.5914 3.94657 
-0.538644 -3.87998 6.82583 
10.6528 -11.6381 17.421 
-2.88721 -1.476 0.36524 
-0.797127 -1.53281 2.06048 
-0.0942924 -0.242311 0.462 
-2.87572 -4.22583 3.05499 
0.353133 0.899734 0.254537 
3.77486 -7.6288 12.8526 
0.936759 -0.990275 1.56638 
-0.159778 0.413907 0.182545 
1.79473 -2.70847 1.03957 
-0.115629 0.0769259 0.297768 
-2.33453 0.730505 1.08905 
0.256379 0.143385 0.62334 
-1.84987 0.76895 0.796866 
2.7724 -13.5563 16.3391 
