0.993961 0.082076 -0.0728405 0.62537 -0.0846083 0.995888 -0.0323834 0.0440398 0.0698831 0.0383507 0.996818 0.105891 0 0 0 1
0.999298 -0.0214874 -0.030699 -0.00100394 0.0228861 0.998681 0.0459616 0.00774879 0.0296709 -0.0466319 0.998471 -0.00369036 0 0 0 1
###
10.3567 -11.3234 16.9355 
-2.26788 0.769281 1.23621 
-0.599287 -0.218204 0.448946 
1.70788 -7.09329 13.0645 
-2.33512 -7.13768 4.85829 
-0.0912215 -0.0741785 0.310775 
-2.78382 -4.00061 2.70581 
-0.65666 -1.53053 2.45643 
-0.601959 -0.196349 0.365497 
-1.98441 -4.08677 5.42519 
7.22126 -5.66604 6.21444 
4.22931 -8.3375 14.0913 
7.08202 -7.81652 11.6365 
0.359243 -1.97327 0.422265 
2.39961 -11.4979 13.7649 
-1.8361 0.763432 0.791632 
-2.48515 0.638784 0.864449 
-2.36109 -7.26908 4.92911 
-2.38952 -3.89939 3.75045 
-1.98625 -2.49792 3.25413 
-0.617681 -0.176696 0.0944322 
-1.55637 -6.53913 3.88975 
1.77284 -2.70185 1.02952 
-0.763735 0.194207 0.589073 
-2.50049 0.55457 0.580905 
-0.574756 -0.609231 0.952825 
-1.86342 -0.474312 1.85448 
-2.84227 -3.80325 1.8886 
-0.0871848 -0.0751293 0.311899 
2.89346 -0.0466878 0.689731 
4.53314 -9.00314 14.9102 
0.609834 -6.79692 3.24073 
-2.56778 -4.08601 3.72069 
-0.476043 -2.58475 4.67491 
-2.45717 -1.08809 0.275185 
-0.463105 -0.213011 0.775214 
-2.49682 -3.97224 3.62746 
-0.171167 0.0273988 0.455589 
-0.164103 0.00139284 0.271087 
-1.78472 -2.15328 2.78696 
-3.35341 -4.47652 1.5525 
-0.763756 0.19194 0.601341 
1.38513 -2.64629 0.446136 
-3.20343 -5.43895 5.02836 
-2.34932 0.70771 1.13628 
-2.31286 0.723844 1.0793 
0.309519 -6.15192 3.06496 
-0.0865492 -6.78775 3.25865 
1.43239 -2.50197 0.654711 
19.3294 -18.3942 11.7986 
-2.68083 -3.82253 2.62441 
-2.85283 -4.19792 3.02727 
-2.31803 0.778733 1.24665 
-1.59806 -3.03444 3.86584 

-0.00121047 -0.50711 0.644624 
0.0195333 -0.0163399 -0.00054724 
0.0120872 -0.467998 0.577861 
0.231325 -0.408101 -0.316716 
0.168261 -0.266373 0.0320933 
0.162841 0.0762089 0.202362 
0.105921 -0.0955858 0.0392817 
-0.225026 -0.45571 0.497295 
0.114021 -0.804082 1.02317 
0.166288 -0.153288 0.0507213 
0.310687 -0.29559 0.0426476 
0.0357753 -0.359495 0.445083 
-0.525392 -2.15219 2.56209 
0.156754 -0.306575 0.0507407 
-0.0750226 -0.73195 0.880719 
0.188563 0.0242028 0.131682 
0.125964 0.168384 0.14354 
0.18881 -0.297516 0.0354041 
0.181331 -0.167656 0.00908293 
0.100233 -0.0605348 0.00447254 
-0.127091 -0.244241 0.251701 
0.168223 -0.266351 0.0461023 
0.163566 0.128388 0.367261 
0.177703 0.0412308 0.229043 
0.126571 0.143718 0.0412371 
0.230086 -1.27064 1.67943 
0.208217 0.0463387 0.125142 
0.165919 -0.156182 0.0871123 
0.165338 0.077286 0.205447 
-0.0220915 -0.0102393 0.0532641 
0.697361 -1.56151 1.83879 
0.0273575 -0.120256 0.00516702 
0.179741 -0.170026 0.0928795 
0.199907 -0.188023 0.0625582 
0.127179 0.164703 0.105225 
0.171805 0.137033 0.391399 
0.150702 -0.13647 0.014246 
0.254524 -0.296796 0.0445399 
-0.0648004 0.200338 0.370597 
0.101506 -0.063514 0.00451369 
0.501265 -0.516942 0.389468 
0.171566 0.0399091 0.219882 
0.0190113 -0.0171052 0.000357781 
0.469939 -0.456207 0.0463076 
0.129081 0.139919 0.0190176 
0.135189 0.155798 0.0425211 
0.0685603 -0.311734 0.0070496 
0.0302394 -0.0329678 0.00758738 
0.0620949 -0.0515747 -0.00779318 
0.0772152 -0.355359 -0.171841 
0.228041 -0.219009 0.0918817 
0.166425 -0.155876 0.0831612 
-0.467595 0.0804695 0.64018 
-0.121791 -0.298643 0.342137 
