0.241889 -0.165624 -0.956064 -0.00239254 0.134367 0.981549 -0.136043 0.00865168 0.960955 -0.0955563 0.25968 -0.025693 0 0 0 1
0.99957 -0.0175037 -0.0235199 0.0776719 0.0176368 0.99983 0.00546315 -0.00744987 0.0234203 -0.00587562 0.999708 0.01005 0 0 0 1
###
0.167363 0.0214295 0.218297 
0.118643 0.15283 0.083206 
0.105921 -0.0955858 0.0392817 
0.299478 -0.299951 0.0676768 
0.126571 0.143718 0.0412371 
0.165012 0.184128 0.0478129 
0.166439 0.12857 0.395716 
0.507478 -0.501797 0.179295 
0.161086 -0.315047 0.0495038 
0.0976931 -0.10825 0.0716604 
0.102899 -0.202144 0.242993 
0.230086 -1.27064 1.67943 
0.158743 0.0793005 0.374649 
0.36965 -0.360495 0.0336459 
0.131008 0.147323 0.0276412 
0.046126 0.0179102 -0.0429425 
0.185818 0.338925 0.665622 
0.164956 -0.0494687 0.162667 
0.0631472 0.0316406 -0.0573183 
0.113771 -0.131716 -0.0763348 
0.469939 -0.456207 0.0463076 
0.130527 0.140826 0.0224175 
0.131823 0.154844 0.0510609 
0.107406 0.119218 0.0359612 
0.0807079 0.129683 0.0429998 
0.228041 -0.219009 0.0918817 
0.171217 -0.172987 -0.0694708 
0.0854693 -0.0507994 0.00210519 
0.301466 -0.37676 0.26043 
0.310687 -0.29559 0.0426476 
0.027983 -0.0259498 -0.0100936 
0.393041 -0.513315 0.455231 
0.0650118 -0.0680692 -0.0353968 
0.0529029 -0.291492 -0.136268 
0.125964 0.168384 0.14354 
0.199907 -0.188023 0.0625582 
0.053625 0.0220076 -0.0434018 
0.196503 0.0494638 0.107933 
0.539351 -1.19689 1.41116 
0.294268 -0.329244 -0.180135 
0.0445019 0.0309742 -0.0476477 
0.141547 0.108221 -0.149811 
0.552153 -0.661897 0.45106 
0.0541984 -0.122476 -0.116342 
0.126844 -0.298893 0.0198437 
0.148618 0.113337 0.352195 
0.163566 0.128388 0.367261 
0.154347 -0.242068 0.0342583 
0.18392 0.0296733 0.006796 
0.0556757 -0.0551449 -0.0244195 
0.269764 -0.590104 0.718854 
0.292643 -0.243602 4.02655e-05 
0.231325 -0.408101 -0.316716 
0.106566 -0.245213 0.0172038 
0.0726328 -0.065085 -0.0204349 
0.131636 -0.00284107 -0.00877077 
0.162884 -0.0928034 0.161621 
0.124713 0.0857293 -0.136353 
0.0520307 0.021649 -0.0440337 
0.171805 0.137033 0.391399 
0.164858 -0.115502 0.585473 
0.166033 0.0202877 0.214698 
0.344689 -0.436991 0.302986 
-0.0952819 -0.649018 0.839638 
0.0694997 -0.167034 -0.117535 
0.0620949 -0.0515747 -0.00779318 
0.0685149 -0.0605321 -0.0182114 
0.0484229 -0.115614 0.0193609 
0.125452 -0.371922 0.0391304 
0.0949745 -0.169785 0.0231815 
0.0958818 -0.58454 0.738043 
0.43444 -0.927565 1.18116 
0.157219 0.14193 -0.00489069 
0.163011 -0.148379 0.00944508 
0.0281657 -0.0258389 -0.0101705 
0.130677 0.149958 0.0471788 
0.0944144 -0.248851 -0.180621 
0.199901 0.0415129 0.123391 
0.0793988 -0.0765041 -0.0334325 
0.121714 0.137078 0.0277015 
0.131832 0.142752 0.0179657 
0.104892 -0.0914591 -0.0032941 
0.201001 -0.191102 -0.0307782 
0.0469178 0.0400741 -0.0521732 
0.160166 0.118231 0.274525 
0.119897 -0.759185 0.948775 
0.217448 -0.207361 0.0244211 
0.0772152 -0.355359 -0.171841 
0.0641955 -0.148617 -0.10209 
-0.0750226 -0.73195 0.880719 
0.144288 -0.0410782 -0.000278286 
0.0758324 -0.0681705 -0.0219642 
0.083131 -0.0708345 -0.00373829 
0.0973596 -0.0467779 0.00366154 

-2.97573 -1.51633 0.359011 
3.67546 1.59328 1.00331 
185.232 -157.085 222.022 
-6.32056 -10.2549 8.24836 
-2.18782 0.795124 1.30535 
-0.183115 0.240088 0.24943 
1.67736 -2.53231 0.980393 
-2.04326 -2.93678 2.03044 
-0.460011 0.56499 0.221358 
10.3567 -11.3234 16.9355 
-2.84227 -3.80325 1.8886 
-0.657664 -3.11694 5.57528 
-0.470668 -0.19887 0.731128 
-2.90496 -4.80119 4.72818 
-2.94675 -1.45046 0.223639 
-2.48515 0.638784 0.864449 
3.01016 -3.10786 1.21726 
-1.78472 -2.15328 2.78696 
0.0564369 0.358455 0.464582 
-0.634095 -3.96444 7.10176 
-3.61008 -5.78945 4.7399 
-0.429953 -0.198917 0.718316 
4.18331 1.58832 0.78092 
-2.31286 0.723844 1.0793 
-1.8361 0.763432 0.791632 
-2.56778 -4.08601 3.72069 
-3.78059 -5.12055 1.95946 
-1.70665 -2.02758 2.74673 
-4.61958 -7.6089 1.98918 
-4.12457 -5.97747 3.99669 
-2.26788 0.769281 1.23621 
-4.11885 -10.5227 11.9323 
-0.786274 -1.51194 2.0324 
-0.683484 0.213604 0.618886 
-2.48792 0.64249 0.859654 
-2.84909 -4.19844 3.05621 
-0.697708 0.222224 0.571719 
-2.43685 -0.220655 0.538084 
4.22931 -8.3375 14.0913 
-0.719973 -1.3644 1.85047 
0.520066 -0.729889 -0.0129648 
0.111847 0.462218 0.475274 
0.693979 -0.72561 1.12188 
-2.28375 0.703074 1.04503 
0.748415 -6.67704 3.08171 
-0.763756 0.19194 0.601341 
1.78512 -2.69188 1.03336 
-2.36109 -7.26908 4.92911 
-1.67938 -0.322408 1.32829 
-1.03695 -2.08035 2.8166 
4.18187 -3.62875 5.23019 
-1.10688 -1.51396 1.84464 
1.70788 -7.09329 13.0645 
-0.954667 -6.51465 3.90177 
-1.98441 -4.08677 5.42519 
-1.95839 -0.742731 2.49216 
-2.23452 0.819487 1.34412 
0.348109 0.88692 0.250918 
-0.0363694 0.182403 0.735326 
-0.768717 0.199993 0.587073 
0.871693 0.946698 0.173129 
-0.0134072 0.265819 0.63589 
-5.32224 -8.39122 2.89739 
4.12989 -3.51064 5.10054 
1.44191 -2.5955 1.57477 
-4.11997 -6.72819 6.22553 
-0.111617 -0.674476 1.24737 
0.660106 -6.59713 3.07285 
-0.0865492 -6.78775 3.25865 
-0.639443 0.333945 0.521061 
7.08202 -7.81652 11.6365 
-0.0929584 -0.239008 0.455706 
3.80253 1.48672 0.800795 
-4.12024 -5.5399 1.60208 
0.356288 0.895622 0.260351 
0.252832 0.141397 0.614744 
1.4727 -2.64032 1.60849 
-2.67609 -0.60809 2.50783 
-0.65666 -1.53053 2.45643 
-0.637897 0.333735 0.519878 
2.89346 -0.0466878 0.689731 
-2.68083 -3.82253 2.62441 
-2.80354 -4.11408 3.01531 
0.374751 -0.495452 -0.0146468 
0.130957 0.429576 0.666665 
8.20349 -8.96908 13.2377 
7.22126 -5.66604 6.21444 
19.3294 -18.3942 11.7986 
-0.712319 0.459197 0.50189 
2.74743 -12.9074 14.9103 
-0.501655 -0.0449228 0.673527 
-3.66952 -4.93808 1.89736 
4.34361 -8.47566 14.3249 
-0.502954 -0.0485653 0.669387 
