0.992863 0.0858862 -0.082745 0.0919229 -0.0872199 0.996109 -0.0126341 0.0657617 0.081338 0.019761 0.996491 -0.00609325 0 0 0 1
0.99617 -0.0773936 -0.0406783 -0.00693579 0.0768829 0.996942 -0.0139747 0.0108931 0.0416355 0.0107937 0.999075 -0.0243674 0 0 0 1
###
-1.66776 -3.08229 2.05066 
1.4759 -4.42604 8.00156 
-0.182134 0.138666 0.507263 
-0.0353921 -0.412175 0.659263 
-0.065703 -0.145588 0.308696 
-0.699129 -1.24999 1.63556 
-0.0580662 -0.312819 0.471555 
-0.615592 -4.05909 2.38109 
0.315073 -0.0590729 0.283207 
1.07328 -2.36724 0.555612 
-1.44888 0.458502 0.720233 
-0.397157 -0.806036 0.719196 
0.0282473 -0.0234352 0.548382 
-0.0715486 -0.330908 0.488323 
-0.601457 -3.94381 2.32786 
-0.830528 -4.72713 3.01698 
-0.946808 0.538109 0.653729 
0.175061 -1.65947 3.02236 
0.31326 -0.0588199 0.27964 
-0.18766 0.139859 0.504315 
1.74513 -2.04079 0.767791 
0.181846 -1.69071 3.07057 
-2.10747 -0.516265 0.717786 
-1.35057 -0.383016 1.26567 
-0.253409 -4.03145 2.38194 
-0.697937 0.629765 0.865353 
-0.645368 -0.0794307 0.208801 
-0.0435253 0.420658 0.280985 
-0.671094 -0.13681 0.218063 
-1.28858 -2.04342 0.769989 
-0.930398 -0.0835812 0.304743 
1.63468 -2.08831 0.56208 
-0.829205 -2.37338 2.95248 
3.91483 -1.67326 1.87812 

0.25061 -0.321179 0.413543 
2.21625 -1.74323 0.798447 
-1.05241 0.568129 0.91722 
-0.444331 -0.451214 0.320387 
-1.88013 -1.91749 1.22939 
0.109172 -0.165892 0.270619 
-1.29957 -1.34749 0.814998 
0.124593 -0.688083 0.564285 
-0.987672 0.560911 1.14502 
0.0431502 -0.18487 0.172563 
0.436249 0.327455 0.0407237 
-0.050822 -0.924709 1.32061 
0.0721702 -0.0147487 0.184542 
0.392371 -0.311963 0.256124 
0.0641872 -0.367073 0.33481 
0.0955083 -0.743298 0.561736 
-0.339065 0.222792 0.88665 
0.316274 -0.246032 0.199257 
-0.54715 0.314622 0.662098 
-0.823038 0.175813 1.02811 
-1.20797 0.477343 0.882965 
0.416232 -0.342998 0.329725 
-0.317722 0.177849 0.802574 
0.0270878 0.320919 0.611897 
0.205584 -0.97876 0.529883 
-0.153968 -0.169901 0.0575271 
-0.0866363 0.0702994 0.270548 
0.0920547 -0.446393 0.390654 
0.101883 0.0358535 0.243557 
-0.0590381 -0.214711 0.310121 
-0.447039 0.351467 1.21638 
0.23956 -0.328783 0.436012 
0.303054 -0.328369 0.402296 
-0.0127811 0.83157 0.464011 
