0.993312 0.0877957 -0.0749883 0.0974205 -0.0880755 0.996114 -0.000426652 0.0688236 0.0746595 0.00702844 0.997184 -0.00614433 0 0 0 1
1 0 0 0 0 1 0 0 0 0 1 0 0 0 0 1
###
-0.270597 0.491356 0.327288 
0.0327048 -0.0272534 0.612779 
0.820008 -2.60742 4.67521 
0.345139 -0.0654681 0.313163 
-0.0409875 -0.404816 0.639251 
-0.612025 -4.01952 2.35747 
0.97177 -3.18688 5.65843 
-0.188849 0.17776 0.670055 
-0.0720894 -0.321101 0.469356 
-1.60926 0.508485 0.805215 
-1.05949 -2.19831 1.91946 
-0.230252 -1.57163 2.52559 
-0.916728 -0.326637 1.23989 
-0.808177 -4.58952 2.92677 
1.63623 -2.16221 1.30472 
-1.43737 0.564239 0.957029 
0.306807 -0.000403944 0.29726 
-0.0162713 -0.938433 1.64321 
-0.875861 -0.203661 0.286084 
-1.38844 -0.395679 1.30077 
-1.36698 -2.16677 0.816139 
0.130337 0.0988589 0.578992 
1.82327 -2.32831 0.626624 
-1.56773 -2.94616 2.10739 
-0.353368 -0.0378066 0.108467 
-1.31577 0.608769 1.12578 

-0.109604 0.987632 0.582271 
-0.114495 0.546262 0.165159 
1.67323 -1.31853 0.603462 
-0.576197 0.332437 0.696854 
-1.29528 -1.3424 0.814612 
0.0631406 -0.360884 0.328851 
0.118807 -0.093217 0.0406812 
-0.673473 0.166053 0.510782 
-1.40988 -1.45799 0.912595 
-0.477591 0.702479 0.482171 
0.15533 -0.394665 0.508032 
0.220984 -0.280273 0.364134 
-0.465541 -0.381975 0.970474 
0.0902459 -0.702094 0.53035 
1.02794 -0.926778 0.187859 
-0.110189 0.732238 0.408093 
-0.00379543 0.783848 0.416638 
0.108734 -0.164791 0.268812 
-0.174726 0.0117766 0.409408 
0.0933798 0.224856 0.472635 
-0.255101 -0.872694 1.18394 
0.0571238 -0.0253753 0.153442 
0.0172428 -0.219784 0.318936 
0.0453432 -0.269332 0.387559 
-0.677676 0.936661 0.990851 
0.0378755 0.817888 0.438411 
