0.994101 0.0857286 -0.0664307 0.0944213 -0.0849706 0.996283 0.0141581 0.0670278 0.0673975 -0.00842997 0.997691 -0.00587683 0 0 0 1
1 0 0 0 0 1 0 0 0 0 1 0 0 0 0 1
###
-0.432963 -1.54561 0.947313 
1.14489 -3.71837 6.61545 
0.0330539 -0.0274152 0.617816 
3.42107 -3.59769 5.12895 
0.352615 -0.0660417 0.316929 
1.29777 -0.0632787 0.297056 
1.14489 -3.71837 6.61545 
-1.67683 0.531153 0.839064 
0.0318244 -0.0258838 0.613573 
-0.0861503 -0.220847 0.275237 
-0.313049 -0.0651852 0.090307 
-1.51022 0.475186 0.748781 
-1.19877 -1.89784 0.712891 
-1.43856 0.558699 0.949681 
0.0298896 -0.0250265 0.601172 
1.86929 -2.18783 0.82374 
-0.910964 -1.62354 2.09905 
-0.778902 -4.4662 2.85477 
-0.0485749 0.468408 0.312668 
-0.853098 -1.81191 2.22257 
-0.868302 0.650775 0.950284 
-0.304157 -0.0406435 0.0892163 
0.0437324 -0.180496 0.676004 
2.9222 -0.0311664 0.63209 
-1.1471 -2.37896 2.16223 

0.0786846 -0.629826 0.415347 
1.49412 -1.17388 0.535669 
-0.185218 0.860817 0.26322 
0.383599 -0.307216 0.280374 
-0.655284 0.380247 0.791326 
1.33588 1.05529 0.216837 
0.124137 -0.0975804 0.0426851 
0.548561 0.834713 0.4324 
1.00042 0.810229 0.224935 
0.267981 -0.343306 0.441267 
-0.394051 0.363647 1.13794 
-0.471593 0.694296 0.476988 
-0.027453 -0.11817 0.177861 
-0.0183915 1.01516 0.550784 
-0.0658155 0.894934 0.477456 
-0.000247656 0.977356 0.528277 
0.0725874 -0.080162 0.196442 
0.135402 -0.757779 0.620977 
0.0684331 -0.309287 0.285535 
0.24421 -0.378254 0.596497 
-0.0111494 0.673857 0.168659 
-0.499965 0.67547 0.743764 
-0.892428 0.221976 0.672742 
-0.00313445 1.06551 0.571848 
0.202741 -0.515327 0.661517 
