0.309308 -0.113572 -0.944156 -0.000302458 0.0755639 0.992639 -0.0946492 0.0084965 0.947955 -0.0420683 0.315613 -0.0247378 0 0 0 1
0.999464 -0.012597 -0.0302047 0.0413417 0.0128814 0.999874 0.00924052 -0.00380992 0.0300845 -0.00962465 0.999501 0.0035197 0 0 0 1
###
0.0451383 0.0306027 0.0268227 
0.0463893 -0.0696397 -0.0449517 
0.0724408 -0.0709239 -0.0331659 
0.0894008 -0.0969114 -0.0521843 
0.178848 -0.284145 0.0336188 
0.105946 0.119695 0.0354853 
0.0630928 0.0362034 -0.0689634 
0.247393 -0.234724 0.076333 
0.041165 0.0162586 0.0111397 
0.11869 0.133296 0.0251907 
0.135703 -0.125557 0.0517877 
0.0834371 -0.00356534 -0.00228857 
0.0662125 0.044237 -0.0840305 
0.12154 0.0817919 -0.105624 
0.156838 0.126051 -0.174357 
0.0366773 0.0101899 0.00957497 
0.249796 -0.239877 0.100482 
0.0687925 -0.0813626 -0.048949 
0.128359 -0.11916 -0.0260762 
0.192878 -0.179979 0.00838912 
0.120343 0.140692 0.0474411 
0.117011 0.132896 0.0380217 
0.133454 -0.245147 0.31402 
0.194164 0.0563144 0.0932278 
0.391483 -0.409041 0.295956 
0.156798 0.0200957 0.204528 
0.064183 0.0355969 -0.0621326 
0.060645 0.0293127 -0.0502159 
0.11892 0.134668 0.0261611 
0.214048 -0.322387 0.402121 
0.119588 0.129673 0.0174896 
0.175842 0.0300143 0.115456 
0.116531 -0.824795 1.048 
0.185881 -0.151761 0.001355 
0.107942 0.150369 0.11792 
0.157596 0.125467 0.35896 
0.155962 0.136983 -0.227223 
0.145723 0.114999 -0.157412 
0.0450049 0.038042 -0.0461005 
0.134723 -0.00176525 -0.00956537 
0.12099 -0.135746 -0.0763523 
0.125648 -0.164419 -0.111685 
0.0978856 -0.621577 0.786573 
0.0602866 0.0294987 -0.0479377 
0.24493 -0.375415 0.059289 
0.378729 -0.364067 0.0468742 
0.1697 -0.158773 0.0651928 
0.0763183 0.0425648 -0.0767513 
0.12501 0.102148 -0.172454 
0.152656 0.0231576 0.0060669 
0.0538263 -0.0414109 -0.00124671 
0.109557 -0.112974 -0.0556852 
0.140577 -0.225049 0.306362 
0.052134 0.0226344 -0.0436914 
0.0601144 0.113602 0.00051837 
0.0463686 -0.477901 0.5915 
-0.286384 -0.973115 1.19014 
0.146393 -0.0871768 0.144074 
0.195093 -0.33664 -0.260854 
0.0371827 -0.0253507 0.000107181 
0.229461 -0.37422 0.0697956 
0.428881 -0.443003 0.332157 
0.499563 -0.488349 0.167146 
0.0871218 0.0652952 -0.116472 
0.139551 -0.0494117 -0.00172554 
0.122168 0.132344 0.0165613 
0.0599501 0.110767 0.000861662 
0.111519 -0.102566 -0.0263811 
0.0438597 0.0382925 -0.0429368 
0.0931925 0.0741673 -0.134175 
0.151625 -0.398097 0.51868 
0.31969 -0.327641 0.24501 
0.136699 0.107212 -0.0716134 
0.218192 -0.208213 0.122645 
0.156708 -0.110326 0.55797 
0.0245121 -0.0134909 0.0040337 

3.62826 1.57439 0.991678 
0.804122 -2.76536 0.616059 
-0.443598 -2.55481 4.70634 
9.56974 -10.4703 15.672 
-2.43596 -7.51019 5.09388 
0.529636 -0.91984 0.0649858 
-2.51532 0.649952 0.873799 
-2.87088 -4.23124 3.07863 
3.97917 1.46399 0.502392 
-2.96867 -1.46152 0.224412 
-2.83156 -4.65816 4.27539 
-1.91893 -0.703151 2.47257 
-0.327549 0.590904 0.0920391 
0.0637819 0.375995 0.670031 
-0.709323 0.234904 0.531739 
-0.0217087 0.153209 0.623584 
-2.59063 -4.12315 3.75299 
-0.0935257 -0.240777 0.459007 
-2.82838 -4.15098 3.04162 
1.83291 -1.31337 1.24919 
-2.30633 0.709807 1.05525 
-0.688653 0.215152 0.623503 
4.22284 -3.66434 5.2827 
-2.54759 -0.678513 1.38685 
-3.81051 -5.16183 1.97417 
-2.99714 -1.52767 0.360652 
-0.0243224 0.203481 0.632776 
0.0568441 0.360975 0.467876 
-0.157467 0.414901 0.182698 
-0.791722 -1.52254 2.04627 
-2.24946 0.824705 1.35249 
-2.46762 -0.223928 0.544767 
-0.664217 -3.14724 5.62833 
-1.11333 -1.52287 1.85502 
-0.76871 0.198808 0.591626 
1.78675 -2.72271 1.03756 
3.86946 1.5152 0.521155 
0.0413853 0.373818 0.586673 
0.52403 -0.735049 -0.0130199 
-1.97348 -0.748263 2.5106 
-1.65666 -3.52895 4.96455 
-0.127361 -1.6175 2.99229 
0.700864 -0.73276 1.13298 
-0.697751 0.222766 0.57394 
-0.240198 -1.58346 0.806064 
7.77216 -6.092 6.67395 
0.936424 -1.00492 1.53086 
-2.33615 0.731048 1.08992 
0.288752 0.168866 0.601452 
-4.95571 -1.12009 4.53178 
-4.10209 -5.94459 3.97328 
-0.725303 -1.37459 1.86412 
-4.13787 -10.5635 11.9779 
-0.637673 0.0895268 0.694334 
-2.34135 0.786336 1.25904 
-4.65411 -7.66408 2.01594 
-4.63921 -6.00251 0.662986 
2.72538 -0.17371 2.98632 
-2.70365 -3.85575 2.64599 
-2.05106 -2.94819 2.03761 
2.79266 -13.1226 15.1554 
-3.83272 -5.16285 1.95773 
-2.88845 -4.24903 3.06755 
1.69284 -2.55504 0.989661 
-3.10863 -1.24138 0.344877 
2.95359 -0.0474783 0.705616 
-2.86968 -1.46743 0.362328 
-0.537857 -3.86424 6.80009 
0.377656 -0.498952 -0.0147296 
0.641224 -0.979836 0.375197 
7.14765 -7.88645 11.7524 
-3.61384 -4.85744 1.86951 
-2.51064 0.648228 0.867073 
185.159 -157.05 222.038 
-0.494896 0.0130413 0.643821 
0.358527 0.901393 0.26211 
