0.992624 0.052717 -0.109175 0.0895234 -0.0647221 0.991876 -0.109512 0.0181473 0.102515 0.11577 0.987972 0.00309738 0 0 0 1
1 0 0 0 0 1 0 0 0 0 1 0 0 0 0 1
###
1.90196 -1.78625 1.09814 
-0.6962 -1.81418 1.96895 
0.765374 -2.54697 4.52629 
1.77921 -6.83415 7.86277 
4.33749 -4.55022 6.49813 
-1.20492 0.514802 0.937113 
-0.0566357 -0.463613 0.781793 
-0.205197 0.330878 0.540964 
1.73921 -1.4307 1.88057 
0.411839 -0.5351 0.755404 
-0.0293029 -0.589592 1.02527 
-1.00022 -4.18648 2.80306 
5.99854 -6.17227 8.80217 
0.0467161 -0.879874 0.432371 
-1.18729 0.504324 0.921899 
0.00473878 -0.73693 1.3367 
4.1377 -1.82866 1.99933 
-1.13149 0.293252 0.396719 
2.32875 0.745173 0.133594 
0.290111 -0.0541714 0.260454 
0.00421468 -0.768709 1.40307 
-0.985494 -0.550126 1.80725 
1.92276 -5.67284 10.2666 
-0.0400647 0.388968 0.25991 
-1.33245 0.420611 0.663382 
-0.845338 -1.13846 1.77476 
2.54325 -0.0325083 0.550817 
-1.03265 -0.0280062 0.336874 
-0.140561 0.075687 0.539985 
-0.993023 -0.0292426 0.323683 
-1.15062 0.532808 0.98326 
0.0157431 0.341905 0.394029 
-0.23191 0.416788 0.184877 
0.98447 -2.05199 0.479747 
-0.758546 0.568761 0.831101 
0.26665 0.093388 0.229113 
0.811036 -2.52222 4.60578 

-0.748 -0.254825 1.39943 
0.364081 -0.469045 0.603932 
3.02589 -2.36452 1.11728 
2.61503 -2.34981 0.493117 
-0.0675067 -0.233643 0.311127 
-0.161777 -0.516253 0.726579 
-0.73975 -0.764744 0.467031 
-0.703102 -0.734023 0.134285 
-0.883978 -0.98021 0.890633 
-0.439868 -1.35137 1.57808 
-0.36394 -0.367651 0.262164 
0.0736231 -0.550655 0.384673 
-0.517288 -0.541908 0.346801 
0.034498 -0.430599 0.182755 
-0.0760735 0.693288 0.409519 
0.353227 -0.273264 0.22208 
0.180829 -0.12054 0.458275 
-0.145544 0.773432 0.433327 
-0.869916 0.444136 0.462643 
-0.537012 0.306661 0.638996 
0.491237 -0.378651 0.305412 
0.187954 0.11289 0.424494 
0.306563 -0.236384 0.134941 
2.22495 -1.79216 0.413093 
-0.359479 0.643534 0.424304 
0.220139 -0.131156 0.567606 
-0.031905 0.527808 0.285939 
-0.121201 0.0672219 0.327313 
-1.28901 -1.31818 0.229693 
-0.121833 0.0993349 0.355425 
-0.0551143 -0.00616611 0.129691 
1.19232 0.992813 0.222621 
0.0542959 0.797127 0.427948 
-0.228627 -0.551193 0.600643 
-0.0143651 0.59703 0.143023 
0.00137024 0.592272 0.322908 
0.462455 -0.353847 0.186611 
