0.998779 0.0283942 0.0404349 0.00722831 -0.0245702 0.995445 -0.0921168 0.000448512 -0.0428663 0.0910108 0.994927 -0.0279279 0 0 0 1
0.999891 -0.0147577 0.000563609 0.0141479 0.0147567 0.999889 0.00185256 0.0071725 -0.000590887 -0.00184404 0.999998 0.00181445 0 0 0 1
###
0.367904 -0.733989 0.999118 
0.276824 -0.223143 0.21084 
-0.401287 -0.402865 0.285108 
0.100522 -0.661679 0.744588 
0.380642 0.315033 0.0567098 
0.137266 -0.773972 0.637934 
-0.00631509 0.464626 0.257924 
-0.233906 0.118992 0.582346 
-0.343961 -0.818897 0.88264 
1.00903 0.906825 0.296027 
0.122168 -0.580383 0.49739 
-0.00301566 0.424351 0.237319 
-0.0991681 0.533919 0.30433 
-0.562048 0.138886 0.422961 
0.0265289 -0.5498 0.783042 
0.187573 0.114887 0.407392 
0.0766462 -0.090135 0.136731 
0.140979 -0.213201 0.350786 
0.0265289 -0.5498 0.783042 
-0.750502 0.295874 0.546579 
-0.139669 0.256944 0.58489 
0.139895 -0.155988 0.381698 
-0.0589813 0.547868 0.328065 
-0.320808 0.071702 0.253345 
0.206756 -1.38238 1.10572 
-0.12359 -0.262682 0.368135 
0.180092 -0.443515 0.623271 
-0.245039 -0.654641 0.908042 
-0.256868 -0.570346 0.727795 
0.490832 -0.377938 0.30415 
0.06418 -0.601299 0.355809 
-0.520398 0.186072 0.378423 
0.0892875 -0.674384 0.466658 
0.485418 -0.380056 0.319125 
-0.00515629 -0.000623324 0.0287002 
0.308164 -0.389764 0.508067 
0.132149 -0.145409 0.200611 
-0.167196 0.0488494 0.4027 
-0.105181 0.531762 0.302126 
-0.0770675 0.460753 0.265463 
0.250814 -0.49769 0.694379 
0.475033 -0.600062 0.787832 
-0.439738 -0.443045 0.28676 
-0.492067 0.281452 0.587143 
0.0354802 -0.574124 0.830128 
0.149685 -0.0621163 0.379772 
-0.323667 0.485218 0.474004 
-0.0934141 0.559648 0.32103 
-0.0875803 0.428934 0.131304 
0.0322208 -0.506898 0.737857 
-0.401155 -0.431093 0.426075 
0.0193599 -0.0205401 0.0485292 
0.808018 0.742251 0.248957 

-3.6561 -8.19372 7.77512 
-0.0318603 -0.319481 0.503199 
-0.0533864 -0.292128 0.446393 
-1.56343 -3.6459 2.43487 
0.176391 0.103064 0.271951 
-0.595993 -3.94615 2.31097 
0.234922 0.0260785 0.213829 
-0.748394 -0.978265 1.55416 
5.63951 -5.79956 8.27701 
0.145181 0.219762 0.281382 
-0.425737 -1.67037 1.09439 
1.57637 -1.85833 0.698064 
-1.15662 0.453278 0.768377 
-0.148012 0.13926 0.525672 
-1.51329 -2.77798 1.86885 
-0.889853 -0.484281 1.66359 
-1.28213 -2.68318 2.35693 
8.95968 -7.01437 9.52278 
5.67388 -4.21465 4.39571 
1.44526 -1.69354 0.634206 
-0.931966 -0.334515 0.675267 
-0.823286 -1.47131 1.90274 
0.336553 -0.414483 0.0041289 
0.0336478 -0.139598 0.521748 
-0.993241 -5.71626 3.64793 
-1.4768 -2.34832 0.878018 
-0.103985 -0.210066 0.187617 
1.68989 -2.00038 0.691753 
-0.728108 -1.19876 0.41328 
0.709966 -0.763112 1.10328 
0.0148608 -0.504761 0.242286 
-0.157054 0.116063 0.442325 
0.8425 -1.77461 0.410937 
-1.03342 -2.15623 1.93882 
0.971854 -2.95505 5.41707 
-2.10528 -3.90905 2.59054 
-0.727358 -2.03814 2.49475 
-0.797511 -0.1962 0.264814 
1.85228 -1.73051 1.06595 
0.0320799 -0.0521613 0.476236 
-0.111572 -0.22943 0.215831 
-1.74036 -3.28145 2.34 
3.92535 -4.11627 5.88154 
0.270998 -0.05047 0.242903 
0.702433 -2.33164 4.12692 
0.228383 -0.0538723 0.286014 
-0.265401 -0.0445251 0.0847644 
-0.165727 0.44302 0.137661 
0.0248717 -0.0199522 0.474767 
1.38481 -1.89383 0.333238 
-1.32434 -4.16647 2.90355 
-1.15878 -2.11511 1.43722 
-1.07012 0.495484 0.91403 
