0.992514 0.0736261 -0.0974406 0.0918231 -0.0786323 0.99572 -0.0485706 0.0591067 0.0934474 0.055869 0.994055 -0.00447689 0 0 0 1
0.996217 -0.0798552 -0.034279 -0.00756853 0.0792744 0.996691 -0.0179843 0.0116682 0.0356017 0.0151988 0.99925 -0.0235863 0 0 0 1
###
0.198181 0.135422 0.282616 
1.26532 -6.94105 3.19305 
1.74676 -6.70066 7.71518 
-1.26215 0.540369 0.981142 
1.94484 -1.82768 1.1241 
1.79838 -5.30981 9.62289 
4.19955 -4.40289 6.28929 
-0.179036 0.13768 0.496098 
-0.654654 -1.16966 1.52907 
-0.056995 -0.320156 0.486726 
0.301337 -0.0563563 0.270867 
0.793197 -2.62728 4.68188 
0.189339 -1.50764 0.721893 
0.0267323 -0.022594 0.521256 
-3.00901 -6.74724 6.41412 
-0.029153 -0.639527 1.09941 
-1.04637 -2.17727 1.90139 
0.0398806 -2.0992 3.62531 
10.3096 -8.06293 10.9782 
0.614402 -4.44438 2.17574 
0.0281581 -0.0200245 0.52517 
-0.80236 -1.43963 1.93547 
0.0372568 -0.155231 0.581189 
-0.0626843 -0.33162 0.516814 
-0.98497 -0.552452 1.79921 
-1.1918 0.551958 1.01897 
-0.1842 0.138311 0.493946 
-0.418454 0.434395 0.406405 
1.6028 -1.87598 0.704794 
-0.133873 -0.0787414 0.0333867 
0.0154744 0.350675 0.406208 
1.53758 -1.96436 0.528897 
0.230471 0.217961 0.210495 
-0.39984 0.427977 0.401216 
-0.12277 -0.0804517 0.0299445 

-0.0918186 0.66628 0.37924 
-0.611309 0.261 0.742052 
2.39544 -2.15448 0.445672 
-0.0339056 0.896814 0.502777 
-0.699004 -0.241447 1.31427 
2.95818 -2.31971 1.08179 
0.495827 -0.394011 0.323514 
-0.738915 0.398677 0.643646 
0.181907 -0.281863 0.450886 
0.32293 -0.416007 0.535578 
-0.587693 0.334737 0.700023 
0.0165127 -0.284794 0.413881 
0.0333491 -0.417188 0.177106 
0.0794186 -0.0151896 0.203945 
0.25675 -0.507804 0.693599 
0.484304 -0.395498 0.378642 
0.197429 -0.237774 0.311251 
0.0513676 -0.444265 0.632943 
2.08299 -1.6796 0.381613 
0.221179 0.322439 0.0108656 
-0.0465823 0.663961 0.355968 
0.192573 -0.203936 0.46997 
-0.86121 0.206112 0.636515 
-0.33813 -0.342364 0.245921 
0.194843 0.116819 0.439985 
-0.0358297 0.261862 0.16083 
-0.585561 0.125183 0.731217 
-0.00338534 0.683577 0.363391 
-0.790453 0.294987 0.566976 
-0.0229286 -0.000146379 0.0730789 
-0.907957 -0.248128 0.61796 
0.271555 -0.375219 0.499675 
0.683711 0.532743 0.0818483 
1.39083 1.16009 0.260295 
-0.393649 0.116648 0.678143 
