0.994008 0.0602323 -0.0912198 0.635857 -0.0684553 0.993598 -0.0898749 0.0205367 0.0852225 0.0955808 0.991767 0.121454 0 0 0 1
0.999298 -0.0214874 -0.030699 -0.00100394 0.0228861 0.998681 0.0459616 0.00774879 0.0296709 -0.0466319 0.998471 -0.00369036 0 0 0 1
###
-0.487876 -0.0219486 0.648598 
-2.28226 0.773696 1.24359 
4.11296 -3.31763 4.36372 
8.0038 -8.9256 9.53917 
1.86207 -7.67934 14.1595 
9.56974 -10.4703 15.672 
-0.487876 -0.0219486 0.648598 
1.33102 -2.55321 0.440708 
-0.0933595 -0.0746352 0.311377 
-3.50748 -4.76547 1.87081 
-2.79201 -4.01386 2.71025 
-0.443598 -2.55481 4.70634 
-0.487142 -0.0200462 0.649179 
-2.25811 0.762247 1.21751 
-2.43596 -7.51019 5.09388 
7.14765 -7.88645 11.7524 
-2.52676 0.560273 0.586985 
-0.47393 -0.200318 0.735971 
-0.487142 -0.0200462 0.649179 
0.32589 -1.91397 0.406025 
-0.430575 0.32738 0.509863 
-0.75865 -1.58559 2.61658 
1.41698 -2.69038 0.456336 
2.29463 -2.64243 -0.0454016 
-2.29001 0.707817 1.05251 
-1.10713 0.619382 0.472931 
-0.0937168 -0.0749285 0.309386 
1.40693 -2.68499 0.45326 
-0.974039 -0.0772994 0.0496273 
-2.21616 0.8058 1.32182 
1.79524 -2.70748 1.03844 
-0.367926 0.294718 0.462958 
-2.39654 -7.09625 4.65525 
0.0916223 -0.316161 -0.0810003 
3.29536 -0.0441534 0.787046 
-3.33625 -4.41868 1.74542 
-2.83156 -4.65816 4.27539 
-2.93063 -4.91758 4.72513 
-0.746665 -1.56905 2.59636 
-2.24946 0.824705 1.35249 
-0.230773 0.19744 0.262279 
-0.0793511 -1.86384 0.573672 

0.168034 -0.118014 0.598546 
0.231027 -0.271236 0.222368 
0.114021 -0.804082 1.02317 
-0.606986 -1.98404 2.36827 
0.200728 -0.187304 0.0793697 
0.150022 -0.392428 0.51322 
0.173183 -0.0727866 0.166841 
0.0197336 -0.0177524 -4.39011e-06 
0.162841 0.0762089 0.202362 
-0.673568 -0.989722 0.845213 
-0.122613 -0.373331 0.45242 
0.230086 -1.27064 1.67943 
0.077589 0.132862 0.0339321 
0.175523 -0.159419 0.0517704 
0.18881 -0.297516 0.0354041 
0.0958818 -0.58454 0.738043 
0.126571 0.143718 0.0412371 
0.158743 0.0793005 0.374649 
-0.399566 -0.0787225 0.596809 
0.156754 -0.306575 0.0507407 
-0.0638021 0.200846 0.370706 
-0.127091 -0.244241 0.251701 
0.0190113 -0.0171052 0.000357781 
0.0240724 -0.0223403 -0.00990006 
0.130527 0.140826 0.0224175 
0.177703 0.0412308 0.229043 
0.165338 0.077286 0.205447 
0.236626 -0.284392 0.0749101 
0.11351 0.0709289 0.097497 
0.130274 0.152312 0.0514951 
0.163566 0.128388 0.367261 
0.184868 -0.281644 0.0436022 
0.154347 -0.242068 0.0342583 
-0.51039 -0.251197 0.753051 
-0.0648004 0.200338 0.370597 
0.0647144 -0.324869 0.431922 
0.507478 -0.501797 0.179295 
0.469939 -0.456207 0.0463076 
0.0976931 -0.10825 0.0716604 
-0.109052 0.201908 0.360796 
0.0862732 0.131712 0.0438139 
0.0430903 -0.13109 0.0196747 
