0.991835 0.00392064 -0.127466 0.0775544 -0.0333286 0.972758 -0.229415 -0.0806459 0.123094 0.23179 0.964946 0.00587126 0 0 0 1
1 0 0 0 0 1 0 0 0 0 1 0 0 0 0 1
###
1.7156 -1.60311 0.991688 
2.082 -7.95111 9.15962 
-0.651398 0.501365 0.730054 
-11.3555 -31.1667 34.2149 
0.267438 -3.07821 5.75036 
1.72185 -1.57212 0.990998 
1.0257 -3.28763 5.86659 
-0.515819 0.34031 0.0483113 
-0.276404 0.356364 0.511939 
0.433223 -5.75317 10.6467 
0.048138 -1.25571 0.658212 
0.0228594 -0.018517 0.438999 
-0.418479 -0.735513 0.941002 
0.644481 -2.64219 3.02239 
0.0228951 -0.0199073 0.445176 
-0.851718 -0.463195 1.59564 
2.07044 -0.0285014 0.450851 
1.32793 -1.5557 0.583605 
-0.53924 0.481805 0.664452 
-1.18461 0.375115 0.588546 
0.0918893 0.169922 0.324197 
-0.15383 0.410604 0.127861 
-0.895529 -0.501619 1.64145 
0.640585 0.491104 0.0536049 
-1.0566 -0.328761 1.33749 
0.0262174 0.190126 0.370689 
-0.0924117 0.242518 0.344959 
-0.752878 -4.42051 2.8215 
-0.102362 -1.0005 0.541711 
-1.40966 -0.243433 0.473887 

-0.0812201 0.562995 0.309507 
-0.549255 -0.654712 0.604735 
-0.276375 -0.280397 0.0667673 
0.404206 -0.363754 0.417903 
0.162863 -0.214314 0.298241 
-0.0697419 0.487614 0.266995 
3.06162 -2.38599 1.12822 
0.237054 0.260481 0.0177477 
-0.114863 0.483041 0.2982 
0.486583 -0.395629 0.380064 
0.0396788 -0.586757 0.203924 
-0.0761529 0.534794 0.299709 
0.166159 -0.251823 0.40849 
0.0999424 -0.603124 0.547387 
1.38362 1.10565 0.288545 
0.187573 0.114887 0.407392 
-0.0835219 0.395693 0.127647 
0.00100678 0.53087 0.290245 
-0.144897 0.612104 0.355169 
0.584781 0.44348 0.0518667 
0.0772358 -0.376967 0.342291 
-0.0951151 0.564205 0.32168 
0.165887 0.100379 0.375389 
0.000707897 0.539582 0.294269 
0.177483 0.265803 0.617722 
0.734348 0.610642 0.103722 
-0.030381 0.0433608 0.0495794 
0.138881 -0.612344 0.44214 
0.048426 -0.731053 0.25007 
-0.00631509 0.464626 0.257924 
