0.992781 0.0251287 -0.117282 0.0841497 -0.0455835 0.983488 -0.175138 -0.0321948 0.110945 0.17922 0.977533 0.00670993 0 0 0 1
1 0 0 0 0 1 0 0 0 0 1 0 0 0 0 1
###
0.0256369 -0.0214098 0.480032 
1.95509 -7.50856 8.6372 
0.709966 -0.763112 1.10328 
-0.692111 -1.80853 1.98072 
0.0553407 -1.23468 0.640118 
3.92535 -4.11627 5.88154 
3.68757 -6.33873 11.1903 
0.0221354 -0.022207 0.466747 
-1.03342 -2.15623 1.93882 
0.0148608 -0.504761 0.242286 
5.67388 -4.21465 4.39571 
0.261709 -0.0500608 0.237209 
1.57637 -1.85833 0.698064 
-0.647307 0.489797 0.716116 
-0.871161 -0.483913 1.6014 
0.270998 -0.05047 0.242903 
1.44526 -1.69354 0.634206 
-1.14292 0.487269 0.879749 
-0.0373552 0.361788 0.241688 
2.07441 -6.09408 11.0472 
0.108965 -0.294499 0.561933 
-0.31592 0.402622 0.34256 
-0.755837 -0.128268 0.239387 
-0.864995 -1.74038 1.54343 
1.38895 -1.8339 1.10213 
-0.775122 -3.13897 1.78463 
-1.1028 -0.343716 1.3984 
0.247152 -0.0511833 0.244395 
-1.15662 0.453278 0.768377 
0.971854 -2.95505 5.41707 
-0.68639 -2.30513 3.16404 
-0.708824 0.5316 0.776418 

0.073392 -0.0140075 0.186792 
-0.549255 -0.654712 0.604735 
-1.39028 -1.40244 0.904526 
0.135924 -0.147611 0.204213 
0.048426 -0.731053 0.25007 
-0.604361 -0.630509 0.400512 
-0.812288 -0.901919 0.822352 
0.14053 -0.0687832 0.359028 
0.218425 -0.540525 0.710486 
0.0430558 -0.637417 0.220596 
0.180092 -0.443515 0.623271 
-0.450371 0.244786 0.539348 
-0.00631509 0.464626 0.257924 
0.811252 0.733335 0.247657 
0.165887 0.100379 0.375389 
-0.418428 0.241577 0.50122 
-0.750502 0.295874 0.546579 
-0.247951 0.608057 0.373613 
0.135268 -0.674916 0.589198 
-0.714282 -0.744601 0.135333 
0.0354802 -0.574124 0.830128 
0.137266 -0.773972 0.637934 
0.808018 0.742251 0.248957 
0.0193599 -0.0205401 0.0485292 
2.77124 -2.48679 0.520598 
1.44298 -1.86008 0.663575 
-0.0590899 0.183726 0.381329 
-0.471737 0.151813 0.584188 
-0.0302498 0.493482 0.267481 
-0.401155 -0.431093 0.426075 
0.308164 -0.389764 0.508067 
-0.00580202 0.397273 0.101051 
