0.994343 0.0174788 -0.104771 0.631416 -0.0381483 0.979323 -0.198672 -0.0983895 0.0991324 0.201545 0.97445 0.138819 0 0 0 1
1 0 0 0 0 1 0 0 0 0 1 0 0 0 0 1
###
-1.96218 -2.45968 3.20512 
-0.470114 -0.0770209 0.712036 
2.45405 -11.7481 14.0614 
9.42791 -10.3263 15.4389 
-4.87557 -12.7053 14.4418 
1.72713 -2.66256 1.01963 
2.45405 -11.7481 14.0614 
0.0929285 -7.03043 3.61164 
7.15847 -7.90582 11.7617 
13.6937 -13.2552 8.68751 
1.78744 -2.72305 1.03721 
3.35487 1.23251 0.167725 
1.7838 -7.03953 13.1459 
-0.0933322 -0.0742426 0.307092 
2.99572 -0.0484928 0.715039 
-0.484175 -0.0196225 0.645341 
-2.53939 -0.610649 2.50495 
-1.86113 -7.4579 4.66215 
-2.10927 -3.12607 2.69775 
-0.16202 0.00180826 0.272727 
3.32615 -0.0452649 0.794231 
1.79618 -2.70797 1.03749 
-0.484175 -0.0196225 0.645341 
-0.306522 -0.109733 0.700995 
0.0887636 -7.30406 3.77544 
-2.42813 0.692531 0.924988 
0.59377 0.844691 0.009235 
0.520898 0.921451 0.225719 
-1.65623 -3.53698 4.96281 
0.0789531 -7.39432 3.8262 
-0.204715 0.141094 0.421913 
0.358168 -1.57741 2.94275 
-2.28714 -1.31221 0.666718 
-0.746248 0.696769 0.100896 

0.185881 -0.151761 0.001355 
0.0158867 -0.014016 0.00125782 
0.107842 -0.242209 0.277915 
0.0978856 -0.621577 0.786573 
0.0623583 -0.170306 0.219333 
0.478612 -0.482034 0.164714 
0.675828 -1.5122 1.78008 
0.136289 -0.380511 0.0576719 
0.214129 -0.303751 0.231477 
0.116867 0.136238 0.0381816 
-0.259828 -0.0220174 0.582384 
-0.326448 0.208769 0.540906 
0.4487 -0.958594 1.22089 
0.151274 0.0707808 0.187914 
-0.0617395 0.184101 0.342745 
-0.251895 -0.0697657 0.384546 
0.232178 0.0674536 0.0426317 
0.100917 -0.159107 0.0313419 
0.327672 -0.431747 0.311229 
-0.0571804 0.182731 0.337766 
-0.0754337 0.21352 0.396522 
0.0179725 -0.0166065 -0.00034247 
-0.0811329 0.171909 0.314186 
0.153709 -0.0890241 0.180659 
0.0428054 -0.172793 0.00628598 
0.12837 0.148217 0.0400503 
0.137775 0.107243 0.120613 
-0.14813 0.150126 0.18812 
-0.0759111 -0.411188 0.510774 
0.0261728 -0.116785 0.00464883 
-0.564323 0.223509 0.472988 
0.172817 0.0214264 0.221474 
0.18112 -0.0183549 0.154485 
0.119607 0.128855 0.0203421 
