0.995608 -0.0914331 -0.0201276 0.0350197 0.0913065 0.995797 -0.00712597 -0.00692932 0.0206945 0.00525689 0.999772 -0.0233496 0 0 0 1
0.999939 -0.0109779 0.00135582 0.00688411 0.0109772 0.99994 0.000493414 0.00310087 -0.00136116 -0.000478501 0.999999 0.00102335 0 0 0 1
###
-0.483443 0.116677 0.357374 
-0.409277 -0.95377 1.01474 
-0.0527852 0.37044 0.206625 
-0.293232 0.0641241 0.367121 
-1.55076 -1.58921 0.935454 
-1.36791 -1.36002 0.892027 
-1.45172 -1.49963 0.22841 
-1.28722 -1.41991 1.27748 
-0.218406 0.390661 0.25887 
-0.252079 0.0818842 0.313662 
0.41103 0.321887 0.0495795 
0.872424 -0.740646 0.360329 
3.62731 -2.84769 1.30839 
0.585125 -1.33986 1.77615 
0.135173 -0.777302 0.631416 
0.0223012 -0.523999 0.734738 
-0.0524504 0.0701621 0.056452 
-0.128932 0.0883133 0.339663 
-2.69507 -2.7566 0.938981 
0.102843 -1.04499 0.559131 
-0.249747 0.140721 0.297567 
1.30581 -1.04858 0.91866 
0.168459 -0.97063 0.61839 
0.210142 -1.01612 0.810432 
0.219901 -0.550126 0.753942 
0.956548 -0.765338 0.594783 
0.515152 0.467007 0.157532 
0.0445929 -0.0721412 0.118749 
-2.08087 -2.27771 2.09292 
0.117911 0.0247593 0.305614 
-0.13493 0.334246 0.192981 
-0.0719292 0.36712 0.208477 
-0.0497777 0.341001 0.188882 
-0.155816 0.381582 0.235109 
0.441585 -0.347244 0.204291 
0.054621 -0.0462267 0.0288563 
0.630724 -0.488622 0.37311 
0.319791 -0.2816 0.297483 
-0.182892 0.0460236 0.224516 
-2.02756 -2.08329 1.26597 
0.171233 -0.835725 0.451202 
-0.282995 -0.874511 1.15378 
0.0270979 -0.489872 0.699112 
0.509761 -0.415916 0.389047 
-0.225149 -0.681434 0.951133 
-0.16102 0.25677 0.233526 
-0.139493 0.0757941 0.34991 
0.0951226 -0.993876 0.498189 
-1.04666 -1.23929 1.11451 
-0.188139 -0.0604186 0.283428 
0.119655 0.0220908 0.310396 
-0.000824557 0.37477 0.203289 
0.12176 -0.00373854 0.321014 
0.0771877 -0.560999 0.795272 
-0.2371 0.139119 0.284766 
0.277043 -0.556935 0.761564 
0.999503 -0.932961 1.01208 

-0.105942 0.099704 0.37636 
6.03815 -6.17495 8.84227 
-0.827186 0.320249 0.543661 
-0.11578 0.0864395 0.310495 
-0.322325 -5.0176 8.54066 
-0.0231489 -0.223122 0.351918 
0.766888 -2.31525 4.24892 
-0.858601 -1.79222 1.40007 
-0.913049 0.288747 0.453559 
0.227011 -0.0113098 0.399115 
-0.918001 0.289612 0.456189 
0.0426775 0.146573 0.273997 
2.86915 -8.29008 15.0986 
-1.00945 -1.89505 1.35021 
-0.433067 -2.86838 1.68117 
0.03296 -1.54128 2.6797 
-0.0933073 0.0501354 0.355629 
-0.163127 -0.0345719 0.0469937 
-0.0379952 -0.209697 0.320598 
-0.0173356 -1.124 0.564567 
0.194279 -0.0360788 0.173886 
0.38346 -4.7585 8.83934 
-1.1634 -6.85036 4.33556 
-0.311074 -1.22698 0.801712 
-0.84784 -1.77102 1.54746 
-0.103428 -0.216509 0.200514 
-0.464342 0.351297 0.513364 
-0.538391 -1.51157 1.85189 
1.45659 -4.58064 8.2177 
2.29374 -1.12205 1.23356 
5.59158 -5.18937 3.22556 
0.0185085 0.256412 0.291346 
-0.82911 0.324992 0.554164 
-0.8222 0.350598 0.631789 
0.0975996 -0.449363 0.807431 
0.0228531 -0.0371237 0.339032 
-1.57387 -3.32411 4.08376 
-0.0461791 -0.114651 0.141332 
-0.114058 0.087429 0.315407 
-0.55008 -3.14434 4.90235 
-0.132988 -2.09896 1.23646 
-0.831086 0.32189 0.545966 
-0.889047 -1.85839 1.65815 
6.11507 -6.32578 9.09789 
-0.826128 0.353595 0.640947 
-1.08043 0.1144 0.370349 
-0.622419 0.353733 0.428684 
0.033172 -0.862641 0.454812 
2.94269 -11.0599 12.817 
-0.773324 0.358012 0.660115 
0.0136613 -0.0393459 0.355781 
1.0157 -1.19185 0.448617 
0.537434 -0.313499 0.0517999 
-4.23215 -9.52753 9.05453 
0.193412 -0.0358449 0.172033 
-0.0779574 -0.160313 0.150773 
0.963586 -1.23388 0.333311 
