0.998324 -0.0567407 -0.0113937 0.0287744 0.0563021 0.997775 -0.0356948 -0.00693784 0.0133937 0.0349935 0.999298 -0.0242072 0 0 0 1
0.999938 -0.0110885 0.00130515 0.00709331 0.0110877 0.999938 0.000644793 0.00313622 -0.00131222 -0.000630281 0.999999 0.00107753 0 0 0 1
###
-1.27857 -1.31878 0.211719 
-0.504079 0.12156 0.372757 
0.0254768 -0.580643 0.816597 
0.475977 -0.618504 0.789143 
0.514994 0.409725 0.0894279 
0.221025 -0.179215 0.167151 
0.135609 -0.777702 0.634377 
-0.309224 0.0674522 0.387932 
-1.29309 -1.32581 0.788729 
-1.05816 -1.05295 0.696619 
-1.30446 -1.43848 1.29738 
0.323485 0.269761 0.0437883 
-0.336522 -0.917058 1.03268 
0.200127 -0.859499 0.688061 
0.0254768 -0.580643 0.816597 
-0.0706454 0.414117 0.230782 
0.0797142 -0.646692 0.811479 
0.0833672 -0.763506 1.07358 
-0.578161 -0.565167 0.101208 
-1.58296 -1.602 0.337075 
0.15303 -0.824589 0.55301 
-0.308952 -1.01619 1.38339 
0.541164 -1.24122 1.65107 
-0.298295 0.129422 0.364791 
0.63335 0.482079 0.0566544 
-0.00424689 0.366273 0.200825 
0.134942 -0.155845 0.366696 
-1.52231 -1.66532 1.53801 
-0.5124 -0.613539 0.700201 
3.42352 -2.68543 1.24298 
0.0990334 -0.680021 0.948086 
0.116726 -0.722396 0.645155 
0.509289 -0.329979 0.0619077 
-0.166576 0.407725 0.250911 
0.405694 0.317842 0.0494572 
0.573279 0.480762 0.0814334 
-0.0131832 -0.00982878 0.0265765 
-0.211722 0.392887 0.239507 
0.547699 0.495849 0.167299 
0.302871 -0.267528 0.283968 
0.668166 0.520931 0.108421 
-0.141243 0.0674397 0.347479 
0.489975 0.376547 0.0579373 
0.103628 -1.06292 0.563815 
-0.318107 -0.870625 1.01052 
0.71376 -0.594395 0.578729 
-0.000525166 0.404097 0.218928 
-0.00525814 -0.00836517 0.0390055 
0.0851295 0.111662 0.274806 
-0.284351 0.163306 0.341508 
0.144892 -0.0532814 0.361437 
-0.238514 -0.723925 1.01413 
0.201473 -0.495351 0.679835 
-0.0667976 0.392627 0.224123 
-0.251284 0.146391 0.302184 
0.00379109 -0.0153261 0.0298552 
0.0181788 0.405916 0.218663 
-0.196622 -0.158506 0.410779 
-1.62105 -1.65619 1.01443 
-0.182367 -0.00951465 0.391477 
0.129838 -0.0921953 0.332097 
-0.828831 -0.980133 0.887765 
0.276429 -0.553713 0.760882 
0.0987588 -0.134353 0.191574 
-0.000236712 0.387631 0.211128 
0.372741 -0.287554 0.178992 
-0.0744969 0.152033 0.33474 
0.129134 -0.00490244 0.341307 

2.80396 -8.11248 14.7688 
-0.0912551 0.0355491 0.384967 
0.0337267 -1.5851 2.75489 
-0.0703099 -0.13938 0.12542 
0.0250322 -0.0383936 0.344756 
0.393014 -4.47656 8.34253 
-0.44892 -2.97212 1.74148 
-0.118696 0.0886173 0.318246 
-0.0390358 -0.21495 0.328564 
-0.0237829 -0.229032 0.361207 
3.61222 -6.19049 10.9398 
-0.944243 0.298312 0.469963 
5.81298 -6.01981 8.6522 
-0.321549 -1.2679 0.828274 
-1.06904 -1.9627 1.32077 
-0.852329 0.333902 0.565996 
0.622828 -1.61737 0.288542 
-0.912055 -1.90607 1.70041 
-0.095674 0.0514077 0.36457 
-0.428562 0.382668 0.527651 
-0.673495 -4.00409 2.47316 
-0.228782 -0.349291 0.118309 
-0.943879 -1.99629 1.70948 
0.906403 -4.9466 2.26906 
0.153394 0.103327 0.173303 
-0.792039 0.366748 0.676154 
-0.621711 -1.11206 1.43866 
1.39697 -4.40465 7.89746 
-11.2366 -30.8881 33.9085 
0.789506 -2.38504 4.37502 
-1.03975 -1.95148 1.39012 
-0.382555 -2.54479 1.49186 
-0.847516 0.32822 0.557091 
-0.824421 0.216548 0.288968 
0.133766 0.0893992 0.158716 
-0.16704 0.275969 0.334362 
1.34417 -1.58294 0.599796 
0.0186541 -0.0144898 0.351448 
-0.614827 -1.10631 1.49301 
-0.555113 -1.55829 1.90869 
-0.850252 0.333447 0.568425 
-0.191934 -0.0323056 0.0613177 
0.131133 0.273864 0.259127 
-0.0179195 -1.15555 0.580171 
10.1301 -7.87352 10.7273 
-4.17046 -9.38302 8.91409 
0.181521 0.0635264 0.155988 
-1.6102 -3.40017 4.17652 
-0.834324 -0.259725 1.05607 
0.198137 -0.0367506 0.176242 
2.71229 -1.15706 1.30287 
-1.07456 -1.70955 0.639825 
5.88203 -4.33629 4.55359 
-0.121871 0.325184 0.10127 
0.199032 -0.0369902 0.178146 
0.407899 -0.821593 0.16938 
0.0251411 0.0258275 0.361504 
-0.651496 -0.236276 0.909143 
6.05098 -6.19321 8.86234 
-0.533373 -0.697118 1.10768 
0.166971 -0.0394233 0.209096 
2.7091 -10.2 11.8049 
1.10402 -1.30497 0.493271 
0.989157 -1.26709 0.341936 
1.01607 -1.19413 0.450237 
0.100199 -0.461584 0.829169 
0.124207 0.265487 0.0961317 
0.554763 -0.323626 0.0533941 
