0.294352 -0.167345 -0.940932 0.00572 0.115509 0.983562 -0.138792 0.00598296 0.948691 -0.0678319 0.308843 -0.0263007 0 0 0 1
0.999461 -0.0126486 -0.0302959 0.0401043 0.0129321 0.999874 0.00918085 -0.003671 0.030176 -0.00956769 0.999499 0.00340677 0 0 0 1
###
0.110355 0.118401 0.0183171 
0.411553 -0.531292 -0.374308 
0.483956 -1.03504 1.322 
0.113329 0.127535 0.0238706 
0.270137 -0.324383 0.0846659 
0.105244 0.136168 0.0736521 
0.607366 -0.598974 0.213909 
0.0977463 -0.118855 -0.075685 
0.111323 0.12668 0.0358881 
0.126631 -0.909359 1.158 
0.131438 -0.153178 -0.0939741 
0.292467 -1.77247 2.31317 
0.364396 -0.379827 0.274895 
-0.0370613 -0.199019 0.243941 
0.147134 0.0188491 0.191775 
0.134187 0.0831794 0.318291 
0.12867 -0.0757067 -0.000333288 
0.247603 -0.369725 0.07147 
0.143239 0.113714 -0.157417 
0.10551 0.121027 0.0351519 
0.342271 -0.450252 0.324959 
0.13887 0.10561 0.330129 
0.395129 -0.501077 0.46983 
0.134227 -0.210706 0.287001 
0.222526 -1.24077 1.63766 
0.133061 -0.1608 -0.104669 
0.253593 -0.238804 0.079287 
0.057371 0.0633498 -0.0716981 
0.137169 0.107336 0.308319 
0.109452 0.14181 0.0902928 
0.147925 0.000390004 -0.0115517 
0.12797 -0.00311472 0.121842 
-0.0517284 -0.214403 0.258804 
-0.117687 -0.490257 0.588482 
0.388384 -0.689167 -0.543339 
0.169227 0.12728 -0.158616 
0.111889 0.130284 0.0398989 
0.0933158 -0.0834197 -0.0207018 
0.0691195 0.122766 0.00516988 
0.22336 -0.236696 0.235977 
0.111261 0.130713 0.0440061 
0.145375 0.00277495 -0.0142884 
0.330821 -0.581374 -0.461432 
0.141995 0.0666112 0.176107 
0.138799 -0.0324017 -0.00289127 
0.194306 -0.304272 0.0584665 
-0.0315592 -0.17662 0.144781 
0.109641 0.128448 0.0441916 
0.0962194 -0.136187 0.187108 
0.0307048 -0.339493 0.424798 
0.15377 0.0208556 0.197829 
0.150196 -0.0578905 -0.000538951 
0.153549 -0.0490567 -0.00339547 
0.0282334 -0.0172159 0.00560757 
0.0815937 -0.0700115 -0.0149917 
0.134155 -0.0987605 0.00209584 
0.152506 -0.0283263 -0.0059329 
0.0585401 -0.378798 0.047541 
-0.109751 -0.580059 0.723672 
0.156582 0.0216966 0.00181081 
0.208131 -0.194516 0.0820865 
0.378586 -0.390579 0.292051 
0.193579 -0.2628 0.0513079 
0.0413535 0.0391946 -0.0284374 
0.174706 0.143422 -0.125042 
0.110333 0.125501 0.0247337 
0.14951 0.121697 -0.163203 
0.122065 0.161513 0.160308 
0.0404415 -0.0327676 -0.00548491 
0.135108 -0.0479263 0.000597851 
0.300556 -0.284418 0.0972873 
0.116431 0.126408 0.0154731 
0.200427 -0.191392 0.11874 
0.139029 -0.0983111 0.493427 
-0.0106877 -0.10549 0.0962821 
0.231575 -0.301403 0.0538868 
0.151119 -0.0034294 -0.0122077 
0.061751 0.120361 -0.000401365 
0.201019 0.0111127 0.152293 
0.153144 0.125848 -0.0835257 
0.023473 -0.0158926 0.00997543 

3.78803 1.39373 0.477491 
-0.434146 -2.49271 4.58482 
-2.57707 -3.69195 2.49359 
0.470335 0.90529 0.733924 
1.37334 -2.62063 0.441856 
3.42983 1.48851 0.937287 
-2.65754 -4.32792 3.96374 
-0.0907071 -0.233415 0.444985 
-2.14139 0.779185 1.27698 
4.2238 -3.40877 4.47996 
-1.95565 -4.02883 5.3475 
-0.769325 -1.4794 1.98865 
2.21756 -1.66763 0.885085 
0.109039 0.450664 0.463397 
-2.93682 -1.49679 0.355572 
0.173055 0.129438 0.683912 
-1.69795 -2.03237 2.72977 
2.91338 -13.6326 15.7675 
0.163021 0.18135 0.630284 
1.76245 -2.65711 1.01851 
7.18308 -7.89959 11.768 
-0.744743 0.193083 0.573966 
-4.07432 -5.90517 3.94809 
-5.74573 -15.1057 17.1775 
-2.02458 -2.99103 2.59538 
-0.109031 -0.658927 1.21884 
-2.81924 -4.15452 3.02518 
0.510641 -0.716153 -0.0126406 
1.63361 -2.46731 0.956206 
-0.420232 -0.10976 0.635532 
-1.91274 -0.72375 2.43443 
-2.17413 0.797543 1.30698 
-0.153591 0.397987 0.175502 
0.0364597 0.353404 0.541875 
2.13877 -8.12984 15.1906 
-0.093997 0.352101 0.241417 
-0.025937 0.151037 0.656448 
-0.703979 -1.33394 1.8095 
-0.749339 0.195124 0.571884 
4.35139 -3.43174 4.52902 
-0.152588 0.40212 0.177073 
-1.86432 -0.67536 2.4146 
1.77141 -6.97768 13.0365 
-0.592931 0.0902603 0.7154 
-0.129063 0.305914 0.210214 
-2.58414 -7.45058 4.55752 
-1.31695 -2.21345 0.0108029 
-0.0325459 0.139213 0.60338 
-1.08361 -1.48227 1.8059 
-4.59595 -7.56969 1.99672 
-0.646793 0.211003 0.48001 
-0.0427034 0.0196165 0.502327 
-0.159889 0.00600502 0.278365 
-2.52561 -3.59828 2.46022 
-0.541669 -0.856209 0.821134 
-1.69817 -2.01957 2.73723 
5.00506 -2.33123 2.73108 
0.652863 -6.51864 3.0356 
-1.83698 -2.26644 2.95572 
-1.64263 -0.314896 1.29963 
-2.64601 -3.7744 2.58886 
-3.57117 -4.80523 1.84418 
-0.357707 0.571271 0.182608 
-0.14541 -0.003343 0.279089 
3.9903 1.51561 0.745053 
-0.00625516 0.215068 0.646324 
-0.0566169 0.276223 0.552652 
-0.728253 0.238176 0.552472 
-0.523001 -3.76191 6.6206 
-0.0260204 -0.00937779 0.776968 
-2.79658 -4.11264 2.96787 
3.01834 -0.044256 0.723594 
-1.39355 -2.99878 4.35811 
-0.479531 0.0127538 0.623858 
-0.587306 -0.988155 0.00673905 
-1.59252 -6.42496 3.9501 
0.522268 0.923534 0.385831 
-0.0449256 0.0205502 0.509388 
-2.40004 -0.216955 0.530915 
-2.42335 0.627203 0.83776 
-2.75982 -4.05039 2.96888 
