0.99399 -0.0265532 -0.106206 0.601342 -0.00915422 0.946582 -0.322335 -0.545481 0.109092 0.321369 0.940649 0.126908 0 0 0 1
1 0 0 0 0 1 0 0 0 0 1 0 0 0 0 1
###
3.0817 -0.0830917 0.752768 
-0.346229 0.582134 -0.0381458 
-1.66854 -1.14904 2.14723 
-2.42185 -7.48113 5.0719 
-1.14723 -4.24959 7.26615 
-0.0832422 -1.7225 2.29183 
-0.500619 0.614273 -0.202835 
2.95201 -13.8004 15.9531 
1.43472 -2.91238 1.54172 
-2.33745 -3.7187 3.14229 
1.43472 -2.91238 1.54172 
1.34738 -2.78704 1.47303 
-2.44264 -0.643134 1.33017 
-1.22182 -4.06921 6.81829 
-0.472217 -5.68342 3.13944 
1.29867 -2.72412 1.44952 

-0.469021 -0.152529 0.44375 
-0.20657 -0.0626207 0.553297 
0.135015 -0.0796662 0.00388567 
0.224633 -0.355746 0.0411285 
0.131438 -0.153178 -0.0939741 
0.113192 -0.255006 0.292725 
0.140691 -0.048217 0.000374921 
0.29565 -0.44712 0.0841832 
0.316966 -0.369645 0.054082 
0.183607 -0.17266 0.0963992 
0.19862 -0.303285 0.0461523 
0.275436 -0.338995 0.0520419 
0.186393 0.0587347 0.0594682 
0.292467 -1.77247 2.31317 
0.0252504 -0.116477 0.00382797 
0.203413 -0.270717 0.048494 
