0.273252 -0.221405 -0.936116 0.00925519 0.18598 0.96695 -0.17441 0.00222656 0.943793 -0.126441 0.305398 -0.0271518 0 0 0 1
0.999461 -0.0126807 -0.0302653 0.039706 0.0129689 0.999872 0.00934639 -0.00368879 0.0301429 -0.00973386 0.999498 0.00343328 0 0 0 1
###
0.149739 0.0347255 0.19272 
0.110164 0.125513 0.0354255 
0.209407 -0.333478 0.0385809 
0.144532 -0.0846201 0.00370455 
0.122931 0.133874 0.035062 
0.112878 0.127261 0.023745 
0.347702 -0.457994 0.330922 
0.105132 0.136437 0.0735132 
0.115641 -0.846972 1.07717 
0.207031 -1.16902 1.54139 
-0.0206355 -0.161041 0.211756 
0.0809768 0.055829 -0.0899621 
0.151129 0.00282758 -0.0138452 
0.143425 -0.0591714 0.000354397 
0.146726 -0.152852 -0.0720759 
0.117021 0.124415 0.0211229 
0.12469 0.0239267 0.0130527 
0.185154 -0.173027 -0.0416764 
0.170648 0.0329074 0.10784 
0.2166 -0.330955 0.0500741 
0.345681 -0.360399 0.261013 
0.0612354 0.0544361 0.025355 
0.14214 0.0181518 0.184982 
-0.0886844 -0.339458 0.414169 
0.807615 -0.782428 0.0790732 
0.163611 0.046633 0.0776706 
0.255815 -0.236573 -0.0214554 
0.345681 -0.360399 0.261013 
0.110944 0.129388 0.0394951 
0.227427 -0.253415 0.235778 
0.115063 0.125715 0.0164745 
0.433891 -0.764242 -0.610918 
0.11109 0.0160639 0.00771878 
0.0592327 -0.0465627 -0.00923947 
0.0910675 -0.592703 0.750131 
0.204506 0.159643 -0.198943 
0.176564 -0.159675 -0.0129582 
0.117698 -0.104033 -0.0166003 
0.291148 -0.274313 0.0386484 
0.146752 -0.205228 -0.146322 
0.428476 -0.754727 -0.596858 
0.274179 -0.258191 0.0859208 
0.131255 -0.00235937 0.125647 
0.0988146 0.162677 0.200827 
0.0309454 -0.0159086 0.0081541 
0.130195 -0.304643 0.0195041 
0.163151 0.134065 -0.179874 
0.106336 0.137344 0.0872573 
0.0886639 -0.0887696 -0.0441647 
0.0438006 -0.0346379 -0.00610855 
0.097338 0.0149484 0.0111342 
0.10471 0.128925 0.0553977 
0.0485737 -0.522806 0.649145 
0.151615 -0.110203 0.000262366 
0.0802931 0.12739 0.0415316 
0.17854 0.147474 -0.12757 
0.133937 -0.120089 -0.0230991 
0.114221 0.131682 0.0407524 
0.0361611 -0.0218384 0.00435417 
0.030993 -0.01599 0.00812167 
0.331823 -0.310023 0.0151672 
0.367959 -0.466008 0.323929 
0.100105 0.100782 0.00881927 
0.21132 -0.333854 0.0639059 
0.171972 0.140687 -0.121448 
0.13764 -0.00877815 0.139786 
0.138302 0.0664293 0.17006 
0.116487 0.126915 0.0154369 
0.233698 -0.233853 -0.0921908 
0.221045 -0.23452 -0.123517 
0.140843 0.128559 -0.00475957 
0.137446 0.109098 -0.0758299 
0.0252428 -0.0368187 -0.00322909 
0.113787 0.132623 0.0517408 
0.314079 -0.301535 0.103139 
0.169536 -0.47176 -0.3598 
0.0272631 -0.0202826 0.0036018 
0.110445 -0.106151 -0.0460075 
0.119914 0.128733 0.00895832 
-0.0918667 -0.607246 0.757371 

-2.92212 -1.48942 0.353914 
-0.183819 0.112032 0.253338 
-2.42185 -7.48113 5.0719 
-1.8216 -2.24817 2.9307 
-0.176871 0.231974 0.240928 
-0.615569 0.0853386 0.670026 
0.672195 -0.702871 1.08657 
3.36178 1.45907 0.919009 
9.18309 -10.0729 15.0307 
-0.430184 -2.47208 4.54344 
0.0397204 0.358559 0.562785 
-2.40737 0.620044 0.83699 
-1.85372 -0.679111 2.39318 
-1.54674 -1.45786 2.23146 
-0.697668 -1.32218 1.79293 
3.71931 1.36858 0.468752 
-2.22291 -0.446936 1.70758 
-0.605887 -2.91583 5.24264 
-2.37937 -0.214721 0.526568 
-0.231617 -1.52724 0.777269 
-4.04765 -5.44332 1.57335 
0.23265 0.391428 0.505757 
-2.7824 -1.42268 0.352322 
0.0361074 0.349911 0.536577 
-2.73825 -4.01908 2.94479 
-2.4438 -0.649604 1.33053 
-1.00961 -2.02635 2.74242 
-3.70935 -5.02488 1.92271 
-0.151085 0.398217 0.175341 
-3.69369 -4.97395 1.88803 
0.229828 0.387483 0.500564 
1.75874 -6.9298 12.9375 
-2.41157 -0.580284 2.37951 
-0.108051 -0.652889 1.20712 
4.22997 -3.41404 4.48349 
0.061157 0.360505 0.642516 
-4.06933 -5.89865 3.94257 
-0.537256 -0.849294 0.814329 
-2.36086 -3.73127 3.38828 
-0.0898431 -0.231195 0.440596 
2.00435 -8.17184 15.0976 
-6.31459 -10.2479 8.24076 
-0.15086 0.393611 0.172667 
-0.0233243 0.195222 0.607173 
-1.02334 -4.71534 8.19358 
-0.924883 -6.31611 3.77804 
-0.669319 0.213817 0.550539 
-0.0282642 0.144709 0.588944 
-0.762694 -1.4668 1.97127 
-1.99959 -2.8748 1.98689 
-4.75368 -1.07203 4.34847 
-0.467954 -0.0198941 0.62543 
-4.58117 -7.54598 1.98894 
-1.68226 -2.00089 2.70962 
-0.0952391 -0.0761658 0.313361 
-2.20224 0.681851 1.01232 
4.32501 -3.41244 4.49985 
0.244056 0.136443 0.593482 
7.07768 -7.81649 11.6113 
-2.55746 -3.66406 2.47385 
-2.95117 -4.62474 3.89717 
-5.27822 -8.3252 2.87394 
-0.588584 0.0877828 0.706563 
-2.5661 -7.39855 4.52394 
-0.680112 0.0844277 0.750688 
1.82799 -0.818358 0.424115 
-0.0906975 -0.0717403 0.292281 
1.60561 -2.42646 0.941781 
-4.0846 -6.67226 6.17182 
-5.79165 -15.2378 17.321 
3.90779 1.48444 0.729734 
2.24571 1.6143 1.9962 
0.317749 -0.40282 -0.0158275 
-0.183872 0.108984 0.252922 
-2.77498 -4.08117 2.94403 
1.42083 -2.55472 1.5491 
1.43472 -2.91238 1.54172 
0.890327 -0.941817 1.48937 
-0.660493 0.206456 0.597994 
2.55586 -12.1766 14.5952 
