0.99255 -0.0235209 -0.119545 0.621016 -0.0104548 0.961127 -0.275908 -0.250539 0.121388 0.275102 0.953721 0.143983 0 0 0 1
1 0 0 0 0 1 0 0 0 0 1 0 0 0 0 1
###
1.77741 -7.01128 13.0942 
6.46363 -2.64904 1.43321 
4.88809 -4.18442 1.2313 
-1.91618 -2.39585 3.12386 
-2.4499 0.630132 0.851218 
-1.90675 -3.50288 4.12633 
7.021 -7.75438 11.5339 
-2.24258 0.69373 1.03054 
2.93273 -0.0486287 0.70109 
3.48084 1.26864 0.171292 
-0.431498 0.162398 0.614583 
-2.47631 -7.64937 5.19382 
-0.192976 0.300233 0.209034 
-0.833448 0.703486 0.188772 
-0.372007 0.433837 0.319445 
-0.359918 0.288653 0.453047 
-0.75536 0.191112 0.596653 
-1.81983 -7.28681 4.55397 
-1.2162 -4.54612 7.84505 
3.02616 -0.0445265 0.723868 

0.200417 -0.18673 0.0798228 
0.194811 -0.302084 0.0465752 
0.0171335 -0.0158729 -0.00039546 
-0.081843 -0.438333 0.544948 
0.10975 0.133342 0.0721802 
0.0606206 -0.165782 0.213647 
0.343234 -0.429304 0.298392 
0.371307 -0.387531 0.280608 
-0.057863 0.172331 0.321012 
-0.298244 0.190541 0.494354 
0.120949 0.128353 0.0216695 
0.210161 -0.332653 0.0387866 
0.111998 0.130294 0.0401557 
0.136739 0.115727 0.2235 
-0.0573707 0.174098 0.323029 
0.258472 -0.396368 0.0624467 
0.141594 0.104338 0.241416 
0.156387 -0.296257 0.0342851 
0.293936 -1.77822 2.32045 
0.113851 0.133126 0.044791 
