0.999709 -0.0208691 0.0120828 0.0212763 0.0216427 0.997458 -0.0678958 -0.00443078 -0.0106352 0.0681375 0.997619 -0.0248273 0 0 0 1
0.999937 -0.0111549 0.001561 0.00784466 0.0111533 0.999937 0.000997525 0.00339771 -0.00157203 -0.000980051 0.999998 0.00128117 0 0 0 1
###
-0.00675354 0.398377 0.218421 
0.30805 -0.618175 0.837302 
-0.581213 0.139869 0.428936 
0.242352 -0.196845 0.183228 
-0.893161 -0.916997 0.553679 
0.0317611 -0.257162 0.234236 
-0.344696 -1.13416 1.54906 
-0.324115 0.0705469 0.407716 
0.030621 -0.22866 0.174647 
-0.291257 -0.797723 0.906627 
3.32363 -2.60475 1.21245 
0.817131 -0.643444 0.337707 
0.208156 -0.891487 0.716285 
-0.287655 0.0928808 0.359054 
0.0837049 -0.759708 1.07287 
0.547303 0.434457 0.0943107 
0.61548 0.468086 0.0512889 
-0.0568665 0.399567 0.223397 
0.10794 -0.728826 0.81813 
-0.324115 0.0705469 0.407716 
0.0253501 -0.563508 0.797112 
-0.416611 0.149278 0.3013 
0.129443 -0.147081 0.354269 
-0.00399637 0.364476 0.200802 
0.187954 -0.116747 0.0502762 
-0.559723 -0.54841 0.100845 
-0.0586839 0.407842 0.225822 
0.799018 -0.613579 0.376414 
0.0822125 -0.612254 0.861557 
-1.39619 -1.42977 0.316076 
0.244178 -0.609607 0.840009 
-0.0106249 -0.00292361 0.0263326 
0.125059 -0.794979 0.530897 
0.160312 -0.368265 0.523801 
0.4969 0.380694 0.0590081 
-0.141692 0.0671953 0.350713 
0.143182 0.0887021 0.325636 
0.145884 0.0116873 0.357515 
0.103 -0.0682542 0.28647 
-0.382063 -0.620356 0.877849 
0.209391 -0.163 0.128649 
0.0798408 -0.566265 0.802374 
-0.324879 0.186417 0.389654 
0.185413 -0.896538 0.484768 
-0.000331929 0.419984 0.22782 
0.181457 -0.277131 0.440201 
0.0757279 0.44518 0.27617 
0.488454 -0.396876 0.377218 
0.0167431 -0.0294009 0.0619254 
-0.0703274 0.413975 0.236266 
0.00106176 -0.122141 0.0873997 
0.146728 -0.161924 0.213873 
-0.0289757 0.401402 0.215403 
0.000928621 0.173705 0.106927 
0.0588666 -0.695835 0.343216 
-0.278368 0.46098 0.405728 
0.324336 -0.257253 0.223127 
-0.512839 0.277025 0.445291 
-0.206001 0.227163 0.317623 
0.258531 -0.516382 0.714026 
-0.603292 -0.16064 0.412378 

1.23598 -1.46134 0.551327 
8.1637 -5.89855 5.13829 
-0.121049 0.113871 0.429822 
-0.0265868 -0.255172 0.402219 
-0.04356 -0.239227 0.365427 
-0.512007 -3.3898 1.98521 
-0.254209 -0.387868 0.13109 
-0.132989 0.0994884 0.356727 
-0.963752 -5.57189 3.5526 
4.39428 -4.58172 6.56785 
2.57798 -7.49134 13.6371 
1.02953 -3.28425 5.86252 
-0.364201 -1.43601 0.93778 
0.261057 -0.0130959 0.458924 
0.0371146 -1.78312 3.09704 
1.82268 -0.0356075 0.404585 
-1.04389 0.330468 0.518406 
-0.883021 0.408887 0.75361 
0.542664 -1.26213 1.03391 
-0.13026 0.0998347 0.359976 
-1.23001 -2.25825 1.51895 
-0.129364 0.0961771 0.364758 
-0.698584 -1.24927 1.61546 
1.17169 -1.37543 0.516169 
-0.94634 0.366594 0.621879 
-0.106616 0.0572651 0.406107 
-0.928266 0.363832 0.621124 
0.111746 -0.515629 0.925797 
-0.93666 -1.94608 1.72094 
-0.477989 0.426908 0.588448 
-0.0789116 -0.156446 0.140748 
-0.947787 0.403986 0.735047 
-0.278565 -1.15077 0.750691 
-1.46055 -2.75431 1.96269 
0.14635 0.305582 0.289183 
-0.218126 -0.0366176 0.069658 
-0.785607 -0.440122 1.43848 
0.0205416 -0.0161895 0.390355 
-0.615225 -0.804193 1.27756 
-0.427988 -0.763493 0.986077 
-0.556493 -1.15036 1.40421 
-4.00674 -8.99813 8.53838 
0.220804 -0.0409473 0.196375 
-0.157686 -2.48526 1.4628 
1.81246 -0.0186976 0.394448 
-0.77899 -1.65597 2.014 
-0.91916 0.241618 0.321955 
-11.0136 -31.072 34.0392 
-0.12114 -0.253647 0.234873 
-0.135484 0.36162 0.112597 
-0.0202051 -1.29207 0.648129 
-0.62332 -1.74838 2.1401 
0.0276612 -0.114315 0.427075 
0.0280636 0.0288237 0.403645 
0.152944 -1.19491 0.572594 
0.202091 0.0694425 0.167159 
-0.0910029 -0.187151 0.176026 
-0.129389 0.0987408 0.360298 
-0.730971 -0.264934 1.01983 
-1.21175 -1.92749 0.720485 
0.0215084 -0.0174864 0.394466 
