0.991311 -0.0413487 -0.124874 0.0631936 -0.000311547 0.94857 -0.316568 -0.193945 0.131541 0.313856 0.940314 -0.00141355 0 0 0 1
1 0 0 0 0 1 0 0 0 0 1 0 0 0 0 1
###
2.7091 -10.2 11.8049 
0.161681 0.140261 0.135938 
-0.320689 -4.97547 8.4703 
-0.944243 0.298312 0.469963 
-0.737979 -0.323635 1.18604 
-1.13702 -4.80363 3.21646 
-0.296611 -3.69697 6.30619 
3.30861 -12.8193 15.0095 
-0.156609 0.302163 0.0277058 
0.0297613 0.300528 0.0215517 
0.0435409 0.150956 0.278776 
-0.195757 0.328471 0.152998 
-0.852329 0.333902 0.565996 
-0.687539 -0.383583 1.25977 
-0.616946 -1.11955 1.50396 
-1.77474 -3.86278 2.67411 
-0.673495 -4.00409 2.47316 
-0.920986 0.253157 0.322272 

-1.236 -1.46456 1.31935 
-1.02458 0.516344 0.528411 
0.485123 -0.375615 0.294613 
0.388853 0.583293 0.292858 
-0.269243 -0.173676 0.453016 
0.200127 -0.859499 0.688061 
0.0833672 -0.763506 1.07358 
0.217695 -0.719563 0.801152 
0.53091 0.451242 0.114124 
0.588175 0.487956 0.16502 
-0.0667976 0.392627 0.224123 
-0.184919 0.29025 0.269657 
0.0713391 0.420069 0.260711 
0.139586 0.086467 0.315631 
0.676197 0.514241 0.183024 
0.121907 -0.792689 0.92649 
0.155872 -0.831609 0.567568 
0.157562 0.442965 0.251638 
