0.277086 -0.253398 -0.926829 0.0148817 0.212753 0.956835 -0.197997 0.00132939 0.936995 -0.142324 0.319037 -0.0276156 0 0 0 1
0.99946 -0.0126746 -0.0303039 0.0397249 0.0129633 0.999872 0.00935041 -0.00369273 0.0301815 -0.00973821 0.999497 0.00344405 0 0 0 1
###
0.0506491 0.027028 -0.0202981 
0.132088 0.111372 -0.16234 
0.120533 0.0597551 0.284965 
0.118044 -0.103158 -0.0171889 
0.223525 -0.356983 0.0411386 
0.296103 -0.27668 0.011034 
0.267338 -0.251011 -0.0229696 
0.112087 0.126804 0.0236056 
0.109222 0.118174 0.0179748 
0.146887 0.0224035 0.0976352 
0.108663 0.124203 0.0349257 
0.136026 0.0174169 0.176957 
0.141018 0.0324157 0.180982 
0.19068 -0.201338 -0.0997276 
-0.303679 -2.28455 2.83238 
-0.229392 -0.663376 0.829151 
0.121385 0.0927483 0.289352 
0.209199 -0.333176 0.0562669 
0.153377 0.0383175 0.0835048 
0.118274 0.126848 0.0213301 
0.0600424 -0.0731081 -0.0355127 
0.166742 -0.149982 -0.0121995 
0.146201 -0.0850358 -0.00132533 
0.173915 0.0476723 0.0302744 
0.107226 -0.801958 1.01807 
0.199998 -0.18372 0.0601858 
0.145593 -0.150044 -0.072154 
0.163099 -0.0618999 -0.00189675 
0.161366 -0.149331 -0.0353466 
0.130737 -0.19434 0.261045 
0.150945 -0.500207 0.014785 
0.286234 -0.269363 0.038354 
0.259947 -0.30565 0.252576 
0.486754 -0.853729 -0.678386 
0.149764 0.00353124 -0.0137533 
0.27832 -0.414946 0.0795882 
0.110043 0.129038 0.0428136 
0.107441 0.125755 0.0346955 
0.270831 -0.25458 0.0849984 
0.376421 -0.0379284 0.484443 
0.203881 -0.184644 0.0551353 
0.110214 0.128072 0.0395735 
0.168247 0.126665 -0.155353 
0.250328 -0.356866 0.273687 
0.137031 -0.0403787 0.133423 
0.0936214 -0.618299 0.783438 
0.0898115 -0.474964 0.630187 
0.0234034 -0.0052254 0.0196981 
0.0952185 0.156947 0.19366 
-0.111753 -0.536024 0.668552 
-0.183487 -0.475647 0.554781 
0.301862 -0.462943 0.0722447 
0.124795 0.05789 0.114419 
0.154251 0.125642 -0.167551 
0.520723 -0.915304 -0.734808 
0.0876305 -0.0997197 -0.054201 
0.153105 0.00233658 -0.012373 
0.140422 0.115909 -0.167764 
0.0444033 -0.141038 0.0193609 
0.297795 -0.282405 0.0331795 
0.0448591 -0.0284872 0.00656127 
0.0681265 -0.133349 0.0300857 
0.104035 0.129511 0.0506398 
0.094623 0.142201 0.134288 
0.158799 -0.0378322 -0.00245133 
0.275154 -0.278161 0.0314268 
0.156548 -0.0457334 -0.00303977 
0.140264 0.128736 -0.00475911 
0.107544 0.132382 0.0670944 
0.311762 -0.294171 0.0329863 
0.156402 -0.0551602 -0.00277206 
0.0502798 -0.0372652 -0.00107012 
0.0961961 -0.100766 -0.0474786 
0.119195 0.128617 0.00883744 
0.0360564 -0.0435705 -0.0253612 

0.0397295 0.358593 0.562803 
-0.314218 0.566863 0.0883048 
-0.454746 -0.19227 0.705922 
-0.623643 -2.96077 5.2842 
-2.40529 -7.43048 5.03935 
-2.82314 -4.66717 4.59524 
184.435 -157.935 221.906 
-0.615492 0.0852689 0.669939 
3.75591 1.3819 0.473046 
-2.36931 -0.214035 0.524077 
-2.1193 0.770932 1.26401 
-2.77239 -1.41752 0.351132 
-0.63126 0.2131 0.540137 
-0.122351 -1.55582 2.87774 
-0.696102 -1.31934 1.78885 
-0.206338 0.18652 0.24781 
1.61154 -2.43556 0.9447 
-2.26102 -6.20798 4.03326 
-2.43839 -0.648241 1.32758 
-3.41857 -4.59186 1.75589 
2.02573 -8.23386 15.2144 
-1.00586 -2.01898 2.73233 
-1.68891 -2.00994 2.72515 
-4.72715 -1.06659 4.32328 
-2.09884 -3.12296 2.71627 
-2.78859 -4.1099 2.99175 
-0.428896 -2.46657 4.53351 
-0.467493 -0.0189755 0.623406 
1.7727 -1.27034 1.20757 
0.670453 -0.701063 1.08378 
0.0824414 -6.99048 3.60965 
-2.4209 -3.83806 3.48063 
-3.69312 -5.00307 1.91455 
-0.0898276 -0.231126 0.440438 
-1.85311 -0.67911 2.39366 
-0.143538 0.138888 0.264819 
-0.15092 0.393748 0.172724 
-2.38965 0.534311 0.557699 
-2.70398 -3.97149 2.85896 
2.07487 -0.10214 2.32431 
-4.07773 -6.66223 6.16249 
-0.0256865 0.149467 0.64975 
0.0611812 0.360597 0.642633 
-4.78397 -7.97005 2.12997 
-1.73459 -2.09511 2.71159 
7.00166 -7.73166 11.487 
0.317539 -0.402585 -0.0158979 
3.82243 -3.32499 4.78405 
-2.91173 -1.48413 0.35276 
-1.81838 -2.24465 2.92613 
-0.044491 0.0203202 0.504341 
-0.259204 -0.940461 0.517377 
-0.101368 0.35583 0.240082 
-1.92442 0.632416 0.70395 
1.74678 -6.87964 12.8452 
-1.93101 -3.97959 5.27954 
-1.89182 -0.71637 2.4072 
-0.150073 0.291119 0.204073 
-0.444702 -6.46886 3.59266 
7.00287 -5.49821 6.01882 
-1.02032 -4.70464 8.17845 
0.114851 -5.60854 2.54775 
-0.745757 0.193725 0.57005 
-0.053196 0.34208 0.484919 
-0.483094 -0.0426583 0.647391 
2.60421 -12.3587 14.8175 
2.95334 -0.0489291 0.706096 
-2.15159 0.726335 1.16016 
-0.588487 0.0877552 0.706457 
4.29446 -8.38061 14.1337 
-0.155295 0.00597983 0.267579 
-2.38922 -3.48112 2.54646 
-4.06258 -5.88945 3.93645 
-0.660582 0.206464 0.598119 
-0.153415 0.394949 0.174816 
