0.975634 0.152502 -0.157739 0.00552768 -0.174443 0.975214 -0.136112 -0.24963 0.133072 0.160312 0.978055 0.0429735 0 0 0 1
0.996464 -0.0767894 -0.034102 -0.00404808 0.0765427 0.99703 -0.00848321 0.00132717 0.0346521 0.00584295 0.999382 -0.0105084 0 0 0 1
###
-0.420907 -1.51215 1.01801 
-0.709233 -1.53693 1.46309 
1.62946 -0.0366164 0.35728 
-1.09572 -2.75565 2.1483 
-0.833355 -1.73048 1.34233 
-0.110718 0.0849538 0.309862 
-0.818653 -1.70793 1.49142 
-0.80492 -0.25393 1.01335 
-0.891199 0.0455655 0.298296 
1.6232 -0.0258148 0.354334 
0.0212077 0.302982 -0.0142074 
-0.849423 -0.239019 0.903356 
1.61319 -0.0215823 0.350192 
0.129112 0.255314 -0.00539309 
-1.15127 -1.83453 0.686795 
0.881794 -1.22427 0.209368 
-0.836351 -1.74237 1.55255 
-0.499674 0.374467 0.546732 
0.0235437 0.288302 0.0205645 
0.722915 1.02497 0.271734 
0.832884 -1.25632 0.668751 
1.57515 -0.0160135 0.342615 
-0.0804691 0.107294 0.273441 
-0.914419 -0.280912 0.316357 

0.103341 -0.672006 0.782155 
-0.05696 -0.837171 1.1952 
-0.21427 0.33362 0.212787 
0.0202722 -0.159934 0.242308 
0.0260349 -0.467311 0.666055 
0.457111 -0.357709 0.112857 
0.209591 -0.523534 0.716848 
0.0368767 0.184497 0.353699 
-0.137089 0.0557105 0.328655 
0.55595 0.434005 0.0915997 
0.451723 0.36023 0.079253 
0.0735143 0.10747 0.255132 
-0.00207088 0.349018 0.186455 
0.186873 -0.11572 0.0444924 
-0.208721 -0.632783 0.883002 
0.0273435 -0.297469 0.383519 
0.225584 -0.54994 0.713225 
-0.177408 -0.155204 0.371282 
0.495106 0.41132 0.139503 
-0.0603184 0.352935 0.199719 
0.826816 -1.0166 0.374245 
-0.000860107 0.348406 0.189052 
3.85114 -3.02438 1.38262 
-0.178017 0.117187 0.290648 
