0.992765 -0.00770512 -0.119825 0.0522264 -0.0288785 0.953324 -0.300564 -0.272893 0.116548 0.30185 0.946205 0.00370585 0 0 0 1
1 0 0 0 0 1 0 0 0 0 1 0 0 0 0 1
###
2.71991 -2.10249 0.628476 
-0.248362 -0.0148719 0.0501172 
-1.19059 -3.76644 2.62742 
2.31317 -1.75558 1.03993 
-0.862047 -1.80243 1.57581 
-1.51826 -0.308992 0.553845 
-1.20642 -2.53155 3.12098 
-0.98969 -2.11296 1.82758 
1.66436 -0.0260063 0.3641 
0.998055 -1.21539 0.397601 
0.815273 -1.21915 0.64606 
-0.549758 -3.1541 4.91871 
-0.981122 -0.229047 0.337717 
0.132851 0.261856 -0.00565746 
-0.6816 -0.381913 1.249 
1.62456 -0.0162439 0.353171 
-0.94051 -0.0568504 0.311091 
0.627744 -5.00392 9.46701 
-0.651907 -3.88245 2.39984 
0.840696 -1.2684 0.675478 
0.859309 -1.14653 0.695499 

-0.00658837 0.370032 0.202144 
0.129085 -0.85204 1.09063 
0.239617 -0.210855 0.0997482 
0.613719 -0.477574 0.262175 
0.131448 -0.307174 0.43748 
-0.170331 -0.0283878 0.357295 
0.896701 -1.49187 0.0195066 
0.0929494 -0.634748 0.88288 
0.632032 0.493004 0.102946 
-0.0719292 0.36712 0.208477 
0.0768854 -0.374997 0.293737 
-0.833103 -0.835589 0.515373 
-0.191297 -0.04457 0.397617 
0.1976 -0.12204 0.0476239 
0.134036 0.0835147 0.302811 
-0.00032197 0.373377 0.203146 
-0.0938101 0.375931 0.142933 
0.220426 -0.265936 0.340329 
0.150056 -0.802144 0.544821 
0.850044 -1.04491 0.386453 
1.78208 -1.59856 0.329949 
