0.992064 -0.123701 -0.0225282 0.0525125 0.124052 0.992164 0.0148959 -0.0085469 0.020509 -0.0175724 0.999635 -0.0212611 0 0 0 1
0.999938 -0.0110783 0.00134158 0.00677815 0.0110775 0.999938 0.000634487 0.00300326 -0.00134853 -0.000619586 0.999999 0.00102995 0 0 0 1
###
-0.508407 0.122408 0.374765 
-0.313197 -0.727472 0.777954 
0.08095 0.102675 0.0390321 
0.899829 -1.31181 0.112654 
0.113033 -0.130369 0.306277 
-0.0404322 0.000173498 0.039321 
0.590395 -0.937049 1.22815 
-0.24986 0.0540575 0.312934 
-1.73954 -1.78016 1.05142 
-0.241894 0.105852 0.295395 
-0.0584049 0.311662 0.176941 
0.175671 -0.756217 0.602787 
-0.24986 0.0540575 0.312934 
-1.91143 -1.89304 1.2393 
0.430078 0.340326 0.0745384 
-0.345857 -0.821814 0.872826 
-0.210786 -0.662865 0.909947 
0.183995 -0.225969 0.287262 
0.732221 -0.590416 0.451417 
-0.505882 0.1818 0.358033 
0.175671 -0.756217 0.602787 
-0.241999 0.138781 0.290837 
-2.22737 -2.20381 1.43176 
0.095972 -0.639942 0.882409 
0.135419 -0.841588 0.249036 
0.114526 0.0383066 0.281694 
0.0211798 -0.469686 0.655888 
-0.523881 0.207535 0.380931 
0.0907017 -0.714916 0.477448 
-0.260496 -0.57626 0.726626 
-2.15496 -2.20763 1.33281 
0.196234 -0.490295 0.668366 
3.84082 -3.02018 1.36744 
0.0759407 0.115208 0.0251588 
0.164727 -0.806649 0.431018 
-0.767212 -0.7452 0.404222 
0.426491 0.38616 0.129603 
0.400736 0.32208 0.0978087 
0.968127 -1.39661 0.112803 
-0.00952147 -0.0233243 0.0623345 
0.121865 -0.186972 0.299201 
0.113932 0.0480623 0.269807 
-0.175917 -0.342732 0.484092 
-0.185051 -0.0155984 0.25221 
0.160299 -0.716923 0.699394 
0.0659239 -0.467122 0.655749 
-0.0237204 0.320752 0.171695 
-0.198594 -0.601833 0.839411 
0.491658 -0.398477 0.336611 
0.210724 -0.503263 0.688637 
2.72936 -2.1286 0.954001 
-0.00195371 0.32028 0.171355 
0.287345 0.364053 0.174201 
-0.180708 0.013302 0.299544 
1.25746 -1.00207 0.777988 
-0.00294211 0.225026 0.126746 
-0.121004 0.0649678 0.302231 
0.496854 0.380153 0.0862759 
0.131589 -0.610161 0.598969 
0.070505 -0.510816 0.719876 
-0.0196105 0.323967 0.181366 
0.107372 -0.00347937 0.281817 
-0.000453945 0.321969 0.174999 
-0.144769 0.237573 0.209106 

-0.0873205 0.0340094 0.368319 
5.96772 -6.10808 8.73921 
-0.896661 0.282676 0.444301 
-0.810131 0.313782 0.532495 
-0.40356 -0.721581 0.935744 
-1.82624 -3.39924 2.25501 
0.929609 -1.19216 0.321319 
-1.1958 -0.761514 0.2235 
-0.320137 -4.98803 8.48242 
0.6005 -2.46472 1.03364 
-0.81294 0.318826 0.543443 
-0.309394 -1.22003 0.796968 
-1.38051 -0.879561 0.254894 
-0.0228537 -0.218775 0.344881 
0.0239922 -0.0367901 0.330377 
-1.71711 -3.22472 0.850664 
-1.15127 -1.83453 0.686795 
-0.991519 -1.86041 1.32519 
0.406588 -5.52721 10.2048 
-0.110977 0.0823943 0.312722 
-0.0338138 0.241385 0.239509 
0.190468 -0.0354155 0.170472 
-1.18264 -2.48167 3.05952 
-0.0454119 -0.112439 0.138569 
0.353901 -3.92401 1.99281 
-0.951108 -0.192992 0.316965 
-0.880755 -1.61135 1.09953 
-0.113624 0.0848485 0.304641 
0.591384 -1.24537 0.288155 
-0.522777 -0.861413 0.29722 
6.3906 -6.61408 9.50463 
-2.85317 -5.89381 5.45501 
0.745772 -2.25602 4.13689 
0.235153 -0.289584 0.00293364 
-0.1765 -2.86895 1.69338 
5.6336 -4.1542 4.36128 
-0.455137 0.344388 0.503228 
-0.815003 0.319268 0.54116 
-0.808841 0.346287 0.627572 
-0.534343 -1.49979 1.83702 
4.2788 -3.07107 3.86956 
-0.160075 -0.0337953 0.0460176 
1.18842 -1.40622 0.486648 
-0.757518 0.350783 0.64666 
0.16628 0.0633786 0.158372 
-4.31005 -9.70012 9.21681 
0.0238064 -0.0981959 0.367043 
-0.217879 -0.332376 0.112482 
0.0319646 -1.51608 2.63441 
-0.818653 -1.70793 1.49142 
1.47637 -4.64418 8.32564 
0.173662 0.0607676 0.149229 
-0.789217 0.207369 0.276619 
0.150189 -0.0621178 0.0306098 
-11.1994 -30.7897 33.7945 
0.0240958 0.0247526 0.346408 
-0.609212 0.346265 0.419609 
0.0150596 0.214872 0.245519 
-1.1192 -6.57545 4.15929 
7.73018 -5.58144 4.8645 
-0.111925 0.0857936 0.309384 
0.532649 -0.310705 0.0512684 
0.9986 -1.17231 0.441487 
0.173639 0.0596629 0.143634 
