0.980925 0.131845 -0.142841 0.4949 -0.155747 0.972765 -0.17167 -0.637315 0.116317 0.190643 0.974744 0.21361 0 0 0 1
1 0 0 0 0 1 0 0 0 0 1 0 0 0 0 1
###
3.77718 -2.86055 0.350964 
3.05986 -0.0816275 0.748543 
-3.92168 -8.15391 6.99231 
-0.737526 0.190652 0.567664 
-0.0103499 0.362368 0.377836 
-2.40529 -7.43048 5.03935 
-0.489518 0.631952 -0.205558 
2.95334 -0.0489291 0.706096 
-0.351811 0.582556 -0.0420539 
-1.15179 0.690774 0.516785 
-1.98581 -0.594134 2.26781 
-2.09884 -3.12296 2.71627 
-1.90727 1.21403 1.12189 
-0.237927 0.54659 -0.0993971 
0.0824414 -6.99048 3.60965 
-2.17473 -3.31554 2.89424 
-0.596579 0.595575 0.110792 
1.74601 -2.63238 1.00823 
-1.7746 -7.10601 4.44415 
-3.14819 -1.59607 0.984416 
1.29504 -2.71706 1.44529 
-0.444702 -6.46886 3.59266 
0.154319 -7.28687 3.74531 

0.249991 -0.293511 0.242149 
-0.0522486 0.16317 0.301358 
0.0701449 -0.0664592 -0.0209785 
0.0603018 -0.0983047 -0.070839 
-0.054246 0.160857 0.299531 
0.237935 -0.376971 0.0433078 
-0.0576475 0.179204 0.330919 
0.116487 0.126915 0.0154369 
-0.193904 -0.058862 0.518285 
-0.140237 -0.247732 0.0209195 
0.155404 -0.0898055 0.18282 
0.254838 -0.232804 0.0201118 
0.110944 0.129388 0.0394951 
0.110164 0.125513 0.0354255 
0.0985987 -0.495935 0.00633085 
0.319536 -0.325543 0.0407314 
0.337852 -0.393921 0.0575188 
0.128912 0.0988069 0.306734 
0.171879 -0.32627 0.037115 
0.141038 -0.0802318 0.139057 
0.2166 -0.330955 0.0500741 
0.0255214 -0.117632 0.00342702 
0.072842 -0.335799 0.00567416 
