0.992869 -0.118192 -0.015557 0.0409742 0.118397 0.992881 0.0129811 -0.00742394 0.013912 -0.0147304 0.999795 -0.0222308 0 0 0 1
0.999836 -0.0177256 -0.00378889 0.0185934 0.0177666 0.999781 0.0110798 0.012392 0.00359166 -0.0111453 0.999931 0.0016959 0 0 0 1
###
-0.256084 -0.843346 1.14566 
-0.505254 0.121675 0.372465 
0.915849 -0.707439 0.391997 
-1.66792 -1.7105 1.00652 
-0.0412939 0.369903 0.21905 
-0.231221 0.339216 0.22997 
3.85114 -3.02438 1.38262 
-0.42521 0.105763 0.316315 
1.27391 -1.75299 0.219901 
0.602455 -1.37778 1.82244 
-0.062385 0.328644 0.187493 
-0.270938 0.0591882 0.339379 
0.451723 0.36023 0.079253 
0.163228 -0.795064 0.661607 
-0.0421718 0.135633 0.273247 
-0.0225038 0.345408 0.185423 
0.125269 0.078209 0.282949 
0.119948 -0.137019 0.325273 
-0.533 0.21075 0.386905 
-2.00732 -2.05919 1.23539 
0.0206659 -0.479355 0.672662 
-0.00415179 0.336753 0.184032 
-0.207071 -0.444174 0.601393 
3.85114 -3.02438 1.38262 
0.783975 -0.627385 0.488027 
0.182678 -0.830383 0.573276 
0.440544 -0.620364 0.797626 
0.13703 -0.732898 0.49756 
0.0485941 -0.768674 0.28042 
0.168413 -0.821302 0.442254 
-0.279591 -0.61638 0.775566 
-0.148495 -0.273135 0.385006 
-0.130332 0.0623278 0.31954 
0.119573 -0.0408131 0.313005 
-0.255467 0.146453 0.306869 
0.0692011 -0.493033 0.693481 
0.472149 0.428271 0.144467 
-0.18882 0.0471472 0.231045 
0.119232 -0.0889977 0.31491 
-1.91996 -1.97366 1.19956 
0.0574642 -0.0483527 0.0275578 
-0.589043 -0.156791 0.401447 
0.189256 -0.462139 0.629097 
0.802461 -1.33552 0.0165935 
0.185274 -0.822262 0.566981 
0.505555 0.397273 0.0852601 
-0.577662 -0.153771 0.394139 
-0.207632 0.0155583 0.34819 
0.45951 0.421399 0.141484 
0.113978 -0.0150971 0.302804 
0.106715 0.139855 0.334197 
-0.00362141 -0.0497246 0.0227319 
0.0264894 -0.462677 0.661739 
0.0346924 -0.0432684 0.0555765 
0.134524 -0.623696 0.615109 
-0.0251355 0.340497 0.180676 
0.176549 -0.321163 0.4466 
0.0358821 -0.0474455 0.0707307 
2.06888 -1.85897 0.377292 
-1.31727 -1.33897 0.820367 

-1.44915 -2.41496 0.872623 
-0.0873205 0.0340094 0.368319 
0.107691 -0.473609 0.852597 
-0.272949 -3.37685 5.76161 
-0.811728 0.34604 0.630047 
-0.894351 0.28301 0.444315 
0.745772 -2.25602 4.13689 
-0.113624 0.0848485 0.304641 
-0.810131 0.313782 0.532495 
-0.534343 -1.49979 1.83702 
-0.805334 0.343511 0.618905 
-0.0116629 0.168741 0.268085 
0.0239922 -0.0367901 0.330377 
0.740019 -1.61503 0.385162 
-0.669591 -0.240235 0.485514 
-0.81294 0.318826 0.543443 
-0.66476 -0.371268 1.21942 
-0.594108 -1.06247 1.37439 
0.9986 -1.17231 0.441487 
-0.0454119 -0.112439 0.138569 
-0.836351 -1.74237 1.55255 
-0.757518 0.350783 0.64666 
-0.217879 -0.332376 0.112482 
1.47637 -4.64418 8.32564 
-0.0228537 -0.218775 0.344881 
-0.547541 -3.13488 1.99619 
-1.82624 -3.39924 2.25501 
-0.647294 -3.86514 2.39087 
-0.679237 -2.88875 1.61328 
0.353901 -3.92401 1.99281 
-0.808841 0.346287 0.627572 
1.18842 -1.40622 0.486648 
-0.160075 -0.0337953 0.0460176 
2.26794 -1.11 1.21927 
0.189623 -0.0351882 0.16866 
-0.709233 -1.53693 1.46309 
-0.596718 -1.07595 1.45304 
0.190468 -0.0354155 0.170472 
-0.609212 0.346265 0.419609 
6.3906 -6.61408 9.50463 
0.0465474 0.143841 0.26076 
0.00985347 0.221262 0.256092 
5.6336 -4.1542 4.36128 
-11.1994 -30.7897 33.7945 
-0.566141 -3.32108 2.11857 
0.0150596 0.214872 0.245519 
0.0184584 -0.0150206 0.338702 
0.150189 -0.0621178 0.0306098 
0.0183949 -0.0126511 0.334479 
0.532649 -0.310705 0.0512684 
-0.792124 -0.246468 1.00229 
-0.0672123 -0.133248 0.11989 
3.55584 -6.09436 10.7686 
0.406588 -5.52721 10.2048 
-1.1192 -6.57545 4.15929 
-0.0124007 0.0758298 0.374849 
-0.818653 -1.70793 1.49142 
2.06544 -1.54886 1.89931 
1.02229 -1.35051 0.815344 
5.96772 -6.10808 8.73921 
