0.983856 0.0973025 -0.150199 0.484527 -0.0835745 0.991947 0.0951646 -0.470021 0.158249 -0.0810754 0.984065 0.379534 0 0 0 1
0.999249 -0.0252426 -0.0294151 -0.000551946 0.0266222 0.998517 0.0474921 0.00546081 0.0281726 -0.0482395 0.998438 -0.00219659 0 0 0 1
###
3.00753 -0.0809795 0.736087 
1.04177 -3.5811 0.722203 
-0.667554 0.221844 0.501102 
0.52444 -2.24228 0.498254 
-0.73057 0.190521 0.558027 
-2.83081 -1.44055 0.339992 
-3.45225 -4.66267 1.77789 
2.92325 -0.0488719 0.699104 
-2.79697 -1.42517 0.344571 
-0.424631 0.611832 -0.0389496 
-2.75317 -1.0909 0.299347 
2.94757 -0.0436177 0.707241 
-1.7814 -7.07121 4.55959 
-2.58862 -3.80383 2.76354 
-0.792419 0.608125 -0.0389851 
-1.95428 -3.24544 3.47534 
-2.75352 -1.40919 0.34713 
1.40048 -2.51812 1.52737 
-0.666446 0.230567 0.505039 
-1.74417 -6.98202 4.36981 
-3.97735 -7.58888 5.19539 
0.539348 -5.96746 2.49255 
-0.425651 -6.76753 3.77105 

-0.404349 -0.131869 0.382004 
0.609827 -0.613312 0.211713 
-0.186517 -0.0566704 0.493045 
0.344843 -0.402034 0.0587728 
-0.0519576 0.153951 0.286714 
0.102658 0.0462982 0.094068 
0.330888 -0.344719 0.250235 
0.113553 0.124461 0.0162539 
0.111447 0.128636 0.0397531 
0.103874 0.139053 0.117801 
0.140823 0.0480756 0.178775 
0.115569 0.126443 0.0152722 
0.226206 -0.353264 0.0612628 
0.283758 -0.268477 0.0877984 
-0.0506848 0.153219 0.284336 
-0.171635 -0.734749 0.925072 
0.136026 0.0174169 0.176957 
0.200208 -0.558096 -0.429341 
-0.191666 -0.0173758 0.494538 
0.182111 -0.346698 0.0391942 
0.250328 -0.356866 0.273687 
0.180901 -0.555744 0.054646 
0.0723934 -0.333868 0.00566481 
