0.991736 -0.127461 -0.014621 0.0461862 0.127714 0.99165 0.0178999 -0.00776499 0.0122174 -0.0196193 0.999733 -0.0210035 0 0 0 1
0.999836 -0.0177256 -0.00378889 0.0185934 0.0177666 0.999781 0.0110798 0.012392 0.00359166 -0.0111453 0.999931 0.0016959 0 0 0 1
###
-0.508732 0.122379 0.374993 
0.113165 -0.129758 0.306564 
0.191277 -0.176738 0.183971 
0.0355747 -0.0524374 0.0834136 
1.57853 -1.67639 1.68659 
-1.9073 -1.89432 1.24185 
-1.73865 -1.77956 1.05272 
0.12708 -0.730577 0.591475 
-0.00562061 0.320966 0.175057 
-0.0519646 -0.0195864 0.061047 
-0.310939 -0.726377 0.776696 
-0.233788 -0.769302 1.04365 
0.0908249 -0.593502 0.700242 
-0.24248 0.105827 0.29638 
-0.396729 0.0987566 0.294904 
0.175814 -0.755581 0.602646 
-0.249072 0.0539481 0.312283 
0.108541 -0.755431 0.504293 
-0.0460067 0.322098 0.179448 
3.84138 -3.01798 1.37137 
0.117158 -0.145287 0.314903 
-0.131952 0.322421 0.199095 
-0.291682 0.325323 0.230217 
0.290233 -0.580212 0.774704 
-2.15242 -2.20865 1.33316 
-0.0556566 0.324029 0.181108 
-0.0455925 0.312438 0.172131 
0.136651 -0.842455 0.249307 
0.112996 -0.075634 0.295771 
0.0213343 -0.470524 0.658222 
-0.0563006 0.329021 0.1861 
-0.244575 0.140393 0.293887 
-0.142589 0.227967 0.206254 
2.72954 -2.12747 0.957715 
0.0991357 -0.620671 0.406693 
0.0431511 -0.0565312 0.0813574 
0.51094 0.395844 0.109118 
0.433044 0.391933 0.131634 
0.13325 -0.713433 0.483819 
-0.0556459 0.326708 0.186158 
0.015778 -0.171841 0.265093 
-0.0236825 0.321669 0.17221 
0.0780221 -0.0974388 0.23679 
0.0515287 -0.83687 0.270379 
0.116692 -0.131492 0.161061 
-0.1487 0.0236789 0.33469 
0.114834 0.00761754 0.282632 
0.0501009 -0.819194 0.261779 
0.423259 0.358009 0.0984867 
0.108189 -0.0200654 0.286976 
2.40661 -2.16335 0.433547 
0.159196 -0.168251 0.198675 
0.0253234 -0.437975 0.624286 
0.494108 0.377949 0.0867183 
0.0187028 -0.0950065 0.0212044 
-0.113987 0.320966 0.193164 
-0.019736 0.327591 0.183351 
-0.000452419 0.323044 0.175588 
0.16172 -0.4004 0.555725 
-0.131676 0.0530908 0.315723 
0.0144798 0.330788 0.178161 

-0.0873205 0.0340094 0.368319 
-0.40356 -0.721581 0.935744 
-0.0228537 -0.218775 0.344881 
-0.272949 -3.37685 5.76161 
-0.0773745 -0.159117 0.149661 
-11.1994 -30.7897 33.7945 
0.0319646 -1.51608 2.63441 
-0.429503 -2.84248 1.66544 
-0.0700716 0.183873 0.261534 
-1.44915 -2.41496 0.872623 
5.96772 -6.10808 8.73921 
-1.15127 -1.83453 0.686795 
0.606095 -1.57362 0.280693 
0.6005 -2.46472 1.03364 
-0.113624 0.0848485 0.304641 
-0.309394 -1.22003 0.796968 
-0.111647 0.0841123 0.304834 
0.740019 -1.61503 0.385162 
0.0224834 -0.0365364 0.333661 
0.745772 -2.25602 4.13689 
-0.594108 -1.06247 1.37439 
-0.805334 0.343511 0.618905 
-0.894351 0.28301 0.444315 
-4.31005 -9.70012 9.21681 
6.3906 -6.61408 9.50463 
-0.464554 0.348988 0.510468 
0.0741619 0.0565592 0.32791 
0.353901 -3.92401 1.99281 
-0.512879 -0.670344 1.06513 
-0.833355 -1.73048 1.34233 
-0.81294 0.318826 0.543443 
0.189623 -0.0351882 0.16866 
-1.04713 0.11096 0.358766 
1.47637 -4.64418 8.32564 
0.0883163 0.221305 0.148053 
-0.0260252 -0.382493 0.674277 
-0.815003 0.319268 0.54116 
-0.455137 0.344388 0.503228 
-0.647294 -3.86514 2.39087 
-0.116587 0.311093 0.0968843 
-0.836351 -1.74237 1.55255 
0.0238064 -0.0981959 0.367043 
0.167257 -0.000347006 0.161884 
0.106315 -3.90289 2.12034 
-0.0454119 -0.112439 0.138569 
-0.160075 -0.0337953 0.0460176 
0.173662 0.0607676 0.149229 
0.349199 -2.08273 0.972971 
2.60452 -1.11109 1.25113 
0.532649 -0.310705 0.0512684 
1.02229 -1.35051 0.815344 
-0.991519 -1.86041 1.32519 
-1.03621 -1.90232 1.28011 
-0.00171346 0.0266514 0.351251 
-1.82624 -3.39924 2.25501 
0.9986 -1.17231 0.441487 
-0.0624771 0.0908754 0.257282 
1.57515 -0.0160135 0.342615 
-0.880755 -1.61135 1.09953 
-0.609212 0.346265 0.419609 
0.0496267 -0.101977 0.359915 
