0.993727 -0.106371 -0.0345247 0.0647536 0.106521 0.994307 0.00253995 -0.0124604 0.034058 -0.00620163 0.999401 -0.0213763 0 0 0 1
0.999837 -0.0176505 -0.00375 0.0181913 0.017691 0.999782 0.0110473 0.0121326 0.0035542 -0.0111118 0.999932 0.00162593 0 0 0 1
###
0.114388 0.0707536 0.259343 
0.107856 -0.755437 0.502421 
0.596472 -0.476605 0.407686 
0.0210418 -0.470017 0.655588 
-0.0208267 0.320801 0.172115 
-0.508347 0.122068 0.374636 
0.0957327 -0.639907 0.703025 
-0.0474381 0.331534 0.184848 
0.125126 -0.131864 0.302229 
-0.00574939 0.317806 0.173449 
0.132455 -0.722675 0.477439 
0.140977 -0.535631 0.702768 
-0.313952 -0.728068 0.778451 
-0.250257 0.0541475 0.313292 
-1.91661 -1.88838 1.23917 
-0.575274 0.171748 0.416842 
0.17549 -0.757081 0.602444 
3.84211 -3.02004 1.36386 
0.0469893 -0.0624393 0.0872197 
-0.0602324 0.317267 0.180134 
-0.0481048 0.319709 0.19016 
-0.250257 0.0541475 0.313292 
-0.354981 -0.285301 0.213249 
0.645236 -0.503056 0.271372 
-0.522172 0.206909 0.380394 
0.119839 0.0754146 0.259242 
-0.00416574 0.315996 0.172573 
0.733478 -0.590938 0.44987 
-0.148096 0.0239911 0.332174 
0.422952 0.382372 0.128164 
-0.138474 0.0380755 0.318161 
-0.0723292 0.305312 0.112319 
-1.48435 -1.44511 0.953055 
0.143279 -0.664428 0.460255 
0.0533185 0.10265 0.229676 
-0.109295 0.0864612 0.300453 
-0.241455 0.138483 0.290185 
0.133918 -0.71603 0.484397 
-0.0467331 0.3185 0.172567 
-0.210993 -0.663269 0.910217 
0.115011 0.0716574 0.260151 
0.195677 -0.489527 0.665825 
0.126682 -0.588589 0.542731 
-0.252377 0.060475 0.32004 
0.115759 -0.0187073 0.295859 
-0.0236118 0.32005 0.171132 
0.445227 0.34962 0.0757053 
-0.19892 -0.602423 0.839288 
2.40712 -2.1625 0.427268 
-0.0648058 0.300401 0.091906 
0.0887918 -0.897603 0.468049 
-0.569858 -0.151783 0.387575 
0.162353 -0.40789 0.560653 
0.112878 -0.0212052 0.284917 
0.128596 -0.18192 0.311699 
0.0655261 -0.471642 0.659996 
0.0705165 -0.508793 0.714621 
0.018818 0.073293 0.160916 
0.112185 -0.166002 0.291764 
-0.139793 0.0249706 0.310599 

-0.643477 -0.359481 1.17971 
0.722127 -1.57621 0.375893 
0.438133 -5.87898 10.8332 
-1.0022 -1.83968 1.2379 
-0.795656 0.311553 0.528386 
-0.0854996 0.0333025 0.360644 
0.595941 -1.54729 0.275945 
-0.789056 0.305664 0.519011 
-0.56602 -1.02557 1.3766 
1.04245 -1.23182 0.465101 
-1.15589 -6.80442 4.3075 
-0.797831 -1.6555 1.2832 
5.72459 -5.85955 8.38116 
-1.1285 -0.713151 0.208128 
-0.0366111 -0.201183 0.307483 
-0.101799 0.0957964 0.361575 
-0.30101 -1.18674 0.775227 
0.707905 -2.14473 3.93094 
-1.74359 -3.2453 2.15288 
-0.773598 0.203264 0.271254 
-0.779635 0.332317 0.599004 
0.184266 -0.0345421 0.166291 
-0.0254449 -0.373651 0.658628 
1.40583 -4.42314 7.92485 
0.972475 -1.14123 0.430944 
-0.626888 -0.341429 1.17355 
-0.741418 0.343283 0.633004 
6.60125 -6.83007 9.80989 
-0.50319 -0.657673 1.04499 
-0.445564 0.337099 0.492682 
-0.156696 -0.0331 0.045083 
0.0180827 -0.0146968 0.331744 
-0.441434 -0.793372 1.0332 
-0.735649 -4.24472 2.70965 
-0.610473 -0.221439 0.851927 
-0.652991 -0.234377 0.473511 
-0.0387556 0.0349976 0.361518 
-0.584924 -3.47183 2.14485 
0.124059 0.0233743 0.20045 
-1.39224 -2.31959 0.838343 
-0.643881 -0.360806 1.17893 
-0.935535 -1.75403 1.24953 
-1.02232 -3.34741 2.33671 
0.186766 -0.0346778 0.167117 
2.20287 -1.07824 1.18427 
0.0232878 -0.0961112 0.359268 
-0.794067 0.311341 0.530883 
-2.07318 -3.39037 1.2224 
0.902663 -1.1974 0.723627 
0.0406707 0.212723 0.175496 
0.127868 -0.998694 0.478755 
0.0170039 -0.0147923 0.330619 
5.16377 -3.80996 3.99953 
0.0174989 -0.0135775 0.32952 
-0.572726 -1.03178 1.39238 
-4.40575 -9.92212 9.42883 
-0.0659957 -0.130823 0.117732 
-0.769126 -0.239487 0.97008 
0.0256274 -0.0396981 0.378608 
-0.597377 0.339565 0.411506 
