0.997545 -0.0592712 -0.0372863 0.0548068 0.0629615 0.992247 0.107153 -0.18076 0.0306462 -0.109238 0.993543 0.129913 0 0 0 1
1 0 0 0 0 1 0 0 0 0 1 0 0 0 0 1
###
-1.09473 -2.29664 2.83057 
-1.13853 -0.710492 0.198055 
-1.37894 -3.22522 2.16326 
1.01463 -1.19981 0.455511 
2.70582 -2.10738 0.599408 
-0.0552549 0.183239 -0.0878215 
-0.368763 -1.31498 1.898 
-0.426611 -0.454734 0.837783 
-0.615291 -2.23917 3.09665 
-0.722814 0.182825 0.257434 
-1.92332 -3.19294 1.15105 
-1.13853 -0.720413 0.209177 
1.04386 -1.23279 0.468005 
0.977969 -1.14678 0.434143 
0.320211 -3.58443 1.82178 
-0.875288 0.277003 0.435774 
-1.03107 -3.38049 2.36207 
0.0200991 0.298225 -0.0144627 
-1.53038 -2.4684 0.878197 
-0.0676047 0.179625 0.251633 
1.2828 -5.10656 5.99994 
0.812626 -1.22468 0.65158 

1.01331 -1.68169 0.0105274 
-0.250257 0.0541475 0.313292 
0.104094 -0.785935 0.979034 
0.0705165 -0.508793 0.714621 
-0.492081 0.17985 0.349539 
0.123897 -0.189728 0.304828 
-0.0515924 -0.326948 0.474782 
0.124033 -0.19082 0.303708 
0.0210418 -0.470017 0.655588 
-0.145097 0.231794 0.209444 
-0.232324 -0.768195 1.04218 
-0.247997 0.0535051 0.311379 
-0.00574939 0.317806 0.173449 
-0.0466841 0.330902 0.183716 
0.135149 -0.840868 0.248716 
0.221278 0.346626 0.178437 
0.126682 -0.588589 0.542731 
0.0142899 0.327313 0.176232 
-0.104905 -0.358514 0.515576 
-2.46673 -2.52913 0.362386 
1.32868 -1.65132 0.588509 
-0.344809 -0.821977 0.872539 
