0.995509 0.00685578 -0.0944223 0.0333995 0.00683583 0.989566 0.143921 -0.184826 0.0944237 -0.14392 0.985074 0.127268 0 0 0 1
1 0 0 0 0 1 0 0 0 0 1 0 0 0 0 1
###
-0.407997 -1.46524 0.987977 
-0.176051 0.274035 0.00519943 
-1.0073 -1.59345 0.480552 
-0.174051 0.282922 0.0207001 
-1.87648 -3.48299 0.924969 
5.16377 -3.80996 3.99953 
1.33376 -0.80204 0.442649 
-1.14548 -0.481121 0.178566 
-0.56602 -1.02557 1.3766 
0.902663 -1.1974 0.723627 
0.0201779 0.29815 -0.014479 
-0.874481 -0.0716552 0.28385 
-1.02232 -3.34741 2.33671 
-1.1285 -0.713151 0.208128 
-0.897806 -0.0805275 0.290744 
0.16069 -1.57876 0.594914 
-0.578055 0.273773 0.317006 
0.0268061 0.285769 0.0222425 
0.0161017 -0.0630605 0.376425 
-1.38092 -2.2201 0.791524 
0.972475 -1.14123 0.430944 
-0.656171 -1.33962 1.24623 
0.673265 -0.732956 0.285024 
-0.953303 -1.86163 1.41891 
-0.331923 0.290403 0.170031 

0.160962 -0.715347 0.696179 
0.430404 0.340554 0.0745626 
1.57439 -1.68139 1.68699 
-0.165452 0.122511 0.26592 
-0.248697 -0.844309 1.03404 
0.18861 -0.460658 0.625101 
0.725842 -0.982382 0.0251314 
-0.241433 0.13844 0.290139 
0.123751 -0.1899 0.304752 
2.40707 -2.16244 0.42819 
0.0142786 0.32774 0.176518 
-0.105617 0.096657 0.30572 
0.1268 -0.588361 0.542663 
-0.260828 0.054852 0.325435 
-0.120302 0.065103 0.300633 
0.0848809 -0.893026 0.443114 
0.332643 -0.201621 0.0582602 
0.510982 0.389239 0.054961 
0.496701 0.37995 0.0859219 
-0.413601 -0.866393 1.152 
0.417791 0.322814 0.0580215 
0.24073 -0.49046 0.653803 
-0.00417748 0.315212 0.172109 
1.0021 -0.939756 1.00182 
-0.0552569 0.32408 0.184572 
