0.996935 -0.0782199 -0.00130547 0.616333 0.0781328 0.994713 0.0666357 -0.349163 -0.00391366 -0.0665334 0.997777 0.348409 0 0 0 1
1 0 0 0 0 1 0 0 0 0 1 0 0 0 0 1
###
2.75671 -2.04155 1.00994 
0.864046 -1.77189 0.226179 
-0.437961 0.648417 -0.052867 
0.615458 -2.46669 0.555307 
4.87365 -3.5913 1.89753 
-4.1235 -7.76424 9.59821 
-1.74055 -2.12576 2.78969 
-4.74871 -7.89771 2.11646 
18.7654 -17.8755 11.527 
1.70634 -2.59905 0.98972 
-2.35938 -7.28309 4.9455 
-0.171087 0.633144 -0.233679 
-3.39041 -4.55534 1.73993 
-2.85574 -1.45832 0.347374 
1.34782 -2.57008 0.431941 
-2.36273 0.608845 0.822958 
-0.425446 0.613982 -0.0387993 
-1.87758 -1.2518 2.53993 
-1.04974 -0.407194 0.0134873 
-2.23689 -3.3331 2.36503 
2.97719 -0.0499367 0.709455 
-0.797824 0.482385 0.713363 
-2.05722 -3.05735 2.66079 
-1.45704 -1.13828 0.3099 
-1.96025 0.631451 0.745933 
1.72624 -2.60162 0.996373 
-2.51356 -3.57784 2.45363 
-2.41415 -3.58809 2.72371 
-0.503597 -1.86452 1.95191 
2.66843 -2.78336 1.04653 
-0.857892 0.589547 -0.0795189 
-0.467572 0.648827 -0.0375023 

0.250216 -0.277929 0.250761 
0.297605 -0.358271 0.0942609 
0.227358 -0.354981 0.0616845 
0.347466 -0.40478 0.0593857 
0.15212 -0.166904 0.156289 
-0.594513 -1.06713 1.15337 
0.172298 -0.139411 0.000298003 
-0.604124 -2.43809 2.89823 
-1.34912 -2.15226 1.58558 
0.108469 0.123126 0.02294 
0.24444 -0.319301 0.0578414 
0.245478 -0.382872 0.0580703 
0.197737 -0.177842 0.0572444 
0.128163 0.0164929 0.166648 
0.0160282 -0.0137371 -0.000778633 
0.149852 0.125045 -0.081314 
-0.0752881 0.15961 0.292756 
0.150588 -0.0443133 -0.00221403 
0.336703 -0.350956 0.255452 
0.259153 -0.369911 0.284352 
-0.0486707 0.14424 0.268591 
0.150326 0.0325243 0.0906055 
0.303193 -0.30747 0.0390131 
0.0212155 -0.0192481 0.0125726 
0.0174315 -0.0128287 -0.00193042 
0.111999 0.12307 0.0148409 
0.308964 -0.328381 0.109508 
0.147589 -0.135188 -0.0316958 
-0.717551 -0.962924 0.678215 
0.177842 -0.162117 0.0548012 
-0.243149 0.0315657 0.315843 
0.0207067 0.17461 0.532508 
