0.993845 -0.101922 -0.0434076 0.0711159 0.1019 0.994791 -0.00272259 -0.0145455 0.043459 -0.0017174 0.999054 -0.0217117 0 0 0 1
0.999939 -0.010968 0.00135878 0.00680958 0.010967 0.99994 0.000720218 0.0029973 -0.00136659 -0.000705273 0.999999 0.00103469 0 0 0 1
###
0.102239 -0.111685 0.133026 
0.133746 -0.698768 0.692708 
0.126829 -0.723717 0.586524 
-0.313976 -0.728057 0.778458 
-1.55857 -1.71899 1.55573 
-0.429367 -0.421922 0.412982 
-0.250268 0.0541794 0.313287 
-0.575272 0.171691 0.416864 
-0.873785 0.442319 0.454274 
0.256378 0.267377 0.119011 
0.430702 0.340963 0.0746606 
-0.220865 0.324114 0.219203 
-0.220865 0.324114 0.219203 
-1.74085 -1.77902 1.05176 
3.84212 -3.02003 1.36385 
0.104074 -0.785898 0.979065 
-0.0208922 0.320807 0.17213 
-0.142965 0.228859 0.203019 
0.123827 -0.18984 0.304796 
-0.210959 -0.663271 0.910223 
-0.522156 0.206855 0.380433 
0.175476 -0.757082 0.602451 
-0.563444 -0.864769 0.987218 
0.484191 0.378222 0.0805039 
-0.0595371 0.12664 0.273729 
0.114668 0.00706396 0.281378 
-0.170126 0.0677115 0.288712 
0.130776 -0.191051 0.320712 
-0.175488 -0.241289 0.386922 
-0.230395 0.13024 0.27384 
0.114978 0.0717281 0.260168 
0.313958 -0.280307 0.151031 
-0.252434 0.0602539 0.320041 
0.155934 -0.76254 0.625331 
-0.151776 0.181974 0.227154 
-0.124723 0.0608215 0.306928 
1.38477 -1.08035 0.585591 
0.133955 -0.716029 0.484387 
0.0281891 -0.116756 0.193442 
0.132776 -0.569502 0.748396 
-0.176176 -0.110615 0.357391 
2.73009 -2.1281 0.952435 
1.80301 -1.44419 0.317245 
0.114242 0.00882621 0.279444 
0.0649365 -0.0880994 0.120863 
0.164406 -0.803813 0.426865 
0.0245955 -0.438263 0.621537 
-0.0552035 0.323984 0.184453 
1.20185 -1.27156 0.049795 
0.981026 -0.794406 0.191392 
3.09326 2.71676 -0.0294095 
-0.0650231 0.300261 0.0921449 
-0.235915 0.135485 0.283403 
1.40049 -2.55308 0.00190479 
0.0653676 -0.471677 0.66003 
0.187985 -0.460931 0.626484 
0.226237 -0.364195 0.48351 
0.11081 -0.075775 0.292311 
0.284516 0.360453 0.172346 
0.0366742 -0.470589 0.207764 
-0.0649498 0.296756 0.0911937 
0.0704044 -0.509165 0.714333 
0.496511 0.379882 0.085611 

-0.277496 -4.30777 7.31739 
-0.366222 -2.43604 1.42777 
-0.420925 -2.77541 1.6291 
5.4445 -5.57513 7.97446 
-0.805515 -1.67072 1.29416 
0.0287424 -1.21677 1.26102 
-0.112393 0.0848592 0.306786 
-0.104749 0.0985604 0.372055 
-0.0529063 0.0325766 0.355021 
-0.609722 0.346483 0.420024 
0.211085 0.284494 0.0608144 
-0.897687 0.283205 0.446362 
-0.897832 0.284088 0.446961 
-0.0376743 -0.207029 0.316357 
2.92018 -8.43338 15.3267 
-0.866619 -1.58497 1.08163 
-0.82941 0.325171 0.554264 
-1.04186 0.110129 0.35695 
-0.491064 -0.884706 1.1548 
-1.20412 -1.92026 0.717584 
1.01428 -1.18871 0.450489 
-1.04863 -4.43027 2.96776 
-11.1317 -30.6387 33.6189 
0.122783 0.0839986 0.175676 
-0.675428 -0.242422 0.489882 
0.175798 0.0614688 0.150873 
-0.764273 0.353779 0.652636 
-0.573711 -1.03737 1.39315 
-1.10202 -2.31179 2.85245 
0.191499 -0.0354165 0.170329 
-0.655562 -0.367217 1.19933 
1.13964 -3.6612 6.53642 
-0.11254 0.0862581 0.310934 
-0.309683 -1.2212 0.797674 
-0.185809 -0.0312738 0.0593746 
-0.161447 -0.034068 0.0464655 
0.10696 -0.4703 0.846315 
-0.552482 -3.24932 2.00894 
-0.0230422 -0.219683 0.346201 
-0.792804 -1.65134 1.43894 
0.0226588 -0.0368147 0.336227 
0.71237 -2.16737 3.97275 
10.2256 -7.94887 10.8162 
0.0173633 -0.015062 0.33938 
6.70399 -6.93745 9.96822 
-0.197719 -3.21342 1.89953 
-1.02815 -1.88768 1.26995 
-0.11773 0.314085 0.0978744 
-0.94989 -1.8498 1.41025 
-0.0092395 0.272284 0.254406 
0.23695 -0.291777 0.00296347 
0.0418614 0.219063 0.180714 
0.192438 -0.0356893 0.172149 
-0.728245 -1.3062 0.895371 
-0.729474 -1.55082 1.44365 
4.99856 -3.68649 3.86769 
0.937753 -1.20211 0.324812 
0.0747913 0.0570427 0.330678 
-0.810119 0.313687 0.532825 
-0.0173296 -1.13688 0.570717 
-1.18964 -0.742961 0.202921 
-0.0675981 -0.13402 0.120585 
-0.81672 0.319632 0.542347 
