0.992885 -0.115175 -0.030231 0.0592015 0.115459 0.993282 0.00778698 -0.0106112 0.0291311 -0.011222 0.999513 -0.0211657 0 0 0 1
0.999937 -0.011103 0.00133457 0.00664603 0.0111021 0.999938 0.000656203 0.00292514 -0.00134178 -0.000641345 0.999999 0.00100114 0 0 0 1
###
-0.313799 -0.728123 0.778217 
-0.508239 0.122281 0.374766 
0.112085 -0.116838 0.139893 
0.0137376 0.0633215 0.031762 
0.107674 -0.755515 0.502376 
-1.74093 -1.77967 1.05042 
-0.575324 0.17178 0.416884 
0.133082 -0.72202 0.47775 
-1.55813 -1.71989 1.55509 
-0.250003 0.0541526 0.313085 
-0.24207 0.10596 0.295534 
-0.232234 -0.768328 1.04215 
-0.105871 0.0988247 0.311785 
-0.250003 0.0541526 0.313085 
-0.22997 0.130035 0.273585 
-0.0927086 0.0430213 0.181463 
-0.522558 0.207035 0.380378 
0.154421 -0.902518 0.576267 
-0.241433 0.13844 0.290139 
-0.0458885 0.00847479 0.0306647 
0.175588 -0.756823 0.602622 
3.84133 -3.02096 1.36409 
-0.120442 0.299483 0.173546 
0.155414 -0.760304 0.628273 
-0.0599436 0.315771 0.179158 
-0.140102 -0.049831 0.262402 
-0.0594899 0.351861 0.197912 
-1.48523 -1.44315 0.954476 
0.415202 0.373573 0.124929 
0.175588 -0.756823 0.602622 
0.130899 -0.191118 0.323022 
0.24073 -0.49046 0.653803 
-0.00417748 0.315212 0.172109 
2.72943 -2.12932 0.951696 
0.244921 -0.312145 0.396179 
-0.251999 0.329509 0.232698 
0.164542 -0.807545 0.430237 
-0.210803 -0.663428 0.909976 
0.117662 -0.543717 0.716652 
-0.022614 0.0450333 0.0232691 
-0.144189 0.23077 0.207994 
0.1125 -0.00939754 0.281075 
0.193871 -0.216257 0.266157 
-0.00682858 -0.0264458 0.0653483 
-0.198449 -0.602316 0.839088 
0.450621 0.373496 0.125603 
0.1268 -0.588361 0.542663 
-0.0638027 0.31635 0.178909 
-0.0552569 0.32408 0.184572 
-0.0237056 0.320733 0.171515 
0.938481 -0.781895 0.742111 
0.0144349 0.327725 0.175605 
0.44492 0.349464 0.075676 
0.142954 -0.662499 0.459183 
-0.0693149 0.118068 0.274153 
-0.172429 -0.13921 0.358516 
2.40707 -2.16244 0.42819 
-0.569938 -0.151707 0.387758 
-0.0342248 -0.000772407 0.0383687 
0.102382 -0.113484 0.13785 
-0.000939886 0.323513 0.175249 
-0.0648711 0.299704 0.0919141 
0.284821 0.360756 0.172537 
0.151467 -0.208381 0.276425 
-0.351542 0.189968 0.307111 
0.122512 0.0782884 0.259034 
0.115063 -0.0139457 0.287512 

6.60125 -6.83007 9.80989 
-0.0854996 0.0333025 0.360644 
-0.0224131 -0.213469 0.336426 
0.0234711 -0.0360022 0.32334 
0.722127 -1.57621 0.375893 
0.0304103 -1.4591 2.5348 
-0.101799 0.0957964 0.361575 
-0.735649 -4.24472 2.70965 
-0.797831 -1.6555 1.2832 
-1.1285 -0.713151 0.208128 
0.583628 -2.39616 1.00477 
-1.38092 -2.2201 0.791524 
-0.652991 -0.234377 0.473511 
-1.13506 -0.708749 0.199187 
-0.0394495 0.0337985 0.353136 
-0.156696 -0.0331 0.045083 
1.04245 -1.23182 0.465101 
-1.15589 -6.80442 4.3075 
0.185948 -0.0344547 0.165351 
-0.297763 -4.65655 7.90502 
-1.07412 -4.53935 3.04007 
1.40583 -4.42314 7.92485 
7.04508 -6.5598 4.06373 
-0.30101 -1.18674 0.775227 
0.972475 -1.14123 0.430944 
0.0219969 -0.0357555 0.326571 
-0.795656 0.311553 0.528386 
-1.11448 -2.33749 2.88068 
-0.445564 0.337099 0.492682 
-0.0331442 0.236712 0.234871 
-0.441434 -0.793372 1.0332 
-4.40575 -9.92212 9.42883 
1.59187 -0.0212686 0.344072 
0.707905 -2.14473 3.93094 
-0.0659957 -0.130823 0.117732 
-0.323412 0.359312 0.462221 
0.319991 -3.5763 1.81649 
-1.39224 -2.31959 0.838343 
-0.798401 -1.66136 1.47924 
0.230225 -0.283528 0.00288126 
-1.01662 0.107626 0.348314 
-0.572726 -1.03178 1.39238 
-1.74359 -3.2453 2.15288 
-0.78138 -1.62856 1.42098 
-1.14191 -1.82022 0.680231 
0.0540851 0.286432 0.0747277 
-1.02232 -3.34741 2.33671 
0.163727 -0.000326047 0.158498 
-0.114474 0.304432 0.0946836 
0.0232878 -0.0961112 0.359268 
1.99212 -1.49418 1.83219 
-0.741418 0.343283 0.633004 
-0.794067 0.311341 0.530883 
-0.544201 -3.19067 2.03513 
-0.874481 -0.0716552 0.28385 
1.26153 -1.48561 0.562217 
0.902663 -1.1974 0.723627 
0.0180827 -0.0146968 0.331744 
0.438133 -5.87898 10.8332 
-1.0022 -1.83968 1.2379 
1.55367 -0.0159899 0.336253 
-0.597377 0.339565 0.411506 
-0.792121 0.337564 0.61496 
-0.935535 -1.75403 1.24953 
-0.109404 0.0824547 0.298778 
0.219006 -0.0109436 0.385022 
0.0180171 -0.0123758 0.327557 
