0.262834 -0.227363 -0.937669 0.0252751 0.188291 0.96524 -0.181269 -0.00200661 0.94629 -0.128911 0.296509 -0.02756 0 0 0 1
0.999564 -0.00993027 -0.0278072 0.0277598 0.0101695 0.999912 0.00847308 -0.00252703 0.0277206 -0.00875217 0.999577 0.00161321 0 0 0 1
###
0.643817 -0.636078 -0.0932128 
0.143749 -0.0828046 0.00371016 
0.109962 0.0545515 0.260341 
0.0563405 0.049581 0.0233463 
0.0356813 0.00796418 0.0292978 
0.193351 -0.204428 -0.0984202 
0.305561 -0.316778 0.236919 
0.100811 0.131833 0.0707464 
0.115198 0.0962692 -0.152789 
0.3169 -0.296812 0.012666 
0.228505 -0.36426 0.0615774 
0.123735 0.0158721 0.160518 
0.16278 -0.937671 1.23546 
0.110099 0.0836417 0.262143 
0.110665 0.0197434 0.0122918 
0.0964843 0.130428 0.0892915 
0.326642 0.0826616 0.004738 
0.128631 0.0203607 0.179562 
0.103577 -0.150368 -0.0961688 
0.108242 0.130263 0.0392829 
0.0979873 0.129193 0.109905 
0.0979507 0.131436 0.111204 
0.12558 0.0618968 0.161161 
0.236673 -0.361809 0.0546858 
0.334804 -0.374437 0.104115 
0.115203 0.124322 0.0209081 
0.106478 0.115958 0.0176458 
0.224948 0.0676268 0.0397104 
0.36978 -0.834972 0.980937 
0.106217 0.124736 0.0379076 
0.121753 0.0567807 0.15045 
0.124423 -0.986629 1.25545 
0.285105 -0.423138 -0.321941 
0.0623062 -0.0749704 -0.0343921 
0.202323 -0.192899 0.122887 
0.240249 -0.378782 0.044237 
0.276989 -0.409527 0.0788967 
0.104838 0.123978 0.0415784 
0.0404801 -0.0199424 0.0184087 
0.182941 -0.196877 -0.102348 
0.317973 -0.327789 0.246497 
0.0883155 -0.156634 0.229365 
0.120413 -0.101004 -3.97599e-05 
0.150145 0.00340236 -0.0120078 
0.153936 -0.0896037 -0.00242999 
0.27596 -0.256539 0.0337412 
0.298377 -0.27839 -0.0261948 
0.10758 -0.129237 -0.0739102 
0.0742076 -0.0609847 -0.0108312 
0.159365 -0.054284 -0.00248667 
0.128011 0.0157223 0.16798 
0.150201 -0.0494758 -0.000789242 
-0.263855 -0.872169 1.0626 
0.310243 -0.771339 -0.6613 
0.151807 -0.0257202 -0.00593227 
0.14859 -0.480932 0.0168232 
0.130124 -0.00120714 0.164584 
0.0529308 -0.124864 -0.111216 
0.102958 0.127039 0.0642931 
0.301805 -0.283812 0.0335821 
0.14875 -0.12863 0.0061929 
0.122154 -0.323082 -0.339721 
0.152809 0.120913 -0.195867 
0.11311 0.124602 0.0150697 
0.125269 -0.0513991 0.150622 
0.167195 0.120131 -0.195756 
0.156605 0.120789 -0.179373 
0.115264 -0.0996433 -0.0168808 
0.0489621 -0.0296983 0.0119445 
0.036424 -0.0241344 0.00782269 
0.171715 -1.0441 -0.533168 
0.148322 -0.0509546 -0.00172787 
0.351306 -0.446787 -0.291453 
0.0751388 -0.0565419 0.00612467 
0.0354899 -0.0119758 0.0288883 
0.135163 -0.0791829 0.133114 
0.475904 -0.837716 -0.66857 
0.0666941 0.119449 0.0297963 

-1.08476 -2.98289 4.93702 
-1.74055 -2.12576 2.78969 
-0.448567 -0.189739 0.696539 
-0.148868 0.387055 0.171104 
2.15298 0.0763055 2.58953 
-0.247777 -1.10222 1.99171 
-3.45676 -4.66855 1.78134 
3.308 1.43611 0.903233 
-2.36273 0.608845 0.822958 
-2.90118 -4.54735 3.83254 
-2.23722 -6.14256 3.99216 
-2.81296 -1.44313 0.353183 
-1.05455 -1.44228 1.75722 
-0.727479 0.188101 0.560093 
2.53174 -0.161952 2.77444 
-0.66011 0.210849 0.543038 
-2.22605 -0.449921 1.71713 
-0.0909249 -0.0690185 0.281355 
-2.46231 -3.50808 2.39846 
-2.20086 0.688826 1.02663 
-2.35699 0.609713 0.814642 
-0.150012 0.388737 0.171401 
-0.633577 0.20748 0.471213 
-0.227645 -1.4998 0.763567 
-3.37549 -5.50928 3.76215 
3.67972 1.35401 0.462827 
-2.1196 0.77741 1.27442 
-4.65118 -1.04769 4.25443 
3.19753 -2.95348 4.01447 
-0.148809 0.388244 0.170302 
-0.0894231 -0.0708203 0.288307 
4.15125 -3.35007 4.39972 
0.040944 -0.425829 0.785711 
1.71544 -6.75831 12.6193 
-0.986442 -1.97884 2.67894 
-2.35938 -7.28309 4.9455 
-1.6675 -6.78168 4.17817 
-0.0205332 0.144854 0.589568 
-0.508478 -3.66081 6.44021 
-2.51438 -3.60213 2.43287 
-3.63226 -4.89131 1.85776 
-2.51356 -3.57784 2.45363 
-1.28058 -4.26449 7.09844 
-1.85847 -0.703374 2.3623 
-1.66045 -1.97524 2.67782 
-2.42935 -3.86128 3.50677 
-1.67102 -3.39137 4.53924 
8.92006 -9.78285 14.5994 
-0.686115 -1.30035 1.76345 
-0.0127786 0.253045 0.605352 
-0.174513 0.228815 0.240302 
3.06024 -1.13219 1.58669 
-4.63388 -7.64218 2.03474 
-0.0832594 -0.0714635 0.295486 
-0.156138 0.00585555 0.271815 
-0.424891 -6.74103 3.75555 
2.10281 -0.0519022 2.39403 
0.313714 -0.397636 -0.0156177 
1.70634 -2.59905 0.98972 
183.997 -158.495 221.846 
-2.30564 -3.3559 2.45057 
0.338977 0.852128 0.247668 
-0.131265 0.412207 0.181459 
1.72624 -2.60162 0.996373 
2.03902 -0.100224 2.28429 
0.10646 0.439981 0.452403 
-0.4928 0.346699 0.467467 
-6.12896 -16.1869 18.4047 
-0.613806 -2.91321 5.20076 
0.214851 -4.06281 7.715 
21.7788 -20.6559 13.2479 
-0.15307 0.00587565 0.263748 
6.82892 -7.54397 11.2069 
-3.99391 -6.52396 6.03615 
-1.23978 -3.91485 6.45763 
-2.14001 0.724447 1.15658 
2.06059 -7.83505 14.6354 
-0.41229 -0.137232 0.65719 
