0.99612 -0.0844157 0.0248698 0.0723415 0.0849783 0.996128 -0.0225087 -0.195276 -0.0228734 0.0245348 0.999437 0.124207 0 0 0 1
1 0 0 0 0 1 0 0 0 0 1 0 0 0 0 1
###
-0.0766412 0.0697442 0.0500388 
-2.0771 -3.87699 1.02233 
3.67496 -13.8477 16.11 
-0.182208 0.29974 0.0197303 
-0.075059 0.0795885 0.0374734 
-1.44247 -0.668428 0.248606 
5.3439 -3.93937 4.13952 
0.0104642 0.318335 -0.00192765 
-0.130292 -0.157958 0.343883 
-2.21235 -4.16025 1.11336 
-0.949071 -1.77621 1.2625 
-1.06062 -4.47126 2.99666 
-0.52044 -1.37519 1.65606 
-2.15239 -3.60666 1.26658 
-1.20481 -0.761301 0.218797 
1.71941 -0.0274942 0.372761 
-0.586106 -1.05901 1.42029 
-0.320696 -2.44402 3.96793 
-0.541685 -3.15123 1.95564 
1.05612 -1.23725 0.468804 
0.134204 0.268442 -0.00618585 
-1.07968 -3.52377 2.45212 
0.0210271 0.317654 -0.0148521 
-0.818114 -0.0136423 0.247294 
-0.998915 0.22605 0.260824 
0.867405 -1.30708 0.694434 
1.38471 -5.53269 6.5018 
5.608 -4.08586 4.29383 
-0.155716 0.3036 0.0276631 
1.72377 -0.0231548 0.370292 
-0.54778 -3.20495 1.98228 
-0.83167 -1.7296 1.51386 
-0.0733024 0.190006 0.28173 
1.1196 -1.33091 0.46187 
0.909349 -1.21013 0.733335 
-1.54721 -2.48548 0.866936 

0.0946371 -0.127981 0.176105 
-0.518557 -0.989939 1.16467 
-1.59486 -1.88073 1.69635 
-0.165435 0.122508 0.265899 
0.0131309 -0.173519 0.258539 
-0.240641 0.128379 0.29057 
0.0211711 -0.470003 0.655579 
-0.374359 -0.209682 0.0324861 
0.226237 -0.364195 0.48351 
-0.313976 -0.728057 0.778458 
-0.0609652 0.0115194 0.0339447 
0.175476 -0.757082 0.602451 
0.19557 -0.489544 0.665854 
0.190757 -0.397882 0.542215 
-0.248041 0.0535092 0.311363 
0.430702 0.340963 0.0746606 
0.130776 -0.191051 0.320712 
-0.651821 -0.66243 0.350497 
0.132429 -0.722678 0.477453 
-0.0596977 0.353508 0.19881 
0.0593045 -0.0980687 0.0379107 
0.126673 -0.588602 0.542725 
-0.16754 0.0929974 0.276856 
-0.130059 0.0521565 0.311375 
0.180125 0.35122 0.187016 
-0.344789 -0.821974 0.872547 
1.32868 -1.65131 0.588506 
0.981026 -0.794406 0.191392 
0.484191 0.378222 0.0805039 
-0.054553 0.314464 0.175593 
0.133955 -0.716029 0.484387 
0.216754 -0.530147 0.682426 
-0.988665 -0.914598 0.134431 
-0.167101 0.305763 0.18772 
2.40715 -2.16246 0.427255 
-0.210959 -0.663271 0.910223 
