0.995984 0.0822904 -0.0352767 0.0297045 -0.0854568 0.991271 -0.100393 -0.199063 0.0267074 0.103004 0.994322 0.121373 0 0 0 1
1 0 0 0 0 1 0 0 0 0 1 0 0 0 0 1
###
1.23992 -3.95592 7.06938 
4.54731 -3.1287 0.521482 
3.89461 -14.6553 17.0608 
0.435198 -5.86658 10.7678 
3.33426 -5.73956 10.1012 
6.84276 -7.08868 10.1971 
-1.08043 -2.13693 1.55267 
0.142542 0.284545 -0.00585186 
-0.0881383 0.327599 -0.000486284 
-0.990203 -1.55564 0.464503 
0.0636902 -1.85726 3.3358 
-1.21488 -0.511929 0.184663 
-0.384393 -1.38109 1.63205 
-1.4976 -3.48553 2.34155 
-0.280402 -0.56355 0.692765 
-1.07962 -0.177047 0.359552 
-0.950181 -3.92276 2.64391 
-2.23108 -3.74061 1.30899 
0.142913 0.343022 -0.0893429 
-0.963531 -1.79818 1.27983 
-0.629807 -1.14567 1.51766 
-0.700388 -0.388815 1.28865 
-0.552998 -3.21359 1.99431 
-1.26217 -0.797865 0.228759 
-1.05048 0.239781 0.272691 
0.132289 0.333856 -0.0908427 
4.09749 -3.18654 4.38678 
-1.66998 -2.70482 0.93565 
-1.06337 -3.47645 2.42815 
-0.692061 -0.376464 1.29361 
-1.06888 -0.0912093 0.350096 
0.0427151 0.0766261 0.352546 
0.0323286 0.323293 0.0248188 
-0.561709 -0.998892 -0.00217301 
-0.99459 -1.52149 0.519713 
-0.99816 0.314252 0.49038 
1.15183 -1.34855 0.510621 
-1.06956 -0.0927851 0.351118 
-0.109022 0.299881 -0.0791781 
0.0302792 0.323985 0.0256232 
0.126074 0.156762 0.166583 
3.76079 -2.90876 4.01733 
-1.02458 -1.99345 1.51607 
-1.21726 -0.76461 0.21964 
0.991438 -1.31818 0.79851 
0.0315857 -0.513083 0.180255 

2.73009 -2.1281 0.952435 
0.221113 -0.178974 0.0638743 
0.206377 -0.51926 0.666033 
0.550484 -0.433792 0.254525 
2.07346 -1.66548 0.370809 
0.226798 -0.18359 0.175207 
0.0987134 -0.633467 0.810679 
-0.112638 0.309901 0.184588 
-0.122279 0.305243 0.178546 
-2.18457 -2.10951 1.37468 
-1.74085 -1.77902 1.05176 
-0.240641 0.128379 0.29057 
-1.78999 -1.83229 1.11542 
0.0956977 -0.639903 0.703038 
0.19557 -0.489544 0.665854 
-0.118738 0.0719037 0.304241 
0.107865 -0.755441 0.502411 
-0.232301 -0.768212 1.04217 
-0.171438 0.317877 0.19457 
0.0962608 -0.640651 0.878312 
0.130776 -0.191051 0.320712 
0.118324 0.0735007 0.265816 
0.132429 -0.722678 0.477453 
-0.251583 0.0530866 0.32133 
-0.0367004 0.325759 0.193027 
0.545599 0.435759 0.116464 
-0.315713 -0.871177 1.00282 
-0.210959 -0.663271 0.910223 
0.126673 -0.588602 0.542725 
0.119802 0.0755115 0.259255 
-0.0595371 0.12664 0.273729 
0.120712 0.0776252 0.25659 
0.0251219 -0.442531 0.628533 
-3.66196 -4.83033 0.180314 
-0.413876 -0.866561 1.15178 
-0.220865 0.324114 0.219203 
-0.000374565 0.322003 0.174881 
-0.0936807 0.105891 0.295005 
-0.167101 0.305763 0.18772 
0.450594 0.373422 0.125557 
-0.00808572 0.327044 0.17325 
0.415185 0.373295 0.124876 
1.00357 -0.938287 1.00174 
-0.250268 0.0541794 0.313287 
2.40715 -2.16246 0.427255 
0.0763343 -0.74224 0.232091 
