0.999041 -0.0326976 0.029121 0.609626 0.0355845 0.993849 -0.104869 -0.390796 -0.025513 0.105805 0.99406 0.295763 0 0 0 1
0.291356 -0.174483 -0.940567 -0.0063487 0.174123 0.976473 -0.127207 0.00377731 0.940634 -0.126712 0.314883 -0.0186925 0 0 0 1
###
-0.88115 -0.321683 0.516087 
4.02994 -7.87902 13.2888 
-0.468785 0.641025 -0.0928998 
-2.78521 -4.80391 4.04805 
-4.42688 -8.33933 10.3369 
-0.868542 0.596075 -0.0751883 
-2.75816 -4.71126 4.02703 
-3.08999 -6.28751 4.95162 
-0.866881 0.594263 -0.0769611 
-2.31427 -3.37071 2.45513 
-3.13394 -4.19378 0.233182 
-2.88189 -1.46978 0.340038 
-3.37869 -4.54436 1.53136 
1.33825 -2.76384 1.46121 
1.10642 -1.14673 1.82212 
1.71484 -2.61161 0.994085 
-2.36105 0.466706 0.352927 
2.58948 -1.92213 0.414639 
-0.136086 0.559501 -0.138586 
-2.92543 -4.20687 2.53421 
-2.08133 -2.26019 0.695748 
1.44343 -2.58383 1.56926 
-2.50218 0.544957 0.625142 
21.3388 -20.2734 12.9921 
-1.74863 -6.99879 4.37532 
-2.37587 -3.49681 2.65262 
-2.802 -1.43696 0.351247 
-4.48496 -4.15821 0.126361 
1.64073 -2.47522 0.957702 
-2.09966 -3.40255 3.39065 
-3.14594 -4.18405 1.4546 

0.585615 -0.585355 -0.219237 
0.379567 -0.95995 -0.816782 
0.142265 0.0233128 0.095019 
0.278484 -0.259243 0.0343644 
0.209657 -0.218928 0.222567 
0.116435 0.0979825 -0.154642 
0.279754 -0.274329 0.0339523 
0.300601 -0.294272 0.0313754 
0.0921809 -0.0664702 0.325486 
0.300387 -0.312589 0.105086 
0.147874 -0.0612951 0.000739756 
0.117599 0.0150647 0.152551 
0.21872 -0.24088 0.216198 
0.291129 -0.444955 0.0700531 
0.27832 -0.411663 -0.313032 
0.110254 0.0872218 0.25163 
0.129589 0.115003 -0.0306093 
0.0614323 0.133363 0.189328 
0.108166 0.125893 0.0341288 
0.163574 -0.14574 -0.0118283 
0.199988 -0.183085 0.0201698 
0.221343 -0.608313 -0.471231 
0.140368 0.121269 -0.057119 
0.2575 -0.334885 0.0548984 
0.183947 -0.346384 0.0424427 
0.197576 -0.18826 0.120228 
0.115696 0.0153368 0.148798 
0.0560271 0.0821937 -0.0633602 
0.113866 0.0982373 -0.161114 
0.158462 -0.16059 -0.0597601 
0.217395 -0.233847 0.205203 
