0.995379 -0.0868817 0.0408909 0.626856 0.0883003 0.995504 -0.0342657 -0.352987 -0.03773 0.037718 0.998576 0.303684 0 0 0 1
0.288758 -0.174762 -0.941317 -0.00633431 0.173926 0.976414 -0.127925 0.00418422 0.941472 -0.12678 0.312343 -0.019128 0 0 0 1
###
-2.57911 -4.97009 3.93603 
-0.951303 -1.26086 2.05419 
-4.64071 -7.65684 2.03463 
2.65281 -12.5389 15.0333 
-2.47657 -3.5454 2.39547 
-2.85131 -1.45411 0.338269 
7.13864 -5.5954 6.13216 
-1.5207 -3.2522 4.60792 
-2.82937 -1.4451 0.341092 
-2.34965 -7.25176 4.92352 
-1.69369 -6.90045 4.25384 
-2.43348 -3.46576 2.3693 
-2.67102 -1.32371 0.267722 
3.10956 -0.0835905 0.757855 
-2.31853 0.601847 0.802413 
-1.72531 -2.11131 2.76687 
-0.207215 0.538385 -0.0866132 
-1.80716 -0.662571 2.33057 
-1.06115 -2.91707 4.87338 
-2.73667 -0.17003 0.681683 
-3.33371 -4.48166 1.51465 
2.96971 -0.0505414 0.708705 
1.71562 -2.58504 0.990257 
-0.213809 0.537456 -0.0914838 
-1.87355 -2.73228 2.49677 
0.312529 -0.273228 0.393775 
-1.28426 -4.30211 7.13816 
-2.89955 -0.209964 0.758701 
-3.38512 -5.51771 3.78445 
-0.600517 0.574319 -0.212419 
3.20753 -2.75061 3.99853 
-0.776096 0.594864 -0.0523597 
1.42485 -2.55114 1.54995 
-1.23106 -3.8881 6.40048 
2.97993 -0.0451556 0.713306 
-2.03192 -3.01577 2.62553 
-0.634741 0.390029 0.476638 
4.01379 -3.40131 4.95704 

0.27749 -0.260472 0.0878453 
0.352516 -0.421085 -0.284024 
0.250516 -0.284395 0.202643 
-0.0963079 -0.620636 0.774951 
0.16608 -0.146931 -0.00722983 
0.123735 0.0158721 0.160518 
0.237706 -0.221823 0.0947514 
0.0483343 -0.0279838 0.0168595 
0.133166 0.0125386 0.170471 
0.218525 -0.347387 0.0435957 
0.201539 -0.384911 0.0431149 
0.274666 -0.266769 0.0980209 
0.149179 0.00576829 -0.0153314 
0.0669245 0.120585 0.0304433 
0.136859 0.110265 -0.0755413 
0.16415 -0.129185 0.000392986 
0.120037 -0.288133 -0.339043 
0.147189 0.00490257 -0.013452 
0.156096 -0.161562 -0.0881117 
0.14728 0.000599694 0.116558 
0.22779 -0.250989 0.22488 
0.1434 0.124661 -0.200761 
0.11619 0.100418 -0.165479 
0.127932 -0.398176 -0.309064 
0.3169 -0.296812 0.012666 
0.310243 -0.771339 -0.6613 
0.228715 -0.225862 -0.0891177 
0.136325 0.00656654 0.103069 
0.24229 -0.221312 -0.0182485 
0.148509 0.00575279 -0.0150573 
0.152126 0.123672 -0.165971 
0.11311 0.124602 0.0150697 
0.0507644 -0.0968804 -0.0680101 
0.0231143 0.000669083 0.0330476 
0.0579868 0.0937591 0.00412178 
0.305703 -0.299874 0.0314942 
-0.0672317 -0.247296 0.296837 
0.148848 0.120988 -0.15947 
