0.999902 0.0130552 -0.00504418 0.0476277 -0.013509 0.994491 -0.10395 -0.198433 0.0036593 0.104008 0.99457 0.115961 0 0 0 1
1 0 0 0 0 1 0 0 0 0 1 0 0 0 0 1
###
0.010547 -0.0927065 0.387035 
-0.400296 -1.44597 0.97192 
3.82286 -14.3936 16.7571 
2.80532 -2.24064 3.09661 
-10.8514 -30.471 33.4603 
-0.191959 0.297978 0.00633005 
0.922913 -1.36723 0.721683 
-1.19277 -0.740959 0.203577 
-1.12231 -2.35268 2.90755 
-1.21024 -0.755234 0.20888 
-0.193267 0.298456 0.00809231 
-1.15707 0.169535 0.469653 
-0.905302 -1.68857 1.20283 
-1.28955 -0.569265 0.209773 
-0.985043 -0.38588 0.672064 
-2.1499 -3.60212 1.26232 
-0.213764 -0.408553 0.60599 
-1.32697 -2.09524 0.606608 
1.76382 -0.0288742 0.380222 
-0.943775 0.298789 0.469776 
-1.60308 -2.59519 0.898339 
-1.69578 -2.71892 0.837045 
-1.15509 -0.619814 0.445253 
3.90536 -2.81255 3.52309 
2.42781 -1.5764 0.389598 
1.50959 -6.00031 7.0562 
0.126884 0.319975 -0.0866803 
4.18252 -3.2639 4.48306 
-1.08314 0.233485 0.291681 
0.658574 -1.38114 0.322441 
0.904184 -1.36169 0.722866 
-1.55977 -3.37749 2.33874 
-0.991478 0.263406 0.362577 
-0.225303 0.288416 0.331537 
3.80664 -2.94594 4.07056 
-0.830981 -0.25881 1.04869 

0.0251219 -0.442531 0.628533 
0.0642393 -0.515401 0.684689 
-1.59486 -1.88073 1.69635 
-1.55857 -1.71899 1.55573 
1.0133 -1.68169 0.0105255 
0.417905 0.325546 0.0536602 
-0.707372 -0.67351 0.134666 
-0.250268 0.0541794 0.313287 
-1.91661 -1.88839 1.23917 
0.393107 0.378774 0.163794 
-0.054553 0.314464 0.175593 
-0.145017 0.231806 0.209494 
0.0987134 -0.633467 0.810679 
-0.240641 0.128379 0.29057 
-0.072412 0.129172 0.298039 
-0.232301 -0.768212 1.04217 
1.00357 -0.938287 1.00174 
-0.210959 -0.663271 0.910223 
0.430702 0.340963 0.0746606 
-0.220865 0.324114 0.219203 
0.190757 -0.397882 0.542215 
0.253456 -0.509062 0.68932 
-0.17378 -0.0606438 0.334405 
0.130776 -0.191051 0.320712 
-0.0125329 0.32283 0.183613 
1.32868 -1.65131 0.588506 
0.11342 0.00889971 0.278282 
1.32289 -1.03105 0.468878 
-0.0367004 0.325759 0.193027 
-0.282105 -0.676772 0.754575 
0.11613 -0.560363 0.520173 
-0.261676 -0.725751 0.828234 
0.180125 0.35122 0.187016 
0.0477833 -0.452664 0.296973 
-1.39857 -1.39906 0.276479 
0.0696745 0.101008 0.240896 
