0.998882 -0.0421107 0.0214871 0.0621842 0.0437681 0.995538 -0.0836004 -0.197243 -0.0178708 0.0844474 0.996268 0.116359 0 0 0 1
1 0 0 0 0 1 0 0 0 0 1 0 0 0 0 1
###
-0.649661 -0.911598 0.269608 
-0.389674 -2.57411 4.10733 
0.00836331 0.315831 -0.00584048 
-0.864107 -1.83001 1.55879 
-0.406201 -2.69254 4.29749 
-0.858683 -1.5697 1.04877 
-1.09022 -2.73372 2.1247 
-1.20521 -0.751861 0.207991 
0.622152 -1.3755 0.326871 
-1.46928 -3.4231 2.29668 
-1.37877 -0.629751 0.235745 
0.341378 0.187755 0.26648 
-0.928373 0.293882 0.462098 
-0.306994 -2.14528 3.47219 
-2.1281 -3.5658 1.24908 
-0.932882 -1.74373 1.23967 
1.73343 -0.0281847 0.375449 
1.12877 -1.33247 0.506335 
2.78695 -10.8083 12.6586 
-0.189974 0.294317 0.00842294 
0.0214333 0.319353 -0.0145175 
0.134671 0.269378 -0.00601525 
-1.52293 -2.45211 0.85107 
-0.863086 -1.63979 1.17898 
-1.19942 -0.757729 0.216984 
1.0749 -1.259 0.476839 
-0.146867 0.23241 0.386259 
0.174349 0.27914 -0.0328682 
-0.584047 -1.05422 1.41402 
0.0213756 0.318691 -0.0151582 
-0.939616 -0.332482 0.687 
-0.688603 -0.96146 0.312351 
-0.900789 -1.55166 0.931527 
-1.03195 0.226114 0.273007 

0.253456 -0.509062 0.68932 
-1.74085 -1.77902 1.05176 
-0.0968104 0.0974485 0.290039 
0.19557 -0.489544 0.665854 
0.286876 -0.23928 0.235758 
0.0211712 -0.470003 0.655579 
0.130225 -0.543146 0.613066 
0.393107 0.378774 0.163794 
0.103405 -0.76348 0.505527 
0.0956977 -0.639903 0.703038 
-0.240641 0.128379 0.29057 
-0.351236 0.189824 0.306876 
0.221201 0.346721 0.178516 
0.094637 -0.127981 0.176105 
-2.18457 -2.10951 1.37468 
0.938201 -0.781771 0.742065 
0.430702 0.340963 0.0746606 
-0.0469275 0.330901 0.183713 
0.206377 -0.51926 0.666033 
-0.07686 0.303607 0.11525 
0.0895087 0.121073 0.0430948 
1.11949 -1.5324 0.181808 
-0.219398 -0.675503 0.935091 
0.0962608 -0.640651 0.878312 
-0.248041 0.0535092 0.311363 
-0.060295 0.317262 0.180208 
0.0386394 0.149589 0.290548 
-0.626612 0.323992 0.334579 
0.125174 -0.131807 0.302219 
0.0142546 0.327313 0.176232 
-0.0595371 0.12664 0.273729 
-0.104904 -0.358503 0.515584 
1.0133 -1.68169 0.0105255 
-0.0367004 0.325759 0.193027 
