0.26535 -0.264058 -0.927288 0.0348445 0.187362 0.957553 -0.219061 -0.00393575 0.945772 -0.115611 0.303561 -0.0282113 0 0 0 1
0.99946 -0.0127358 -0.0302757 0.0393041 0.0130246 0.999871 0.00936218 -0.00361889 0.0301525 -0.00975146 0.999498 0.00343357 0 0 0 1
###
0.0882227 -0.0714891 0.0271324 
0.0507674 -0.490199 0.65452 
0.264453 -0.295742 0.276262 
0.11311 0.0145326 0.146583 
0.0994941 0.0612756 0.236611 
0.092673 0.113265 0.060571 
0.120329 0.102103 -0.161076 
0.102893 0.112705 0.0172153 
0.104011 0.118226 0.0222878 
0.102176 0.117977 0.0331701 
0.209287 -0.205585 -0.0782916 
0.0942526 0.122776 0.0778267 
0.139929 0.00466118 -0.0117496 
0.202521 0.0371562 -0.00642789 
0.102883 0.118121 0.0227107 
0.303291 -0.306004 0.0392991 
0.150034 -1.2983 1.65146 
0.225312 -0.358979 0.0610702 
0.197652 -0.258735 0.0591156 
0.139522 -0.127362 -0.0313064 
0.229139 -0.321808 0.255382 
0.22505 -0.209139 0.0203446 
0.177295 0.0334604 -1.92166e-05 
0.107362 0.119153 0.0157147 
0.265807 -0.367191 0.408813 
0.107518 0.070756 0.221651 
0.246454 -0.390413 0.0452075 
0.244925 -0.400116 0.0758891 
0.156886 0.118247 -0.142051 
0.402677 -0.915163 1.08094 
0.434457 -0.952367 1.21866 
0.174772 -0.163318 0.173344 
0.10572 0.082884 0.237628 
0.125198 0.114218 -0.19038 
0.0632036 -0.531776 0.0492656 
0.136201 -0.449395 0.0140857 
0.14871 0.0421954 0.0281511 
-0.0813735 -0.537728 0.685775 
0.19016 -0.381124 0.0472839 
0.229301 -0.508775 0.616275 
0.101126 0.119562 0.0400529 
0.281005 -0.352511 -0.229915 
0.231176 -0.21569 0.0926859 
0.140181 0.113416 -0.148166 
0.155029 -0.120868 -0.00158159 
0.103999 0.120953 0.0374361 
-0.0354007 -0.110091 0.161359 
0.375844 -0.857521 1.01013 
0.216483 0.0396741 -0.00908145 
0.142621 0.117956 -0.19141 
0.111591 -0.0959114 -0.0164115 
0.141653 0.00605133 -0.0139613 
0.126764 0.0119921 0.0913704 
0.0599792 0.130479 0.185101 
0.108077 0.119304 0.0146561 
0.135457 0.0410793 0.0535888 
0.101729 0.127802 0.112479 
0.127902 -0.40658 0.0170889 
0.823303 -2.10663 -1.04974 
0.13985 -0.0710349 -2.30419e-05 
0.141653 0.00605133 -0.0139613 
0.601119 -1.04686 -0.843261 
0.0545927 -0.0589235 -0.0185856 
0.118496 -0.0282531 0.00665408 
0.0649795 -0.0474472 0.00302736 
0.0470621 -0.0310485 0.0103054 
0.110341 0.119932 0.00861644 
0.0192278 -0.00804439 0.0311109 
0.303509 -0.312412 0.237682 
0.287125 -0.43864 0.0696466 
0.01758 -0.0288532 0.0278791 
0.141182 -0.0293437 -0.00288671 
0.144597 -0.0595762 0.000836135 
0.108703 0.119799 0.00792168 
0.0855359 0.157922 0.332623 

-2.46465 -3.92108 3.56528 
-0.619722 -2.93804 5.23845 
1.10642 -1.14673 1.82212 
-2.802 -1.43696 0.351247 
0.171212 0.127646 0.674556 
3.32103 1.44156 0.90864 
0.12517 0.410468 0.637087 
-2.09685 0.76298 1.25033 
-2.8564 -1.40627 0.216989 
-2.18571 0.677468 1.00576 
-0.690045 -1.30815 1.77372 
-0.463201 -0.0197674 0.619217 
-1.83518 -0.67296 2.36853 
2.11825 -0.0527236 2.4115 
0.23049 0.387571 0.500833 
-3.48614 -5.59109 4.57646 
-2.31427 -3.37071 2.45513 
-2.26179 -6.21172 4.03634 
-1.71827 -7.01768 4.32228 
-4.42688 -8.33933 10.3369 
1.28682 -2.69887 1.4349 
-2.93236 -4.59783 3.87367 
2.15128 0.0727053 2.59607 
-2.13047 0.781555 1.28082 
4.21049 -3.398 4.46184 
-0.411733 -0.107581 0.622609 
-2.37767 -7.33594 4.98113 
-2.54842 -7.34914 4.49273 
-0.094769 0.356871 0.245936 
3.30886 -3.04154 4.14884 
1.82905 -7.15939 13.3554 
-1.74488 -2.13248 2.79324 
3.69349 1.35962 0.467317 
-0.31097 0.561026 0.0873718 
-0.0816528 -6.64221 3.17999 
0.596168 -6.6391 3.16044 
-2.23523 -0.451819 1.72242 
-0.238182 -3.42631 6.51 
0.954604 -3.23697 0.669073 
3.66039 -7.40581 12.4658 
-0.149285 0.389474 0.170835 
-0.99051 -4.52217 7.86689 
3.97066 -3.43372 4.95016 
-0.502992 0.353498 0.470681 
-1.059 -1.44858 1.76455 
0.241359 0.134938 0.586912 
-1.28869 -2.16594 0.0104236 
2.68772 -12.6871 15.2129 
-4.70401 -1.06092 4.30255 
0.274075 0.1602 0.570812 
-6.13832 -9.95948 8.00999 
-1.83628 -0.666706 2.37833 
-1.75081 0.728124 0.754452 
-0.658399 0.176745 0.6129 
1.73731 -2.61814 1.00194 
-2.56464 -0.597277 2.39732 
0.138687 0.645415 0.377209 
-4.48728 -16.3638 10.07 
2.12745 -10.7658 12.967 
-0.394727 -0.130088 0.626376 
0.496456 0.878055 0.215448 
-0.0888449 -0.228969 0.436248 
2.14348 -8.63726 15.9621 
-0.0255202 -0.00950689 0.758555 
-0.751879 -1.44592 1.94332 
4.02994 -7.87902 13.2888 
1.64073 -2.47522 0.957702 
-3.95994 -6.46701 5.98252 
-3.47527 -4.69547 1.79026 
2.69925 -13.3111 16.051 
-0.531321 -0.839847 0.805362 
-0.153576 0.00589801 0.264586 
-2.42045 -0.64337 1.31789 
-0.0279482 0.14324 0.583003 
-2.35675 0.609067 0.812883 
