0.258427 -0.238953 -0.936011 0.0305852 0.186648 0.963018 -0.194316 -0.00246472 0.947828 -0.124489 0.29347 -0.0276159 0 0 0 1
0.999462 -0.0127241 -0.0302295 0.038737 0.01301 0.999872 0.00927802 -0.00355031 0.0301075 -0.00966631 0.9995 0.00333851 0 0 0 1
###
0.235731 -0.252017 -0.123948 
0.0845411 -0.0788387 -0.0233134 
0.0972845 0.127217 0.0683426 
0.117599 0.0150647 0.152551 
0.117923 0.0267486 0.15035 
-0.389353 -1.17902 1.43389 
0.228436 -0.364304 0.0618857 
0.105643 0.119898 0.0225424 
0.103473 0.119138 0.0334907 
0.328532 -0.343468 0.251222 
0.132927 0.0287887 0.0789838 
0.320695 -0.495784 0.493672 
0.110254 0.0872218 0.25163 
-0.239382 -0.87358 1.12805 
0.113657 -0.362816 0.019158 
0.360994 -0.616635 -0.471832 
0.173753 -0.171366 -0.0738554 
0.0445103 -0.0274312 0.0117851 
0.184275 -0.384634 0.0476567 
0.279365 0.049985 -0.0218573 
0.305733 -0.308954 0.0395828 
0.104648 0.125728 0.0380771 
0.0299571 0.0212206 0.0359979 
0.115349 0.154626 0.0748986 
0.118268 -0.444222 0.0139082 
0.102158 0.120343 0.0403438 
0.0997609 0.123258 0.0488554 
0.176227 0.0317038 0.00150397 
0.159024 0.0345211 0.0121705 
0.258495 -0.369646 0.285267 
1.11423 -1.53607 1.39859 
0.230773 -0.312501 -0.22026 
0.24283 -0.335948 0.0545212 
0.106522 0.113876 0.0214313 
0.084785 0.138961 0.171833 
0.237345 -0.333426 0.26475 
0.252832 -0.400806 0.0462485 
0.684827 -1.19847 -0.957213 
0.140729 -1.16629 1.48601 
0.0561141 -0.0369636 0.010289 
0.130681 -0.111914 -0.00229957 
0.304125 -0.313442 0.236257 
0.2657 -0.333512 -0.216629 
0.598502 -1.5748 -0.782754 
0.14232 0.0051298 -0.0126399 
0.0652741 0.117578 0.029958 
0.411322 -0.898366 1.14917 
0.170472 -0.260201 0.050252 
0.182175 -0.172029 0.181207 
0.247146 -0.228236 -0.0201939 
0.142278 0.00436102 -0.0120318 
0.356206 -0.809737 0.953441 
0.135244 -0.403449 0.019653 
0.10291 -0.405493 0.0131049 
0.0448085 -0.107765 -0.0847386 
0.152123 0.117421 -0.172361 
0.125807 -0.0343229 0.153851 
0.249722 -0.40864 0.0773723 
0.0651717 0.112414 0.0048747 
0.20437 -0.41285 0.049898 
0.123427 -0.0710615 0.122421 
0.145172 0.00355455 -0.0113375 
0.0402456 -0.018539 0.0212476 
0.149484 0.120746 -0.10153 
0.112887 0.122676 0.00863478 
-0.00807041 -0.615257 0.797978 
0.131815 0.0399091 0.0479558 
0.104397 0.131094 0.115379 
0.344145 -0.782633 0.921958 
0.0304975 -0.00713216 0.0289531 
0.0337419 -0.00225361 0.0321191 
0.240097 -0.223753 0.0957636 
0.16046 0.121681 -0.1461 
0.143181 0.116648 -0.151655 
0.227397 -0.309493 0.0605894 
0.144615 0.00584587 -0.0145302 
0.0317991 -0.408106 0.00310974 
0.0439636 -0.412823 0.00405392 
0.775721 -1.98217 -0.986582 
0.300718 -0.282999 0.0338578 
0.131206 0.110225 -0.176989 
0.0656718 0.118079 0.0293069 
0.321978 -0.331855 0.251607 
0.125411 0.0162504 0.0870947 
0.0641597 0.0110093 0.022566 

-0.611158 -2.90133 5.17832 
-0.578473 -4.55761 8.22055 
-0.456732 -0.0194568 0.610554 
-2.73254 -1.39833 0.344288 
-2.85131 -1.45411 0.338269 
-0.00925422 0.354962 0.370268 
-2.23145 -6.12756 3.98194 
3.61529 1.33044 0.455643 
0.277168 0.810959 0.157482 
-3.37138 -4.53017 1.7291 
-2.32869 -0.21029 0.515503 
-0.981202 -1.96894 2.66528 
1.69524 -2.58174 0.98335 
0.0387631 0.349839 0.549075 
0.650618 -6.4825 3.02546 
-0.0876282 -0.225718 0.430124 
4.24856 -3.35182 4.41878 
-1.56258 -3.1523 4.25396 
-1.69369 -6.90045 4.25384 
2.09198 -0.0519847 2.38164 
-3.44059 -5.51777 4.51687 
-2.09806 0.769749 1.26111 
-0.0250596 0.145846 0.633966 
-0.600707 0.0832637 0.65387 
0.58947 -6.5643 3.12562 
-0.147211 0.384092 0.168485 
0.00601068 0.314982 0.582078 
2.5218 -0.161509 2.76349 
-2.20425 -0.445455 1.69928 
1.27039 -2.66448 1.41691 
-6.15191 -16.2416 18.4619 
0.725941 -0.758077 1.17134 
-2.39953 -5.90961 4.14441 
0.224919 0.380112 0.492401 
-0.148403 0.384602 0.169577 
-4.76828 -7.94593 2.13435 
-2.34965 -7.25176 4.92352 
2.02441 -8.21647 15.1777 
-2.32973 -3.39749 2.47346 
-4.19029 -7.90121 9.75832 
-2.71527 -4.00253 2.8852 
-3.97466 -5.3452 1.54552 
-0.742387 -1.42762 1.91883 
3.71939 -7.51307 12.632 
-1.80846 -0.656261 2.34138 
0.331524 0.843625 0.239445 
-2.43348 -3.46576 2.3693 
-2.3091 -6.83997 4.48611 
-1.72531 -2.11131 2.76687 
-1.28426 -4.30211 7.13816 
-1.80716 -0.662571 2.33057 
2.65281 -12.5389 15.0333 
-0.42153 -6.66631 3.71182 
0.730023 -6.39535 2.93499 
0.310453 -0.393506 -0.015416 
0.102993 0.430889 0.441951 
3.03857 -0.15764 3.35598 
-2.51768 -7.26001 4.43868 
-1.19103 0.627303 0.271354 
-0.4441 -0.187872 0.689554 
-2.125 0.721381 1.15747 
-1.84221 -0.697496 2.34016 
-1.85175 -2.65542 1.84131 
-2.15298 0.667316 0.990376 
-0.0203105 0.14338 0.583626 
-1.04534 -1.42984 1.74186 
-2.53072 -0.588965 2.36594 
0.127301 0.602059 0.349589 
2.93818 -13.7292 15.8479 
-3.97735 -5.76547 3.85428 
-0.457487 -0.0196993 0.610467 
0.0406759 -0.422275 0.779069 
-0.49032 0.348878 0.477885 
2.97993 -0.0451556 0.713306 
-2.297 -7.22626 4.88673 
0.489381 0.865793 0.212339 
-0.195371 -1.28346 0.647462 
-0.252811 -0.917138 0.504655 
2.62831 -12.9841 15.6569 
-2.47657 -3.5454 2.39547 
0.603246 -0.921872 0.352898 
0.101539 0.409405 0.458328 
-3.43141 -4.63409 1.76694 
-1.72473 0.717331 0.743058 
-4.63159 -1.04325 4.23602 
