0.995379 -0.0868817 0.0408909 0.626856 0.0883003 0.995504 -0.0342657 -0.352987 -0.03773 0.037718 0.998576 0.303684 0 0 0 1
1 0 0 0 0 1 0 0 0 0 1 0 0 0 0 1
###
-2.27426 -7.17032 4.79772 
-0.951303 -1.26086 2.05419 
-4.64071 -7.65684 2.03463 
0.628163 -2.48673 0.556975 
-2.47657 -3.5454 2.39547 
7.13864 -5.5954 6.13216 
-2.82937 -1.4451 0.341092 
-2.34965 -7.25176 4.92352 
-2.43348 -3.46576 2.3693 
-2.67102 -1.32371 0.267722 
3.10956 -0.0835905 0.757855 
-2.31853 0.601847 0.802413 
-1.72531 -2.11131 2.76687 
-0.438729 0.634978 -0.114941 
-0.333343 0.549184 -0.0677944 
-0.347526 0.5835 -0.0304537 
-1.06115 -2.91707 4.87338 
-2.73667 -0.17003 0.681683 
-3.33371 -4.48166 1.51465 
2.96971 -0.0505414 0.708705 
-1.87355 -2.73228 2.49677 
-2.89955 -0.209964 0.758701 
-0.410074 0.154125 0.58608 
1.42485 -2.55114 1.54995 
-0.849506 0.584424 -0.0776578 
1.3946 -2.50736 1.51931 
21.7117 -20.6151 13.2165 
-1.47672 -0.146881 -0.33973 

0.619121 -0.65824 0.220518 
0.0547997 -0.150686 0.194133 
0.332965 -0.417483 0.291509 
0.195644 -0.384426 0.0622275 
0.16608 -0.146931 -0.00722983 
0.261402 -0.248898 0.105686 
0.128011 0.0157223 0.16798 
0.2328 -0.371601 0.0428404 
0.237706 -0.221823 0.0947514 
0.133166 0.0125386 0.170471 
0.0669245 0.120585 0.0304433 
0.0979873 0.129193 0.109905 
0.193971 -0.157422 0.000230677 
-0.0729427 0.154829 0.284 
-0.17073 -0.0517449 0.45573 
0.201539 -0.384911 0.0431149 
-0.167944 -0.312426 0.332195 
0.136325 0.00656654 0.103069 
-0.114081 -0.174857 0.151736 
-0.0636 0.134128 0.246288 
-0.1163 -0.472264 0.562625 
0.149003 0.0147486 0.107912 
0.116676 0.125426 0.0207634 
0.222698 -0.615827 -0.476751 
-0.234886 0.0304598 0.305176 
0.0507644 -0.0968804 -0.0680101 
0.912363 -0.969239 0.322912 
-0.206173 -0.413105 0.449551 
