0.991924 -0.120168 -0.0405812 0.0850513 0.120083 0.992754 -0.00454067 -0.0145588 0.0408328 -0.000369107 0.999166 -0.023913 0 0 0 1
0.999936 -0.0111785 0.00153122 0.00706609 0.0111769 0.999937 0.0010147 0.00302551 -0.00154247 -0.000997525 0.999998 0.00113579 0 0 0 1
###
0.182929 -0.188927 0.207834 
-0.0208922 0.320807 0.17213 
-1.74085 -1.77902 1.05176 
-0.575272 0.171691 0.416864 
-0.165079 -0.507986 0.658251 
-1.55857 -1.71899 1.55573 
-0.250268 0.0541794 0.313287 
-0.313976 -0.728057 0.778458 
-1.91661 -1.88839 1.23917 
0.0211712 -0.470003 0.655579 
0.107865 -0.755441 0.502411 
-0.522156 0.206855 0.380433 
-0.00423043 0.316053 0.172523 
0.194616 -0.531538 0.667565 
-0.167101 0.305763 0.18772 
-2.15606 -2.20801 1.33106 
0.345819 -0.359194 0.414649 
-0.873785 0.442319 0.454274 
0.0696745 0.101008 0.240896 
0.369553 -0.375684 0.42918 
0.129044 -0.630086 0.701644 
0.430702 0.340963 0.0746606 
-1.08602 -1.28009 1.47565 
-0.248041 0.0535092 0.311363 
-0.232301 -0.768212 1.04217 
-0.0595371 0.12664 0.273729 
-2.34604 -2.59118 2.37185 
0.159139 -0.811646 0.685652 
-0.117885 0.333788 0.199606 
0.484191 0.378222 0.0805039 
0.175476 -0.757082 0.602451 
-0.163353 0.131408 0.259746 
-0.261029 0.0548804 0.325653 
-0.0467885 0.318516 0.172543 
2.73009 -2.1281 0.952435 
1.80301 -1.44419 0.317245 
0.124167 -0.190587 0.303815 
-0.00946547 0.295112 0.0734101 
0.103405 -0.76348 0.505527 
0.187985 -0.460931 0.626484 
-0.200067 0.318134 0.198112 
1.32868 -1.65131 0.588506 
-0.0650231 0.300261 0.0921449 
0.0769965 -0.105262 0.143356 
0.284516 0.360453 0.172346 
0.169198 -0.635336 0.671861 
0.732606 -0.593126 0.452409 
0.450594 0.373422 0.125557 
-0.19894 -0.602437 0.83928 
2.40715 -2.16246 0.427255 
0.496356 0.37842 0.135057 
0.122323 0.0782681 0.258503 
0.226237 -0.364195 0.48351 

-0.237059 -2.87357 4.89807 
-0.857614 0.336185 0.572745 
-0.263899 -4.02723 6.83844 
-0.10869 0.102231 0.385875 
-2.1281 -3.5658 1.24908 
3.46562 -5.95642 10.5004 
-1.19942 -0.757729 0.216984 
5.35513 -5.49063 7.84822 
-0.406201 -2.69254 4.29749 
-0.871308 -1.58983 1.08982 
-0.324174 -1.27775 0.834255 
1.0749 -1.259 0.476839 
-0.789836 0.365564 0.674327 
-0.964123 -1.87428 1.42645 
0.0184323 -0.0145435 0.350934 
-2.49427 -5.55814 5.24186 
-1.69714 -3.15469 2.09087 
-0.054969 0.0338362 0.368663 
-0.821667 -0.245274 0.977125 
-0.517115 -1.36359 1.64169 
-1.46102 -3.37134 2.39708 
1.73637 -0.0237643 0.372571 
6.80583 -7.04901 10.1223 
2.98937 -2.30222 0.678168 
-1.52293 -2.45211 0.85107 
-0.939616 -0.332482 0.687 
1.21311 -3.78472 6.81087 
-0.443196 -2.91957 1.71291 
0.0239926 -0.100058 0.375608 
0.127461 0.0872024 0.182339 
-0.0353912 0.252798 0.250832 
-0.196692 -0.03298 0.0628166 
2.96289 -1.30933 1.43142 
7.71265 -7.18136 4.44221 
2.72375 -7.96725 14.4521 
0.622152 -1.3755 0.326871 
-0.584047 -1.05422 1.41402 
-0.486289 0.36528 0.534277 
0.61713 -1.30228 0.298632 
-0.826113 -1.71899 1.4997 
0.173687 -0.000257089 0.168245 
1.46849 -5.84789 6.87271 
-0.0653378 0.0950193 0.268949 
-0.863086 -1.63979 1.17898 
-0.841892 0.326336 0.55407 
0.116947 0.303342 0.0932929 
0.443842 -5.98741 10.9884 
0.15471 0.0517133 0.16056 
1.07291 -1.26847 0.483468 
0.992644 -1.31568 0.793928 
-0.5944 -1.0684 1.44058 
-0.116732 0.0894484 0.322347 
-0.071081 -0.140952 0.126809 
