0.992838 -0.109751 -0.0472008 0.0798415 0.10955 0.993958 -0.0068397 -0.0151476 0.0476663 0.00161987 0.998862 -0.0221376 0 0 0 1
0.999938 -0.0110708 0.00144527 0.00704217 0.0110697 0.999938 0.000820887 0.00306896 -0.00145427 -0.000804837 0.999999 0.0010918 0 0 0 1
###
-0.313976 -0.728057 0.778458 
-0.492105 0.179824 0.349519 
-1.55857 -1.71899 1.55573 
-1.24999 -1.64832 1.87835 
-0.508341 0.122051 0.374647 
-0.0474483 0.331515 0.184838 
1.38831 -1.26386 0.166799 
0.175476 -0.757082 0.602451 
-1.74085 -1.77902 1.05176 
-0.242247 0.105677 0.295657 
-0.250268 0.0541794 0.313287 
-0.0208922 0.320807 0.17213 
-0.0595371 0.12664 0.273729 
0.169924 -0.993212 0.272238 
0.313958 -0.280307 0.151031 
-0.248041 0.0535092 0.311363 
0.175476 -0.757082 0.602451 
-0.134293 0.0475736 0.316369 
0.360602 -0.237824 0.0402875 
0.664309 -0.544446 0.452738 
0.118324 0.0735006 0.265816 
-0.210959 -0.663271 0.910223 
-0.175488 -0.241289 0.386922 
-2.15606 -2.20801 1.33106 
0.155934 -0.76254 0.625331 
-0.241469 0.138521 0.290161 
0.0245955 -0.438263 0.621537 
-0.118738 0.0719038 0.304241 
-1.60827 -1.56545 0.735082 
0.422982 0.382302 0.128149 
2.73009 -2.1281 0.952435 
0.137843 -0.754007 0.322891 
3.09326 2.71676 -0.0294095 
-0.152142 0.174707 0.223765 
0.247149 -0.556934 0.742761 
0.110618 -0.0462227 0.288512 
-0.00946546 0.295112 0.0734101 
-0.260785 0.0539143 0.323915 
0.808422 -1.81241 -0.00301538 
0.122323 0.078268 0.258503 
-0.113226 0.0680585 0.276039 
-0.0766958 0.303621 0.116301 
0.284516 0.360453 0.172346 
0.132222 -0.612055 0.599539 
0.111891 -5.01332e-05 0.278654 
-0.0197923 0.324403 0.181447 
-0.0609652 0.0115194 0.0339447 
-0.147766 0.244076 0.21369 
0.404617 -0.430618 0.50646 
1.32289 -1.03105 0.468878 
-0.332211 -0.815032 0.868764 

5.36697 -5.50034 7.86375 
1.05612 -1.23725 0.468804 
-0.819166 -1.69915 1.31459 
-1.68291 -3.12978 2.07406 
1.09005 -1.28779 0.489399 
-0.79007 0.365606 0.674574 
-2.15239 -3.60666 1.26658 
-1.06062 -4.47126 2.99666 
-0.238542 -2.90067 4.9461 
0.615708 -2.52869 1.05967 
-1.21278 -0.756828 0.209879 
-0.857108 0.335914 0.572549 
-0.700238 -0.25134 0.507783 
0.313073 -3.55592 1.80567 
1.16495 -3.75152 6.70743 
0.196268 -0.0366679 0.176929 
-0.0353133 0.252245 0.250298 
-0.546166 -0.714018 1.13425 
-0.824255 0.216502 0.288991 
-0.0238508 -0.227196 0.357895 
-0.675329 -0.378404 1.2344 
-1.23674 -1.97202 0.736157 
-0.558009 -1.00702 1.31584 
6.74193 -6.98087 10.0256 
-0.319921 -1.2614 0.82366 
0.199183 -0.036902 0.178121 
-0.895022 -1.6356 1.11852 
-0.631031 0.358612 0.434667 
-0.270826 -4.16071 7.06567 
-0.596953 -1.07393 1.44833 
2.89563 -8.37478 15.2095 
0.379939 -2.75026 1.3399 
0.24536 -0.302082 0.00303343 
-0.193784 -0.0325668 0.0619086 
-2.47433 -5.63298 5.25494 
-0.166957 -0.0351848 0.0479986 
-0.11855 0.0884849 0.31748 
0.0918482 0.191069 0.192274 
-11.121 -30.607 33.5639 
-0.116386 0.0891749 0.321475 
-0.0110658 0.167669 0.266078 
0.127021 0.0869073 0.181719 
-0.824164 0.350666 0.632917 
-0.378601 -2.51709 1.47473 
0.0186203 -0.0144989 0.350711 
-0.0651372 0.0947363 0.268184 
-0.83167 -1.7296 1.51386 
0.181415 0.0624138 0.150025 
-0.949071 -1.77621 1.2625 
0.722092 -2.20165 4.03284 
0.518118 -1.05719 0.227683 
