0.990093 -0.136026 -0.0348151 0.0919442 0.136048 0.990701 -0.0017647 -0.0150421 0.0347314 -0.0029893 0.999392 -0.0250053 0 0 0 1
0.999937 -0.0111262 0.00135936 0.00722083 0.0111253 0.999938 0.000680075 0.0031572 -0.00136684 -0.000664909 0.999999 0.00109013 0 0 0 1
###
-1.74085 -1.77902 1.05176 
-0.0208922 0.320807 0.17213 
-0.575272 0.171691 0.416864 
-0.250268 0.0541794 0.313287 
-1.55857 -1.71899 1.55573 
-2.46673 -2.52913 0.362377 
0.0477833 -0.452664 0.296973 
0.107865 -0.755441 0.502411 
1.10257 -0.890751 0.686943 
-1.22992 -1.64087 1.71049 
-0.576187 -0.638909 0.736517 
-0.243862 0.0786497 0.302738 
3.84212 -3.02003 1.36385 
-0.167101 0.305763 0.18772 
-1.26277 -1.30651 1.26784 
-1.91661 -1.88839 1.23917 
0.175476 -0.757082 0.602451 
0.457523 -1.03974 1.37015 
-0.0766343 0.319656 0.195031 
0.119802 0.0755115 0.259255 
0.123827 -0.18984 0.304796 
0.175476 -0.757082 0.602451 
-0.00423044 0.316053 0.172523 
0.0526604 -0.950098 0.229902 
0.0928753 -0.116538 0.146245 
-1.71631 -1.68861 0.775917 
-0.109309 0.086479 0.300476 
0.117743 -0.544277 0.71592 
0.172104 -0.891958 0.399663 
-0.210959 -0.663271 0.910223 
2.73009 -2.1281 0.952435 
-0.458829 0.329614 0.221385 
-0.241469 0.138521 0.290161 
0.484191 0.378222 0.0805039 
0.133955 -0.716029 0.484387 
-0.232301 -0.768212 1.04217 
0.164234 -0.807923 0.429764 
-0.229879 0.136859 0.276211 
-0.0236572 0.320013 0.171218 
0.090794 -0.716314 0.47764 
0.0928013 -0.117639 0.148591 
0.691047 -0.5769 0.430945 
-0.124723 0.0608216 0.306928 
0.141568 -0.779515 0.64819 
-0.0513891 -0.0521755 0.0276645 
2.40715 -2.16246 0.427255 
-0.0508117 -0.376752 0.547299 
0.113721 0.00158226 0.280419 
-0.176515 -0.110421 0.357572 
-0.000374546 0.322003 0.174881 
0.107193 -0.00340769 0.281011 
-1.59486 -1.88073 1.69635 
-0.529016 -0.151149 0.434362 
-0.0654555 0.290276 0.090025 

-0.257582 -3.93081 6.67983 
-0.8557 0.334905 0.568184 
-0.11044 0.103902 0.392133 
-0.12073 0.0899545 0.323326 
-0.826079 -1.71196 1.32478 
-0.454029 0.394621 0.565164 
-1.15905 -6.79375 4.29559 
-0.400296 -1.44597 0.97192 
-0.523034 -1.37886 1.66133 
-0.830532 -1.72597 1.50684 
-0.071715 -0.142185 0.127936 
-0.117324 0.0867615 0.329544 
2.57213 -7.51635 13.6432 
0.0186705 -0.014877 0.355541 
3.45591 -5.9339 10.4687 
-0.0276477 -0.405135 0.71405 
-1.01622 -4.27221 2.86483 
-0.560337 -1.57127 1.92453 
-0.943775 0.298789 0.469776 
-0.663954 -0.361299 1.24109 
-0.561924 -1.01416 1.32732 
-0.961193 -3.98144 2.68602 
-0.799138 0.369687 0.682002 
0.0857638 -1.30625 0.659196 
-1.7099 -3.17803 2.10758 
-2.47996 -5.52504 5.21296 
-0.952788 -0.337073 0.696819 
-0.974794 -1.89505 1.44248 
0.389734 -2.82152 1.37491 
-1.60308 -2.59519 0.898339 
1.23943 -3.9438 7.051 
1.13731 -1.34305 0.510218 
0.202323 -0.0374687 0.179898 
0.129585 0.0886755 0.185324 
-0.531925 -3.09008 1.91799 
1.10699 -1.30829 0.498293 
0.327469 -3.69566 1.87565 
0.203197 -0.0377102 0.181809 
0.0251444 -0.104245 0.389588 
0.632092 -1.33374 0.306074 
2.80532 -2.24064 3.09661 
-10.8514 -30.471 33.4603 
-0.639661 0.363534 0.440615 
0.0509296 0.211549 0.218943 
1.00884 -1.29281 0.34915 
0.971851 -1.28491 0.770886 
-0.0825794 -0.169834 0.159735 
0.0191028 -0.0159382 0.356928 
0.0239152 -0.0388826 0.355198 
1.09636 -1.28379 0.486172 
0.568231 -0.331443 0.0547212 
2.79976 -10.8555 12.7397 
0.0191246 -0.0134329 0.353175 
-1.21024 -0.755234 0.20888 
