0.233414 -0.214432 -0.948439 0.0389544 0.0520624 0.976739 -0.208017 -0.0141453 0.970983 -0.000823766 0.239149 -0.0281905 0 0 0 1
0.999457 -0.0129521 -0.0302819 0.0389507 0.0132399 0.999869 0.00932266 -0.00353789 0.0301572 -0.00971853 0.999498 0.00337292 0 0 0 1
###
0.399905 -0.911412 1.07705 
0.113984 0.0260033 0.145266 
0.231227 -0.368602 0.0628959 
0.251192 -0.281389 0.263403 
0.1153 0.0150026 0.149717 
0.0980315 0.0601449 0.233014 
0.299221 -0.481363 0.0891656 
0.106842 0.124614 0.0339965 
0.206892 -0.219969 -0.117635 
0.129513 0.0225154 0.0841932 
0.113594 0.123265 0.0209052 
0.242179 -0.386863 0.0450305 
0.319908 -0.496424 0.494706 
0.395872 -0.586791 0.575893 
0.198112 -0.245606 0.274831 
0.104721 0.0825608 0.238639 
0.154255 -1.38353 1.75786 
0.115226 -0.130503 -0.0778702 
0.1462 -0.0834521 -0.0011011 
0.128248 0.0141635 0.0910254 
0.0960527 0.125358 0.0794367 
0.0885147 -0.0643257 0.31544 
0.49874 -1.0996 1.40575 
0.147783 -0.0421811 -0.00178199 
0.177519 0.0334953 0.00106487 
0.148348 -0.108002 0.00144567 
0.144557 -0.0532707 0.000406812 
0.104172 0.12314 0.0376191 
0.0357217 -0.0269929 -0.0103268 
0.116518 0.0337295 0.0619036 
0.0911611 0.161629 0.320944 
0.259867 -0.310233 -0.193248 
0.199008 -0.198331 -0.087005 
0.109721 0.121873 0.016132 
0.233944 -0.320923 0.0525785 
0.268251 -0.280068 0.222787 
0.304113 -0.262019 -0.0440573 
0.169931 -0.251587 0.0513171 
0.0917691 0.126311 0.100621 
0.141825 0.113432 -0.150168 
0.0751551 0.120653 0.0387852 
0.656118 -1.14463 -0.912263 
0.102033 0.1205 0.0404929 
0.0986438 0.122944 0.0524188 
0.107234 -0.438036 0.0121845 
0.140082 0.116932 -0.188903 
0.132766 0.0300402 0.013741 
-0.107323 -0.466985 0.583495 
0.379212 -0.414445 -0.208543 
0.122401 -0.0939929 0.125245 
0.139281 -0.141874 -0.0765269 
0.139536 0.112201 -0.14565 
0.067967 0.118472 0.00272532 
0.0668133 0.116563 0.0048235 
0.131884 0.121798 -0.00352208 
0.100309 -0.229283 0.0421966 
0.11249 -0.0078791 0.00763682 
0.135405 -0.00702807 0.109076 
0.12777 -0.00413403 0.103842 
0.189206 -0.188758 0.159445 
0.137929 0.0191328 0.00086478 
0.126416 -0.0733939 0.148973 
0.148678 -0.0854375 -0.00189008 
0.110436 0.12206 0.0150438 
0.0659869 0.119575 0.0300882 
0.0318823 0.141514 0.252687 
0.109993 0.123154 0.0236597 
0.149607 0.114475 -0.167827 
0.298017 -0.300281 0.101794 
0.20567 -0.416723 0.0504326 
0.086225 -0.0835144 -0.0434942 
0.117756 0.126237 0.00481441 
0.397225 -0.909379 1.0719 
0.286904 -0.307319 -0.149743 
0.145618 0.116772 -0.0971671 
0.139099 0.120044 -0.0557908 
0.140117 0.113379 -0.145989 
0.25802 -0.248752 0.0889797 
0.0731534 -0.146432 0.0416756 
0.245108 -0.25451 0.195735 
0.244893 -0.243858 0.174322 
0.120809 -0.0286858 0.00684474 
0.144264 0.0199193 -0.000681541 
0.100511 0.0950289 0.0832212 
0.139083 -0.137579 -0.06912 
0.192109 -0.17185 -0.005901 

-0.614415 -2.91225 5.19244 
-0.617948 0.208675 0.528755 
-2.23922 -6.14715 3.99411 
1.1003 -1.14052 1.81196 
-2.84203 -1.45094 0.333205 
0.169332 0.126205 0.667252 
-2.53275 -7.30196 4.46334 
-2.1658 0.672498 0.99733 
-2.44029 -3.48904 2.363 
-2.35089 -0.212443 0.520947 
3.63023 1.3361 0.459737 
-2.34904 -7.24399 4.91833 
-0.984286 -1.97463 2.67302 
4.17904 -3.3738 4.42867 
-6.46097 -17.0198 19.3071 
0.227832 0.383118 0.495214 
-0.559025 -4.31606 7.80486 
-0.0879671 -0.226351 0.431224 
-1.72919 -2.11321 2.76844 
-0.043592 0.0198493 0.493201 
0.173294 0.188653 0.663471 
-0.00956597 0.355454 0.370723 
-2.41292 -3.4334 2.34933 
-1.75587 -1.32309 2.41598 
2.12244 0.0746606 2.55253 
-1.51159 -1.42423 2.18045 
-0.457856 -0.0182321 0.611897 
-0.14766 0.385257 0.169004 
-2.14244 0.728544 1.1681 
-2.39508 -0.636108 1.30399 
2.8787 -2.97276 1.16386 
-1.60185 -3.24764 4.37406 
-0.246473 -1.09465 1.97647 
-2.10549 0.772687 1.26569 
-2.39448 -5.89561 4.13454 
-3.39673 -4.5694 1.73741 
-1.58447 -1.49782 2.28984 
-2.31808 -6.86453 4.50178 
0.234152 0.130759 0.649827 
-0.202024 0.182542 0.242609 
-0.0932565 -0.0745271 0.306464 
-0.10444 -0.597007 1.10939 
0.847458 -1.07333 0.349275 
-0.63393 0.208141 0.473655 
0.72911 -6.39392 2.93021 
-0.602253 0.0835003 0.65549 
-2.22228 -0.449806 1.71257 
-1.41154 -2.01472 0.0191102 
-0.68333 -1.29512 1.75618 
-0.987971 -1.3557 1.6358 
6.92495 -7.65954 11.3685 
-0.667463 0.215849 0.552663 
2.97005 -0.051117 0.708184 
-0.723254 0.187936 0.550725 
3.78908 1.43908 0.708045 
-0.0812986 -6.59442 3.1564 
0.158065 0.190165 0.668546 
-0.458745 -0.0197545 0.611898 
3.22002 -1.19067 1.66933 
-3.34755 -4.50092 1.51702 
-4.6767 -1.05465 4.27868 
2.03268 -0.100593 2.27708 
-1.65326 -1.96785 2.66356 
1.72014 -2.59342 0.992433 
0.332291 0.845427 0.240188 
-0.18399 0.286927 0.200993 
-0.663285 0.222599 0.4992 
0.328485 0.836813 0.236604 
-2.31436 -3.37447 2.45358 
-0.445436 -0.188201 0.691224 
-0.74612 -1.43475 1.92847 
-0.126096 -0.0285199 0.280215 
2.67213 -12.5994 15.1136 
-0.983426 -4.48861 7.80671 
-2.07304 0.754559 1.23613 
3.46406 1.35475 0.727462 
0.287266 0.175172 0.570755 
-2.77401 -4.5843 4.51464 
0.612191 -6.38595 2.994 
-3.44656 -4.65564 1.77472 
-3.91865 -5.67763 3.79575 
-1.72875 0.719191 0.74478 
-2.54091 -0.591257 2.37557 
0.504202 0.891868 0.37281 
-0.424365 -2.50581 4.62708 
-2.58137 -4.19864 3.84114 
