0.991261 0.124849 -0.042606 0.511488 -0.128537 0.986749 -0.09902 -0.433175 0.0296789 0.103631 0.994173 0.32354 0 0 0 1
0.292417 -0.17412 -0.940306 -0.00618231 0.174525 0.976487 -0.126546 0.00331727 0.940231 -0.127103 0.31593 -0.0183638 0 0 0 1
###
2.15468 -8.69052 16.0588 
-2.95871 -6.00333 4.73869 
2.68814 -12.671 15.1988 
9.02543 -9.91322 14.7847 
-4.7116 -7.77685 2.06935 
0.550136 -4.51754 8.54816 
-2.37002 -7.311 4.96481 
-0.995721 -1.36666 1.64872 
-2.86169 -1.45903 0.336681 
2.77234 -13.5179 16.2941 
-2.84017 -1.29255 0.330023 
-0.532417 0.64619 -0.0476242 
1.71392 -2.60833 0.992303 
0.104001 -6.60303 12.6752 
-1.26494 -1.90594 2.52122 
2.69915 -13.3102 16.0493 
4.02196 -3.46842 5.00519 
1.33281 -2.75317 1.45593 
-2.1562 -0.44599 1.81635 
-3.37397 -4.53663 1.53116 
3.28199 -2.8084 4.08848 
-2.04202 -3.03169 2.65315 
1.41031 -2.5373 1.53773 
-1.89299 -0.657638 2.32518 
-2.49642 -8.15209 4.60856 
-1.80527 -2.82178 0.0284804 
0.548309 -6.95442 2.97689 
-0.49434 0.648017 -0.0667775 
3.43119 -0.743018 0.551179 

0.667802 -1.16698 -0.932738 
0.272497 -0.258666 0.0907579 
0.290753 -0.283798 0.0305679 
0.0681107 -0.440552 0.553184 
-0.110155 -0.445101 0.528862 
0.331429 -0.496871 -0.381487 
0.216709 -0.281402 0.0517359 
0.471997 -0.565331 0.388274 
0.156886 0.118247 -0.142051 
0.253817 -0.254668 0.0294864 
0.092673 0.113265 0.060571 
0.1054 0.0949835 -0.158241 
0.102893 0.112705 0.0172153 
0.174976 -0.18744 -0.0973714 
0.107329 -0.100085 -0.0449262 
0.823303 -2.10663 -1.04974 
0.408481 -1.02952 -0.88783 
0.21421 -0.427797 0.0605472 
0.174537 0.0470194 0.0233506 
0.213696 -0.235226 0.211359 
-0.629114 -1.59941 1.85711 
0.62344 -0.600538 0.0640225 
0.0484881 -0.0900716 -0.063674 
0.14156 0.0080809 -0.00880424 
0.238685 -0.426768 0.0842561 
0.0337444 -1.03592 -0.42372 
0.0889817 -0.264911 0.0373893 
0.129675 0.110402 -0.15791 
0.0714323 0.116136 0.0208498 
