0.992809 -0.109958 -0.0473252 0.100577 0.10579 0.990914 -0.0830494 -0.0315919 0.0560272 0.0774457 0.995421 -0.0256096 0 0 0 1
0.99994 -0.0108905 0.00147688 0.00744976 0.0108898 0.999941 0.000482108 0.00336658 -0.00148204 -0.000465996 0.999999 0.00109819 0 0 0 1
###
-0.492105 0.179824 0.349519 
3.84212 -3.02003 1.36385 
0.44949 -0.394959 0.373063 
-0.250268 0.0541794 0.313287 
0.132429 -0.722678 0.477453 
-1.83581 -2.18494 1.9633 
-1.74085 -1.77902 1.05176 
1.81369 -2.46741 0.316775 
0.484191 0.378222 0.0805039 
-0.313976 -0.728057 0.778458 
-0.760669 -1.18617 1.26088 
-0.873785 0.442319 0.454274 
-0.402298 0.099791 0.29763 
-0.167101 0.305763 0.18772 
-0.0469275 0.330901 0.183713 
-1.79044 -2.12354 1.9088 
0.107865 -0.755441 0.502411 
0.175476 -0.757082 0.602451 
-0.230395 0.13024 0.27384 
0.405094 -0.391073 0.433686 
-0.0649499 0.296756 0.0911937 
0.156038 -0.903351 0.573582 
-0.0936807 0.105891 0.295005 
0.123827 -0.18984 0.304796 
-2.34604 -2.59118 2.37185 
-0.0468186 0.317829 0.174027 
0.110551 0.0422928 0.268498 
-0.181107 0.141648 0.306663 
-0.241469 0.138521 0.290161 
2.48468 -1.91081 1.03987 
0.0245955 -0.438263 0.621537 
0.180263 -0.226747 0.380159 
-0.229879 0.136859 0.276211 
-0.202659 -0.309665 0.499216 
-0.0417334 -0.0422661 0.0327186 
-0.00946539 0.295112 0.0734102 
1.32868 -1.65131 0.588506 
0.706442 -0.569403 0.437737 
-1.59486 -1.88073 1.69635 
0.450594 0.373422 0.125557 
0.284516 0.360453 0.172346 
-0.260785 0.0539142 0.323915 
0.0492139 -0.526054 0.30225 
0.981026 -0.794406 0.191392 
0.0122566 0.0846264 0.168171 
0.143006 -0.35119 0.486066 
-0.803551 0.375739 0.401596 

1.15183 -1.34855 0.510621 
2.41438 -7.05212 12.7952 
-0.0288749 -0.424209 0.747834 
-0.12337 0.0932689 0.33701 
-1.15369 -6.78463 4.27955 
3.1951 -2.54694 3.5221 
6.84276 -7.08868 10.1971 
-0.888366 0.379475 0.689379 
-0.907793 0.355827 0.606178 
5.44801 -5.58086 7.98386 
-0.90514 -1.65439 1.10588 
-0.0581877 0.0358351 0.39043 
-0.0967906 0.0376913 0.408173 
0.0194837 -0.0155339 0.370545 
-0.831874 0.384784 0.709798 
0.0313401 -1.38572 1.43565 
0.660954 -1.3944 0.320321 
-0.950181 -3.92276 2.64391 
3.35327 -2.5824 0.761846 
-0.544796 -1.43537 1.72963 
-0.130722 0.349433 0.109095 
-0.412261 -2.74143 1.60759 
-0.992935 -0.35127 0.726278 
-0.629807 -1.14567 1.51766 
1.23992 -3.95592 7.06938 
-0.89149 0.34892 0.591865 
-0.177119 -0.0374738 0.0509787 
-0.20276 -0.0341786 0.0647697 
0.212007 -0.0393498 0.189716 
0.117374 -0.515567 0.927879 
-1.1711 -2.14935 1.44517 
-0.626736 -1.12593 1.51889 
0.211089 -0.0390976 0.187718 
4.08637 -2.94186 3.68677 
-10.817 -30.364 33.3402 
-0.549055 0.411206 0.600625 
1.55467 -6.17966 7.26845 
-1.7577 -3.26621 2.16609 
3.89461 -14.6553 17.0608 
-0.110307 0.143346 0.435986 
-0.892401 0.34567 0.587115 
0.204826 -0.0368649 0.207531 
0.0863168 -1.33087 0.673582 
0.948766 -1.42858 0.758431 
-0.860186 -0.267995 1.08584 
-2.23108 -3.74061 1.30899 
-0.983373 0.311324 0.489398 
