0.989326 -0.0629636 -0.131417 0.0995038 0.0386194 0.982876 -0.180177 -0.0672172 0.140511 0.173178 0.974816 -0.0236818 0 0 0 1
0.999895 -0.0144713 0.000964329 0.0110216 0.0144697 0.999894 0.00172428 0.00569732 -0.000989179 -0.00171014 0.999998 0.00141375 0 0 0 1
###
-0.250268 0.0541795 0.313287 
-0.492105 0.179824 0.349519 
-0.220865 0.324114 0.219203 
-0.174929 -0.160735 0.361202 
-0.0474482 0.331515 0.184838 
0.370318 -0.304913 0.0910987 
0.132429 -0.722678 0.477453 
-0.402298 0.099791 0.29763 
-0.313976 -0.728057 0.778458 
0.175476 -0.757082 0.602451 
-0.0602951 0.317262 0.180208 
-0.553702 -0.851421 1.01282 
-0.170337 -0.127547 0.244932 
-2.53447 -2.61147 2.42597 
-0.0469275 0.330901 0.183713 
-0.0208922 0.320807 0.17213 
-0.248041 0.0535092 0.311363 
-0.230395 0.13024 0.27384 
0.013339 -0.329276 0.17336 
-0.241469 0.138521 0.290161 
0.119802 0.0755115 0.259255 
0.733525 -0.590961 0.449759 
0.57694 -0.445195 0.338243 
0.0292875 -0.432503 0.387695 
-0.0669798 0.125951 0.283174 
2.73009 -2.1281 0.952435 
0.090794 -0.716314 0.47764 
0.133955 -0.716029 0.484387 
-0.0176523 0.139159 0.264843 
-0.115339 0.0658632 0.234883 
0.125174 -0.131807 0.302219 
0.109469 -0.059161 0.287384 
-0.260785 0.0539142 0.323915 
-0.194788 -0.515517 0.697608 
0.382069 -0.305052 0.260625 
-0.0766954 0.303621 0.116301 
-0.127567 0.137348 0.136927 
1.32868 -1.65131 0.588506 
-0.170653 0.0267895 0.300388 
0.0731682 0.031211 0.224758 
-0.00609657 0.293164 0.0572073 
-0.351236 0.189824 0.306876 
-0.0766954 0.303621 0.116301 
-0.0128859 0.25212 0.133174 
0.321197 -0.285742 0.315222 
0.298768 -0.264231 0.292981 
-0.175092 0.170191 0.285537 
2.40715 -2.16246 0.427255 
0.133682 0.0307492 0.295228 
0.833673 -0.636681 0.352918 
0.112046 -0.0114828 0.279108 
-0.0631165 0.30096 0.0896445 

-1.27539 -0.806365 0.231331 
1.16686 -1.36574 0.517101 
-0.997102 0.315623 0.496518 
-0.63705 -1.16288 1.54572 
-0.90106 0.384935 0.69959 
0.893796 -1.08086 0.0922725 
-0.739761 -4.22562 2.70128 
-0.0979937 0.0381656 0.41326 
5.50926 -5.64017 8.06898 
-1.04261 -4.38812 2.94422 
-0.883094 0.231621 0.31017 
-0.938256 -1.71619 1.14637 
-0.0753786 -0.149464 0.134479 
-1.79166 -3.33032 2.20939 
1.20555 -1.42318 0.540647 
-0.920408 0.360851 0.614812 
-1.25896 -0.786823 0.217049 
0.214756 -0.0398637 0.192148 
0.353311 -3.96042 2.01026 
0.214562 -0.0399524 0.193032 
-0.700947 -0.381212 1.31186 
-0.263918 -4.03741 6.86504 
-0.246552 -3.0072 5.13064 
-0.929108 -3.45967 2.0834 
-1.00694 -0.356216 0.736973 
1.25791 -4.0041 7.15673 
0.684562 -1.51328 0.361568 
-0.564853 -3.29916 2.04128 
-0.873367 -0.272577 1.10123 
-0.67609 0.384205 0.4657 
-0.636603 -1.14647 1.54524 
-0.591368 -0.772939 1.2283 
-0.520662 0.39111 0.572157 
4.06659 -15.2265 17.7357 
-1.1581 -2.12529 1.42894 
0.0226359 0.277212 0.233463 
-0.180038 -0.0379805 0.0518907 
1.61709 -6.41366 7.54594 
-0.842709 0.389782 0.719283 
0.0195477 -0.016682 0.37857 
-0.511328 0.38674 0.565357 
-0.125432 0.0963221 0.346988 
0.0439996 -0.0719063 0.400009 
2.80034 -1.19498 1.34613 
-0.552374 -1.45746 1.75674 
6.86141 -7.09817 10.234 
-1.10233 -0.27131 0.374346 
1.05707 -1.40166 0.845911 
0.0201968 -0.0141981 0.373214 
0.118817 -0.521487 0.938608 
0.0197947 -0.0157815 0.375048 
0.0202717 -0.0168472 0.377276 
