0.981255 0.189399 -0.0355836 0.487704 -0.190604 0.981071 -0.0341977 -0.413607 0.028433 0.040339 0.998781 0.331447 0 0 0 1
0.294491 -0.173951 -0.939689 -0.00640374 0.175585 0.976404 -0.12572 0.00303661 0.939385 -0.127972 0.318085 -0.0186763 0 0 0 1
###
-0.837468 0.534694 0.659233 
4.52155 -9.44447 16.9502 
9.14941 -10.0507 14.9883 
-0.541918 -0.121621 0.494692 
-2.63922 -3.94935 2.93895 
2.67213 -12.5994 15.1136 
15.3329 -14.8139 9.66855 
-2.21088 0.350728 0.523848 
-4.69339 -7.74526 2.06134 
-0.137688 -1.45894 1.78233 
-3.03847 -3.35378 5.34341 
-1.13471 0.527845 -0.139485 
-0.448261 0.463798 0.447965 
-4.44261 -6.83592 0.769179 
-0.532562 0.518219 0.349829 
-2.31436 -3.37447 2.45358 
-1.75587 -1.32309 2.41598 
-2.78797 -1.43096 0.344696 
-3.34755 -4.50092 1.51702 
-1.0384 0.559053 -0.10533 
-2.44113 0.467899 0.391207 
-1.10911 0.507317 -0.196575 
2.41635 -9.07783 17.0271 
1.72014 -2.59342 0.992433 
-1.65326 -1.96785 2.66356 
-1.43203 -0.0583612 0.0756744 
1.3517 -2.56823 0.432182 
1.43043 -2.56241 1.55652 
-0.643818 0.134201 -0.317305 
1.85237 -7.19703 13.446 

0.197037 -0.397216 0.0489391 
0.47092 -1.1961 -1.01921 
0.154255 -1.38353 1.75786 
0.387377 -0.587342 -0.455341 
0.164048 -0.145663 -0.0116251 
0.294932 -0.288015 0.0313183 
0.0852787 0.0166111 0.113339 
0.100734 0.0913002 0.0848894 
0.270852 -0.308781 0.221312 
0.257409 -0.258382 0.0301546 
0.14073 -0.0802899 0.00395783 
0.134255 0.0335059 0.0737282 
0.114919 0.10017 -0.1627 
0.141825 0.113432 -0.150168 
0.158428 0.119877 -0.14271 
0.256822 -0.240635 0.0824255 
0.147783 -0.0421811 -0.00178199 
0.1153 0.0150026 0.149717 
0.335554 -0.352016 0.258168 
0.0932599 0.126829 0.086953 
0.138529 0.119827 -0.0556402 
0.11271 0.12255 0.00890396 
0.575074 -0.998959 -0.804495 
0.105623 0.116008 0.017802 
0.1462 -0.0834521 -0.0011011 
0.140116 0.00315287 0.1102 
0.245567 -0.318672 0.0528591 
0.0492971 -0.0905688 -0.064296 
0.364465 -0.433914 -0.292485 
0.656118 -1.14463 -0.912263 
