0.992526 -0.0961795 -0.0751159 0.101008 0.085109 0.986661 -0.138768 -0.0458589 0.0874606 0.131338 0.987472 -0.0250152 0 0 0 1
0.999938 -0.0110261 0.00141956 0.00755685 0.0110254 0.999939 0.000491392 0.00337211 -0.00142489 -0.00047571 0.999999 0.0011091 0 0 0 1
###
-0.402298 0.099791 0.29763 
-1.91661 -1.88839 1.23917 
-0.522156 0.206855 0.380433 
0.53436 -0.714775 0.189096 
0.126829 -0.723717 0.586524 
0.0987134 -0.633467 0.810679 
-0.492105 0.179824 0.349519 
-0.140545 0.217508 0.194223 
-0.873785 0.442319 0.454274 
-0.0469275 0.330901 0.183713 
-0.0208922 0.320807 0.17213 
0.175476 -0.757082 0.602451 
-0.313976 -0.728057 0.778458 
-0.760669 -1.18617 1.26088 
-0.522156 0.206855 0.380433 
0.013339 -0.329276 0.17336 
-0.153721 0.318221 0.196772 
3.84212 -3.02003 1.36385 
0.113395 -0.131995 0.306894 
1.10257 -0.890751 0.686943 
-0.00423048 0.316053 0.172523 
-0.254263 -0.457764 0.700804 
-0.109309 0.086479 0.300476 
-0.241469 0.138521 0.290161 
-1.848 -2.18921 1.96545 
-1.08602 -1.28009 1.47565 
0.664309 -0.544446 0.452738 
-0.343799 -0.831724 0.882485 
-0.376009 -0.135164 0.381903 
0.572413 -0.515673 0.53046 
-0.281639 0.0598905 0.334231 
0.706442 -0.569403 0.437737 
0.253016 0.331429 0.159553 
-0.00946539 0.295112 0.0734102 
0.125581 -0.852971 0.440165 
0.12161 -0.725657 0.277694 
-0.13239 0.138138 0.156312 
-0.187156 -0.536845 0.723455 
-0.0649499 0.296756 0.0911937 
-0.600115 0.266234 0.216858 
-0.229879 0.136859 0.276211 
0.0642393 -0.515401 0.684689 
-0.190562 -0.127731 0.427043 
-0.01653 0.238557 0.129098 
-1.59486 -1.88073 1.69635 
0.331143 -0.308615 0.337702 
0.129378 -0.860193 0.44641 
-0.177471 -0.516598 0.70825 
-0.0100305 0.142452 0.268611 
-0.150244 0.250684 0.220452 
-0.0631165 0.30096 0.0896445 
0.162364 0.350665 0.197338 
0.694714 -0.650434 0.66403 

-0.0975602 0.037989 0.411357 
-10.7293 -30.2226 33.2447 
1.19668 -1.41302 0.53704 
-2.59546 -4.36957 1.63186 
-0.729599 -4.22663 2.69806 
-1.7973 -3.60157 2.63541 
1.15944 -1.35742 0.514054 
-1.8559 0.199172 0.639074 
-0.0587062 0.0361661 0.393857 
0.882405 -1.06721 0.0910037 
-0.916322 0.359254 0.611974 
-0.963333 -3.97881 2.6833 
5.49392 -5.62673 8.04912 
-0.264246 -4.0278 6.85028 
0.0264637 -0.109643 0.409864 
0.145922 -1.13962 0.546413 
-1.25705 -0.785153 0.216807 
2.22237 -6.49097 11.7708 
-0.650736 -1.16086 1.50246 
-0.552965 -1.45868 1.75811 
-0.838813 0.387985 0.715799 
-0.640032 -1.17299 1.55632 
-1.00238 -0.354556 0.733401 
0.213631 -0.0396633 0.191184 
3.97683 -14.9479 17.4051 
-1.16605 -2.13977 1.43853 
0.463462 -5.90663 10.8574 
-2.21694 -4.20609 1.13694 
-0.707114 -0.392852 1.30128 
-1.78103 -3.30987 2.19555 
0.055455 -0.113955 0.402436 
6.80101 -7.04358 10.1425 
-0.118708 0.350272 0.0985006 
-0.126968 0.0946094 0.340066 
0.0860761 -1.33143 0.673983 
0.34406 -3.87677 1.96889 
-0.178999 -0.037774 0.0515483 
-0.896964 0.383235 0.696282 
-0.0128724 0.187514 0.297811 
0.179006 -0.0422569 0.224191 
0.21272 -0.0394124 0.189181 
-0.975991 -1.82229 1.29756 
0.019669 -0.0156504 0.373768 
0.0269611 0.0277307 0.387809 
2.85153 -11.0592 12.9864 
-0.913422 -1.66954 1.11617 
0.0359356 -0.941185 0.495969 
-0.885234 -1.31343 0.44725 
-0.867651 -0.270202 1.09607 
-0.131902 0.352521 0.110069 
0.0200179 -0.0141241 0.371231 
-0.992138 0.314101 0.493917 
-1.006 -2.26129 2.12257 
