0.981255 0.189399 -0.0355836 0.487704 -0.190604 0.981071 -0.0341977 -0.413607 0.028433 0.040339 0.998781 0.331447 0 0 0 1
0.99929 -0.0261231 -0.0271515 -0.00104969 0.0274097 0.998464 0.0481462 0.0042129 0.0258521 -0.0488563 0.998471 -0.00192228 0 0 0 1
###
9.14941 -10.0507 14.9883 
-0.541918 -0.121621 0.494692 
-2.63922 -3.94935 2.93895 
-4.69339 -7.74526 2.06134 
-0.859399 0.589894 -0.0723696 
-1.13471 0.527845 -0.139485 
-0.448261 0.463798 0.447965 
-0.531531 0.515343 0.340979 
-4.44261 -6.83592 0.769179 
-0.10444 -0.597007 1.10939 
-0.859279 0.590633 -0.0731574 
-2.31436 -3.37447 2.45358 
-2.78797 -1.43096 0.344696 
-3.34755 -4.50092 1.51702 
3.14632 -0.0850805 0.763349 
-2.44113 0.467899 0.391207 
2.97005 -0.051117 0.708184 
2.41635 -9.07783 17.0271 
1.72014 -2.59342 0.992433 
-1.65326 -1.96785 2.66356 
-1.43203 -0.0583612 0.0756744 
-0.986468 0.598723 0.390137 
0.0795327 -7.21753 3.73131 
-0.643818 0.134201 -0.317305 
1.85237 -7.19703 13.446 
21.098 -20.0582 12.8562 

0.0648959 -0.42036 0.527593 
0.0147783 -0.0119977 -0.000281941 
0.256887 -0.249559 0.0927851 
-0.744745 -2.35332 2.81671 
-0.0427449 0.12754 0.237136 
0.134255 0.0335059 0.0737282 
0.0960527 0.125358 0.0794367 
0.0146545 -0.0119038 -0.000223594 
0.0963603 0.12613 0.0678151 
-1.107 -3.5456 4.16755 
0.0688004 0.146478 0.294805 
0.256822 -0.240635 0.0824255 
0.1153 0.0150026 0.149717 
0.102912 -0.144087 0.181181 
-0.0432681 0.133061 0.245841 
0.138529 0.119827 -0.0556402 
0.110436 0.12206 0.0150438 
0.575074 -0.998959 -0.804495 
0.0147849 -0.0123199 -0.000562727 
0.1462 -0.0834521 -0.0011011 
0.142992 0.00594494 0.110434 
0.245567 -0.318672 0.0528591 
0.0668067 -0.310065 0.00595659 
0.364465 -0.433914 -0.292485 
0.656118 -1.14463 -0.912263 
0.745064 -0.791246 0.265613 
