0.980486 0.186234 -0.0629627 0.00672514 -0.188389 0.981631 -0.0301681 -0.173775 0.0561878 0.0414409 0.99756 0.130673 0 0 0 1
0.996393 -0.0767157 -0.0362637 -0.00328948 0.0765158 0.997045 -0.00687121 0.000539375 0.0366837 0.00407168 0.999319 -0.00902751 0 0 0 1
###
0.497483 -0.839618 1.60921 
-0.116668 0.00163494 0.0681762 
-0.42721 -1.56743 1.04879 
-0.769402 -1.66923 1.56937 
-0.63705 -1.16288 1.54572 
0.416178 -5.82492 10.6932 
-0.0885839 0.327491 -0.00447731 
-1.15892 -2.29092 1.66504 
1.91539 -0.0518476 0.412708 
-0.433807 -2.90079 1.69708 
-0.0357334 -0.173121 0.474278 
-0.938256 -1.71619 1.14637 
-1.47066 -3.04497 2.38342 
-0.397155 -0.930916 1.09086 
-1.05111 -1.64327 0.506792 
-1.06218 0.241786 0.273832 
-0.99855 0.315116 0.496949 
0.138055 0.343832 -0.0848458 
-0.0283635 0.33655 -0.011416 
-2.20726 -3.69576 1.28674 
1.73425 -0.017775 0.34931 
1.05707 -1.40166 0.845911 
-1.27539 -0.806365 0.231331 
-0.406991 0.020611 0.0361208 
0.0325177 0.310085 0.0513446 
-0.167515 0.326291 0.0300407 
1.16686 -1.36574 0.517101 
-0.700947 -0.381212 1.31186 
-0.827897 -0.113532 0.24529 
0.0130825 0.123351 -0.135881 
0.13638 0.0985782 0.158918 
-0.0861351 0.0636362 -0.128296 
-2.06738 -3.46861 1.28362 
-0.834523 -1.83442 1.84002 
0.832511 -3.47494 1.42732 

1.67182 -1.3598 0.315361 
0.123827 -0.18984 0.304796 
0.0642393 -0.515401 0.684689 
0.0653675 -0.471677 0.66003 
0.706442 -0.569403 0.437737 
0.938201 -0.781771 0.742065 
-0.122279 0.305243 0.178546 
0.184231 -0.267217 0.360978 
-0.16754 0.0929974 0.276856 
0.126829 -0.723717 0.586524 
0.57694 -0.445195 0.338243 
-1.08602 -1.28009 1.47565 
0.0962608 -0.640651 0.878312 
0.19557 -0.489544 0.665854 
-0.219398 -0.675503 0.935091 
0.24616 0.35357 0.176213 
0.218621 0.333073 0.17304 
-0.0552034 0.323984 0.184453 
-0.0107454 0.326837 0.186821 
0.190757 -0.397882 0.542215 
0.430702 0.340963 0.0746606 
2.40715 -2.16246 0.427255 
-0.250268 0.0541794 0.313287 
0.113651 0.0481955 0.268078 
-0.465278 0.333449 0.223704 
-0.172786 0.0990429 0.286198 
-0.00423048 0.316053 0.172523 
0.119802 0.0755115 0.259255 
-0.167691 0.125721 0.269137 
-0.0367004 0.325759 0.193027 
-2.46673 -2.52913 0.362377 
-4.06852 -4.80001 0.193526 
-0.165079 -0.507986 0.658251 
0.181696 -0.227895 0.290847 
-1.71631 -1.68861 0.775917 
