0.143411 -0.123492 -0.981928 0.0387015 -0.0335997 0.991005 -0.129541 -0.031989 0.989093 0.0515701 0.137972 -0.0272722 0 0 0 1
0.999458 -0.0128345 -0.0303123 0.0388932 0.0131263 0.999869 0.00944495 -0.0035929 0.0301871 -0.00983772 0.999496 0.00342226 0 0 0 1
###
0.301447 -0.113677 -0.0543469 
0.107063 0.117869 0.0180536 
0.231821 -0.225616 0.0427343 
0.10744 0.125269 0.0342807 
0.103294 0.12412 0.0509198 
0.116958 0.0185641 0.163137 
0.116036 0.0151958 0.150783 
0.501818 -0.865755 -0.695093 
0.162448 0.0247824 -0.000465791 
0.382628 -0.318511 -0.0689847 
0.112403 0.0368658 0.0561736 
0.0996369 0.0494472 0.236383 
0.231767 -0.369509 0.0630961 
0.0965228 0.126108 0.0679094 
0.0974061 0.0736797 0.231819 
0.140304 0.111751 -0.147135 
0.116036 0.0151958 0.150783 
0.109188 0.0505743 0.134507 
0.373074 -0.14839 -0.0791553 
0.323185 -0.501763 0.499826 
0.167959 -1.56107 1.98192 
0.110707 0.123017 0.0163796 
0.245779 -0.388987 0.0453275 
0.103134 0.121913 0.0410117 
0.0972541 0.0738995 0.231701 
0.241203 -0.319737 -0.235525 
0.0549511 0.11971 0.0192751 
0.268452 -0.384076 0.296797 
0.132522 0.0379403 0.0629483 
0.138401 0.110734 -0.142976 
0.690438 -1.82913 -0.910731 
0.142759 0.00582783 -0.0122995 
0.16682 -0.145111 0.164298 
0.242384 -0.307986 0.355633 
0.19624 -0.403095 0.0491479 
0.203761 -0.859699 -0.412435 
0.0749257 0.121525 0.0380173 
0.144761 0.0043389 -0.0107512 
0.103227 0.0846681 0.0888069 
0.100301 -0.333631 0.0206376 
0.222054 -0.407653 0.0383095 
0.039098 -0.0748788 -0.0464111 
0.149016 -0.0854182 -0.00175558 
0.493183 -0.691638 -0.526803 
0.155893 0.112026 -0.157898 
0.146493 0.02773 0.00712498 
0.0669587 0.120941 0.0306582 
0.253287 -0.265304 -0.142748 
0.146549 0.117457 -0.0969864 
0.318867 -0.343364 -0.167813 
0.0634111 -0.284756 -0.117302 
0.149972 -0.0191267 -0.00764863 
0.11726 0.103396 -0.167175 
0.139852 -0.125 0.131224 
0.146396 0.0385634 0.0237477 
0.146302 0.116941 -0.0967712 
0.139157 0.118768 -0.0461399 
0.148022 -0.0602441 0.000745993 
0.0670037 0.120682 0.030712 
0.38487 -0.431832 -0.259893 
0.068422 0.145549 0.293835 
0.104005 0.0847027 0.176285 
0.110897 0.124211 0.0239578 
0.137713 0.0137352 0.0952555 
0.156407 0.0122713 0.103151 
0.241629 -0.66236 -0.513824 
0.113465 0.123309 0.0091316 
0.23581 0.199853 0.160235 
0.128686 -0.0519509 0.00643531 
0.19389 -0.186123 0.122731 

-1.75362 -1.32156 2.4132 
3.63038 1.33631 0.459461 
-3.45122 -5.53498 4.53003 
-0.147622 0.383837 0.16967 
-0.380782 0.576204 0.0721748 
0.490226 0.867151 0.212884 
-2.84715 -1.45414 0.333727 
1.84345 -7.15903 13.3737 
2.02472 -0.100227 2.26817 
-1.58177 -1.49557 2.28596 
-2.39189 -0.635442 1.30237 
-0.445041 -0.188043 0.69063 
-0.387786 0.393122 0.357855 
3.26224 1.41589 0.892764 
1.65159 -2.48931 0.962295 
-0.261373 0.577361 0.0938574 
-2.79457 -1.43572 0.342766 
-0.0888401 -0.070199 0.285909 
-1.75614 -1.33183 2.41791 
-2.46752 -3.51949 2.40293 
-0.201896 0.182444 0.242459 
-2.10137 0.770891 1.26327 
-2.34827 -7.24332 4.91827 
-3.97822 -5.34929 1.54439 
-0.722685 0.186529 0.557251 
0.0406733 -0.423094 0.780338 
0.336062 0.844733 0.245645 
6.94336 -7.67775 11.401 
-2.38774 -0.578233 1.39391 
0.17303 0.188377 0.662498 
2.70148 -13.3069 16.045 
-1.81447 -0.658639 2.35018 
-1.72066 -2.10129 2.75377 
-2.76303 -4.56679 4.4967 
0.146823 0.114468 0.602767 
-3.39008 -4.57617 1.7435 
-0.789031 0.560848 0.280547 
-1.84782 -0.700001 2.34763 
-0.0252148 -0.00943003 0.749571 
0.729142 -6.40389 2.9376 
0.880229 -3.23058 0.518704 
0.29489 -0.377432 -0.0141196 
-0.177274 0.233364 0.244361 
-0.42282 -2.59075 4.80019 
15.3901 -14.8463 9.68517 
2.11691 0.0744191 2.54581 
-0.0126709 0.250891 0.600292 
-0.980272 -1.96667 2.66177 
-2.16317 0.67153 0.99634 
-2.32009 -3.38645 2.45776 
-0.682186 -1.29321 1.75324 
2.09359 -0.0525807 2.38338 
-0.173035 0.226944 0.235689 
-2.13914 0.727226 1.1665 
-1.60233 -0.307703 1.27246 
3.78703 1.4385 0.707396 
-2.32893 0.602087 0.803495 
3.20946 -1.18681 1.66327 
0.332113 0.845022 0.240082 
-0.0878737 -0.226214 0.430888 
-0.618671 0.240141 0.473802 
-0.457778 -0.0195395 0.611878 
0.476421 0.932777 0.688647 
-2.41943 -0.0447734 0.536717 
-2.34278 -0.211663 0.519094 
1.43179 -2.56476 1.55721 
-0.645928 0.201909 0.584833 
0.238484 0.133301 0.579935 
-0.436397 -0.156686 0.678619 
-2.57959 -4.19722 3.83952 
