0.97439 0.204901 0.0926257 0.54043 -0.205186 0.978701 -0.00653031 -0.408666 -0.091991 -0.0126425 0.99568 0.250546 0 0 0 1
0.294491 -0.173951 -0.939689 -0.00640374 0.175585 0.976404 -0.12572 0.00303661 0.939385 -0.127972 0.318085 -0.0186763 0 0 0 1
###
-2.28143 -7.18998 4.81346 
-1.05956 -0.445008 -0.293715 
2.20096 -8.86097 16.369 
9.16852 -10.0661 15.0166 
-4.42009 -8.30709 10.3397 
-3.39008 -4.57617 1.7435 
-2.84715 -1.45414 0.333727 
-1.01391 0.543932 -0.115499 
3.8799 -7.61718 12.8127 
-1.72066 -2.10129 2.75377 
0.211208 0.377201 0.484156 
6.94336 -7.67775 11.401 
2.77585 -13.5261 16.3072 
-1.08136 0.289946 -0.062165 
-2.55745 0.472726 0.439318 
-2.34827 -7.24332 4.91827 
-2.32009 -3.38645 2.45776 
-0.660237 -3.20487 5.73633 
1.32108 -2.73036 1.44342 
-1.51535 0.795255 1.03873 
-2.43972 0.465881 0.392402 
1.4084 -2.53431 1.53548 
0.114854 0.477809 0.41407 
-2.46752 -3.51949 2.40293 
4.15609 -8.2998 13.9013 
-1.73695 -6.94396 4.34362 
-3.45321 -4.64095 1.75109 
-2.71167 0.483588 0.506501 
-0.421955 0.609252 -0.037546 
-0.326371 0.607096 -0.106701 
-0.679782 0.0566997 -0.312289 
-2.49327 -8.14439 4.60489 
1.65159 -2.48931 0.962295 
-2.50747 -0.555958 0.600541 
-3.07057 -4.06902 1.42307 
-0.668022 0.586194 -0.190292 
0.113954 0.477215 0.411024 

0.298017 -0.300281 0.101794 
0.0963603 0.12613 0.0678151 
0.49874 -1.0996 1.40575 
0.154255 -1.38353 1.75786 
0.071369 -0.0571508 -0.0104505 
0.310042 -0.320393 0.242268 
0.1153 0.0150026 0.149717 
0.0991971 0.124916 0.080342 
0.0260674 -0.280768 0.346527 
0.152669 -0.119014 0.000932897 
0.0924449 0.127782 0.101458 
0.0648959 -0.42036 0.527593 
0.320838 -0.732596 0.863412 
0.09915 0.0932019 0.0825427 
0.0554965 -0.136054 -0.144151 
0.246254 -0.389609 0.0452559 
0.256887 -0.249559 0.0927851 
0.240536 -0.286029 -0.190812 
0.231227 -0.368602 0.0628959 
0.160346 0.120777 -0.144821 
0.138529 0.119827 -0.0556402 
0.224539 -0.612985 -0.475561 
0.105298 0.126446 0.0381021 
0.228251 -0.212985 0.0920388 
0.397225 -0.909379 1.0719 
0.194462 -0.371099 0.0420887 
0.211815 -0.22779 0.200432 
0.103893 0.122768 0.0356073 
0.1214 0.103011 -0.161218 
0.0936584 0.125956 0.106584 
0.00715602 -0.461273 -0.122093 
0.13442 -0.401614 0.0195723 
0.0960527 0.125358 0.0794367 
0.104886 0.0692324 0.0932635 
0.384664 -0.427134 0.312022 
0.0946322 0.0731144 0.0823395 
0.104172 0.12314 0.0376191 
