0.986528 0.154158 0.0547525 0.0390298 -0.153405 0.988004 -0.0177232 -0.181507 -0.0568279 0.00908507 0.998343 0.0595237 0 0 0 1
0.996393 -0.0767157 -0.0362637 -0.0032895 0.0765158 0.997045 -0.00687123 0.000539344 0.0366837 0.0040717 0.999319 -0.00902748 0 0 0 1
###
-0.203429 0.314998 0.00777899 
4.17655 -15.6295 18.1927 
-0.580926 -3.89581 2.29009 
-2.15422 -4.02045 1.06477 
-0.943789 -1.99715 1.69908 
-1.23736 -0.521132 0.188696 
-1.14872 -0.0351665 0.395665 
2.92899 -11.2991 13.2606 
-0.868388 -1.80174 1.5716 
-0.0138211 0.185182 0.301302 
6.83136 -7.05658 10.1691 
-0.629467 -1.14818 1.52619 
-1.52607 -0.673407 0.205463 
-0.98789 -0.181142 0.324411 
-2.18461 -3.65657 1.27249 
0.700359 -0.150851 0.103538 
-0.351482 0.282152 -0.0270158 
-1.02659 0.470763 0.990184 
-0.00531108 0.344435 0.00875357 
0.0326641 0.327465 0.0247573 
-0.981852 -0.171043 0.317968 
-1.67741 -2.71872 0.940088 
-0.0281982 0.235777 0.272727 
-1.61518 -3.4846 2.42666 
-1.07546 -3.51863 2.4584 
-0.632612 -1.13911 1.53399 
-1.10826 -0.261498 0.374953 
-0.577037 -3.3735 2.09373 
1.00951 -1.34065 0.812141 
-0.0780639 0.205357 0.292492 
-0.416697 -2.32 3.62966 
0.00431746 -0.477677 0.260894 
-1.65957 -2.67242 0.92681 
1.88263 -0.0265106 0.400083 
-0.8025 0.380816 0.676959 
-1.08639 0.243656 0.285907 
0.0305257 0.328 0.0250268 
-0.309076 -0.484332 -0.0709672 
-0.119228 0.352017 0.0989782 
-0.974552 -1.77905 1.2206 
0.902537 -1.30511 0.723335 

-0.0545531 0.314464 0.175593 
-1.59486 -1.88073 1.69635 
0.156038 -0.903351 0.573582 
-0.518557 -0.989939 1.16467 
0.226237 -0.364195 0.48351 
-0.240641 0.128379 0.29057 
-0.0838548 0.111943 0.286555 
0.206377 -0.51926 0.666033 
0.208599 -0.461157 0.635595 
-0.0650232 0.300261 0.092145 
-1.74085 -1.77902 1.05176 
0.124167 -0.190587 0.303815 
-0.250392 0.130388 0.290291 
-0.145392 0.015867 0.321706 
-0.156739 -0.290147 0.441124 
-0.171836 0.0122776 0.278606 
-0.06495 0.296756 0.0911937 
-0.232301 -0.768212 1.04217 
-0.167101 0.305763 0.18772 
0.450594 0.373422 0.125557 
0.109469 -0.059161 0.287384 
-0.219398 -0.675503 0.935091 
-0.172248 -0.139054 0.35825 
-0.313976 -0.728057 0.778458 
0.126673 -0.588602 0.542725 
3.84212 -3.02003 1.36385 
0.113651 0.0481955 0.268078 
0.133955 -0.716029 0.484387 
2.40715 -2.16246 0.427255 
-1.35891 -1.38464 0.22098 
0.15008 -0.20161 0.269788 
0.12161 -0.725657 0.277694 
0.190757 -0.397882 0.542215 
0.430702 0.340963 0.0746606 
0.332155 0.417153 0.197295 
0.123722 0.348446 0.197908 
0.464254 0.387401 0.130613 
-0.995554 -1.13858 0.0890132 
0.284516 0.360453 0.172346 
0.0211712 -0.470003 0.655579 
1.80301 -1.44419 0.317245 
