0.976289 0.213051 0.0383306 0.0245626 -0.213605 0.976859 0.0109586 -0.164182 -0.0351088 -0.0188864 0.999205 0.127555 0 0 0 1
1 0 0 0 0 1 0 0 0 0 1 0 0 0 0 1
###
-1.26081 -0.788163 0.217222 
1.23015 -3.92508 7.01462 
-0.426325 -1.56682 1.04747 
4.1406 -15.4926 18.0455 
-0.205006 0.316124 0.00807453 
1.93948 -5.6716 10.2924 
9.08717 -8.43612 5.23512 
4.54117 -3.34135 4.17329 
-1.03316 0.136652 0.363353 
-0.114519 0.0136683 0.054521 
-1.05953 -1.65827 0.513192 
-0.405246 -0.957976 1.11961 
0.692918 -1.45717 0.334241 
-0.0249069 0.347986 0.0229873 
-0.635299 -1.16028 1.54273 
-1.08473 -0.265774 0.367883 
-1.25765 -1.99991 0.748911 
-0.936477 -3.86557 2.6078 
-0.701532 -0.381526 1.31336 
-1.10385 -0.306629 0.377374 
-1.90112 -3.15243 1.16385 
1.60416 -6.35297 7.47281 
-0.557283 -3.24984 2.01619 
-1.05675 -3.45668 2.41529 
0.136842 0.0988618 0.159506 
-0.774756 -1.6088 1.48545 
0.344137 -3.8636 1.96194 
-0.0877678 0.0710076 -0.128886 
0.702318 -0.82065 0.0318862 
1.01321 -1.34578 0.815303 
-1.52622 -1.01833 0.302836 

0.981026 -0.794406 0.191392 
-2.34604 -2.59118 2.37185 
0.0642393 -0.515401 0.684689 
-1.59486 -1.88073 1.69635 
0.430702 0.340963 0.0746606 
3.84212 -3.02003 1.36385 
-0.0467886 0.318516 0.172543 
0.19339 -0.217033 0.266434 
-0.145017 0.231806 0.209494 
-1.91661 -1.88839 1.23917 
-0.210959 -0.663271 0.910223 
1.38799 -1.12258 0.936973 
0.090794 -0.716314 0.47764 
-0.286356 0.317896 0.223759 
0.124167 -0.190587 0.303815 
0.113651 0.0481955 0.268078 
-0.156739 -0.290147 0.441124 
0.107865 -0.755441 0.502411 
0.119802 0.0755115 0.259255 
-0.124723 0.0608217 0.306928 
-0.219398 -0.675503 0.935091 
1.32868 -1.65131 0.588506 
0.132429 -0.722678 0.477453 
0.126673 -0.588602 0.542725 
-0.251583 0.0530866 0.32133 
0.253456 -0.509062 0.68932 
0.137843 -0.754007 0.322891 
-0.501075 -0.603464 0.0427044 
0.422982 0.382302 0.128149 
2.40715 -2.16246 0.427255 
-0.0650232 0.300261 0.092145 
