0.148249 0.0117325 -0.98888 0.0327476 -0.0672796 0.997733 0.00175122 -0.051488 0.986659 0.0662719 0.148702 -0.0281394 0 0 0 1
0.999565 -0.0177071 -0.0235885 0.073018 0.0178429 0.999825 0.00555685 -0.00697972 0.023486 -0.00597532 0.999706 0.00951728 0 0 0 1
###
0.546428 -1.20883 1.54619 
0.266921 -0.369645 0.289255 
0.357434 -0.451404 0.315789 
0.113289 -0.0790023 0.0392331 
0.0739176 -0.147542 -0.130638 
0.110929 0.0254462 0.141442 
0.109116 0.121076 0.0161885 
0.0909028 0.055263 0.215124 
0.113265 0.122956 0.0209667 
0.112377 0.014728 0.145873 
0.096377 0.126171 0.067113 
0.0974694 0.120239 0.0481726 
0.0944221 0.0732303 0.213498 
0.138425 -0.0783654 0.00391411 
0.104932 0.120638 0.0232968 
0.113085 0.0179536 0.157582 
0.144762 -0.211236 0.272771 
0.238636 -0.380739 0.0444912 
0.272382 -0.392953 0.0761921 
0.128111 0.0193066 0.0863624 
0.521856 -1.37131 -0.674999 
0.134849 -0.122401 0.13781 
0.101964 0.120552 0.0405246 
0.0980118 0.122313 0.0481467 
0.162086 -0.144095 0.0462491 
0.384532 -0.196504 -0.0775971 
0.109917 0.121383 0.0151232 
0.437952 -0.748906 -0.59936 
0.164496 -0.143439 0.0425266 
0.218576 -0.289544 0.0527052 
0.390086 -0.452716 -0.269215 
0.543899 -0.940514 -0.747841 
0.105026 0.121919 0.0237503 
0.136923 0.106021 -0.162939 
0.127058 0.0201277 0.0846634 
0.454581 -1.14129 -0.556238 
0.1426 0.00441269 -0.0104543 
0.110465 0.104731 0.0873689 
0.176073 -0.240658 0.0546729 
0.108057 0.0158363 0.138064 
0.10016 0.124167 0.0628181 
0.13599 0.10845 -0.139688 
0.133028 0.108776 -0.152163 
0.590917 -1.58841 -0.747151 
0.15068 -0.132469 0.0594493 
0.142632 -0.0177084 -0.00286962 
0.305585 -0.443313 0.445974 
0.06667 0.115981 0.00510945 
0.0443656 0.126596 0.121435 
0.199675 -0.405372 0.0494971 
-0.00545681 -0.420738 0.521878 
0.138638 0.031946 0.0147736 
0.0422774 -0.0599623 -0.0525135 
0.78401 -1.16064 -0.91201 
0.111662 0.121177 0.00907968 
0.110156 0.0472934 0.101338 
0.0735393 -0.157774 -0.191079 
0.143169 0.114 -0.0938043 
0.195544 -0.177448 -0.00535541 
0.108012 0.0150689 0.137953 
0.0813444 0.138435 0.271619 
0.00179644 -0.222608 0.289501 
0.147774 -0.0250716 -0.00604251 
0.136399 0.117173 -0.0537352 
0.831765 -2.13163 -1.06246 
0.164891 0.118759 -0.148727 
0.188263 -0.167771 -0.00505855 

184.934 -158.465 221.022 
9.23312 -10.1337 15.1212 
-0.440889 -2.86564 5.31488 
-3.42747 -5.49635 4.4986 
-3.37629 -4.56018 1.73383 
-2.83505 -1.44828 0.33156 
-2.05914 0.749467 1.22801 
-0.442463 -0.186957 0.686645 
-2.12862 0.723774 1.16084 
-2.78649 -1.43407 0.340142 
-0.178834 0.108905 0.246243 
-2.31689 0.599041 0.799358 
3.61236 1.3296 0.457344 
-1.71314 -2.09263 2.74068 
-2.16866 0.679503 1.0105 
-0.125046 0.035369 0.26347 
-3.91702 -6.39711 5.91706 
-2.33937 -7.21642 4.90011 
-1.64237 -6.70412 4.11321 
-2.45142 -0.232224 0.551583 
1.34752 -2.44754 1.46591 
-0.0873963 -0.224759 0.428157 
-2.12123 0.719845 1.14789 
0.172041 0.187303 0.658731 
-2.2229 -3.4708 3.09067 
-1.73951 -1.31348 2.38816 
-2.091 0.767239 1.25709 
2.22485 -8.94024 16.5153 
-2.74896 -4.54356 4.47339 
-2.38808 -5.88195 4.12817 
-2.44944 -3.49338 2.38457 
1.92447 -7.41403 13.8715 
-0.572282 0.0854145 0.687103 
3.77819 1.43488 0.705914 
-1.71756 0.714537 0.740128 
2.77092 -13.4942 16.2716 
-1.83828 -0.696411 2.33571 
-2.37956 -0.632128 1.29575 
-2.22898 -6.12086 3.97642 
-0.0847057 -0.0704413 0.285478 
-0.12527 -0.0283168 0.278358 
-0.663079 0.214421 0.54906 
-0.154141 0.00578575 0.268314 
3.03384 -14.1513 16.3288 
-2.62463 -3.86077 2.77989 
-0.472985 -0.0457163 0.629455 
6.98547 -7.72227 11.4701 
-1.18765 0.627397 0.27178 
-0.45247 0.525804 0.283308 
0.145994 0.113828 0.599367 
-1.44454 -2.82051 3.66914 
-2.52217 -0.587321 2.35819 
0.292897 -0.375016 -0.014004 
-1.12637 -8.65979 15.5567 
-0.574044 0.0867296 0.693887 
2.97216 -0.0458477 0.708202 
1.07326 -1.16989 -0.0198586 
-2.19609 0.662374 1.06155 
-2.57422 -4.19169 3.83399 
0.487026 0.861622 0.211495 
-0.265342 0.592442 0.0928492 
-0.567926 -0.955393 0.00640881 
-0.180024 0.108625 0.245546 
-1.17966 0.621249 0.271417 
2.46004 -12.3785 14.9203 
3.24983 1.41028 0.889657 
-2.31305 -3.37908 2.44649 
