0.973867 0.0764722 -0.213856 0.0849928 -0.118535 0.974332 -0.191382 -0.130239 0.193731 0.21173 0.957934 -0.02389 0 0 0 1
0.999833 -0.0178344 -0.00397763 0.0210257 0.0178768 0.999781 0.0108978 0.0139983 0.0037824 -0.0109671 0.999933 0.00186339 0 0 0 1
###
0.301882 -0.179856 0.535765 
-0.176772 0.189565 0.294246 
-0.220865 0.324114 0.219203 
-0.575272 0.171691 0.416864 
0.388586 -0.502381 0.141655 
0.370318 -0.304913 0.0910987 
-0.0514464 0.294693 0.0631128 
-0.0125329 0.32283 0.183613 
-0.0208923 0.320807 0.17213 
-0.0097771 -0.138642 0.263177 
0.131018 -0.144621 0.310484 
0.42958 0.333324 0.0598777 
-0.0602951 0.317262 0.180208 
-0.241007 -0.313529 0.59379 
0.175476 -0.757082 0.602451 
1.10257 -0.890751 0.686943 
-0.250268 0.0541795 0.313287 
-0.313976 -0.728057 0.778458 
0.113452 0.0737879 0.253141 
3.84212 -3.02003 1.36385 
0.0203466 0.329521 0.178468 
-0.00423052 0.316053 0.172523 
-0.374284 0.160879 0.262466 
-0.0184212 -0.202155 0.244416 
1.4338 -1.78141 0.611844 
-0.175488 -0.241289 0.386922 
-0.205828 -0.443272 0.597731 
0.0229313 -0.274663 0.384399 
-0.0565776 0.327679 0.193231 
-4.03763 -5.14442 5.20869 
-0.241469 0.138521 0.290161 
3.84212 -3.02003 1.36385 
-0.15683 0.00348155 0.443056 
0.0914203 -0.598607 0.697663 
-0.0488574 0.318689 0.176082 
1.32868 -1.65131 0.588506 
0.00432243 0.138356 0.242435 
-0.0174328 0.327956 0.185205 
-0.000999295 0.323538 0.175216 
-0.0766248 0.119005 0.277997 
0.0156336 -0.291414 0.421222 
-0.433139 -0.532238 0.698066 
-0.176759 0.00350355 0.247823 
0.113651 0.0481955 0.268078 
0.0255725 0.13572 0.255243 
-0.00679008 0.302964 0.0766756 
-0.251583 0.0530866 0.32133 
1.80301 -1.44419 0.317245 
0.015602 -0.218699 0.284677 
0.019497 -0.0204889 0.0273529 
1.5178 -1.36159 0.285681 
0.115258 0.0494739 0.269891 
1.58096 -1.19876 0.850981 
0.117258 0.0174814 0.284128 
-0.626612 0.323992 0.334579 
-0.0346391 -0.0987295 0.227586 
0.0595747 -0.53527 0.66663 
-0.141322 0.0414216 0.0460001 
0.0582626 -0.454882 0.567597 
-0.169366 0.0742074 0.285483 
0.00146636 0.324429 0.0846593 

-0.576069 -0.606794 1.1148 
-0.204769 -0.0345062 0.0654035 
-1.00068 0.315725 0.49786 
1.17633 -1.37639 0.521045 
-1.99027 -3.31458 1.22641 
-2.05296 -3.41435 1.18878 
-0.132874 0.355306 0.11098 
-0.902794 0.385662 0.700862 
-0.886311 0.232511 0.311315 
-0.870917 -1.80766 1.57679 
-0.630376 -1.14991 1.52812 
-0.119741 0.353499 0.09937 
-0.90951 0.351937 0.597817 
-0.667444 -1.38178 1.70193 
-0.960673 -3.97035 2.67914 
0.41378 -5.69187 10.4499 
-1.27443 -0.805869 0.230753 
6.79973 -7.04433 10.1506 
-0.701445 -0.381434 1.31273 
0.877115 -2.51511 4.61644 
-0.845491 0.391143 0.721683 
-0.903803 0.354021 0.600886 
1.21136 -1.43011 0.543238 
-0.929764 -3.46119 2.08465 
2.93754 -11.3249 13.2944 
-10.9095 -30.0255 32.951 
-0.0757325 -0.150127 0.135101 
-0.862981 -1.78793 1.38407 
-0.89578 0.381452 0.695706 
4.55054 -3.35015 4.18204 
0.215315 -0.0399922 0.192641 
0.119018 -0.522075 0.939666 
-0.588034 -0.768352 1.22123 
-1.79711 -3.3403 2.21631 
-0.926721 0.363908 0.619729 
1.61772 -6.40722 7.53594 
-0.926928 -0.260578 0.978099 
-0.981616 0.412353 0.750112 
1.8945 -0.0268276 0.403535 
-1.00813 -0.356692 0.737705 
-0.910992 -1.92895 1.64388 
-0.958759 -1.78911 1.27253 
-1.06811 -3.36157 2.34524 
-0.678575 0.385709 0.467438 
-0.866419 -0.270093 1.09605 
0.138906 0.0962326 0.199813 
-1.26142 -0.788451 0.216601 
4.2816 -3.33995 4.59971 
0.702094 -1.55213 0.369678 
0.267352 -0.329156 0.00337934 
0.968862 -1.44302 0.763651 
-0.180503 -0.0381069 0.0520198 
-0.455847 -2.62834 4.10355 
0.0203974 -0.0169118 0.378282 
1.98021 0.636647 0.110751 
-2.15801 -4.02713 1.06721 
-0.957694 -1.74822 1.19475 
-0.935978 -1.71179 1.14317 
-1.58526 -3.42976 2.38251 
-1.01039 -0.186927 0.334321 
-0.558282 0.41816 0.610869 
