0.983247 -0.0187092 -0.181313 0.0947109 -0.0173242 0.980623 -0.195136 -0.0898376 0.181451 0.195008 0.963871 -0.0228028 0 0 0 1
0.999939 -0.0109876 0.00134035 0.00761594 0.0109872 0.99994 0.000305676 0.00345254 -0.00134363 -0.000290931 0.999999 0.00109136 0 0 0 1
###
-0.235488 -0.658788 0.84265 
0.370318 -0.304913 0.0910987 
-0.250268 0.0541795 0.313287 
-0.230395 0.13024 0.27384 
3.84212 -3.02003 1.36385 
-0.0395348 -0.180061 0.298393 
-0.492105 0.179824 0.349519 
-0.12484 0.317084 0.184667 
-0.0469274 0.330901 0.183713 
-0.0208923 0.320807 0.17213 
0.42958 0.333324 0.0598777 
-0.0766343 0.319656 0.195031 
-0.243862 0.0786497 0.302738 
0.175476 -0.757082 0.602451 
-0.0595371 0.12664 0.273729 
-0.760669 -1.18617 1.26088 
-0.00423049 0.316053 0.172523 
0.175476 -0.757082 0.602451 
-0.250268 0.0541795 0.313287 
0.331797 0.290088 0.0657348 
-0.138275 0.146995 0.171087 
0.086586 -0.667771 0.56526 
-0.135366 -0.220919 0.36088 
0.11707 -0.142587 0.309489 
-0.121555 0.115942 0.118156 
0.988155 -0.845833 0.762092 
0.119802 0.0755115 0.259255 
-0.206109 0.266852 0.389931 
-0.458829 0.329614 0.221385 
0.090794 -0.716314 0.47764 
0.122792 -0.129486 0.297956 
1.32868 -1.65131 0.588506 
0.0179132 -0.0541185 0.0438624 
-0.127422 0.00546448 0.164959 
0.703889 -0.532565 0.281559 
1.72655 -1.32256 0.777611 
0.0838162 0.11973 0.27683 
-0.0650232 0.300261 0.092145 
0.173738 -0.287977 0.393162 
3.84212 -3.02003 1.36385 
-0.221908 0.462118 0.469007 
0.328581 0.329417 0.14421 
1.80301 -1.44419 0.317245 
0.909382 -0.779007 0.711345 
0.253016 0.331429 0.159553 
0.400353 -0.363693 0.395177 
-0.177409 -0.135068 0.365979 
-0.251583 0.0530866 0.32133 
-0.0939717 0.101841 0.288686 
0.181633 -0.752893 0.605212 
-0.0753461 0.300617 0.113419 
0.156782 0.340239 0.191109 
0.744758 -0.538829 0.00666477 
0.826363 -0.67146 0.618217 
0.736503 -0.571617 0.452708 
0.120712 0.0776253 0.25659 
-6.7516 -7.0218 6.46475 
2.40715 -2.16246 0.427255 
0.0199945 0.324014 0.175289 
0.145585 -0.655967 0.536408 
-0.142505 0.192977 0.18855 
0.0154287 -0.115956 0.0444493 

-10.9166 -30.0474 32.9746 
4.9934 -3.43735 0.575049 
-0.127792 0.0952339 0.342385 
-0.0445004 0.0400038 0.414163 
1.23015 -3.92508 7.01462 
-1.15826 -2.12574 1.42954 
1.17229 -1.37183 0.519337 
9.08717 -8.43612 5.23512 
0.0689607 0.221264 0.209273 
-0.921694 0.36123 0.615622 
-0.119665 0.353006 0.0992668 
-0.998474 0.31604 0.497214 
-0.124516 0.0918202 0.348861 
-1.02757 -4.32526 2.90256 
-1.00744 -0.356432 0.737423 
-0.936242 -1.71259 1.14403 
-0.844072 0.390413 0.720476 
-0.936477 -3.86557 2.6078 
-1.52622 -1.01833 0.302836 
-0.909968 0.352233 0.598362 
-1.10385 -0.306629 0.377374 
-0.928859 -3.45942 2.08376 
-0.0867526 -0.178419 0.167808 
-0.652651 -1.16458 1.50766 
-0.20464 -0.0345096 0.065381 
-0.238437 -3.91844 6.68834 
-0.701532 -0.381526 1.31336 
-0.180109 -0.0381052 0.0519359 
1.94416 -0.367961 0.281299 
0.692918 -1.45717 0.334241 
-0.634978 -1.14409 1.54174 
2.9233 -11.2836 13.2468 
-0.902301 0.385477 0.700604 
0.0257763 -0.0417105 0.382017 
1.93948 -5.6716 10.2924 
0.118994 -0.521782 0.93928 
-0.692017 -0.251084 0.965774 
-0.0711536 0.103586 0.292601 
-0.446934 -2.4901 3.90183 
4.17171 -3.25506 4.48588 
-0.677843 0.385207 0.466927 
1.02036 -1.41584 0.239942 
4.40332 -3.45564 4.718 
6.83645 -7.07473 10.2017 
-0.884059 0.231835 0.310534 
-0.0753282 -0.149361 0.134389 
0.0266827 -0.110336 0.412501 
-1.26081 -0.788163 0.217222 
-0.120318 0.350145 0.0982308 
-2.23037 -4.23127 1.14594 
0.13726 0.0939183 0.196287 
-0.999867 0.315481 0.497635 
0.267106 -0.328783 0.00334169 
0.411582 -5.74684 10.5513 
-0.863981 -1.79047 1.38635 
-0.12565 0.0965048 0.347659 
-1.79632 -3.33945 2.21596 
1.05796 -1.40292 0.84664 
-0.0117203 0.0859447 0.437096 
-2.30089 -4.32553 1.16362 
-0.38177 0.334837 0.196838 
1.07496 -1.37697 0.371831 
