0.974407 0.194941 0.111934 0.0414244 -0.19583 0.980633 -0.00310242 -0.170898 -0.110371 -0.018897 0.993711 0.102459 0 0 0 1
0.996393 -0.0767157 -0.0362637 -0.00328949 0.0765158 0.997045 -0.00687121 0.000539361 0.0366837 0.00407169 0.999319 -0.0090275 0 0 0 1
###
-0.406885 -1.4851 0.990932 
4.15782 -15.5692 18.1194 
0.41378 -5.69187 10.4499 
6.79973 -7.04433 10.1506 
-1.26142 -0.788451 0.216601 
-0.492758 -0.876745 1.15261 
-2.31078 -4.34382 1.16783 
-1.05991 -1.65804 0.516088 
-0.23989 -0.121145 -0.110643 
-0.233164 -3.70037 6.30597 
-0.344459 0.27994 -0.0303375 
-1.04978 -4.42581 2.97191 
-1.50184 -3.49483 2.35131 
-0.630376 -1.14991 1.52812 
-0.660731 -0.942063 -0.105601 
-1.02115 0.150812 0.364329 
-0.958759 -1.78911 1.27253 
-2.05296 -3.41435 1.18878 
-0.560986 -3.26843 2.0266 
-1.6847 -2.73031 0.944064 
5.65778 -5.78829 8.28767 
-1.06565 -3.4854 2.43482 
0.357163 -3.99307 2.02897 
1.01817 -1.35213 0.818932 
-0.354424 0.277877 -0.0530993 
-1.13609 0.245933 0.306067 
0.0328137 0.328996 0.0250721 
-0.132509 -0.040271 -0.117764 
0.877115 -2.51511 4.61644 
-0.903803 0.354021 0.600886 
-0.421413 -2.34492 3.68226 
2.11783 -2.07573 0.871583 
1.0801 -1.38333 0.373515 

0.0642393 -0.515401 0.684689 
-1.59486 -1.88073 1.69635 
-2.64981 -2.63676 0.691322 
-1.74085 -1.77902 1.05176 
-0.250268 0.0541795 0.313287 
-0.234487 -0.376786 0.551338 
-0.266286 -0.728784 0.823701 
-0.156739 -0.290147 0.441124 
-0.122279 0.305243 0.178546 
0.181696 -0.227895 0.290847 
0.0157957 0.327157 0.173091 
0.107865 -0.755441 0.502411 
0.104074 -0.785898 0.979065 
0.124167 -0.190587 0.303815 
-0.988665 -0.914598 0.134431 
0.0997616 -0.0411924 0.264996 
0.119461 -0.595967 0.767099 
-0.210959 -0.663271 0.910223 
0.133955 -0.716029 0.484387 
0.190757 -0.397882 0.542215 
-1.78999 -1.83229 1.11542 
0.126673 -0.588602 0.542725 
0.12161 -0.725657 0.277694 
2.40715 -2.16246 0.427255 
-0.00489624 0.327163 0.181774 
0.180125 0.35122 0.187016 
-0.117647 0.323089 0.193037 
-1.06703 -1.35564 0.105646 
3.84212 -3.02003 1.36385 
0.899565 -1.31214 0.114389 
0.0156336 -0.291414 0.421222 
1.53231 -1.66072 0.602061 
0.0987134 -0.633467 0.810679 
