0.180701 0.28344 -0.941812 0.0169396 -0.00727412 0.957934 0.286896 -0.0737063 0.983511 -0.0449918 0.175162 -0.0221262 0 0 0 1
0.999458 -0.012873 -0.0303057 0.0387195 0.0131636 0.999869 0.00941096 -0.00356373 0.0301806 -0.00980479 0.999496 0.00338128 0 0 0 1
###
0.125241 0.0809678 0.104734 
0.0926194 0.0698444 0.219459 
0.0924182 0.0716111 0.208866 
0.347273 -0.4388 0.30746 
0.111481 0.139031 0.0991618 
0.0866372 -0.0674209 -0.0599019 
0.0718101 0.0483992 0.167143 
0.107464 0.119002 0.0321309 
0.105012 0.121667 0.0338826 
0.102759 -0.0645608 0.0478591 
0.203389 -0.195246 0.0412578 
0.108961 0.0248393 0.138444 
0.638075 -1.6824 -0.834374 
0.0647749 0.114844 0.00488658 
0.100994 0.119507 0.0400727 
0.138642 -0.127212 0.141661 
0.183533 -1.7819 2.25708 
0.094731 0.123941 0.0659358 
0.210932 -0.320612 0.0476118 
0.205637 -0.258007 0.0556934 
0.232726 -0.309537 0.251601 
0.499348 -0.860102 -0.682438 
0.367932 -0.940996 -0.459906 
0.122121 0.134384 0.0400309 
0.149028 0.106906 -0.167927 
0.366912 -0.429054 -0.255209 
0.137009 -0.0776256 0.00388192 
0.105254 0.048781 0.129551 
0.160345 -0.164413 0.16646 
0.105227 0.122482 0.0329871 
0.0377979 0.112879 -0.0136384 
0.13924 0.00589068 -0.0121193 
0.086393 0.127367 0.132122 
0.0993637 0.11931 0.0407733 
0.142254 -0.183286 0.0411958 
0.134859 0.106823 -0.140164 
1.45492 0.398599 0.836998 
0.573967 -1.27247 1.63042 
0.128362 0.0328726 0.0670659 
0.0987151 0.117912 0.0330445 
0.0977622 0.122054 0.0478905 
0.162348 -0.143078 0.0482666 
0.115221 0.0316902 0.0127573 
0.441077 -0.753797 -0.603342 
0.53577 -0.820734 -0.648099 
0.134036 -0.0255569 -0.000889583 
0.125442 0.0199136 0.0835222 
0.107912 0.119834 0.0231394 
0.0659738 0.114757 0.00498488 
0.462907 -0.578775 -0.378228 
0.10541 0.0253355 0.101151 
0.187996 -0.257902 0.364867 
0.141001 -0.00547948 -0.00769458 
0.563628 -1.5442 -0.734548 
0.439715 -1.10926 -0.540493 
0.247231 -0.257317 0.0357857 
0.107093 0.0156705 0.136803 
0.0377159 0.113267 -0.00167547 
0.127546 0.106732 -0.169277 
0.30159 -0.439156 0.442143 
0.111352 0.118902 0.00662913 
0.127227 0.106566 -0.169677 
0.142301 0.108769 -0.113007 
0.15159 -0.0899667 -0.00351453 
0.184911 -1.74956 2.19983 
0.164131 -0.409454 0.0239558 
0.182436 -0.161728 -0.00427281 
0.108375 0.0144741 0.13828 
0.18031 -0.169145 0.096573 
0.135281 0.108094 -0.138118 
0.0667245 0.115095 0.00516146 

-2.41897 -0.223815 0.541086 
0.225312 0.378914 0.489695 
3.6286 1.33543 0.459454 
-4.45679 -8.37206 10.4272 
-2.12517 0.721114 1.15008 
-0.17231 0.225939 0.237264 
0.224339 0.154477 0.816545 
3.78235 1.43648 0.706602 
-2.06224 0.750544 1.23003 
-2.293 -3.34826 2.4231 
-3.43752 -5.51283 4.51204 
-2.83834 -1.45017 0.331216 
1.42408 -2.5524 1.54875 
1.70711 -2.57445 0.984575 
-0.179052 0.108993 0.246355 
-1.59451 -3.23381 4.35547 
7.19304 -7.89993 11.7619 
-2.81447 -1.38571 0.213504 
-2.33794 -7.21175 4.89768 
-3.40306 -4.57603 1.72056 
0.72592 -0.758322 1.17135 
2.50359 -9.36925 17.5814 
2.76337 -13.4422 16.2139 
-0.146924 0.382015 0.16888 
0.237256 0.132621 0.576987 
-0.569195 -4.61949 8.36576 
-1.71163 -2.09098 2.73961 
-0.0884221 -0.0697976 0.284404 
-1.4465 -2.81688 3.68264 
-0.598718 0.0829864 0.651653 
-0.378613 0.573285 0.0729067 
-1.80661 -0.659711 2.33561 
-2.32093 0.600092 0.800919 
-2.14597 0.729746 1.1704 
20.563 -19.5673 12.5316 
-0.26016 0.574698 0.093443 
-2.52429 -0.58784 2.36 
-2.43215 -3.46683 2.369 
-2.38104 -0.632666 1.29655 
-2.17198 0.680426 1.01208 
-0.665362 0.215575 0.55153 
-2.19798 -3.41771 3.0279 
2.49069 -0.159912 2.72956 
1.95811 -7.51013 14.067 
-0.0874787 -0.224967 0.428539 
-1.74144 -1.31532 2.39065 
-2.33403 -0.211059 0.517264 
-2.15955 0.726521 1.1633 
-0.455341 -0.0177598 0.609995 
9.26467 -10.1565 15.1611 
-2.09393 0.768257 1.25897 
4.23068 -3.34112 4.40329 
-0.0251127 -0.0093733 0.745674 
3.04249 -14.1725 16.3594 
2.69175 -13.2593 15.9887 
-2.88447 -4.52242 3.80928 
-2.80633 -1.44549 0.341553 
0.341222 0.71634 0.594435 
-0.642776 0.200939 0.581999 
-0.657249 -3.19233 5.71361 
-0.574518 0.0867901 0.694451 
0.276498 0.808914 0.156989 
-0.148065 0.383724 0.169197 
-1.87033 0.614907 0.684209 
-4.64332 -7.70725 2.08227 
-0.195135 -1.28094 0.646047 
-2.13184 -3.2897 2.97496 
0.487645 0.862652 0.211788 
-2.23762 -3.63657 3.4682 
-0.207428 0.208899 0.229266 
0.196438 0.119265 0.655293 
