0.990821 0.132824 0.0251212 0.0397485 -0.132153 0.990869 -0.0267084 -0.187066 -0.0284394 0.0231433 0.999328 0.0399126 0 0 0 1
1 0 0 0 0 1 0 0 0 0 1 0 0 0 0 1
###
-0.416652 -1.53186 1.02528 
-3.65294 -14.1734 16.9808 
4.17762 -15.6338 18.1925 
1.76813 -0.608426 0.331946 
0.258284 -8.61142 8.24921 
-0.585018 -2.3639 3.18273 
0.174723 0.150057 0.145562 
-0.952968 -3.53616 2.1346 
-2.14654 -4.00567 1.06122 
-0.207699 -3.53421 6.04607 
0.174606 0.151465 0.145151 
-0.626684 -1.14287 1.51962 
-0.927841 -0.0851856 0.304508 
-0.973319 -4.02109 2.7148 
-1.25071 -0.781776 0.2153 
-2.30411 -4.33017 1.16493 
-1.32488 -0.800238 0.162839 
1.04535 -1.38708 0.836604 
-0.378626 0.331787 0.194738 
-0.694939 -0.377628 1.30069 
-1.11652 -0.264878 0.379458 
-0.63631 -2.57629 1.46706 
-1.07184 -3.50541 2.44985 
-0.577951 -3.3779 2.09734 
1.60149 -6.33777 7.45952 
-0.378964 0.332554 0.195535 
0.0312961 0.306745 0.0493338 
0.17296 0.15327 0.144273 
-0.123463 0.337866 0.0608269 
5.73565 -5.86089 8.3993 
-0.959958 -0.20128 0.316807 
0.055548 -2.6695 1.46383 
-0.550507 0.412579 0.602967 
-0.462597 -0.868308 -0.0307819 
-2.25693 -4.28039 1.16015 
-0.117924 0.348659 0.0974681 
0.692524 -0.822332 0.00286893 
-1.04653 0.27798 0.38216 

0.0642393 -0.515401 0.684689 
0.15008 -0.20161 0.269788 
-1.59486 -1.88073 1.69635 
-0.181171 0.0124036 0.299867 
-1.07975 -1.07179 0.848214 
-1.08602 -1.28009 1.47565 
-0.873785 0.442319 0.454274 
0.0292875 -0.432503 0.387695 
-0.518557 -0.989939 1.16467 
0.19339 -0.217033 0.266434 
-0.855859 0.438949 0.449396 
0.124167 -0.190587 0.303815 
-0.163908 0.159015 0.254341 
0.175476 -0.757082 0.602451 
-0.250268 0.0541795 0.313287 
-0.313976 -0.728057 0.778458 
-0.261029 0.0548803 0.325653 
2.40715 -2.16246 0.427255 
-0.351236 0.189824 0.306876 
0.119802 0.0755115 0.259255 
-0.129639 0.0481592 0.288157 
1.83867 -2.38668 0.817825 
0.126673 -0.588602 0.542725 
0.133955 -0.716029 0.484387 
1.32868 -1.65131 0.588506 
0.450594 0.373422 0.125557 
-0.458829 0.329614 0.221385 
-0.0208923 0.320807 0.17213 
-0.00729952 0.281077 0.068583 
-0.217177 -0.760162 0.955025 
-0.0936807 0.105891 0.295005 
0.12161 -0.725657 0.277694 
0.415185 0.373295 0.124876 
-0.577011 -0.685545 0.0462313 
-0.332211 -0.815032 0.868764 
0.389463 0.318005 0.0700266 
0.0929599 -1.03008 0.414825 
0.284516 0.360453 0.172346 
