0.991799 0.123289 0.0336713 0.554237 -0.121856 0.99167 -0.0417365 -0.413145 -0.0385365 0.0372912 0.998561 0.124399 0 0 0 1
0.989861 -0.028645 -0.139123 -0.0030562 0.0407946 0.995522 0.0852787 0.00405383 0.136058 -0.0900895 0.986596 -0.00297084 0 0 0 1
###
-2.83834 -1.45017 0.331216 
-1.4465 -2.81688 3.68264 
-2.33658 0.603308 0.815174 
-4.64301 -7.65879 2.04096 
-1.71163 -2.09098 2.73961 
-4.64301 -7.65879 2.04096 
-0.386287 0.39179 0.356763 
-0.508832 0.55742 0.117405 
-2.87356 -5.04603 4.27148 
-2.72737 -1.0805 0.292848 
-1.91003 -1.98964 0.650496 
-2.75486 -1.66946 0.871108 
7.19304 -7.89993 11.7619 
3.41026 -3.59066 1.46689 
1.39776 -2.51632 1.52422 
-2.19798 -3.41771 3.0279 
-2.41897 -0.223815 0.541086 
-2.48933 -8.13308 4.59873 
-0.578456 0.590811 0.117091 
-1.49865 0.783027 1.01333 
-0.408941 0.153413 0.584124 
-2.80633 -1.44549 0.341553 
2.97543 -0.0454466 0.709503 
1.01526 -1.11491 -0.0204835 
1.31327 -2.71611 1.43537 
1.42408 -2.5524 1.54875 
-0.599407 0.53683 0.144724 
-0.649804 0.546738 0.17929 
-0.424738 0.606205 -0.0400206 
-1.4873 0.769424 0.991527 
-2.26199 -2.67637 0.906965 
-0.70375 0.656002 0.0954606 
20.563 -19.5673 12.5316 
4.21881 -3.6214 3.60399 
-2.28562 -3.31857 2.51976 
-2.49588 -1.10319 0.683839 

0.112377 0.014728 0.145873 
-0.106184 -0.460409 0.574217 
0.0919613 0.123716 0.105027 
0.301594 -0.390685 0.34848 
0.160077 -0.125749 0.00127784 
-0.605486 -2.41318 2.86993 
-1.34843 0.537959 0.909851 
-0.0407956 0.124055 0.230071 
0.209036 -0.188088 0.0188487 
0.10997 0.0346083 0.13762 
0.198363 -0.212017 0.184814 
0.124176 -0.0150067 0.120428 
0.060965 -0.410588 0.516286 
0.295126 -0.304454 0.230856 
0.372528 -1.05331 -0.819955 
0.357434 -0.451404 0.315789 
0.128511 0.0171309 0.0890112 
0.244724 -0.382073 0.0423161 
0.246697 -0.348283 0.0623173 
0.106085 0.123768 0.0387735 
0.141037 0.00644868 -0.013225 
0.120313 0.0150627 0.153986 
-0.0417971 0.12483 0.232009 
0.0902063 0.118228 0.113466 
0.275267 -0.420284 0.066855 
0.0496824 -0.0902563 -0.0646822 
-0.210242 0.104961 0.28951 
0.105297 0.115794 0.0178858 
0.108028 0.0987065 -0.162205 
-0.699323 -1.76181 2.04079 
0.203335 -0.219223 0.193073 
0.088493 0.132753 0.160809 
0.184295 -1.11168 -0.571238 
0.247676 -0.386484 0.0592204 
0.648424 -0.648204 -0.240176 
0.103554 0.12228 0.0374711 
