0.924301 0.336332 -0.180411 0.0512025 -0.350316 0.935227 -0.0512734 -0.179777 0.151481 0.110593 0.982254 -0.0133371 0 0 0 1
0.999937 -0.0111805 0.00119832 0.00763581 0.0111804 0.999937 9.055e-05 0.0035021 -0.00119926 -7.71465e-05 0.999999 0.00105508 0 0 0 1
###
-0.00423053 0.316053 0.172523 
0.357491 -0.452983 0.605699 
0.301882 -0.179856 0.535765 
-0.0125329 0.32283 0.183613 
0.0993478 -0.0165745 0.101731 
-0.140205 0.216262 0.180161 
-0.243862 0.0786497 0.302738 
0.0907925 -0.59453 0.701745 
-0.0202088 -0.123292 0.21877 
-0.313976 -0.728057 0.778458 
-0.543881 0.0981211 0.414695 
-0.390044 0.132334 0.269526 
0.190357 -0.662249 0.71258 
-0.250268 0.0541795 0.313287 
1.4338 -1.78141 0.611844 
1.16931 -0.878655 0.50064 
-0.177769 -0.244041 0.399141 
0.130225 -0.543146 0.613066 
-0.248041 0.0535092 0.311363 
-0.0602951 0.317262 0.180208 
-0.158326 0.174926 0.231639 
3.84212 -3.02003 1.36385 
0.00347274 0.138829 0.230259 
0.131018 -0.144621 0.310484 
2.07346 -1.66548 0.370809 
0.113452 0.0737879 0.253141 
0.122963 -0.665957 0.594377 
-0.172941 0.218064 0.291368 
2.73009 -2.1281 0.952435 
-0.0631508 0.317851 0.17903 
-0.164568 0.0827004 0.258737 
-0.0474981 0.306688 0.167039 
-0.147766 0.244075 0.21369 
-0.109309 0.0864791 0.300476 
0.0330648 0.135439 0.265128 
-2.08883 -1.88353 1.26729 
-0.433139 -0.532238 0.698066 
-0.0174328 0.327956 0.185205 
0.0156336 -0.291414 0.421222 
0.0760916 -0.269665 0.391029 
-0.235915 0.135485 0.283403 
-0.250268 0.0541795 0.313287 
0.125174 -0.131807 0.302219 
-0.359382 0.207383 0.315953 
-0.00454409 0.292803 0.0538192 
0.354501 0.329068 0.113378 
-0.134616 0.266943 0.182543 
0.0411476 0.130943 0.261033 
-0.174192 0.0559184 0.30023 
0.181633 -0.752893 0.605212 
-4.65093 -4.8906 2.78142 
-0.115935 -0.228411 0.377275 
-0.0624424 -0.284796 0.427949 
0.173738 -0.287977 0.393162 
-0.239995 0.101164 0.296783 
0.106151 0.0383512 0.261316 
-0.0704601 -0.284789 0.428971 
0.0199945 0.324014 0.175289 
0.794509 -0.62583 0.537479 
0.334872 0.323226 0.11068 
1.17796 -1.46582 0.540658 

-0.901783 0.348804 0.591509 
-0.626684 -1.14287 1.51962 
-0.571141 -0.601206 1.10509 
-0.889603 0.379743 0.689869 
9.26974 -8.61329 5.35138 
-0.178808 -0.0378346 0.0515364 
-0.0706855 0.10291 0.290662 
-0.97367 -1.77694 1.21985 
1.17558 -1.38909 0.528148 
6.83157 -7.05846 10.1662 
-0.0974138 0.0379719 0.410856 
-0.0464988 0.0498055 0.378596 
8.7445 -6.30604 5.53004 
0.213407 -0.0398159 0.191983 
2.9275 -11.2984 13.2571 
0.117777 -0.516803 0.930495 
0.281692 -4.87557 9.0812 
-0.864364 -1.79221 1.56365 
-1.45306 -0.958966 0.282822 
-0.882121 0.376118 0.67806 
-0.201691 -0.0340484 0.0644504 
0.878385 -2.51709 4.62025 
-0.86371 -0.2688 1.09069 
-1.20653 -1.79754 0.71757 
4.21794 -3.31316 4.5234 
-0.694939 -0.377628 1.30069 
-0.583844 -3.91272 2.30058 
-0.930763 -0.14734 0.305591 
1.16103 -3.72753 6.66665 
0.0686251 0.219876 0.207797 
-0.836723 0.387199 0.714204 
-0.896393 0.35131 0.596046 
-0.671694 0.381823 0.462721 
-1.0005 -0.353792 0.732428 
-0.901636 -0.251767 0.955955 
-2.18248 -3.65199 1.27203 
-10.9001 -29.9968 32.9327 
-0.985764 0.414239 0.75341 
-0.95476 -1.78122 1.26749 
-0.0858418 -0.176492 0.166015 
0.212582 -0.0394565 0.189037 
0.213497 -0.0397101 0.191042 
-0.627615 -1.12934 1.52105 
0.139739 0.14715 0.161188 
1.86951 -0.0268519 0.39615 
0.105697 0.160342 0.204747 
-1.91934 0.206687 0.661378 
0.0272001 0.32404 0.0267537 
-1.01329 -0.670903 0.410483 
-1.6085 -3.473 2.41931 
-2.25693 -4.28039 1.16015 
-0.933578 -1.70733 1.141 
1.07161 -1.37279 0.370231 
-1.15332 -2.11596 1.42373 
0.168694 0.0315544 0.173092 
-0.0157314 0.293703 0.101632 
-0.550474 -1.45225 1.75118 
0.17909 -0.0422896 0.224279 
-3.65294 -14.1734 16.9808 
0.01992 -0.0141972 0.371121 
1.60149 -6.33777 7.45952 
