0.966101 0.178494 -0.186516 0.0747428 -0.207339 0.966912 -0.148633 -0.151422 0.153815 0.182267 0.971144 -0.023889 0 0 0 1
0.999897 -0.0143147 0.000968611 0.0109466 0.0143134 0.999897 0.00139748 0.00577709 -0.000988515 -0.00138347 0.999999 0.00134229 0 0 0 1
###
0.301882 -0.179856 0.535765 
-0.233718 -0.141295 0.271756 
-0.0125329 0.32283 0.183613 
-0.0450984 0.296244 0.16317 
-0.313976 -0.728057 0.778458 
-0.0793949 0.117887 0.273204 
-0.177769 -0.244041 0.399141 
-0.406368 0.28845 0.194176 
-0.374284 0.160879 0.262466 
3.84212 -3.02003 1.36385 
-0.12484 0.317084 0.184667 
0.131018 -0.144621 0.310484 
-0.167101 0.305763 0.18772 
-0.129819 0.110891 0.134588 
-0.0097771 -0.138642 0.263177 
0.126829 -0.723717 0.586524 
0.365971 -0.29332 0.327658 
-0.0184212 -0.202155 0.244416 
0.156038 -0.903351 0.573582 
-0.250268 0.0541795 0.313287 
-72.4387 -74.2447 57.408 
-2.53447 -2.61147 2.42597 
1.10257 -0.890751 0.686943 
0.405094 -0.391073 0.433686 
0.0203466 0.329521 0.178468 
-0.0702161 0.265979 0.0707647 
-0.241469 0.138521 0.290161 
-0.289883 0.323557 0.228892 
0.175476 -0.757082 0.602451 
-0.0107454 0.326837 0.186821 
-0.0479222 0.341437 0.195985 
-0.149508 0.188859 0.208042 
-0.0631508 0.317851 0.17903 
-0.394721 0.341022 0.26722 
-0.058819 0.128773 0.276799 
0.389463 0.318005 0.0700266 
0.113395 -0.131995 0.306894 
0.00791397 0.140126 0.25581 
0.463432 0.371556 0.130836 
-0.00366197 0.309243 0.0805238 
-0.153433 0.270342 0.239048 
-0.131478 0.246366 0.166199 
0.0786057 -0.893317 0.415262 
1.32868 -1.65131 0.588506 
0.122792 -0.129486 0.297956 
0.373952 0.313161 0.0669164 
-0.00679009 0.302964 0.0766756 
-0.163423 0.19991 0.252856 
-0.626612 0.323992 0.334579 
0.00973095 0.0537518 0.152302 
-0.176515 -0.110421 0.357572 
-0.00292672 0.319691 0.172241 
0.120712 0.0776253 0.25659 
-0.161368 0.259661 0.259904 
-0.248041 0.0535092 0.311363 
2.73009 -2.1281 0.952435 
0.119076 -0.0203319 0.295724 
0.691279 -0.443173 0.018761 
-0.141413 0.252411 0.196966 
-0.148513 0.0117045 0.325731 
-0.251583 0.0530866 0.32133 
0.182523 -0.299726 0.406247 
0.334872 0.323226 0.11068 
0.0751659 0.0360581 0.226588 

-0.573683 -0.604131 1.11015 
-2.15422 -4.02045 1.06477 
-0.893175 0.380408 0.693769 
-0.906554 0.35063 0.595191 
6.83136 -7.05658 10.1691 
-1.0337 -0.404258 0.706946 
-10.8997 -30.0012 32.9305 
-0.996875 -5.83566 3.68953 
1.20297 -1.42003 0.539663 
0.878351 -2.51754 4.62134 
-0.882576 0.231439 0.310011 
-0.629467 -1.14818 1.52619 
0.136881 0.093641 0.195736 
-1.0307 -0.686005 0.416636 
-0.943789 -1.99715 1.69908 
-0.713507 -4.14265 2.64723 
1.07519 -1.37677 0.371676 
-0.925766 -3.44774 2.0772 
-0.433147 -2.89811 1.6961 
0.214463 -0.0399225 0.192902 
0.411698 -5.66276 10.4053 
-0.225344 -3.54351 6.04283 
-1.15255 -2.11517 1.42274 
-0.0744173 -0.147536 0.132744 
-0.841201 0.389107 0.717971 
-0.675256 0.383758 0.465126 
0.213573 -0.0395598 0.189898 
-0.996122 0.315282 0.495945 
-0.96842 -4.00461 2.70279 
-0.886305 0.377683 0.68118 
-0.900876 0.352865 0.598934 
-0.968575 -0.0943639 0.31777 
-0.897476 0.383339 0.696775 
-1.27908 -0.798786 0.225781 
-1.00501 -0.355607 0.735686 
-0.218224 0.285878 0.400735 
-0.647573 -1.1553 1.49589 
-0.922618 -0.259372 0.97362 
0.011507 0.251539 0.289755 
-0.555869 0.416316 0.608156 
-0.132316 0.353853 0.110513 
-1.91922 0.206344 0.661199 
0.209155 -2.45388 1.23455 
1.59759 -6.32953 7.44497 
-0.632612 -1.13911 1.53399 
-0.142715 0.285214 0.326523 
-0.548129 0.410779 0.59943 
-0.202313 -0.0341656 0.0646553 
1.97151 0.634028 0.110293 
3.8999 -3.01507 4.16464 
0.0256221 -0.0415777 0.380769 
1.16944 -1.3681 0.518205 
-0.124729 0.0940117 0.339963 
-0.179767 -0.0379962 0.0518735 
-1.25744 -0.786203 0.216 
1.87218 -5.47872 9.94604 
4.22149 -3.29208 4.53537 
0.814381 -0.963388 0.0077627 
-0.380761 0.334094 0.196412 
-0.572607 -0.748203 1.18927 
-1.45901 -0.963069 0.283702 
0.170234 -6.58573 11.5405 
0.0265926 -0.109947 0.41115 
0.179737 -0.0424137 0.225094 
