0.992945 0.117204 0.018004 0.0408127 -0.116749 0.992859 -0.0245124 -0.189037 -0.0207484 0.0222375 0.999537 0.0308001 0 0 0 1
1 0 0 0 0 1 0 0 0 0 1 0 0 0 0 1
###
0.306953 -0.793013 0.259937 
0.173237 0.148991 0.14428 
-0.96475 -3.98814 2.69168 
-0.163638 0.167582 0.00477994 
-0.622104 -1.13446 1.50821 
-0.85323 -0.234658 0.90175 
7.76024 -7.20947 4.46869 
0.959935 -1.43734 0.764818 
-0.854492 -1.7714 1.54497 
-0.163934 0.167897 0.00482781 
-0.713383 -4.07406 2.60454 
-1.25641 -0.79464 0.227575 
-1.56667 -1.22638 0.675229 
1.15088 -1.34686 0.510396 
0.0187132 0.342273 0.022758 
-0.0533315 0.307614 0.102878 
0.299968 -5.07521 9.39515 
-0.894924 -0.137665 0.292814 
-0.672932 -2.7239 1.55591 
-1.27094 -0.768851 0.158198 
-1.18161 -1.76226 0.703538 
0.999123 -1.32705 0.803873 
-0.117234 0.345451 0.0961233 
0.141689 0.263334 0.110078 
0.0470833 0.309031 0.0339967 
0.353397 -3.933 2.00023 
-1.43511 -0.946543 0.277606 
-2.2369 -3.75191 1.31282 
0.0465393 0.32502 0.0641731 
-0.853201 -1.87403 0.000566214 
-2.27323 -4.31176 1.16978 
-0.117757 0.347646 0.097764 
-0.0882972 0.287775 0.139909 
-0.882978 -1.70345 0.00156652 
0.982866 -0.952524 0.423483 
-0.125814 0.0938903 0.337561 
-0.963212 0.0813947 0.328187 
-1.03716 0.275334 0.378122 

1.68731 -1.40856 0.598442 
-0.873785 0.442319 0.454274 
0.175476 -0.757082 0.602451 
-0.0820605 0.107791 0.278103 
0.123827 -0.18984 0.304796 
0.0330648 0.135439 0.265128 
-0.192139 -0.610576 0.773202 
0.981026 -0.794406 0.191392 
0.457523 -1.03974 1.37015 
-0.142498 0.0332672 0.325953 
0.0292875 -0.432503 0.387695 
-0.250268 0.0541795 0.313287 
-0.180456 0.00400787 0.332431 
-0.021303 0.48617 0.272286 
0.105934 -0.531662 0.509249 
0.107865 -0.755441 0.502411 
-1.91661 -1.88839 1.23917 
-0.157612 0.211466 0.236727 
1.83867 -2.38668 0.817825 
-0.276365 0.0595129 0.324984 
-0.204567 -0.314987 0.506523 
2.40715 -2.16246 0.427255 
0.253016 0.331429 0.159553 
-0.626612 0.323992 0.334579 
-0.908241 -0.844618 0.177361 
0.137843 -0.754007 0.322891 
-0.248041 0.0535092 0.311363 
-0.156739 -0.290147 0.441124 
-0.458829 0.329614 0.221385 
-2.56489 -3.22886 0.193873 
-0.343799 -0.831724 0.882485 
0.284516 0.360453 0.172346 
-0.368884 0.345171 0.2642 
-0.0459784 -0.0519467 0.0266397 
1.32204 -1.19268 0.486503 
-0.522156 0.206855 0.380433 
0.0194375 0.0909407 0.187482 
0.180125 0.35122 0.187016 
