0.883508 0.42758 -0.19128 0.0333211 -0.435023 0.900413 0.00341097 -0.202034 0.173689 0.0801975 0.98153 -0.00555302 0 0 0 1
0.999938 -0.0110168 0.00140212 0.00748685 0.0110166 0.999939 0.00015718 0.00345405 -0.00140377 -0.000141724 0.999999 0.001047 0 0 0 1
###
12.9605 -10.0301 5.48774 
-0.0125329 0.32283 0.183613 
-0.243862 0.0786497 0.302738 
0.130225 -0.543146 0.613066 
-0.06495 0.296756 0.0911938 
-0.0663311 0.292513 0.0833035 
-0.402298 0.0997911 0.29763 
-4.14522 -4.00281 2.92377 
1.80301 -1.44419 0.317245 
-0.206348 0.320987 0.205624 
0.0615908 0.119815 0.255102 
-0.313976 -0.728057 0.778458 
-0.250268 0.0541795 0.313287 
0.136589 -0.6215 0.587146 
0.086586 -0.667771 0.56526 
-0.0602951 0.317262 0.180208 
-0.012823 0.0382558 0.0532448 
-0.151678 0.225893 0.221925 
-0.553702 -0.851421 1.01282 
-0.00935126 0.300226 0.0734159 
0.42958 0.333324 0.0598777 
0.175476 -0.757082 0.602451 
0.105934 -0.531662 0.509249 
-0.260207 -0.575924 0.725645 
-0.156499 0.325508 0.201894 
3.84212 -3.02003 1.36385 
-0.703554 0.339096 0.374088 
-0.147766 0.244075 0.21369 
-0.0174328 0.327956 0.185205 
-0.164568 0.0827004 0.258737 
-0.652929 -0.70063 0.818449 
0.119802 0.0755116 0.259255 
-0.0177008 -0.240538 0.373382 
-0.00679014 0.302964 0.0766756 
-0.0641294 0.305366 0.0989894 
2.73009 -2.1281 0.952435 
-0.134616 0.266943 0.182543 
0.401621 0.311134 -0.00190432 
0.253016 0.331429 0.159553 
-0.0645849 0.304048 0.0984322 
-0.140534 0.0310658 0.317513 
-0.107852 0.0969509 0.260932 
-4.85891 -4.85095 3.70759 
0.334872 0.323226 0.11068 
-0.175623 0.167488 0.309294 
0.0108316 0.141248 0.264045 
0.139339 -0.249933 0.361977 
-0.213633 0.326176 0.242222 
0.0199945 0.324014 0.175289 

9.25952 -8.60812 5.34919 
-0.876065 0.373423 0.673262 
-0.12376 0.095046 0.34239 
-0.585027 -1.64145 2.01232 
-0.666754 0.378913 0.459231 
-0.130694 0.34947 0.109091 
-0.0966765 0.0376741 0.407774 
-2.2369 -3.75191 1.31282 
2.93342 -4.98141 8.07498 
-0.984591 0.311709 0.490207 
-0.772056 -0.269293 1.06973 
6.83214 -7.05367 10.1559 
0.211662 -0.039458 0.190416 
1.1659 -1.37738 0.524178 
-0.689006 -3.99666 2.55418 
-0.883298 0.376045 0.685322 
2.92204 -11.2919 13.2494 
-0.200994 -0.03395 0.0642362 
-0.548346 -1.44741 1.74514 
-0.125814 0.0938903 0.337561 
-0.117757 0.347646 0.097764 
-0.96475 -3.98814 2.69168 
0.138136 0.0909782 0.145093 
-10.9009 -29.9955 32.9287 
1.15088 -1.34686 0.510396 
1.16521 -3.75116 6.71076 
-0.0580881 0.035788 0.38973 
-1.10376 -0.129782 0.36524 
-0.98059 0.411956 0.749334 
0.0252685 -0.0410564 0.375872 
-0.622104 -1.13446 1.50821 
-0.711947 -0.397179 1.30465 
-1.15154 -2.11337 1.42187 
1.85191 -0.0263406 0.392175 
0.0192342 -0.0164672 0.373269 
1.86764 -5.46612 9.92342 
-1.91446 0.205997 0.659562 
-0.426402 0.279446 0.037996 
-0.89551 0.346242 0.587255 
0.0199355 -0.016635 0.371534 
-0.566701 -0.740417 1.17702 
-0.993939 -0.351596 0.727624 
-0.928709 -1.69884 1.13527 
-0.545049 0.408148 0.596705 
-0.177286 -0.0375401 0.0511021 
-0.902711 -0.255311 0.958328 
-0.853007 -1.76758 1.3689 
-0.701811 -0.391923 1.29185 
-0.0554616 0.0317994 0.355101 
