0.172802 0.388204 -0.905228 0.00927493 0.010569 0.91827 0.395814 -0.0902142 0.9849 -0.0779649 0.154576 -0.018954 0 0 0 1
0.999455 -0.0128265 -0.030431 0.037983 0.0131198 0.999869 0.00945977 -0.00352454 0.0303056 -0.00985386 0.999492 0.00333941 0 0 0 1
###
0.0995815 0.119504 0.0491908 
0.0900043 0.122186 0.0834236 
0.152965 -0.189241 -0.157441 
0.242419 -0.32797 0.261565 
0.145399 -0.151522 0.162075 
0.0975097 0.12236 0.0786695 
0.0948485 0.0672028 0.194372 
0.339338 -0.531535 0.528641 
0.0985336 0.126982 0.0891567 
0.106381 0.122358 0.0485665 
0.495241 -1.29997 -0.640186 
0.255518 -0.365107 0.281987 
0.255166 -0.40256 0.0775185 
0.0646756 0.112614 0.00546526 
0.497115 -0.758438 0.536792 
0.106582 0.120972 0.0291582 
0.207805 -0.315699 0.0466518 
0.0572933 0.112372 -0.000500321 
0.522899 -0.977416 0.950221 
0.11401 -0.103269 0.172384 
0.381551 -0.87612 1.03536 
0.101465 0.115703 0.0167002 
0.50993 -0.879438 -0.698916 
0.630668 -1.65969 -0.822639 
0.125325 0.0810592 0.0985684 
0.166946 -0.177548 0.17345 
0.108253 0.0142624 0.140279 
0.0953138 0.124256 0.0784803 
0.15294 -0.18404 0.258334 
0.288542 -0.450972 0.112235 
0.106796 0.117956 0.0147183 
0.134963 -0.076163 0.00351226 
0.125194 0.0358659 0.0596804 
0.108253 0.0142624 0.140279 
0.0962008 0.0905191 0.0799062 
0.138135 0.00976826 0.122578 
0.4689 -1.18574 -1.00879 
0.244532 -0.397691 0.0749483 
0.0903858 0.11999 0.063674 
0.065152 0.113298 0.00488592 
0.0643634 0.115628 0.0293533 
0.146744 -0.162725 0.196624 
0.294482 -0.447336 0.406117 
0.0788692 -0.113998 -0.045227 
0.46109 -1.16436 -0.568477 
0.530204 -1.17422 1.50182 
0.139562 0.106097 -0.118153 
0.166574 -0.148964 -0.0885689 
0.330462 -0.41015 -0.31047 
0.130288 0.0376316 0.0283235 
0.432907 -1.08871 -0.94141 
0.140123 -0.079546 -0.000747025 
0.261207 -0.248848 0.132036 
0.118477 -0.018819 0.00609968 
0.0935171 0.0688065 0.224096 
0.141673 0.176002 0.00407038 
0.342245 -0.424051 -0.320613 
0.259019 -0.272883 -0.129706 
0.133309 -0.0256104 -0.00109095 
0.108365 0.118997 0.0139662 
0.162263 -0.420146 0.0429156 
0.160423 -0.19592 0.268662 
0.121796 0.0146571 0.0861511 
0.120753 0.0204783 0.0814579 
0.141241 -0.0144318 -0.00429165 
0.11832 0.104118 -0.165801 
0.239004 -0.373049 0.0412274 
0.108433 0.0134989 0.138232 
0.125368 0.105223 -0.167315 
0.133267 0.106601 -0.135897 
0.160442 -0.0355049 -0.0132489 

-2.29266 0.591935 0.800357 
-2.08702 0.70838 1.13003 
-2.40649 -3.42296 2.34598 
-2.19299 -3.56486 3.39948 
-1.56571 -3.17694 4.2783 
-0.145179 0.376221 0.165896 
-0.148204 0.00570995 0.255318 
-0.665509 -1.26195 1.71089 
3.71721 1.41179 0.694199 
-2.27662 0.588551 0.785897 
2.64516 -12.3966 14.8956 
-0.960469 -4.39641 7.64003 
6.3828 -24.9783 9.83881 
2.91481 -0.044366 0.694043 
-0.953417 -1.9131 2.58923 
-2.29068 0.509599 0.534457 
-2.28686 -7.05591 4.79034 
0.232494 0.129978 0.565349 
-0.192667 -9.62623 18.2882 
-0.644712 -3.13678 5.61313 
3.62689 -7.00515 1.63134 
-2.15933 0.661048 0.992813 
1.92774 -7.38678 13.8325 
2.96001 -13.7702 15.9027 
-2.40478 -0.223325 0.540794 
-1.84399 -2.6514 1.82533 
0.320408 0.816329 0.230809 
0.269693 0.786979 0.150787 
-2.24003 -3.27107 2.36405 
0.487807 -0.847215 0.0595852 
-2.02426 0.736689 1.20768 
-1.72931 -2.15202 2.81739 
-2.33803 -0.621523 1.27372 
0.324168 0.82478 0.234325 
-0.520173 -0.0251993 0.70688 
-2.05364 0.753363 1.235 
3.89198 -3.35468 4.83937 
-1.74486 -7.16742 4.44689 
-2.2783 0.510044 0.531384 
2.88342 -0.0496428 0.683356 
-0.0424549 0.0193503 0.480648 
-2.42768 -3.47903 2.35047 
-0.496392 -3.58635 6.30471 
3.03323 -14.106 16.2822 
2.85147 -13.8858 16.7483 
-2.4043 -3.42997 2.34087 
3.20482 1.39062 0.876999 
-0.536033 -4.16378 7.53555 
7.20098 -7.90942 11.7737 
-2.16616 -0.504601 2.04521 
2.47946 -9.26632 17.3835 
-1.46597 -1.38146 2.11482 
-0.723959 -1.39237 1.87115 
-1.70882 -1.29155 2.34608 
0.150303 0.105061 0.556286 
0.100913 0.421895 0.432788 
-1.36657 -2.66093 3.48204 
-0.513272 -0.811325 0.777983 
-0.142342 0.276824 0.192716 
-0.143999 0.375674 0.164805 
1.04405 -6.99339 2.72743 
-2.17338 -3.39139 3.00164 
-1.68692 0.701706 0.727274 
-2.28843 -0.207021 0.507582 
-0.464097 -0.0448779 0.617731 
-2.75978 -1.35892 0.209548 
-4.52769 -7.51441 2.02424 
0.478206 0.845992 0.207557 
3.55816 1.30968 0.450225 
-0.65442 0.211048 0.541838 
-0.0092575 0.346621 0.36137 
