0.995497 0.0929178 0.0187555 0.545293 -0.0921215 0.99496 -0.0396036 -0.407193 -0.0223409 0.0376975 0.999039 0.0913046 0 0 0 1
1 0 0 0 0 1 0 0 0 0 1 0 0 0 0 1
###
-0.891291 -1.057 1.75749 
-4.56337 -7.52924 2.00135 
-0.845557 0.580778 -0.0701885 
-2.07182 -6.2156 3.5895 
-1.72931 -2.15202 2.81739 
-2.43496 -0.195586 0.549515 
-2.28686 -7.05591 4.79034 
-0.552214 0.634495 -0.00926921 
-2.40478 -0.223325 0.540794 
-0.856179 0.652578 0.215559 
-0.763977 0.465783 0.667194 
-2.08702 0.70838 1.13003 
-0.507495 -3.5483 6.71477 
-1.88461 -1.982 0.648178 
-2.74048 -1.41135 0.331685 
-0.209269 0.184355 0.246965 
-0.179382 0.279813 0.195975 
1.67174 -2.52125 0.963786 
-2.40318 -0.704297 1.24053 
-0.477861 0.518874 0.358037 
1.59477 -2.40514 0.92735 
-0.688917 0.647368 0.0975852 
-0.222238 0.533987 0.116218 
1.24092 -2.60281 1.38316 

-0.0872277 -0.167411 0.171742 
0.267487 -0.303858 0.218761 
0.102681 0.118558 0.0476268 
0.233414 -0.418894 0.0817832 
0.150107 -0.117732 0.00170972 
0.190026 -0.0732583 0.000333031 
0.213044 -0.275813 0.050926 
-0.040837 0.125807 0.232315 
0.12303 0.00986246 0.0906566 
0.102652 0.119762 0.0371904 
0.12317 0.0263236 0.0743781 
0.312535 -0.327962 0.241213 
0.211964 -0.204461 0.0764945 
0.284292 -0.29332 0.222576 
0.108253 0.0142624 0.140279 
-0.218175 -0.0156264 0.304892 
0.0641638 0.0622836 0.01859 
0.0909643 0.0690768 0.216256 
0.125674 0.0275641 0.0750865 
0.187734 -0.369905 0.0607622 
0.106796 0.117956 0.0147183 
0.106598 0.0701416 0.219938 
0.123719 -0.0521503 0.119485 
0.250206 -0.381451 0.0612321 
