0.995384 0.0959249 0.00308358 0.0391887 -0.0958324 0.995145 -0.0224176 -0.192892 -0.00521901 0.0220186 0.999744 0.0136015 0 0 0 1
0.998003 -0.0606803 -0.0175463 0.0264011 0.0600338 0.997573 -0.0352822 -0.00515253 0.0196447 0.0341583 0.999223 -0.018436 0 0 0 1
###
-0.0703261 0.124323 0.0619744 
1.74709 -1.14642 0.281432 
-0.969792 0.306379 0.482677 
0.170034 0.146674 0.141383 
0.924187 -1.37828 0.729025 
-1.16301 -5.01273 2.80863 
-0.616946 -1.12629 1.49705 
-0.804412 -0.273896 1.08507 
0.0196019 -0.0718893 0.424323 
-1.10057 0.239198 0.295808 
-1.03714 -2.00838 1.43776 
-0.843939 -1.75425 1.55444 
-1.14921 -0.0563367 0.383954 
-0.776069 -3.20915 1.8182 
-0.688203 -0.383912 1.26518 
-0.95796 0.0503064 0.321812 
-1.04601 -4.46868 2.49998 
-0.581424 -3.39368 2.10808 
-1.22783 -0.776442 0.221507 
-0.323701 -0.0930194 0.107776 
1.81792 -0.026294 0.383076 
-0.277843 0.294375 0.0258617 
-0.0303279 0.250469 0.180916 
-0.0880506 0.284965 0.140779 
-0.202343 0.342053 0.158291 
-1.94505 -3.2452 1.19598 
-0.115143 0.340772 0.0952102 
-0.845282 0.0685493 0.278334 
-0.413464 -0.762067 0.00211466 
0.0735725 0.297361 0.0215816 
1.25193 -1.4609 0.556395 
-0.584013 -1.05878 0.0108771 
-1.06723 -2.02292 1.44438 

0.0946369 -0.127981 0.176105 
0.221113 -0.178974 0.0638743 
0.217889 0.339828 0.177695 
-0.873785 0.442319 0.454274 
-4.65093 -4.8906 2.78142 
-0.0447086 0.140263 0.283116 
-0.202659 -0.309665 0.499216 
0.0752539 0.11653 0.26547 
0.413969 0.320176 0.0579645 
-0.0474482 0.331515 0.184838 
-0.244234 -0.749743 0.873411 
0.206377 -0.51926 0.666033 
-0.102729 0.094438 0.298493 
1.83867 -2.38668 0.817825 
0.114978 0.0717283 0.260168 
-0.122629 0.0616624 0.301567 
0.117227 -0.983736 0.722478 
0.133955 -0.716029 0.484387 
-0.250268 0.0541795 0.313287 
-0.179848 -0.0317695 0.337651 
-0.00946543 0.295112 0.0734103 
-0.0650233 0.300261 0.0921451 
0.0142546 0.327313 0.176232 
-0.0125329 0.32283 0.183613 
-0.0728349 0.335598 0.190613 
-0.210959 -0.663271 0.910223 
0.484191 0.378222 0.0805039 
-0.0612595 0.129593 0.291173 
-0.577011 -0.685545 0.0462313 
0.409583 0.324196 0.113959 
-0.0596978 0.353508 0.19881 
-0.501075 -0.603464 0.0427044 
0.0962608 -0.640651 0.878312 
