0.858906 0.47318 -0.195911 0.0235265 -0.47903 0.877583 0.0194659 -0.220961 0.181139 0.0771277 0.980429 -0.00496403 0 0 0 1
0.999937 -0.0111642 0.00127586 0.00742953 0.0111637 0.999938 0.000343567 0.00332638 -0.00127962 -0.000329302 0.999999 0.00105813 0 0 0 1
###
0.130225 -0.543146 0.613066 
-0.152941 0.203092 0.208245 
-0.402298 0.0997911 0.29763 
0.169724 -0.0656274 0.116137 
-0.543881 0.0981211 0.414695 
-0.0308114 -0.168895 0.234565 
-0.25096 0.130658 0.313207 
-0.170517 0.147254 0.287219 
-0.0916477 0.318151 0.18056 
0.0235441 0.384533 0.248357 
0.156165 -0.768763 0.655644 
0.147781 -0.83983 0.74718 
-0.0499914 0.312476 0.171877 
0.138265 -0.175851 0.321278 
0.288532 -0.361344 0.513988 
-0.179262 0.124007 0.329847 
-0.0519485 0.0337208 0.136765 
-0.020363 0.319102 0.176425 
3.84212 -3.02003 1.36385 
1.4338 -1.78141 0.611844 
-0.144381 0.251055 0.205567 
-0.143333 0.275092 0.221931 
-0.252989 -0.445403 0.557076 
0.0487301 -0.314274 0.425455 
-0.250268 0.0541795 0.313287 
2.07346 -1.66548 0.370809 
0.401153 -0.275692 0.295162 
-0.0714721 0.322433 0.177373 
-0.00679015 0.302964 0.0766756 
-0.415666 0.318887 0.252877 
-0.058819 0.128773 0.276799 
0.0831223 -0.316716 0.437923 
0.014755 0.32552 0.17531 
-0.0174328 0.327956 0.185205 
-0.250268 0.0541795 0.313287 
0.253016 0.331429 0.159553 
3.84212 -3.02003 1.36385 
1.32868 -1.65131 0.588506 
-0.135948 0.275473 0.192854 
0.0689754 0.123365 0.278376 
-0.161524 0.154381 0.241337 
-0.166625 0.171076 0.265871 
0.698088 -0.496604 0.40897 
-0.0177008 -0.240538 0.373382 
0.0804427 -0.295216 0.419368 
-0.0150688 0.285672 0.00501814 
-0.609768 -0.97399 1.08256 
-0.00722697 -0.243987 0.374286 
2.40715 -2.16246 0.427255 
-0.330188 0.183604 0.290744 
0.00904077 0.327099 0.17852 
-0.305063 -0.714683 0.79383 
0.614845 -0.495046 0.459884 
-0.00966342 0.299816 0.0773039 
-0.519565 0.288706 0.26602 
0.000145119 0.326805 0.177013 

-0.0732717 -0.145252 0.130707 
-1.11081 -0.133293 0.367533 
-0.095243 0.0371186 0.401716 
4.61574 -3.30773 4.1366 
-0.597604 -3.88888 2.29886 
0.139623 0.0795216 0.198453 
-0.043184 0.0387646 0.401449 
-1.26797 -0.894056 0.524345 
-0.969422 0.306958 0.482635 
-0.869932 0.370357 0.674978 
1.15453 -1.36356 0.518745 
0.109632 -0.061992 0.392531 
-0.881004 0.340552 0.577227 
-0.568512 -1.02517 1.34977 
-0.616672 -1.1253 1.49554 
0.0287855 -0.0424364 0.420577 
-0.541032 -1.42796 1.72091 
-0.862945 0.367902 0.663271 
1.80722 -5.29626 9.61114 
2.86008 -11.0764 12.9909 
-0.656598 0.373219 0.452328 
-1.2377 -0.78246 0.223616 
6.93276 -7.15648 10.3066 
-0.928623 -1.96493 1.67165 
0.208267 -0.0388163 0.187344 
0.131848 0.279609 0.100516 
-3.66382 -13.9838 16.7469 
1.38021 -1.2898 0.799601 
-0.535947 0.40135 0.5869 
8.98642 -8.35792 5.19103 
-0.979914 -0.346587 0.717336 
1.04166 -1.33455 0.359766 
-0.819332 0.379083 0.699345 
-0.954395 0.400936 0.729354 
-1.40895 -0.928326 0.270978 
-0.892325 0.341836 0.584838 
0.874879 -2.50932 4.60368 
1.74112 -6.89003 8.10386 
-1.86894 0.201088 0.643848 
-0.889836 -0.250904 0.94077 
-0.174391 -0.036884 0.0502029 
-1.07331 -0.171347 0.356579 
0.183293 -5.95039 10.4077 
-1.13123 -2.07573 1.39601 
0.386882 -5.5741 10.2326 
0.0224676 0.275156 0.230446 
-10.8824 -29.9408 32.8553 
-0.93402 -1.74407 1.24188 
4.2064 -15.779 18.354 
0.0656792 0.208894 0.202014 
-0.0113754 0.08339 0.424051 
6.6858 -6.82869 9.78708 
-0.839869 -1.74065 1.51743 
-0.205184 0.344748 0.160703 
1.91716 0.616154 0.107537 
0.13305 0.0910323 0.190271 
