0.861304 0.473237 -0.18494 0.0246787 -0.472056 0.879959 0.0532369 -0.236128 0.187933 0.041449 0.981307 0.00155855 0 0 0 1
0.999894 -0.0145244 0.000928731 0.0107177 0.014523 0.999893 0.00155061 0.00558249 -0.000951153 -0.00153695 0.999998 0.00136845 0 0 0 1
###
-0.0566274 0.301723 0.152995 
0.140734 0.0576293 0.284075 
0.0558596 0.038887 0.0784196 
-0.250363 -0.117693 0.29255 
-0.35796 0.24404 0.119251 
1.67182 -1.3598 0.315361 
-0.204337 0.0541896 0.135997 
-0.454361 0.132376 0.327932 
-0.020363 0.319102 0.176425 
-0.313976 -0.728057 0.778458 
0.147781 -0.83983 0.74718 
-0.0602952 0.317262 0.180208 
-0.147766 0.244075 0.21369 
-1.22992 -1.64087 1.71049 
-0.240641 0.128379 0.29057 
0.0188657 0.0699553 0.0646504 
1.4338 -1.78141 0.611844 
-0.156121 0.173912 0.206 
-0.216586 -0.36855 0.511784 
-0.198871 0.063001 0.127751 
-0.0367004 0.325759 0.193027 
0.156038 -0.903351 0.573582 
-0.0569371 0.300697 0.0759934 
-0.250268 0.0541795 0.313287 
0.585121 -0.389583 0.312687 
0.153057 -0.27265 0.378652 
0.138265 -0.175851 0.321278 
-0.0613122 0.301638 0.0839536 
-0.135948 0.275473 0.192854 
-0.124351 0.315459 0.179043 
-0.073098 0.319272 0.1728 
0.00610775 0.33276 0.184537 
-0.390969 -0.466121 0.603358 
-0.248041 0.0535092 0.311363 
-0.0207693 0.152093 0.210198 
-0.0070409 0.30214 0.0766199 
-0.652526 -0.873563 0.954866 
-0.164604 0.162462 0.261014 
-0.0174328 0.327956 0.185205 
-1.31584 -1.66437 0.365512 
-0.159924 0.181837 0.24006 
0.0336358 0.342554 0.19457 
-1.01941 -1.21311 1.26429 
-0.371093 -0.275495 0.422961 
0.92298 -0.651832 0.454832 
0.101532 -0.232864 0.352863 
-0.175121 0.0696277 0.312654 
0.254557 -0.28895 0.365055 
-0.134616 0.266943 0.182543 
0.416628 0.331851 0.0750335 
-0.138145 0.0348935 0.312085 
0.559479 -0.454384 0.43209 
-0.231737 0.140339 0.277547 
0.65108 -0.538916 0.494268 

-0.879053 0.339635 0.576021 
-0.691828 -0.386464 1.2733 
4.61574 -3.30773 4.1366 
-0.541032 -1.42796 1.72091 
-0.858908 0.225364 0.30164 
2.60745 -4.42865 7.182 
-10.8824 -29.9408 32.8553 
0.138785 0.0169857 0.196653 
-0.862945 0.367902 0.663271 
6.93276 -7.15648 10.3066 
4.10782 -3.22781 4.40622 
-0.869932 0.370357 0.674978 
0.119027 0.154132 0.255952 
-0.577656 -1.62085 1.98635 
0.210709 -0.0389688 0.188107 
3.74635 -2.89738 4.00091 
2.86008 -11.0764 12.9909 
-0.505923 0.380108 0.555987 
-1.78672 -3.32167 2.20439 
0.895863 -5.10103 9.55981 
-1.10342 0.238959 0.297551 
-0.425444 -2.84546 1.66477 
0.189572 0.0651275 0.157067 
-1.2377 -0.78246 0.223616 
0.115175 -0.505714 0.910266 
-0.954918 -1.74293 1.19604 
-0.616672 -1.1253 1.49554 
-0.656598 0.373219 0.452328 
-1.86894 0.201088 0.643848 
-0.963167 0.264358 0.336329 
-0.87068 0.306605 0.474822 
-0.819332 0.379083 0.699345 
-0.0732717 -0.145252 0.130707 
-1.22146 -0.763507 0.21003 
-0.889836 -0.250904 0.94077 
1.81779 -0.0259163 0.383902 
-2.06667 -3.8538 1.01857 
-1.07331 -0.171347 0.356579 
0.208267 -0.0388163 0.187344 
-0.399073 -0.731501 0.000490655 
-0.174391 -0.036884 0.0502029 
0.1093 0.169426 0.178272 
-0.204949 -3.467 5.92944 
2.70096 -2.1554 2.97801 
-0.0283485 -0.415545 0.7327 
0.386882 -5.5741 10.2326 
0.0248679 -0.0404327 0.370063 
-1.13123 -2.07573 1.39601 
-0.128612 0.344021 0.107409 
-0.881004 0.340552 0.577227 
-0.568155 -0.742408 1.17999 
-0.839869 -1.74065 1.51743 
0.209531 -0.0386808 0.185884 
-0.677365 -1.38328 1.24242 
