0.994828 0.101255 0.00805258 0.530246 -0.101078 0.994677 -0.0200115 -0.411299 -0.010036 0.0190941 0.999767 0.0806951 0 0 0 1
0.275574 -0.240657 -0.930668 0.0182571 0.204049 0.960737 -0.188013 -0.00177254 0.939374 -0.13809 0.31386 -0.0260303 0 0 0 1
###
-0.550962 0.613555 -0.0164948 
-2.01026 -1.87038 3.05041 
-0.949638 -8.04358 14.2115 
-5.90095 -15.5941 17.7403 
2.73441 -12.7883 15.373 
-1.6939 -2.09165 2.73431 
-0.633522 -4.48218 8.37215 
-2.75569 -1.40732 0.318707 
1.60614 -2.47277 0.942759 
1.30099 -2.4804 0.414395 
-2.22018 -3.24147 2.34679 
-2.72194 -4.72941 4.01024 
-2.3243 -0.617888 1.26465 
-2.99803 -0.161178 0.733624 
-0.2099 0.184033 0.243654 
2.95985 -13.7798 15.9133 
-1.64333 -0.23613 0.732566 
-2.44736 -8.00088 4.52388 
4.27606 -5.1464 2.29123 
1.38379 -2.48258 1.50451 
-0.683229 0.63834 0.0927075 
-1.60847 -1.91558 2.58969 
0.0775445 -6.98526 3.61224 
0.661392 -0.79147 -0.0479429 
-1.43214 0.74716 0.944673 
-0.775615 0.557774 0.275983 
-3.14503 -5.25526 0.00923521 
-0.68596 0.646171 0.0978105 
-0.707169 0.183146 0.53888 
-2.47591 -7.34706 4.8098 
-2.21951 -3.21431 2.43865 

0.134164 0.104539 -0.160569 
0.134963 -0.076163 0.00351226 
0.110891 -0.0948296 -0.0167189 
0.0689572 -0.0543263 -0.0100657 
0.401171 -0.927019 1.0919 
0.311578 -2.0662 2.70809 
0.101365 -0.590206 0.776789 
0.14543 0.108193 -0.127558 
0.102192 0.112334 0.0174135 
0.145294 0.10844 -0.127179 
0.46959 -0.456771 0.159305 
0.158574 -0.146296 0.0562188 
0.121954 0.0117653 0.0883415 
0.123109 0.0195602 0.0820572 
0.0992216 0.118429 0.0404703 
0.244878 -0.245427 0.0291315 
0.124777 0.0334236 0.0642791 
0.532883 -1.42751 -0.670215 
0.189226 -0.360436 -0.226881 
0.0489756 -0.0891357 -0.0642135 
0.0350635 -0.0409333 -0.026977 
0.155546 -0.114561 -0.00175453 
0.0834193 -0.407998 0.0089726 
0.131906 -0.435403 0.0138093 
0.142053 0.107657 -0.156432 
0.100373 0.115863 0.0328156 
0.0345453 -1.06279 -0.437893 
0.0668445 0.122167 0.0280524 
0.105057 0.0336223 0.269255 
0.244423 -0.381511 0.0583582 
0.246405 -0.257213 0.205744 
