0.20537 0.199183 -0.958201 0.0285348 0.259347 0.932992 0.249529 -0.0941903 0.943696 -0.299753 0.139951 -0.000799278 0 0 0 1
0.999454 -0.0128915 -0.0304082 0.0378216 0.0131807 0.99987 0.00932731 -0.00345489 0.030284 -0.00972302 0.999494 0.00327446 0 0 0 1
###
0.105859 0.114824 0.00863975 
0.0986541 0.11414 0.0232748 
0.545639 -0.942227 -0.747049 
0.0944733 0.117787 0.0464541 
0.0990665 0.118854 0.0489409 
0.4966 -1.30247 -0.641483 
0.494574 0.0385322 0.269378 
0.0929894 0.0794921 0.0818505 
0.106492 0.0243234 0.135365 
0.0913404 0.0453475 0.216697 
0.106666 0.120884 0.0291515 
-0.49628 -1.38716 1.66998 
0.196978 -0.235712 0.0511488 
0.290643 -0.430224 0.0760707 
0.108528 0.118499 0.0305627 
0.51548 -1.52946 -1.19809 
0.0976521 0.0862929 0.0819189 
0.236469 -0.319629 0.256259 
0.0579145 0.111726 -0.000446534 
0.1592 -0.168969 0.171243 
0.0740393 -0.0730703 0.0478287 
0.102439 0.0680392 0.0902923 
0.127428 -0.0583049 0.125587 
0.246973 -0.401821 0.0754575 
0.207417 -0.314894 0.0463906 
0.105266 0.116801 0.0156199 
0.0903893 0.0696858 0.201711 
0.159869 -0.145416 0.0485558 
0.105764 0.123609 0.0405722 
0.127559 -0.000499229 0.157782 
0.134031 -0.0755783 0.00343789 
0.125339 0.00690053 0.0912728 
0.0640566 0.115047 0.0291585 
0.17127 -0.187382 0.17911 
-0.1366 -0.306363 0.336012 
0.364251 -0.696877 0.797167 
0.0949046 0.118748 0.050762 
0.0648388 0.112744 0.00479913 
0.0824622 -0.0458004 0.146178 
0.256579 -0.510942 0.737675 
0.242012 -0.273097 0.0445772 
0.0991337 0.114593 0.0171277 
0.22781 -0.303194 0.242988 
0.0926649 0.0966635 0.0747212 
0.16289 -0.170009 0.173092 
0.100967 0.118361 0.0423154 
0.0945337 0.112587 0.0187147 
0.0973293 0.0704603 0.164032 
0.0908594 0.0932944 0.0753557 
0.155144 -0.176969 0.230298 
0.222897 -0.292423 0.237771 
0.190144 -0.190909 -0.140704 
0.399757 -0.924061 1.08856 
0.517168 -1.38297 -0.648254 
0.59691 -2.30981 3.14176 
0.141167 0.107595 -0.150156 
0.337953 -0.520651 -0.429174 
0.426126 -1.22287 -0.951039 
0.151242 0.134958 -0.00877098 
0.125052 0.104888 -0.165969 
0.111391 0.0197499 0.105405 
0.144787 -0.0452219 -0.00396166 
-0.121134 -0.264866 0.296399 
0.140499 -0.0132294 -0.00681724 
0.147695 -0.138781 0.13721 
0.241752 -0.374008 0.478414 
0.144138 0.107493 -0.125997 
0.0198572 0.0690537 0.0225323 
0.246335 -0.391144 0.0726037 
0.100953 0.0686633 0.0891349 
0.108075 0.0132101 0.137712 
0.0195471 0.0739366 0.0333287 
0.0928733 -0.0669617 0.163426 
0.222404 -0.232923 0.0115175 
0.768707 -1.34015 -1.08249 
0.065621 0.113169 0.00469491 

-2.01636 0.73407 1.20297 
-2.07979 0.70635 1.1263 
2.42801 -9.69703 17.907 
-2.28219 0.589335 0.796491 
-2.26627 0.585979 0.782165 
1.34906 -2.4333 1.47106 
-2.39381 -0.222246 0.538134 
-0.0244906 -0.00918179 0.727938 
-2.75569 -1.40732 0.318707 
-0.432208 -0.182713 0.670902 
-2.14934 0.64845 1.03958 
-0.405263 -0.523324 0.0452776 
-3.27379 -4.3973 1.65637 
-1.93011 -5.36278 3.32472 
3.70054 1.40522 0.691151 
4.03576 -7.86687 13.2896 
-2.27668 -0.205876 0.504749 
-2.18607 -3.55344 3.38877 
0.231429 0.12937 0.56279 
-0.859639 -7.0575 13.0201 
-1.7451 -7.17052 4.4495 
-0.0442696 0.0114772 0.440289 
-1.6939 -2.09165 2.73431 
-2.5308 -7.30914 4.47336 
-2.28017 -7.03426 4.77569 
-2.15114 0.658348 0.987741 
1.66541 -2.51157 0.960247 
-3.26702 -4.40891 1.68171 
-2.12127 0.664574 0.988592 
-2.72888 -1.40537 0.330212 
-0.55304 -5.06852 9.2184 
2.99203 -1.15353 1.57903 
0.100437 0.419889 0.430734 
-1.55893 -3.16256 4.25875 
-3.16262 -5.56272 0.0359425 
-2.81421 -4.41216 3.71718 
-2.09916 0.709539 1.13392 
2.86343 -0.0494847 0.677929 
-2.54982 -3.74938 2.70143 
1.92353 -7.37292 13.8068 
-3.29399 -4.42967 1.68948 
-2.04543 0.750523 1.22997 
9.36222 -10.2393 15.2963 
-2.3243 -0.617888 1.26465 
-3.78837 -6.18636 5.72331 
-0.168052 0.220391 0.228911 
0.219016 0.370014 0.479401 
-0.396333 0.518653 0.250409 
-0.0962617 0.337896 0.227995 
-2.16599 -3.38003 2.99148 
7.19887 -7.90769 11.7714 
-0.950426 -1.90687 2.58117 
2.73441 -12.7883 15.373 
3.03733 -14.1292 16.3089 
-2.39511 -3.41655 2.33186 
3.18845 1.38338 0.872838 
2.46656 -9.22372 17.3045 
2.95985 -13.7798 15.9133 
-0.560861 0.0847512 0.678129 
-2.10209 0.714679 1.14601 
-0.180079 0.279003 0.19438 
-1.70196 -1.28599 2.33652 
-5.90095 -15.5941 17.7403 
-0.444383 -0.0173924 0.595395 
4.85558 -3.58547 1.95199 
1.06751 -1.10617 1.7571 
0.326533 0.82068 0.238603 
-4.30365 -3.99013 0.1208 
-0.136353 0.131941 0.251425 
-0.517651 -0.0250118 0.70342 
0.475895 0.841854 0.206533 
0.478573 -0.671845 -0.0122078 
-0.721503 -1.38752 1.86479 
-2.41861 -3.46568 2.34155 
7.74354 -7.11209 4.62752 
-1.16131 0.613776 0.26561 
