0.994828 0.101255 0.00805258 0.530246 -0.101078 0.994677 -0.0200115 -0.411299 -0.010036 0.0190941 0.999767 0.0806951 0 0 0 1
1 0 0 0 0 1 0 0 0 0 1 0 0 0 0 1
###
-0.165063 -0.324978 0.819133 
-0.498651 0.538324 0.105853 
-4.54969 -7.50539 1.99241 
-0.432562 0.561123 0.0243888 
-0.949638 -8.04358 14.2115 
-5.90095 -15.5941 17.7403 
-1.6939 -2.09165 2.73431 
-0.633522 -4.48218 8.37215 
-1.79351 -6.98822 4.50858 
-2.75569 -1.40732 0.318707 
1.60614 -2.47277 0.942759 
1.30099 -2.4804 0.414395 
-2.72194 -4.72941 4.01024 
-2.99803 -0.161178 0.733624 
1.34906 -2.4333 1.47106 
-0.852663 0.649903 0.214915 
-0.585132 0.525098 0.143494 
-2.07979 0.70635 1.1263 
-2.44736 -8.00088 4.52388 
1.38379 -2.48258 1.50451 
-0.683229 0.63834 0.0927075 
-1.60847 -1.91558 2.58969 
0.0775445 -6.98526 3.61224 
1.23513 -2.59148 1.3769 
-2.93599 -4.72288 3.36115 
-2.63992 -0.872536 0.197302 
-0.414862 -6.65039 3.70574 
2.83565 -0.185917 0.652927 
-0.775615 0.557774 0.275983 
-3.14503 -5.25526 0.00923521 
-0.68596 0.646171 0.0978105 
-2.21951 -3.21431 2.43865 
20.2146 -19.2321 12.3205 

0.26045 -0.374583 0.285198 
-0.0372229 0.118084 0.218333 
-1.17349 -1.74461 1.16361 
0.247702 -0.393098 0.0727824 
0.00230541 -0.23457 0.288161 
-0.0748583 -0.177563 0.200966 
-0.101566 -0.439786 0.54833 
-0.00532641 -0.404805 0.502169 
0.20703 -0.377433 0.0360859 
0.0924371 0.120593 0.076472 
-0.462816 -0.676879 0.574302 
0.0143886 -0.0112235 -0.000208859 
0.20221 -0.181813 0.0183475 
0.125194 0.0358659 0.0596804 
0.450048 -1.29575 -1.00862 
0.102652 0.119762 0.0371904 
-0.201863 0.100831 0.27801 
0.312535 -0.327962 0.241213 
0.532883 -1.42751 -0.670215 
0.0489756 -0.0891357 -0.0642135 
0.100373 0.115863 0.0328156 
0.140123 -0.079546 -0.000747025 
0.0834193 -0.407998 0.0089726 
0.250206 -0.381451 0.0612321 
0.170174 -0.159026 -0.0373956 
0.102096 0.120579 0.0469915 
0.0611452 -0.277232 0.0051747 
-0.0393289 0.119743 0.22204 
0.0995804 0.117866 0.0395197 
-0.163616 -0.328123 0.356716 
0.105791 0.117353 0.0157414 
-0.117328 -0.176414 0.154282 
0.351815 -0.415904 0.28567 
