0.994828 0.101255 0.00805258 0.530246 -0.101078 0.994677 -0.0200115 -0.411299 -0.010036 0.0190941 0.999767 0.0806951 0 0 0 1
0.145279 -0.121925 -0.981849 0.0366144 -0.0341255 0.99117 -0.128132 -0.0304814 0.988802 0.0521209 0.139835 -0.0263264 0 0 0 1
###
7.74354 -7.11209 4.62752 
-0.550962 0.613555 -0.0164948 
-2.01026 -1.87038 3.05041 
-0.949638 -8.04358 14.2115 
-2.5308 -7.30914 4.47336 
-5.90095 -15.5941 17.7403 
1.36973 -2.77762 1.46945 
-2.10843 0.654164 0.969837 
-1.6939 -2.09165 2.73431 
-0.633522 -4.48218 8.37215 
-2.75569 -1.40732 0.318707 
1.60614 -2.47277 0.942759 
1.30099 -2.4804 0.414395 
-2.22018 -3.24147 2.34679 
-2.72194 -4.72941 4.01024 
-2.3243 -0.617888 1.26465 
-2.99803 -0.161178 0.733624 
2.95985 -13.7798 15.9133 
-1.76501 -0.644903 2.28182 
-1.64333 -0.23613 0.732566 
4.27606 -5.1464 2.29123 
1.38379 -2.48258 1.50451 
-0.683229 0.63834 0.0927075 
-1.60847 -1.91558 2.58969 
0.661392 -0.79147 -0.0479429 
-1.43214 0.74716 0.944673 
-2.93599 -4.72288 3.36115 
-0.632562 0.06949 0.637411 
-0.775615 0.557774 0.275983 
-3.14503 -5.25526 0.00923521 
-0.68596 0.646171 0.0978105 
-0.707169 0.183146 0.53888 
-2.47591 -7.34706 4.8098 
-2.21951 -3.21431 2.43865 

0.250896 -0.298324 -0.23004 
0.134164 0.104539 -0.160569 
0.134963 -0.076163 0.00351226 
0.110891 -0.0948296 -0.0167189 
0.0871086 -0.117167 0.0492528 
0.156487 -0.138469 -0.0113911 
0.239004 -0.373049 0.0412274 
0.0996857 0.115298 0.0232442 
0.311578 -2.0662 2.70809 
0.101365 -0.590206 0.776789 
0.14543 0.108193 -0.127558 
0.102192 0.112334 0.0174135 
0.145294 0.10844 -0.127179 
0.242202 -0.226362 0.0779505 
0.249902 -0.264017 -0.125774 
0.138647 0.0125784 -0.00520896 
0.121401 0.016352 0.0842139 
0.244878 -0.245427 0.0291315 
0.136885 0.00588583 -0.0118788 
0.124777 0.0334236 0.0642791 
0.189226 -0.360436 -0.226881 
0.450048 -1.29575 -1.00862 
0.0350635 -0.0409333 -0.026977 
0.155546 -0.114561 -0.00175453 
0.131906 -0.435403 0.0138093 
0.142053 0.107657 -0.156432 
0.176787 -0.165818 0.0946665 
0.0895858 0.0546486 0.212504 
0.100373 0.115863 0.0328156 
0.0345453 -1.06279 -0.437893 
0.0668445 0.122167 0.0280524 
0.105057 0.0336223 0.269255 
0.244423 -0.381511 0.0583582 
0.246405 -0.257213 0.205744 
