0.994862 0.101013 -0.00672793 0.0347672 -0.101094 0.994792 -0.0129758 -0.193363 0.00538216 0.0135893 0.999893 0.00872338 0 0 0 1
0.996393 -0.0767156 -0.0362637 -0.00328951 0.0765157 0.997045 -0.00687125 0.000539316 0.0366836 0.00407173 0.999319 -0.00902744 0 0 0 1
###
0.189047 -0.0394456 0.192663 
-0.890855 0.341557 0.584457 
0.169282 0.146013 0.140718 
-1.34528 -5.05787 3.05562 
-2.05444 -3.8291 1.01104 
-1.08727 -1.40967 0.597197 
0.369437 -6.32975 11.6743 
-0.989383 -0.34772 0.72811 
-1.21078 -0.756576 0.208444 
-0.873922 0.337911 0.571877 
-0.844105 -1.75124 1.52739 
-0.616813 -1.12694 1.49804 
0.422041 -5.88971 10.8377 
-0.884041 0.092833 0.305697 
-2.19674 -4.12416 1.1052 
1.14164 -1.33597 0.506593 
-0.945007 0.26085 0.333108 
-0.677096 -0.367957 1.26732 
-0.834771 -3.48846 1.96133 
-0.586336 -3.43128 2.13144 
0.976431 -1.29758 0.785042 
0.0212586 0.285779 0.0549649 
0.0584756 -2.82539 1.55328 
0.0293307 0.316402 0.0228979 
-0.160972 0.293051 0.190013 
-0.114671 0.339637 0.094972 
-2.23981 -4.24495 1.14966 
-0.913183 -0.25863 0.85348 
-1.2185 -0.77073 0.21999 
-0.592961 -1.07548 0.0133001 
-0.114417 0.33997 0.0949489 
-0.907305 0.183011 0.339232 

-4.65093 -4.8906 2.78142 
0.284516 0.360453 0.172346 
-0.873785 0.442319 0.454274 
0.0292875 -0.432503 0.387695 
-0.518557 -0.989939 1.16467 
-0.177769 -0.244041 0.399141 
0.181696 -0.227895 0.290847 
-0.0820605 0.107791 0.278103 
-0.0561188 0.325114 0.186002 
0.057773 0.340795 0.211425 
0.208599 -0.461157 0.635595 
0.125174 -0.131807 0.302219 
0.664309 -0.544446 0.452738 
-0.115927 0.0764607 0.319829 
-0.313976 -0.728057 0.778458 
-0.114892 0.324793 0.195168 
0.180125 0.35122 0.187016 
0.113452 0.0737879 0.253141 
1.83867 -2.38668 0.817825 
0.133955 -0.716029 0.484387 
2.40715 -2.16246 0.427255 
-0.220865 0.324114 0.219203 
0.12161 -0.725657 0.277694 
-0.803551 0.375739 0.401596 
-0.488927 -0.159002 0.395659 
0.484191 0.378222 0.0805039 
-0.343799 -0.831724 0.882485 
-0.0579509 0.133642 0.285609 
-0.250268 0.0541795 0.313287 
-0.995554 -1.13858 0.0890132 
-0.000999311 0.323538 0.175216 
0.11081 -0.0757749 0.292311 
