0.957482 0.242095 -0.1569 0.0896264 -0.196419 0.945396 0.260089 -0.227807 0.211299 -0.218212 0.952752 0.0553136 0 0 0 1
0.99983 -0.0179545 -0.00423394 0.0203309 0.017999 0.999781 0.0107091 0.0135152 0.00404074 -0.0107835 0.999934 0.00175837 0 0 0 1
###
-0.0477586 0.293595 0.141173 
1.67182 -1.3598 0.315361 
-0.0842192 0.157898 0.0399956 
2.09474 -1.88534 0.352052 
-0.147697 0.237858 0.207497 
-0.0922859 0.265133 0.106003 
-0.23562 0.0734904 0.275817 
-0.0214192 -0.167835 0.229303 
-0.107156 0.272027 0.120209 
-0.0780282 0.325502 0.188761 
-0.232301 -0.768212 1.04217 
-0.061655 0.127408 0.102359 
-0.244234 -0.749743 0.873411 
-0.020363 0.319102 0.176425 
-0.0793949 0.117887 0.273204 
-1.83581 -2.18494 1.9633 
0.0308254 -0.294908 0.352977 
-0.0499914 0.312476 0.171877 
0.0203465 0.329521 0.178468 
-0.0367004 0.325759 0.193027 
-0.0110168 0.315542 0.164004 
-0.250268 0.0541795 0.313287 
-0.0745466 0.121761 0.273865 
-0.313976 -0.728057 0.778458 
0.136589 -0.6215 0.587146 
0.147781 -0.83983 0.74718 
0.175476 -0.757082 0.602451 
-0.011146 0.299567 0.0753146 
0.113452 0.0737879 0.253141 
-0.0427552 0.322094 0.181043 
-0.091369 0.320844 0.182976 
0.18891 -0.556505 0.73943 
-0.140854 0.0296873 0.306192 
0.225239 -1.13725 0.415982 
0.00610775 0.33276 0.184537 
-0.133388 0.27777 0.188487 
-0.058819 0.128773 0.276799 
-1.848 -2.18921 1.96545 
0.715188 -0.494139 0.392684 
-0.390969 -0.466121 0.603358 
-0.0727222 0.318844 0.172898 
-0.14341 0.310636 0.177176 
-0.150548 0.220514 0.214024 
-0.196794 0.314029 0.176659 
-0.0442667 0.16219 0.125089 
-0.175121 0.0696277 0.312654 
-0.00679019 0.302964 0.0766757 
-0.14797 0.23136 0.204267 
0.130642 0.08945 0.312114 
0.11842 -0.203093 0.315768 
-0.134866 0.466112 0.903945 
-0.0254354 -0.232353 0.365564 
0.0301922 -0.193984 0.329141 
-0.305063 -0.714683 0.79383 

-0.86448 0.368071 0.669553 
2.496 -4.31007 7.60115 
1.79788 -5.26564 9.55623 
2.50892 -4.22875 6.75061 
-0.651527 0.370448 0.448968 
-0.873082 0.33753 0.572066 
0.207123 -0.0386469 0.186329 
-1.08336 -6.35511 4.02638 
-0.963375 0.305242 0.479764 
-0.964912 0.304859 0.480267 
-0.616813 -1.12694 1.49804 
-0.553561 -0.582182 1.07008 
0.369437 -6.32975 11.6743 
-0.857595 0.365898 0.659315 
-0.996825 -0.389491 0.679495 
-2.21051 -3.70714 1.29767 
-1.03019 -1.61081 0.502574 
-0.853332 0.22407 0.299845 
-0.864969 0.369005 0.66975 
-1.09575 0.238184 0.294584 
-0.890855 0.341557 0.584457 
-1.2185 -0.77073 0.21999 
-0.974252 -0.34443 0.713319 
-0.813209 -1.68592 1.3078 
1.16523 -1.37608 0.524085 
4.11954 -3.23773 4.41771 
-0.981633 -4.12317 2.76746 
1.8082 -0.0261083 0.380479 
-0.695026 -0.387512 1.27239 
-0.872015 0.341951 0.580041 
-0.922104 0.387379 0.704724 
-0.0282572 -0.414115 0.730187 
-0.565804 -0.739271 1.17517 
0.348929 -3.89061 1.97807 
-0.813708 0.376684 0.69479 
-1.86118 0.200657 0.641655 
-0.621021 0.00554189 0.202375 
4.18055 -15.7368 18.2575 
-0.19122 -3.61109 6.19691 
-0.538158 -1.42049 1.71205 
-0.863072 0.304033 0.470839 
8.91798 -8.29329 5.1512 
-0.0686919 0.100028 0.28243 
0.102686 0.155807 0.198925 
-0.883733 -0.248715 0.935751 
-1.25971 -0.887867 0.52105 
-0.367884 0.322584 0.189277 
-1.03976 -0.160425 0.344851 
-0.839802 -0.261166 1.06067 
0.184879 -5.77255 10.0872 
-1.14629 0.0357455 0.388887 
-1.13056 -2.07406 1.39538 
-10.874 -29.9176 32.8359 
6.9636 -7.18872 10.3501 
