0.966045 0.199853 -0.163757 0.102232 -0.146313 0.945528 0.290809 -0.239977 0.212956 -0.256975 0.942663 0.063958 0 0 0 1
0.999935 -0.0113651 0.00111081 0.00747574 0.0113647 0.999935 0.000431344 0.00326442 -0.00111564 -0.000418692 0.999999 0.00105941 0 0 0 1
###
-0.00935128 0.300226 0.0734159 
-0.0780282 0.325502 0.188761 
-0.155568 0.333419 0.221654 
-0.23562 0.0734904 0.275817 
1.67182 -1.3598 0.315361 
-0.0359871 0.324784 0.193488 
0.0442631 0.0613881 0.0890744 
0.113452 0.0737879 0.253141 
-0.020363 0.319102 0.176425 
-0.110393 0.0808809 0.0551604 
-0.149493 0.286787 0.147642 
-0.133965 0.271292 0.174857 
0.046259 -0.371641 0.456882 
0.156038 -0.903351 0.573582 
-0.166011 -0.123943 0.344813 
-0.205828 -0.443272 0.597731 
-0.0110168 0.315542 0.164004 
-0.16754 0.0929974 0.276856 
-0.0427552 0.322094 0.181043 
0.469728 -0.38568 0.394929 
-0.0475946 -0.156047 0.299499 
0.176929 -0.839158 0.794045 
1.4338 -1.78141 0.611844 
-0.091369 0.320844 0.182976 
2.07346 -1.66548 0.370809 
-0.491633 0.152466 0.352183 
-0.139027 0.258476 0.172067 
3.84212 -3.02003 1.36385 
-0.250268 0.0541795 0.313287 
-0.17726 0.0513283 0.35489 
-0.156499 0.325508 0.201894 
-0.0488363 0.297055 0.0604842 
-0.73236 -0.915643 0.964203 
-0.0184212 -0.202155 0.244416 
-7.43929 -7.15022 4.52846 
-0.011146 0.299567 0.0753146 
0.715188 -0.494139 0.392684 
0.137843 -0.754007 0.322891 
-0.102918 0.0930126 0.290816 
-0.143621 0.0380849 0.285648 
0.360569 -0.318089 0.364581 
0.402758 -0.355229 0.385352 
0.0142547 0.327313 0.176232 
-0.240706 0.316846 0.22181 
-0.08296 0.322111 0.19607 
0.0321209 0.135993 0.264552 
-0.0197922 0.324403 0.181447 
0.00116604 0.146176 0.243082 
-0.305063 -0.714683 0.79383 
0.698088 -0.496604 0.40897 
-0.147875 0.233593 0.208073 
-0.158464 0.181467 0.22175 
-0.0642392 0.127259 0.277383 
0.167396 -1.80081 0.35899 
0.289816 -0.154971 0.225105 
3.24309 -2.87256 0.551083 

-0.493933 0.373816 0.546353 
-0.965689 0.306074 0.481125 
-0.854501 0.224408 0.300309 
4.07095 -3.17631 4.37256 
2.26335 -3.8405 6.23586 
-0.867666 0.37031 0.672151 
4.63519 -3.32228 4.1524 
-0.684979 -0.381878 1.25917 
-0.868775 0.370134 0.673003 
0.315598 -3.45621 1.75625 
-0.860098 0.36717 0.66161 
-1.81927 0.19591 0.627181 
-0.814732 -1.7026 1.52471 
-0.422439 -2.82269 1.65175 
-0.542002 -1.43211 1.72655 
-11.1202 -29.8994 32.7312 
-0.893817 0.342861 0.586681 
-1.26562 -0.892058 0.523855 
-0.87604 0.338885 0.573532 
-1.77496 -3.29891 2.18998 
0.886263 -2.53897 4.65838 
-1.08412 -3.41544 2.38536 
4.12225 -15.5085 17.9995 
0.0446128 0.155111 0.290261 
2.40292 -4.14807 7.31866 
0.0257272 -0.106572 0.398432 
-0.653186 0.371429 0.450139 
3.75685 -2.90595 4.01094 
3.14459 -2.42249 0.705314 
0.0247066 -0.0402662 0.368542 
-0.894368 0.3514 0.598291 
-0.128106 0.342727 0.107 
-0.912485 -1.66827 1.11522 
-0.601734 -3.53576 2.19022 
-1.57014 -2.54113 0.908603 
1.80809 -0.0261102 0.37898 
0.425442 -6.48577 11.9427 
0.380525 -2.27203 1.06162 
-0.998849 -0.390292 0.680945 
-1.89827 -2.49495 3.98252 
0.358209 -6.13793 11.3275 
-0.576313 -1.61741 1.98221 
-0.814918 0.377284 0.695885 
0.495958 -0.224733 -0.0137672 
-0.463852 0.403358 0.577471 
-0.84315 -0.262322 1.06543 
-0.913129 0.383586 0.697829 
-0.886796 -0.249441 0.938945 
0.166683 -5.34165 9.33918 
6.97982 -7.21523 10.3886 
-0.173766 -0.0366866 0.0500563 
-1.04277 -0.160825 0.346036 
-0.976962 -0.345326 0.715494 
-1.08297 -4.63154 2.59301 
-0.0851398 -0.175019 0.1647 
0.975127 -1.29593 0.784105 
