0.99302 0.114614 0.0278452 0.0348268 -0.115251 0.993083 0.0224257 -0.1932 -0.0250823 -0.0254784 0.999361 0.00019829 0 0 0 1
0.998003 -0.0606803 -0.0175463 0.0264011 0.0600338 0.997573 -0.0352821 -0.00515252 0.0196447 0.0341583 0.999223 -0.018436 0 0 0 1
###
-1.42145 -0.25986 0.473578 
-0.0518361 0.318708 0.0817322 
4.12225 -15.5085 17.9995 
0.169215 0.146257 0.140518 
-0.893817 0.342861 0.586681 
-2.04367 -3.8062 1.00628 
0.0516927 0.156359 0.284753 
-0.541582 -3.6274 2.13133 
0.918999 -1.37051 0.725029 
-1.07381 -1.39398 0.592655 
-11.1202 -29.8994 32.7312 
-1.0981 -2.14854 1.53975 
-0.617869 -1.12857 1.50094 
-1.18014 -0.496232 0.180423 
0.388248 -4.18388 2.11861 
-1.52362 -2.49446 0.852347 
-1.22342 -0.773638 0.22124 
-0.84811 -1.7595 1.53528 
-2.86231 -6.69362 7.8054 
-1.27113 -0.767341 0.155909 
-1.57014 -2.54113 0.908603 
0.155262 0.0882971 0.180263 
8.38761 -7.79594 4.82614 
2.81633 -10.8941 12.782 
0.975127 -1.29593 0.784105 
-0.207787 0.348551 0.165691 
-0.558583 0.41339 0.624842 
-0.184956 0.292861 0.296999 
-0.0285661 0.122757 0.357525 
-1.18373 0.0336236 0.403744 
-1.05415 -3.43852 2.40319 
-0.623302 0.00642337 0.202892 
-0.115268 0.341293 0.0958099 
-0.229188 -0.19203 -0.00901997 
-1.08103 -2.04847 1.45841 
-0.868326 -0.108126 0.289837 
0.064486 -3.15724 1.73896 
-0.601734 -3.53576 2.19022 
1.84586 -0.0263478 0.37088 
-0.164561 0.319889 0.0299173 
-0.230175 -0.198733 -0.00901882 
-0.968269 -1.8715 1.4341 

-0.145392 0.015867 0.321706 
-0.259316 0.320087 0.20834 
-1.59486 -1.88073 1.69635 
-0.873785 0.442319 0.454274 
0.284516 0.360453 0.172346 
-0.518557 -0.989939 1.16467 
-0.2252 0.328027 0.218238 
0.108757 -0.665164 0.592617 
-0.332211 -0.815032 0.868764 
1.38799 -1.12258 0.936973 
-1.48441 -1.44509 0.953008 
0.0962608 -0.640651 0.878312 
-0.202659 -0.309665 0.499216 
-0.240641 0.128379 0.29057 
0.013339 -0.329276 0.17336 
0.307704 -0.411333 0.0979879 
-0.250268 0.0541795 0.313287 
0.208599 -0.461157 0.635595 
0.123827 -0.18984 0.304796 
-0.558798 0.117924 0.67311 
-0.219398 -0.675503 0.935091 
0.303558 0.309649 0.136097 
-0.211071 -0.724741 0.902681 
0.206377 -0.51926 0.666033 
2.40715 -2.16246 0.427255 
-0.0728349 0.335598 0.190613 
0.450594 0.373422 0.125557 
0.132222 -0.612055 0.599539 
-0.406368 0.28845 0.194176 
-0.0447086 0.140263 0.283116 
0.126673 -0.588602 0.542725 
-0.0838548 0.111944 0.286555 
0.000145121 0.326805 0.177013 
-0.577011 -0.685545 0.0462313 
0.0211712 -0.470003 0.655579 
-0.167801 0.0700311 0.280868 
0.225239 -1.13725 0.415982 
0.133955 -0.716029 0.484387 
0.422982 0.382302 0.128149 
-0.0780563 0.12139 0.292387 
-0.501075 -0.603464 0.0427044 
0.117743 -0.544277 0.71592 
