0.988313 0.116216 0.098649 0.537695 -0.12076 0.991818 0.0413923 -0.420435 -0.0930315 -0.0528215 0.994261 0.00159271 0 0 0 1
1 0 0 0 0 1 0 0 0 0 1 0 0 0 0 1
###
-0.820062 0.552894 0.465955 
1.36913 -2.77713 1.4683 
-0.422219 0.519256 0.203882 
15.9019 -15.3277 9.99852 
-4.54917 -7.50333 1.98888 
-4.72605 -5.99824 2.25977 
-2.28257 -7.04048 4.77939 
-4.7521 -6.02998 2.27666 
-3.33091 -4.64336 1.51493 
-0.724498 0.652403 0.128213 
-0.477103 0.255754 0.0264088 
-0.86851 -7.04795 13.0182 
-2.4158 -0.223535 0.546882 
-0.39569 -6.7127 3.7451 
-3.55922 -5.08805 1.65841 
1.66796 -2.51509 0.962075 
-0.68303 0.638095 0.0926347 
-2.38636 -0.221205 0.536758 
-0.634397 0.533217 0.175056 
-0.684531 0.642788 0.0954157 
-2.19945 -0.196776 0.48261 
-1.76792 -7.26372 4.51526 
-2.30473 -2.78059 1.00705 
-0.131978 0.0747843 0.246102 
-1.76498 -0.0935508 0.33873 
-1.80644 -7.20274 4.6565 
-2.71884 -1.39935 0.326471 
0.0783776 -7.03554 3.63676 
1.57781 -2.38229 0.916935 
1.23597 -2.59304 1.37778 
20.1969 -19.2195 12.3052 

0.200274 -0.256256 0.228782 
0.17715 -1.75078 2.19489 
-0.241741 -0.414503 0.301601 
0.0916267 0.119612 0.0644463 
-1.16891 -1.73771 1.15911 
0.117764 -0.130801 -0.0896325 
0.231735 -0.369471 0.043107 
-0.136309 -0.254033 0.269936 
0.0377019 -0.144074 -0.0741906 
0.103519 0.04846 0.0951698 
0.0144232 -0.0112313 -0.000260316 
-0.00533474 -0.401827 0.49856 
0.0635911 0.114365 0.0289127 
0.0852777 -0.484761 0.00335122 
0.282455 -0.291409 0.221208 
0.0144267 -0.0115363 -0.000527113 
0.0997763 0.115168 0.0326108 
0.120177 -0.0156064 0.103953 
0.101562 0.111624 0.0172992 
0.105266 0.116801 0.0156199 
0.127375 0.00241595 0.100345 
0.187129 -0.356658 0.040792 
0.163304 -0.179241 0.161123 
-0.844093 -1.58236 0.334464 
0.135973 0.0261994 0.00775368 
0.213444 -0.395709 0.0348191 
0.108075 0.0132101 0.137712 
0.063909 -0.295392 0.0057527 
0.0143012 -0.01107 -0.000172478 
0.242034 -0.368514 0.0593716 
0.581858 -0.617837 0.208546 
