0.984868 0.119069 0.125927 0.536642 -0.127683 0.989833 0.062675 -0.43139 -0.117184 -0.0778054 0.990058 -0.0543991 0 0 0 1
1 0 0 0 0 1 0 0 0 0 1 0 0 0 0 1
###
-0.790586 0.51201 0.57958 
-2.25871 -7.12811 4.77834 
-0.421941 0.518852 0.203762 
-2.14319 -4.98787 3.48973 
-4.54084 -7.4896 1.98369 
-3.2111 -4.33017 1.65466 
-2.74567 -1.40139 0.315458 
-3.29661 -4.59659 1.49894 
-0.160635 -0.0698853 0.337028 
-2.19342 -0.279617 0.483192 
-0.40157 -6.61186 3.6852 
1.3458 -2.42918 1.4677 
-3.30734 -5.72211 4.04879 
-2.67618 -3.50372 -0.274865 
-2.27421 0.588413 0.786186 
-1.78111 -7.31988 4.55377 
-1.99902 -2.23763 -0.109595 
-2.71875 -1.40034 0.324962 
0.0772227 -6.98955 3.61393 
-0.683326 0.64023 0.093452 
-2.40735 0.421563 0.298788 
-0.640238 0.222723 0.487438 
-0.189681 -9.64245 18.2916 
-1.60763 -1.91368 2.58699 
-2.21674 -0.198839 0.487959 
-1.84318 -1.93697 0.6917 
0.438997 -0.951952 0.418448 
-0.773469 0.555786 0.273 
-2.13015 -0.668937 0.936234 
-1.48143 -0.0119884 0.279884 
-2.2202 -0.461172 1.53484 
-1.85512 -1.95632 0.698913 
-0.998026 -0.565586 -0.102644 

0.0917212 0.111415 0.057834 
0.280327 -0.282222 0.0964121 
0.237685 -0.335417 0.0600219 
0.0138377 -0.0108502 -2.2938e-05 
-1.168 -1.73814 1.16335 
0.232705 -0.260508 0.244272 
0.107125 0.0141485 0.138371 
0.0189366 -0.016248 0.0109983 
-0.034112 -0.413567 0.496825 
0.120465 -0.00376255 0.0980648 
0.0833163 -0.408329 0.00849247 
0.439511 -1.26305 -0.98242 
0.293245 -0.369212 0.260035 
-0.216881 -0.0155635 0.303044 
0.0900364 0.121492 0.102658 
0.185125 -0.352535 0.0405084 
-0.0974418 -0.442767 0.552785 
-0.0392159 0.119403 0.221265 
0.0677335 -0.314743 0.00568278 
0.105109 0.116573 0.015595 
-0.0618295 0.131327 0.240863 
-0.141434 -0.0128903 0.364317 
0.360317 -2.43738 3.19596 
0.138536 -0.0784216 -0.000639187 
0.103091 0.0482262 0.0947734 
0.163217 -0.147867 0.0502822 
0.0139445 -0.0112172 -0.000315946 
0.089072 0.120875 0.0824598 
0.12913 0.0166073 0.0908528 
0.124255 0.0271866 0.0743952 
0.128009 0.0387916 0.0534432 
-0.307446 -0.457088 0.386266 
-0.251614 -0.499898 0.545389 
