0.190512 0.084718 -0.978023 0.0415199 0.373434 0.915117 0.152011 -0.104849 0.907883 -0.394187 0.142704 0.00754599 0 0 0 1
0.999455 -0.0129407 -0.030365 0.037788 0.0132297 0.999869 0.00933725 -0.00345279 0.0302402 -0.00973389 0.999495 0.00326078 0 0 0 1
###
0.202624 -0.451702 0.0481892 
0.0889699 0.0691323 0.201654 
0.0944446 0.117712 0.0464678 
0.0927047 0.119369 0.064358 
0.106131 0.0831375 0.0863896 
0.493842 -1.23252 -1.03562 
0.201631 -0.224592 -0.17861 
0.0711704 0.114128 0.0381397 
0.10004 0.119666 0.056237 
0.168012 -0.262177 0.36138 
0.156434 -1.60891 2.03573 
0.0906516 0.0450046 0.21522 
0.544746 -1.61724 -1.26819 
0.096256 0.122035 0.0896023 
0.173412 0.0191876 0.131177 
0.0648157 0.112574 0.00463296 
0.108102 0.0134399 0.141698 
0.0779728 0.0698176 0.186385 
0.09085 0.119684 0.0638869 
0.116242 0.0982958 0.0814721 
0.0961373 0.131424 0.140331 
0.178728 -0.20419 0.0572223 
0.220367 -0.255679 0.0400365 
0.0943806 0.118264 0.0463574 
0.184299 -0.379646 0.0458234 
0.252469 -0.286118 0.206834 
0.563446 0.131132 0.196586 
0.0931264 0.11773 0.050466 
0.225314 -0.267275 -0.224419 
0.19461 -0.189937 -0.0697931 
0.0998105 0.114807 0.0316177 
0.0583921 0.11177 -0.00100249 
0.0714912 0.116259 0.0353176 
0.129326 0.0718011 0.292035 
0.112417 0.0101264 0.142515 
0.0982673 0.116399 0.0325675 
0.0894835 0.12235 0.102881 
0.107967 -0.409308 0.0137704 
0.618959 -1.63115 -0.808214 
0.402565 -0.830956 1.06538 
0.0940295 0.118074 0.0506252 
0.138917 -0.116977 0.0676619 
0.120007 0.0246525 0.0760743 
0.094385 0.121474 0.0809893 
0.177119 -0.161887 -0.0570313 
0.166941 -0.14556 -0.0739568 
0.401249 -0.92909 1.09341 
0.280708 -2.49523 3.40367 
0.101302 0.118315 0.0423193 
0.0891591 0.0632402 0.199241 
0.0883439 0.0699143 0.202288 
0.532824 -0.920606 -0.732928 
0.340573 -0.461601 -0.369892 
0.508477 -1.38866 -0.659948 
0.548956 -1.40037 -0.689453 
0.107125 0.0141485 0.138371 
0.10538 0.0153191 0.134719 
0.0594938 -0.396935 0.00575695 
0.269749 -0.395233 -0.328066 
0.115021 0.0512172 0.0992979 
0.105652 0.116949 0.0143483 
0.160538 -0.119361 -0.00661923 
0.0655148 0.11327 0.00397593 
0.221429 -0.303301 0.0488272 
0.121918 0.0203487 0.080021 
0.253768 -0.367621 -0.303067 
0.105299 0.116675 0.0144894 
0.116296 -0.463652 0.00975504 
0.199637 -0.199612 -0.0769171 
0.173261 -0.155055 -0.0855757 
0.123867 -0.000494717 0.00259698 
0.201935 -0.20228 -0.0785359 
0.223588 -0.237778 -0.134743 

-1.78111 -7.31988 4.55377 
3.47412 1.27904 0.437807 
-2.26012 0.587567 0.783571 
-2.25322 0.586288 0.778169 
-2.35439 -0.218012 0.526115 
4.07374 -3.28819 4.31565 
-0.352479 0.513186 0.211456 
-0.253657 0.560352 0.0911185 
-0.144364 0.374138 0.16499 
4.73661 -3.50246 1.89862 
7.20392 -7.91778 11.7892 
-0.431852 -0.182447 0.670354 
3.58912 -7.55161 13.5573 
0.285169 -0.365313 -0.0136855 
0.00953273 0.382945 0.405718 
-1.48975 0.79496 1.02483 
-0.080532 -0.0688257 0.283558 
-2.12052 0.664375 0.988158 
-2.27421 0.588413 0.786186 
-0.0245338 -0.00877458 0.725404 
3.68183 1.39807 0.687814 
-3.33294 -4.48218 1.69206 
-3.29129 -4.42498 1.68967 
-0.309484 0.562836 0.0882142 
-1.49569 -6.30777 3.75341 
-0.859401 -7.78885 14.1795 
-1.48143 -0.0119884 0.279884 
0.119961 0.393347 0.610568 
0.102413 0.423172 0.435152 
-2.82038 -4.42265 3.72543 
-2.14765 0.648059 1.03868 
0.31853 0.811476 0.229447 
3.17805 1.37869 0.870184 
-0.631112 0.169495 0.587559 
-0.0862175 -0.0680216 0.277069 
-2.01469 0.733447 1.20193 
0.326121 0.819663 0.238306 
0.67664 -6.06088 2.78734 
2.81092 -13.6493 16.4641 
-0.64285 -3.12736 5.59636 
-2.0969 0.708488 1.13169 
-0.145595 0.374833 0.165781 
-2.32224 -0.617193 1.26347 
-2.07783 0.705741 1.12461 
-3.78798 -6.18555 5.72246 
-0.950029 -1.90598 2.57995 
4.86145 -3.58242 1.88686 
-3.2111 -4.33017 1.65466 
-0.167902 0.220208 0.228721 
-0.0999114 0.11875 0.247636 
1.56288 -2.36287 0.907928 
-2.39723 -3.40949 2.3364 
7.76208 -7.12913 4.63956 
3.04125 -14.1604 16.3464 
3.6568 -7.38965 12.4427 
0.321793 0.81893 0.232741 
-0.0827461 -0.0687185 0.278517 
1.09981 -6.38924 2.71369 
1.924 -7.37899 13.8173 
-0.444175 -0.0173975 0.594812 
-2.10556 0.653553 0.968345 
-0.539401 -4.88986 8.86899 
2.8638 -0.0500127 0.67804 
-0.0135702 0.28917 0.605161 
-0.441089 -0.0951558 0.636126 
2.42408 -9.72029 17.9169 
-0.143195 0.3736 0.163908 
0.710221 -6.23538 2.86015 
-1.5618 -3.16873 4.26574 
-2.39676 -3.41892 2.33335 
-0.461689 -0.0446273 0.61453 
-2.42111 -3.46933 2.34406 
-5.85894 -15.5834 17.7826 
