0.988965 0.117359 0.0904138 0.0365523 -0.122951 0.990659 0.0589671 -0.195791 -0.0826489 -0.0694329 0.994157 -0.0162184 0 0 0 1
0.998003 -0.0606803 -0.0175463 0.0264011 0.0600338 0.997573 -0.0352821 -0.00515251 0.0196447 0.0341583 0.999223 -0.018436 0 0 0 1
###
2.45326 -1.88232 0.521585 
2.16902 -1.45436 0.352893 
4.06205 -15.2778 17.7294 
-0.49712 -0.519136 0.958013 
-0.614723 -1.12135 1.49092 
-2.00358 -3.72906 0.983033 
-1.21173 -0.756736 0.208124 
-1.06134 -1.37725 0.584962 
-2.10977 -1.02406 0.339825 
-0.271642 -0.987523 1.54609 
0.299721 -6.62647 3.5286 
1.15283 -1.36184 0.517861 
-0.47537 -0.528336 0.954913 
-0.0981006 -2.88772 5.16371 
-0.713647 -4.06449 2.59777 
-1.89495 -2.49168 3.97658 
-5.20425 -1.44397 1.7589 
0.098829 -3.95399 2.16321 
-1.12981 -2.22209 1.5912 
1.14571 -1.34076 0.508788 
0.974081 -1.29477 0.783232 
-0.966807 0.306558 0.481994 
-1.02591 -0.113136 0.339722 
-0.805448 -1.67795 1.49984 
-1.04559 -3.40813 2.38089 
0.165859 0.148353 0.13842 
0.974081 -1.29477 0.783232 
-0.114957 0.340774 0.0954402 
-0.458765 -2.62207 4.10001 
-1.22821 -0.523118 0.868878 
-1.37688 -0.305007 0.46239 
-0.935947 -1.80019 1.37903 
-0.693438 -4.01895 2.56804 
-1.87237 -3.21474 1.11508 
-1.00011 0.307566 0.495592 
-0.26151 -0.333332 -0.0278927 
-0.30063 -1.78765 2.95246 
-0.720088 0.00825889 0.239218 
0.933584 -1.40565 0.746642 

0.496356 0.37842 0.135057 
0.429171 0.357662 0.058616 
-1.59486 -1.88073 1.69635 
0.352313 -0.271721 0.207726 
-0.0292079 -0.365633 0.529938 
-0.518557 -0.989939 1.16467 
-0.250268 0.0541795 0.313287 
0.440505 -0.359766 0.335344 
-0.25096 0.130658 0.313207 
0.0946369 -0.127981 0.176105 
0.013339 -0.329276 0.17336 
0.0704044 -0.509165 0.714333 
-0.202659 -0.309665 0.499216 
-1.91661 -1.88839 1.23917 
0.143192 -0.664515 0.460231 
0.11421 -0.0313992 0.289052 
-0.118738 0.0719037 0.304241 
0.225239 -1.13725 0.415982 
0.65108 -0.538916 0.494268 
-0.522156 0.206855 0.380433 
3.24309 -2.87256 0.551083 
-0.0766344 0.319656 0.195031 
-0.134116 0.159694 0.159109 
-0.244234 -0.749743 0.873411 
0.126673 -0.588602 0.542725 
0.0142547 0.327313 0.176232 
2.40715 -2.16246 0.427255 
-0.172786 0.0990428 0.286198 
0.15008 -0.20161 0.269788 
-0.0820605 0.107791 0.278103 
-0.112007 0.0899432 0.309705 
0.0653675 -0.471677 0.66003 
0.181265 -0.808892 0.553027 
0.253456 -0.509062 0.68932 
0.464254 0.387401 0.130613 
-3.66196 -4.83033 0.180314 
0.119607 -0.162054 0.218267 
-0.109309 0.0864791 0.300476 
0.159139 -0.811646 0.685652 
