0.982838 0.125931 0.134801 0.0284593 -0.125458 0.992026 -0.0120271 -0.204652 -0.135241 -0.00509121 0.9908 -0.0822082 0 0 0 1
0.998003 -0.0606803 -0.0175463 0.0264011 0.0600338 0.997573 -0.0352821 -0.00515249 0.0196447 0.0341583 0.999223 -0.018436 0 0 0 1
###
-1.90397 -0.910872 0.288849 
0.129566 0.0563932 0.135944 
-0.967261 -4.05162 2.72167 
-0.887834 -3.65966 2.47041 
-2.07172 -3.88478 1.04006 
0.963188 -1.27773 0.762725 
-0.11409 0.0894618 0.358691 
-0.663336 -3.75829 2.40436 
0.262352 -0.0508126 0.156904 
0.348271 -3.76678 1.90543 
-0.631338 -0.00360185 0.232369 
-1.16669 -1.88083 0.68767 
-1.1785 -0.661186 0.20397 
-0.203107 0.340572 0.160869 
-1.10205 -0.177377 0.366939 
-1.0406 -3.39125 2.37062 
-3.18601 -5.61727 1.77221 
0.146702 0.0622546 0.233813 
-0.678743 -0.589025 1.27772 
0.0769623 -3.53467 1.94388 
0.335583 -3.73629 1.90012 
0.207714 -0.0851079 0.237331 
-0.0803947 0.308758 0.109347 
-1.75973 -3.99303 2.74917 
-0.0240552 0.235384 0.2603 

-0.25096 0.130658 0.313207 
-0.250268 0.0541795 0.313287 
0.122587 -0.584081 0.568221 
0.175476 -0.757082 0.602451 
0.119607 -0.162054 0.218267 
3.24309 -2.87256 0.551083 
0.33174 -0.210369 0.0187658 
0.086586 -0.667771 0.56526 
-0.0208923 0.320807 0.17213 
0.013339 -0.329276 0.17336 
-0.163908 0.159015 0.254341 
-0.232301 -0.768212 1.04217 
-0.122279 0.305243 0.178546 
-0.0649501 0.296756 0.0911938 
-0.153216 0.227227 0.224479 
0.126673 -0.588602 0.542725 
0.253456 -0.509062 0.68932 
0.103405 -0.76348 0.505527 
0.11081 -0.0757749 0.292311 
0.164406 -0.803813 0.426865 
0.12161 -0.725657 0.277694 
-0.332211 -0.815032 0.868764 
0.422982 0.382302 0.128149 
0.0642393 -0.515401 0.684689 
0.899565 -1.31214 0.114389 
