0.9831 0.119491 0.138698 0.53172 -0.125208 0.991574 0.0332223 -0.441201 -0.133559 -0.0500268 0.989777 -0.100359 0 0 0 1
1 0 0 0 0 1 0 0 0 0 1 0 0 0 0 1
###
-0.645495 0.218552 0.489337 
-4.53014 -7.4701 1.97532 
-0.143683 -0.0453474 0.268154 
-2.741 -1.39877 0.313513 
-2.46801 -0.240852 0.562766 
-2.70764 -0.920423 0.248275 
-1.97876 -0.170183 0.421759 
-4.53014 -7.4701 1.97532 
-2.27711 0.589371 0.788145 
-0.400339 -6.51795 3.63023 
1.66301 -2.50828 0.959396 
2.96227 -13.8067 15.9481 
-1.52797 -1.13183 2.05203 
-2.41615 -0.225581 0.546181 
-3.74815 -5.27742 0.600152 
-0.853652 0.650153 0.2167 
-0.639715 0.224774 0.478982 
-2.27745 -0.523818 1.37503 
-0.420468 -6.76796 3.76907 
0.0763906 -6.96107 3.59908 
-1.04106 0.621293 0.228018 
-0.156287 0.273998 0.197095 
-0.633583 0.530318 0.172977 
-1.12016 -0.779014 -0.0816667 
-0.309364 0.509746 0.213262 
-2.12527 -0.115916 0.46083 
-2.23044 -0.46617 1.54555 
-0.456631 -2.87397 1.72297 
-1.88519 -7.5576 4.67358 
-2.71215 -1.39646 0.323049 
-3.18108 -4.30929 1.43411 
-1.12553 -0.814269 -0.081914 
-0.528527 -6.65152 11.9609 
1.57082 -2.37356 0.912472 

-0.138118 -0.0419051 0.368346 
-0.119978 -0.477959 0.568574 
0.0138377 -0.0108502 -2.2938e-05 
-0.0375977 0.119079 0.21999 
-0.245828 -0.0650286 0.351436 
0.103055 0.0438629 0.127697 
0.147554 0.00119139 0.117707 
0.0540835 -0.353447 0.44213 
0.0900364 0.121492 0.102658 
0.157824 -0.379666 0.0229936 
0.0896593 0.0677072 0.212784 
0.214248 -0.333635 0.0588276 
0.136824 -0.0532781 0.000922874 
0.120465 -0.00376255 0.0980648 
0.00227937 -0.233617 0.287007 
0.131324 0.104584 -0.134208 
0.106167 0.024421 0.135424 
0.133554 0.0404828 0.0587551 
0.0209929 -0.0921441 0.00298545 
0.0604849 -0.274205 0.0052011 
-0.0393665 0.123145 0.227249 
0.124639 -0.0103925 0.105525 
0.089072 0.120875 0.0824598 
-1.08368 -2.56361 3.01251 
0.136854 0.0045367 -0.00972645 
0.123608 0.0308237 0.0681214 
0.128009 0.0387916 0.0534432 
0.142663 -0.418074 0.0200946 
0.19648 -0.370621 0.0434225 
0.107847 0.0130676 0.137489 
0.281838 -0.290855 0.220997 
-0.228056 -0.470794 0.528543 
0.232619 -0.273438 -0.182696 
0.099787 0.118072 0.0394213 
