0.984429 0.121561 0.126976 0.0320559 -0.127919 0.990846 0.04315 -0.204018 -0.120569 -0.0587207 0.990967 -0.0605511 0 0 0 1
0.998003 -0.0606803 -0.0175463 0.0264011 0.0600338 0.997573 -0.0352821 -0.0051525 0.0196447 0.0341583 0.999223 -0.018436 0 0 0 1
###
-0.082086 0.276771 0.131096 
-0.853861 -1.77878 1.38244 
-1.03836 -3.26548 2.27933 
0.90916 -1.35493 0.716268 
0.032606 -0.126159 0.431584 
-1.16412 -0.488722 0.176726 
-1.74792 -4.05353 2.88811 
-0.717909 -4.09828 2.62024 
-1.25774 -0.758977 0.153299 
-1.20059 -1.94072 0.71909 
0.348039 -3.77131 1.90698 
-1.01461 0.214356 0.210118 
-2.10391 -3.94829 1.05726 
-0.086478 0.279472 0.135748 
-0.0506898 0.300371 0.0999408 
-1.03409 -0.11715 0.343383 
-1.04897 -3.42009 2.39001 
-3.1302 -5.47037 1.73397 
1.03661 -1.19414 0.467411 
0.964902 -1.28216 0.775731 
0.140583 0.0946655 0.164985 
-0.0869386 0.279936 0.136737 
-0.204218 0.342536 0.161776 
-0.724125 -0.58252 1.37135 
-0.691277 -0.385558 1.26642 
-1.04492 -0.125315 0.345726 
-0.713501 -4.15463 2.65572 
-0.451629 -0.675362 -0.0274937 
0.0267456 0.269181 0.206236 
-0.0877434 0.110545 0.310954 
-0.98454 -0.307957 0.82928 
0.426877 -4.41087 2.23336 
-0.144413 0.285395 0.188982 
1.14014 -1.32155 0.512466 

-0.0125329 0.32283 0.183613 
0.0803293 -0.576726 0.75495 
0.0595747 -0.53527 0.66663 
-0.332211 -0.815032 0.868764 
0.247149 -0.556934 0.742761 
-0.240641 0.128379 0.29057 
0.0962608 -0.640651 0.878312 
0.132429 -0.722678 0.477453 
-0.276365 0.0595129 0.324984 
-0.232301 -0.768212 1.04217 
0.013339 -0.329276 0.17336 
0.180125 0.35122 0.187016 
-0.211071 -0.724741 0.902681 
-0.368884 0.345171 0.2642 
1.80301 -1.44419 0.317245 
-0.134116 0.159694 0.159109 
0.126673 -0.588602 0.542725 
-0.156739 -0.290147 0.441124 
-0.0596978 0.353508 0.19881 
2.40715 -2.16246 0.427255 
0.450594 0.373422 0.125557 
-0.0650233 0.300261 0.0921451 
-0.122279 0.305243 0.178546 
0.106151 0.0383512 0.261316 
0.113452 0.0737879 0.253141 
-0.125624 0.0830448 0.327387 
0.143192 -0.664515 0.460231 
-0.501075 -0.603464 0.0427044 
-0.187156 -0.536845 0.723455 
-0.250268 0.0541795 0.313287 
-0.058819 0.128773 0.276799 
0.225239 -1.13725 0.415982 
-2.64981 -2.63676 0.691322 
-0.0469274 0.330901 0.183713 
