0.98312 0.0475985 -0.176662 0.148646 -0.0968655 0.954551 -0.281867 -0.264031 0.155216 0.294222 0.943049 -0.101662 0 0 0 1
0.999933 -0.0115422 0.00109662 0.00745129 0.0115418 0.999933 0.000359278 0.00325161 -0.00110069 -0.000346596 0.999999 0.00104666 0 0 0 1
###
0.16354 -0.206418 0.348174 
-0.412136 0.114084 0.292831 
-0.161583 0.172569 0.332596 
-0.143589 0.249434 0.227172 
-0.43999 0.13219 0.310651 
0.0949367 -0.222635 0.325024 
-0.147766 0.244075 0.21369 
-0.166011 -0.123943 0.344813 
-4.92924 -4.9076 3.83005 
2.73009 -2.1281 0.952435 
3.84212 -3.02003 1.36385 
-0.166444 0.136208 0.294237 
-0.202232 -0.170947 0.721541 
-0.250134 0.301758 0.163722 
-0.451354 0.19092 0.321171 
-0.0433287 -0.164792 0.309616 
0.118124 -0.549853 0.553699 
-0.149649 0.229805 0.231661 
-0.112917 0.299975 0.159345 
-0.250268 0.0541795 0.313287 
-2.80807 -2.4364 1.9725 
0.194361 0.149754 0.0379152 
-0.1241 0.274246 0.265463 
-0.235915 0.135485 0.283403 
-0.134963 0.252011 0.274014 
-0.0806414 0.303153 0.115964 
-0.161371 0.177279 0.247824 
-0.220685 0.305244 0.16502 
-0.146343 0.267597 0.136467 
0.00226416 -0.186853 0.325438 
-0.162915 0.170838 0.240588 
-0.231737 0.140339 0.277547 
-0.313889 0.0519984 0.150144 
-2.14852 -2.25171 1.23765 
-0.107979 0.0870401 0.296643 
0.162364 0.350665 0.197338 
-0.175747 0.0486305 0.30396 
-0.983447 -1.3399 1.35313 
-1.35602 -1.3172 0.748796 

-0.0735928 -0.145824 0.13131 
0.136946 0.0167608 0.194082 
-1.05547 -1.3695 2.18317 
-0.645277 0.366974 0.444689 
0.160791 -0.0381401 0.227864 
-1.10971 -2.0352 1.36902 
-0.171958 -0.0362896 0.0495385 
-0.613302 -1.12075 1.49055 
1.09823 -1.33732 0.436473 
-1.19509 -0.745927 0.205051 
6.25552 -5.48559 3.3858 
0.0285149 -0.0418608 0.415161 
0.0245278 -0.0399219 0.365476 
-0.853216 0.364042 0.656386 
1.15696 -1.36688 0.518231 
1.76407 -5.16474 9.37385 
-1.86981 -3.11749 1.1484 
-1.09452 -0.174697 0.363849 
0.187478 0.0643737 0.1571 
-0.11923 0.0896253 0.324511 
1.13773 -1.33153 0.505141 
-0.868334 0.335906 0.568727 
-0.126642 0.339084 0.105561 
0.207838 -0.0384626 0.185673 
-0.0564066 0.0347663 0.378307 
1.35281 -1.26436 0.780888 
1.79308 -0.0297746 0.381673 
-0.845285 0.221974 0.297068 
-0.0680628 0.0990866 0.279759 
-1.57348 -2.54521 0.879345 
0.0797083 0.0608273 0.352591 
0.206611 -0.0382031 0.183311 
0.425075 -6.72841 12.3675 
-1.76738 -3.28438 2.18053 
-3.92655 -6.03125 0.176062 
0.377715 -2.25618 1.05405 
2.44251 -1.19727 1.31099 
-0.90142 -1.64782 1.10128 
-11.5364 -30.0527 32.6049 
