0.987062 0.0352915 -0.15641 0.153259 -0.0311216 0.999094 0.0290305 -0.274784 0.157293 -0.0237871 0.987265 -0.00963441 0 0 0 1
0.99989 -0.0148207 0.000699326 0.0107524 0.0148196 0.999889 0.00159664 0.00550727 -0.000722912 -0.0015861 0.999999 0.0013644 0 0 0 1
###
-1.09137 -0.735539 0.588963 
-0.143008 0.257651 0.2189 
-0.134137 0.261582 0.266728 
0.0579012 -0.595666 0.547833 
1.46359 -1.70693 0.666865 
-0.412136 0.114084 0.292831 
0.16354 -0.206418 0.348174 
-0.133736 0.274329 0.207341 
0.156165 -0.768763 0.655644 
-0.00619631 0.331476 0.174008 
-0.250268 0.0541795 0.313287 
-0.349569 0.333536 0.280182 
3.84212 -3.02003 1.36385 
0.0246732 0.344588 0.204965 
-0.0395348 -0.180061 0.298393 
-0.451354 0.19092 0.321171 
2.07346 -1.66548 0.370809 
-0.166011 -0.123943 0.344813 
2.73009 -2.1281 0.952435 
-0.0706276 -0.194334 0.34278 
-0.152979 0.225756 0.208935 
-0.0781826 0.118727 0.278258 
-0.149571 0.230283 0.252002 
0.0702541 -0.389794 0.441562 
0.225239 -1.13725 0.415982 
-0.088513 0.110997 0.280638 
-0.140571 0.261715 0.202341 
1.72655 -1.32256 0.777611 
0.544055 -0.419989 0.394165 
0.0703698 -0.568257 0.409705 
-0.149336 0.230785 0.261589 
0.00776659 -0.194048 0.329548 
-0.167148 0.0381908 0.687542 
0.580409 -0.464382 0.414125 
0.425488 -0.333985 0.358612 
0.578179 -0.461444 0.411985 
-0.171161 0.120623 0.303583 

-1.09521 -1.75834 0.653676 
0.188081 0.0646037 0.15583 
-0.173008 -0.0365357 0.0498457 
-0.948185 -1.72982 1.1874 
4.00751 -15.0914 17.5173 
0.580643 -0.338817 0.0558997 
-0.0736674 -0.145964 0.131436 
-0.649179 0.369162 0.447348 
1.15762 -1.36812 0.520311 
6.36387 -5.58183 3.44585 
0.209062 -0.0386983 0.186783 
-0.850019 0.223219 0.29867 
1.34097 -4.37834 7.81625 
-0.872533 0.337558 0.571028 
5.49723 -4.05747 4.26116 
-0.000262954 0.0193503 0.407685 
2.87876 -2.2977 3.17147 
-0.616812 -1.12678 1.49792 
0.884008 -2.53393 4.64867 
-1.7727 -3.2939 2.18688 
-0.500576 0.376204 0.550235 
-0.971719 -0.343391 0.711494 
-1.0592 -0.127898 0.349618 
0.858327 -1.03896 0.0885238 
0.380511 -2.27194 1.06166 
-1.00063 -0.390972 0.682911 
-0.127383 0.341035 0.106134 
8.71048 -8.09311 5.01147 
-0.908584 -1.66089 1.11016 
0.0246167 -0.103314 0.388641 
-1.21417 -0.767392 0.218495 
-1.53419 -2.47565 0.853339 
-0.115675 0.338817 0.0951937 
-0.844651 -1.75151 1.52776 
-0.535242 -1.41125 1.70125 
6.94696 -7.18262 10.34 
0.0246277 -0.0401276 0.367312 
