0.980498 0.125858 0.150939 0.519541 -0.121497 0.991871 -0.0378089 -0.441848 -0.154471 0.0187329 0.98782 -0.166089 0 0 0 1
1 0 0 0 0 1 0 0 0 0 1 0 0 0 0 1
###
-3.91176 -7.16561 5.24201 
-2.6925 -0.914365 0.245758 
2.45273 -1.8225 0.903511 
-4.47028 -7.3629 1.94343 
-2.10268 0.185424 0.48087 
-4.47028 -7.3629 1.94343 
-0.585457 0.525195 0.142788 
-1.57283 -0.212977 0.688262 
-2.70207 -1.39098 0.321223 
-0.167829 -0.0613056 0.325065 
1.36187 -2.44862 1.48138 
-2.43095 -0.227661 0.551675 
-0.147635 -0.0823798 0.334569 
-2.37512 0.418 0.29316 
-2.21886 -0.461805 1.5353 
-4.08423 -7.80374 5.33606 
-1.81501 -7.25325 4.6917 
0.0242236 -0.11513 0.17897 
0.0746303 -6.89317 3.56331 
-1.04211 0.622524 0.229792 
-0.820441 0.602955 0.249377 
-2.21373 -0.459629 1.5311 
-2.95819 -3.92565 1.37717 
-0.208166 0.180601 0.23825 

0.151017 -0.137575 0.0529359 
0.107077 0.0422229 0.134543 
0.0981812 0.113223 0.0320871 
-1.3839 -2.19601 1.61446 
0.101601 0.0475528 0.0933833 
-0.467192 -0.767022 0.563403 
0.0136045 -0.0105554 -1.88625e-05 
0.12167 0.0326268 0.0627283 
-0.0368885 0.116916 0.215945 
0.17063 -1.7193 2.15332 
0.0486144 -0.0879824 -0.0638343 
0.119677 0.0114958 0.0868474 
-1.24641 -2.04316 1.49166 
0.0929904 0.115356 0.0605741 
0.123708 0.0381346 0.0455845 
0.249986 -0.356443 0.275035 
0.209372 -0.387918 0.0342154 
-0.118973 -0.259879 0.290731 
0.0668904 -0.311005 0.00554368 
-0.0384646 0.117196 0.217126 
-0.206611 0.026237 0.261926 
0.133837 0.0258429 0.00772598 
0.161466 -0.177586 0.158992 
-0.272395 -0.0694371 0.386899 
