0.984429 0.121561 0.126976 0.0320559 -0.127919 0.990846 0.04315 -0.204018 -0.120569 -0.0587207 0.990967 -0.0605511 0 0 0 1
0.924301 0.336332 -0.180412 0.0512025 -0.350316 0.935227 -0.0512735 -0.179777 0.151481 0.110593 0.982254 -0.0133372 0 0 0 1
###
-0.082086 0.276771 0.131096 
-0.853861 -1.77878 1.38244 
-0.100075 0.051898 0.38083 
-1.19509 -0.745927 0.205051 
-1.33946 -0.239254 0.437975 
-1.25904 -4.33645 2.88468 
0.032606 -0.126159 0.431584 
-0.962802 0.304345 0.480517 
-1.16412 -0.488722 0.176726 
-1.74792 -4.05353 2.88811 
-0.717909 -4.09828 2.62024 
-1.20059 -1.94072 0.71909 
0.348039 -3.77131 1.90698 
0.90916 -1.35493 0.716268 
-1.01461 0.214356 0.210118 
-0.086478 0.279472 0.135748 
-1.03409 -0.11715 0.343383 
-3.1302 -5.47037 1.73397 
0.331005 -3.69475 1.87815 
3.06478 -11.5811 12.9832 
-0.204218 0.342536 0.161776 
-0.724125 -0.58252 1.37135 
-0.0877004 0.113606 0.300415 
-1.04492 -0.125315 0.345726 
0.0717287 -3.42255 1.88229 
-0.999413 0.307122 0.495893 
-0.451629 -0.675362 -0.0274937 
-0.0877434 0.110545 0.310954 
-0.98454 -0.307957 0.82928 
0.151979 0.14962 0.135348 
-0.113291 0.338462 0.0944889 
1.14014 -1.32155 0.512466 
-1.18632 -0.672647 0.206279 

0.389463 0.318005 0.0700266 
0.152065 -0.75421 0.763733 
-0.167303 -0.122679 0.340874 
-0.23562 0.0734904 0.275817 
-0.158081 0.198041 0.238638 
0.126829 -0.723717 0.586524 
1.32868 -1.65131 0.588506 
-0.0780791 0.317023 0.188469 
-0.240641 0.128379 0.29057 
0.00813422 -0.235366 0.348922 
0.132429 -0.722678 0.477453 
-0.156739 -0.290147 0.441124 
0.013339 -0.329276 0.17336 
-4.65093 -4.8906 2.78142 
-0.167101 0.305763 0.18772 
-0.0631165 0.30096 0.0896445 
-0.13286 0.0456761 0.31025 
-7.43929 -7.15022 4.52846 
0.225239 -1.13725 0.415982 
2.40715 -2.16246 0.427255 
-0.214839 0.465436 0.287872 
0.106151 0.0383512 0.261316 
-0.0174328 0.327956 0.185205 
-0.149894 0.26578 0.229309 
0.151293 -0.926381 0.264894 
-0.0861178 0.328137 0.189884 
0.339746 -0.611868 0.0887767 
-0.250268 0.0541795 0.313287 
-0.0515012 0.133137 0.27632 
-0.0545531 0.314464 0.175593 
-0.0331266 0.322827 0.180382 
-0.17475 0.0160211 0.312014 
-0.243896 0.0768574 0.305778 
