0.179106 -0.133115 -0.974783 0.0646259 0.316008 0.946086 -0.0711332 -0.105349 0.931697 -0.295299 0.211515 -0.0140628 0 0 0 1
0.999566 -0.00993363 -0.0277356 0.0263084 0.0101755 0.999911 0.00859202 -0.00244356 0.0276478 -0.00887051 0.999578 0.00155136 0 0 0 1
###
0.0968489 0.118319 0.0760047 
0.127724 -0.466126 0.8083 
0.0338923 0.0178141 0.157686 
0.362743 -0.889603 -0.744543 
0.241229 -0.301829 0.21278 
0.0735034 -0.0187503 0.0541279 
0.0913865 0.0372991 0.212712 
0.524463 -1.56455 -1.22918 
0.0871412 0.0974878 0.0692981 
0.101026 0.0231595 0.128544 
0.0897499 0.116719 0.0738438 
0.0924285 0.0865845 0.0768691 
0.03445 0.0925843 0.0489197 
0.0703339 0.11225 0.0363962 
0.560051 -1.47019 -0.730063 
0.140718 -0.136648 0.0676188 
0.0863132 0.0670867 0.195625 
0.0616005 0.116788 0.10172 
0.0753579 0.0935444 0.252314 
0.0904509 0.112041 0.0279525 
0.0763156 0.119127 0.115338 
0.135413 0.0981506 0.0738772 
0.171222 -0.177178 -0.145668 
0.578176 -0.994371 -0.754863 
0.579453 -1.52595 -0.755577 
0.290337 -0.506419 0.0338171 
0.145493 -0.121964 0.143857 
0.239568 -0.271726 0.196728 
0.142145 -0.237992 0.392712 
0.10682 0.0119026 0.136186 
0.0913004 0.114691 0.0492365 
0.183847 -0.196273 0.170733 
0.0285445 0.0969531 0.0766551 
0.0982749 0.0995844 0.0689606 
0.175775 -0.204734 0.049981 
0.248366 -0.34257 0.260523 
0.0851947 0.117484 0.096241 
0.256059 -0.306277 0.0722959 
0.0859428 0.0680154 0.196733 
0.486477 -1.29565 -0.606809 
0.614346 -0.86829 -0.138699 
0.0636335 -0.371189 0.662579 
0.159804 -0.168282 0.0510906 
0.0333369 0.0926593 0.0494963 
0.119723 -0.074842 0.140232 
0.210657 -0.323452 0.406953 
0.0823814 0.0702482 0.198615 
0.102284 0.113286 0.0141864 
0.122973 0.0339045 0.0164599 
0.500775 -1.39828 -0.672636 
0.0634673 0.109792 0.00408293 
0.316525 -0.484136 -0.406629 
0.103693 0.0150367 0.13224 
0.0952603 0.117548 0.0751034 
0.0628947 0.109476 0.00461318 
0.101848 0.113587 0.0223664 
0.0805557 0.0889863 0.0736137 
0.0753553 0.0501491 -0.0769372 
0.118085 0.0114972 0.0854672 
0.339282 -0.477863 -0.357542 
0.0623008 0.109264 0.00577464 

-2.05026 0.696283 1.10967 
1.53911 -2.32641 0.894824 
0.701055 -0.732497 1.13131 
3.20482 -2.73383 3.98457 
-0.84423 -7.57731 13.7958 
-1.77113 -7.29321 4.53668 
-0.128697 0.0741341 0.246963 
4.02377 -7.84307 13.2497 
-0.0241899 -0.00862955 0.715848 
-0.0849811 -0.0670803 0.273374 
3.63569 1.38086 0.679954 
-2.40658 -0.225531 0.545307 
-2.07188 0.703833 1.12756 
0.357952 0.714289 0.530613 
2.68684 -12.5772 15.1134 
3.36595 -2.9132 4.21746 
3.43675 1.26549 0.433859 
0.477814 -0.829867 0.0584404 
-0.438091 -0.0186455 0.585674 
-6.09048 -16.2604 18.5501 
0.281525 -0.360419 -0.0134734 
-2.18733 -0.196477 0.481191 
-0.347655 0.506186 0.208572 
0.184674 0.113684 0.627154 
1.34124 -2.41407 1.46003 
-1.98904 0.723285 1.18587 
-0.237707 -1.07486 1.9462 
-0.529501 -4.11472 7.44655 
4.15883 -3.07676 1.66899 
-2.6678 -1.37209 0.313621 
0.321628 0.808441 0.23511 
-0.40954 -4.56671 8.63925 
-0.713533 -0.987007 0.00597914 
-0.510249 -0.0247075 0.693259 
0.225211 0.180204 0.521926 
-1.54161 -3.12751 4.21035 
-0.364085 0.551313 0.0701231 
-2.56024 -3.7707 2.71765 
0.581651 -0.888848 0.340217 
3.06907 -14.2153 16.4265 
-0.953953 -4.36443 7.57529 
-3.11247 -4.19337 1.60038 
-3.8174 -5.13295 1.48295 
-0.653937 -1.23989 1.68098 
-0.712357 -1.37008 1.84114 
-0.635346 -3.08978 5.52861 
-0.426009 -0.180015 0.661308 
-2.07701 0.644291 0.954703 
2.04384 0.0685514 2.46611 
3.11522 -14.444 16.6777 
-1.14427 0.604724 0.261314 
2.16224 -8.73288 16.0807 
-0.0814451 -0.0677792 0.27494 
-2.11793 0.638826 1.02376 
2.82387 -0.049026 0.669367 
-2.24398 0.580446 0.775895 
-0.0416536 0.0189805 0.471378 
-0.438192 -0.0170572 0.587258 
-2.29104 -0.609194 1.24602 
9.05442 -9.88698 14.7928 
-0.0240344 0.13982 0.607862 
