0.974932 -0.0892626 -0.203812 0.18397 0.0774496 0.99486 -0.0652348 -0.254599 0.208587 0.0478143 0.976834 -0.0380772 0 0 0 1
0.999935 -0.0113388 0.00123188 0.00735116 0.0113384 0.999936 0.000324262 0.003261 -0.00123547 -0.000310273 0.999999 0.001029 0 0 0 1
###
-0.558266 0.214869 0.307631 
-0.272456 0.30843 0.187847 
-1.28809 -1.02829 0.897387 
0.0767151 -0.607378 0.413198 
0.0579012 -0.595666 0.547833 
-0.663379 -0.26632 0.400624 
0.332031 -0.160896 0.127868 
-0.131629 0.256162 0.0555203 
-0.147697 0.237858 0.207497 
-0.143922 0.249723 0.231068 
0.3605 -0.403927 0.25155 
1.4338 -1.78141 0.611844 
0.0595272 0.313586 0.0845522 
-4.7924 -5.24697 1.68269 
-0.742285 -0.345121 0.391868 
0.0153086 0.138858 0.260721 
-0.182035 -0.143476 0.365516 
0.723448 -0.488555 0.360061 
-0.124154 0.292309 0.147807 
-0.141801 0.278189 0.10551 
-0.102918 0.0930126 0.290816 
-0.13398 0.283035 0.136516 
-0.167774 0.0954005 0.507406 
-0.123481 0.292661 0.124701 
-0.130663 0.281327 0.175722 
-0.217453 0.314206 0.208137 
0.62942 -0.385454 0.285907 
-0.250268 0.0541795 0.313287 
-0.250268 0.0541795 0.313287 
-0.285051 0.313459 0.223081 
0.369766 -0.191433 0.129319 
1.26913 -0.911972 0.512312 
-0.144831 0.229691 0.296443 
-0.235915 0.135485 0.283403 
0.114978 0.0717283 0.260168 
0.0546177 -0.622626 0.288175 
-0.140284 0.262416 0.195323 

-0.524944 0.394174 0.575874 
-0.842339 0.221103 0.295942 
1.13225 -1.3247 0.502923 
0.67049 -1.54104 0.274021 
-0.80584 -1.68044 1.50253 
1.19137 -1.38586 0.532734 
4.04876 -3.18165 4.34243 
-0.85717 0.365511 0.663826 
-0.171274 -0.0361656 0.0493343 
-0.642949 0.365529 0.442972 
3.95449 -14.8399 17.2365 
2.7724 -10.7478 12.6094 
-0.445276 0.384896 0.543584 
-1.25352 -1.59745 0.046607 
-1.16489 -1.87776 0.685693 
-0.834257 -0.260452 1.05609 
-0.206965 -3.97201 6.81015 
1.35489 -4.42065 7.8926 
0.185984 0.0638835 0.154112 
-0.126127 0.337716 0.105126 
-0.962172 -0.340204 0.704578 
0.11708 0.151612 0.251768 
-1.24682 -0.878935 0.515939 
0.129471 0.274556 0.0986747 
-1.02817 -0.158664 0.341034 
-0.959924 0.303387 0.479133 
4.62404 -3.31387 4.14289 
0.20189 -0.0379782 0.182271 
-1.18936 -0.742726 0.204334 
-0.1971 0.303855 0.0093053 
4.02389 -3.13944 4.32343 
0.13135 0.0756251 0.208397 
-0.0677376 0.0985989 0.278414 
0.205858 -0.0380342 0.182638 
-0.688106 -0.383704 1.26038 
0.346408 -3.74551 1.89485 
0.0793273 0.0605316 0.350887 
