0.97581 0.116228 0.185163 0.522604 -0.119081 0.992875 0.00431981 -0.342098 -0.183342 -0.0262646 0.982698 -0.190286 0 0 0 1
1 0 0 0 0 1 0 0 0 0 1 0 0 0 0 1
###
2.70795 -12.6691 15.22 
-4.43036 -7.29132 1.91962 
-2.68315 -0.909539 0.243596 
-2.77908 -4.87764 4.11461 
-1.04745 0.645642 0.343313 
-1.65953 -2.03104 2.66374 
-2.27119 -0.285657 0.51438 
-2.15275 -3.36063 2.96695 
-3.30601 -4.63245 1.51889 
-1.27371 -1.30379 1.80635 
-2.41501 -0.739737 1.22439 
-2.44287 -0.381046 0.567506 
-0.403053 -6.27727 3.49348 
-2.73352 -4.7675 4.04313 
-1.59671 -1.6123 -0.0260149 
-0.170438 -4.11057 2.20037 
-1.59921 -1.90392 2.5734 
-2.47012 -0.502142 0.583689 
-3.28128 -5.65342 4.00485 
-2.94564 -3.9062 1.36875 
-2.19775 -0.478875 1.36472 
-2.68903 -1.38296 0.316542 
-0.271589 -7.1877 3.91735 
2.0057 -3.80682 1.84536 
-0.699409 0.594492 0.173621 
-4.65793 -7.13439 0.040333 
-1.61284 -3.13306 4.01891 
-2.29404 -0.297048 0.524448 
-3.12034 -5.0822 3.6206 
1.21627 -2.55605 1.35658 
-1.68012 -2.14261 -0.164866 
1.55843 -2.355 0.905434 

0.0934797 -0.2118 0.242957 
-0.116356 -0.462901 0.550521 
0.102026 0.0433323 0.126229 
0.475302 -0.457717 0.0499 
0.0862119 0.0657652 0.205849 
0.144084 -0.114132 0.00214651 
0.144406 0.00119137 0.115209 
0.241293 -0.224175 0.0340168 
0.0371435 -0.14177 -0.0734487 
-0.365722 -1.68604 2.08406 
0.118827 0.0115789 0.0858878 
0.117432 -0.0126976 0.100456 
0.093164 -0.538755 0.00215152 
0.0983866 -0.0918552 0.0528502 
-0.209733 -0.0150309 0.292988 
0.0813795 -0.399166 0.0081834 
0.135157 -0.0764113 -0.000592065 
0.125302 0.00237198 0.0987602 
0.234185 -0.227549 0.0849204 
0.184719 -0.197144 0.171449 
0.123697 0.0382089 0.0436894 
0.105103 0.0138475 0.135536 
0.156318 -0.376735 0.0227086 
0.231836 -0.327239 0.0585672 
-0.190262 0.0726754 0.119419 
0.274706 -0.283865 0.217263 
-0.207955 -0.67698 0.824306 
0.119042 0.0190138 0.0792765 
0.155194 -0.141076 0.0473471 
0.302354 -0.351147 0.0532406 
-0.0838835 -0.161048 0.165175 
0.103385 0.114117 0.0142724 
