0.130634 -0.166954 -0.977272 0.0683803 0.0367353 0.985857 -0.163511 -0.0976745 0.99075 -0.0145403 0.13492 -0.0412893 0 0 0 1
0.999561 -0.0176935 -0.0237545 0.0709976 0.0178326 0.999825 0.00565791 -0.00681834 0.0236502 -0.00607903 0.999702 0.00931635 0 0 0 1
###
0.0611404 0.117079 0.101777 
-0.0155221 -0.920546 1.16347 
0.0308355 0.0611359 0.110576 
0.102728 0.0854454 0.0801715 
0.0311974 -0.0334603 0.219526 
0.108307 -0.345916 0.645773 
0.0922568 -0.227376 -0.198019 
0.100029 0.0464772 0.123156 
0.0869357 0.0977206 0.0694542 
0.0885374 0.0440551 0.210691 
0.276383 -1.83387 -0.931932 
0.0726957 0.102542 0.0646822 
0.07373 0.104095 0.0633756 
0.200279 -0.183195 -0.0262675 
0.105103 0.0138475 0.135536 
0.2298 -0.282435 -0.239808 
0.110641 -0.0395937 0.108904 
0.139808 -0.445633 0.754102 
0.0690275 0.112846 0.035136 
0.091342 0.121417 0.115799 
0.349441 -0.866073 -0.734248 
0.213191 -0.0278434 0.147955 
0.174721 -0.202966 0.0499574 
0.179439 -0.370344 0.0448422 
0.0758355 0.094388 0.253258 
0.118006 -0.0021558 0.110519 
0.0993547 0.116106 0.048749 
0.0961792 0.118264 0.0757943 
0.0877511 0.0677864 0.196324 
0.10537 0.118474 0.0323882 
0.0713732 0.112819 0.0498948 
0.5601 -1.47033 -0.729623 
0.0646825 0.11173 0.0307897 
0.159172 -0.166447 0.051225 
0.094195 0.118887 0.103679 
0.0943311 0.123075 0.106564 
0.144746 -0.0989251 -0.00262482 
0.126238 -0.0784991 0.126596 
0.0971258 0.118734 0.0762489 
0.0386438 0.0543121 0.0320129 
0.107691 0.0113946 0.137241 
-0.0402734 -0.459937 0.562009 
0.0408824 0.0617229 0.0337173 
0.50834 -0.791422 -0.63148 
0.0819737 0.0709058 0.197527 
0.076066 0.0945651 0.254136 
0.0925086 0.0783889 0.210096 
0.434843 -1.19698 -0.575164 
0.0837707 -0.278269 0.0240221 
0.439481 -0.714329 -0.594096 

-2.27013 0.505401 0.529789 
-8.11191 -9.3741 0.63046 
-10.3066 -12.4565 0.536623 
-0.0122351 0.242316 0.579747 
0.0999329 0.417772 0.428578 
1.56478 -2.36456 0.908867 
-3.12278 -4.18722 1.5969 
-0.08586 -0.0676909 0.275876 
-2.43095 -0.227661 0.551675 
-0.130057 0.0748333 0.249162 
2.79175 -2.88273 1.12805 
-0.0244284 -0.00871288 0.722393 
-2.20896 -0.198178 0.48649 
9.35683 -10.2313 15.2937 
-0.0797138 -0.0682782 0.282718 
3.25019 -2.77408 4.03954 
-0.853794 -7.72378 14.0599 
-3.19045 -4.30166 1.64362 
-0.472106 0.332198 0.447903 
3.66528 1.39184 0.684578 
4.03433 -7.86429 13.2837 
-0.00938933 0.342786 0.35733 
-3.31836 -4.46274 1.68457 
-1.78808 -7.36417 4.58095 
0.158546 0.175363 0.601519 
-1.66483 -2.0409 2.67222 
-0.252627 0.558084 0.0907468 
0.474498 -0.666325 -0.0121357 
1.65619 -2.49835 0.955404 
-0.442297 -0.0172989 0.592314 
0.119445 0.391652 0.607929 
2.87309 -14.0221 16.9056 
0.324739 0.816191 0.237291 
3.46405 1.27531 0.436504 
-4.27738 -3.96407 0.119517 
-0.442272 -0.0188045 0.591322 
-1.55618 -3.15767 4.25097 
-0.412426 -4.54632 8.60152 
0.283875 -0.363663 -0.0136504 
-0.659538 -1.25054 1.69552 
-2.70207 -1.39098 0.321223 
-3.14257 -5.52795 0.0358148 
-2.09143 0.710645 1.13842 
7.87402 -7.22998 4.70474 
-0.429985 -0.181636 0.667449 
-0.697307 0.181094 0.530533 
-2.00627 0.730264 1.197 
3.09307 -14.3649 16.5809 
-0.918199 -6.31005 3.77466 
2.3623 -9.44812 17.3893 
