0.980579 0.126909 0.14953 0.0267687 -0.126078 0.991906 -0.015063 -0.183217 -0.150232 -0.00408202 0.988642 -0.0935511 0 0 0 1
0.998003 -0.0606803 -0.0175463 0.0264011 0.0600338 0.997573 -0.0352821 -0.00515249 0.0196447 0.0341583 0.999223 -0.018436 0 0 0 1
###
2.22288 -1.44431 0.746632 
-0.971941 -4.0712 2.73465 
-0.66063 -3.7412 2.39343 
-0.880212 -3.62831 2.44923 
-0.393566 -1.71498 2.53591 
-1.05017 -1.36506 0.581009 
-0.959924 0.303387 0.479133 
-0.847583 -1.76211 1.53731 
-0.626648 -0.870858 0.393517 
1.0016 -1.21971 0.393548 
-0.0860666 0.278362 0.135177 
-0.147398 0.238019 0.384751 
-0.998337 -0.390769 0.682697 
-1.11949 -0.180017 0.371907 
0.956777 -1.27072 0.769114 
-0.177176 -1.09785 2.00714 
-0.0871279 0.113176 0.301091 
-1.07803 -0.256664 0.367209 
-0.213198 -3.51041 2.07914 
-3.12568 -5.50763 1.73461 
-1.19714 -0.756775 0.215859 
-1.51723 -2.47754 0.90992 
-1.04067 0.215641 0.218966 
0.0112803 0.23733 0.273229 
0.139752 0.0941728 0.163874 
-0.350192 -2.69516 4.39104 
-0.0865832 0.112179 0.302688 
-1.03752 -3.37831 2.36122 
0.110464 -0.112432 0.414706 
-0.128033 0.338884 0.105278 
-1.78745 -2.93839 0.361361 
-0.949642 -0.277612 0.860548 
-1.03036 -1.62864 0.611933 
-0.826115 0.383578 0.70622 
-0.71803 -1.33225 -0.0110154 
1.19137 -1.38586 0.532734 
-0.188127 0.338864 0.149672 

-0.0602952 0.317262 0.180208 
0.175476 -0.757082 0.602451 
0.132429 -0.722678 0.477453 
0.107865 -0.755441 0.502411 
1.40049 -2.55308 0.0019048 
0.440505 -0.359766 0.335344 
0.263865 0.221954 0.0361112 
0.19557 -0.489544 0.665854 
-0.216586 -0.36855 0.511784 
0.221113 -0.178974 0.0638743 
-0.167101 0.305763 0.18772 
-0.0125329 0.32283 0.183613 
-0.0820605 0.107791 0.278103 
-0.172786 0.0990428 0.286198 
2.40715 -2.16246 0.427255 
0.664309 -0.544446 0.452738 
-0.0174328 0.327956 0.185205 
-0.118738 0.0719037 0.304241 
0.164234 -0.807923 0.429764 
0.253456 -0.509062 0.68932 
-0.250268 0.0541795 0.313287 
-0.104904 -0.358503 0.515584 
-0.0766344 0.319656 0.195031 
-0.0650233 0.300261 0.0921451 
0.450594 0.373422 0.125557 
0.119607 -0.162054 0.218267 
-0.241469 0.138521 0.290161 
0.126673 -0.588602 0.542725 
-0.243862 0.0786497 0.302738 
0.545599 0.435759 0.116464 
-0.501966 -0.496859 0.536966 
-0.0100305 0.142452 0.268611 
-7.43929 -7.15022 4.52846 
-0.626612 0.323992 0.334579 
-0.995554 -1.13858 0.0890132 
-0.0596978 0.353508 0.19881 
-0.122279 0.305243 0.178546 
