0.976392 0.107232 0.187509 0.0308467 -0.116895 0.992288 0.0412288 -0.130387 -0.181642 -0.0621744 0.981397 -0.0925323 0 0 0 1
0.998003 -0.0606803 -0.0175463 0.0264011 0.0600338 0.997573 -0.0352821 -0.00515249 0.0196447 0.0341583 0.999223 -0.018436 0 0 0 1
###
0.469605 -1.53131 2.97719 
-0.829785 -1.72539 1.34023 
3.91614 -14.6775 17.0493 
-1.13923 -0.47772 0.172385 
0.0521117 0.207927 0.21706 
1.2546 -4.07902 7.28251 
-0.893077 -1.89468 1.61356 
-0.945852 -3.96259 2.66165 
0.882844 -1.31314 0.694637 
-1.16926 -0.730213 0.200654 
-1.03252 -1.34408 0.5721 
-3.27601 -3.26419 6.49478 
-3.09875 -12.2932 14.7349 
-1.00138 -0.180221 0.335482 
-0.846753 0.360521 0.655392 
-1.16818 -1.88379 0.674161 
0.0734416 0.135722 0.259963 
-0.62763 -1.31602 1.61901 
-1.0388 -0.232104 0.35076 
-0.96295 -0.338586 0.708619 
-2.80973 -5.88088 4.06023 
-0.464257 -0.626074 0.0227609 
0.147089 -0.0459887 0.387823 
-0.542025 -1.52045 1.86309 
-1.03294 -0.230976 0.349207 
-1.19696 0.207435 0.219628 
-1.09077 -0.308117 0.370959 
-1.02417 -0.329859 0.82066 
-1.21509 -2.42472 1.73212 
1.20597 -3.4673 6.35876 
-1.0174 0.212064 0.213416 
-0.940018 0.29623 0.466027 
0.0212199 0.152968 0.299691 
-0.0637707 0.190681 0.269526 
-1.01586 -3.30656 2.31095 
-0.690891 -4.02485 2.57358 
-0.618951 -1.10529 1.43172 
-0.1172 0.0865727 0.329805 
-1.05051 -0.292966 0.358215 
-1.31686 -2.07102 0.611121 
1.64512 -4.81338 8.73969 
-0.0848318 0.112304 0.292811 
-0.714953 -0.370033 1.26054 
0.146935 0.0625762 0.234541 
1.19725 -1.39318 0.532597 
-0.984047 -3.71158 2.39347 
6.5776 -6.02274 3.72339 

0.496356 0.37842 0.135057 
0.0245955 -0.438263 0.621537 
-1.59486 -1.88073 1.69635 
-0.25096 0.130658 0.313207 
0.103405 -0.76348 0.505527 
0.313958 -0.280307 0.151031 
0.0946369 -0.127981 0.176105 
0.175476 -0.757082 0.602451 
-0.332211 -0.815032 0.868764 
-0.250268 0.0541795 0.313287 
-0.177769 -0.244041 0.399141 
-0.202659 -0.309665 0.499216 
0.15008 -0.20161 0.269788 
-0.138486 0.0380766 0.318154 
-0.398777 0.341208 0.283076 
-0.216586 -0.36855 0.511784 
0.159139 -0.811646 0.685652 
0.123827 -0.18984 0.304796 
-0.0649501 0.296756 0.0911938 
-0.0820605 0.107791 0.278103 
0.0962608 -0.640651 0.878312 
-1.35891 -1.38464 0.22098 
0.416628 0.331851 0.0750334 
0.119607 -0.162054 0.218267 
-0.145392 0.015867 0.321706 
-0.220865 0.324114 0.219203 
0.111104 -0.0610721 0.290418 
-0.058819 0.128773 0.276799 
-0.266286 -0.728784 0.823701 
1.32289 -1.03105 0.468878 
0.466368 0.394066 0.0932253 
-0.803551 0.375739 0.401596 
0.429171 0.357662 0.058616 
0.417905 0.325546 0.0536602 
0.126673 -0.588602 0.542725 
0.143192 -0.664515 0.460231 
0.113395 -0.131995 0.306894 
-0.505148 0.182383 0.357719 
0.106486 -0.0287062 0.280629 
-0.626612 0.323992 0.334579 
-2.46673 -2.52913 0.362377 
-0.241469 0.138521 0.290161 
0.113759 0.0802976 0.265871 
-0.0197922 0.324403 0.181447 
-0.0596978 0.353508 0.19881 
0.15484 -0.788518 0.646128 
2.29243 -3.18095 0.317203 
