0.968231 0.0880385 0.234046 0.528279 -0.107235 0.991725 0.0705784 -0.220381 -0.225896 -0.0934342 0.96966 -0.21228 0 0 0 1
0.989964 -0.0288386 -0.138347 -0.0029582 0.0409287 0.99551 0.0853561 0.00370749 0.135265 -0.0901618 0.986699 -0.00277437 0 0 0 1
###
2.16224 -8.73288 16.0807 
-2.05026 0.696283 1.10967 
2.68684 -12.5772 15.1134 
-0.181286 -0.295664 0.760261 
-4.37161 -7.19263 1.8924 
-2.29241 0.255892 0.535342 
0.0911358 -6.36372 3.25422 
-0.692049 0.173687 0.545163 
-2.698 -1.37629 0.306282 
-4.18919 -11.5004 13.2546 
0.336044 0.391612 0.661717 
-1.64682 -2.01653 2.64583 
-2.50758 -4.25586 2.94329 
2.4434 -9.14643 17.1578 
-1.98904 0.723285 1.18587 
-2.66082 0.403355 0.305883 
-1.79574 -7.00583 4.51782 
-1.209 -1.16335 1.65154 
-1.24516 0.0503183 0.260275 
1.34124 -2.41407 1.46003 
0.0502865 -6.31231 3.26799 
-0.396641 -6.19257 3.44999 
-0.688695 0.181939 0.517244 
-2.26605 -6.99364 4.748 
7.09785 -7.79064 11.61 
-1.33519 0.0202566 0.283531 
1.63433 -2.46512 0.943644 
-0.413657 -6.65149 3.70445 
-2.02425 -2.36513 -0.277396 
-2.96971 -9.05867 5.53302 
-1.8017 -7.20064 4.65791 
-3.40708 -0.70966 0.832232 
0.0720529 -6.76891 3.49923 
1.53911 -2.32641 0.894824 
-2.38951 -7.30841 5.0658 

0.485568 -0.833946 -0.670711 
0.014231 -0.0102714 -0.000893628 
-0.00506171 -0.154307 0.182032 
0.0532 -0.352869 0.437768 
0.244616 -0.317644 0.283808 
0.0879848 0.0895481 0.0716261 
0.154611 -0.399307 0.0411697 
0.088223 0.0438986 0.20997 
0.104699 0.013795 0.135027 
-0.208113 -0.677021 0.82418 
0.22091 -0.351656 0.0597678 
0.138912 -0.106707 0.0009545 
0.551363 -0.585775 0.197842 
0.539907 -0.935314 -0.746076 
0.127386 0.109256 -0.0497287 
0.0468021 0.0483911 -0.0529161 
0.20901 -0.381249 0.0358982 
0.134642 -0.0761025 -0.000584609 
0.119638 0.0298484 0.0660661 
0.0478079 -0.0861564 -0.0625373 
0.0904593 -0.520032 0.00260679 
0.0660608 -0.307162 0.00541887 
0.0863132 0.0670867 0.195625 
0.224213 -0.356985 0.0418872 
-0.53572 -2.12492 2.52347 
0.117509 0.00937423 0.0869018 
0.102929 0.11361 0.0142155 
0.0589916 -0.26757 0.00495511 
0.0889964 0.11609 0.062556 
0.254543 -0.36693 0.0709912 
0.207087 -0.383715 0.0338136 
0.134762 -0.021333 -0.00420095 
0.0332672 -0.130255 0.00415143 
0.0962732 0.113826 0.0382158 
0.230767 -0.359955 0.0398067 
