0.97581 0.116228 0.185163 0.522604 -0.119081 0.992875 0.00431981 -0.342098 -0.183342 -0.0262646 0.982698 -0.190286 0 0 0 1
0.146644 -0.121322 -0.981721 0.035249 -0.0339352 0.991249 -0.127569 -0.0295568 0.988607 0.0520222 0.141244 -0.0256708 0 0 0 1
###
-1.47878 0.788707 1.01723 
-4.43036 -7.29132 1.91962 
-2.25167 0.585605 0.782744 
-2.68315 -0.909539 0.243596 
-2.77908 -4.87764 4.11461 
-2.72045 -1.38772 0.309656 
-3.13555 -4.22405 1.61201 
-1.04745 0.645642 0.343313 
-1.65953 -2.03104 2.66374 
-2.27119 -0.285657 0.51438 
-1.45549 -6.12825 3.63947 
-2.15275 -3.36063 2.96695 
-3.30601 -4.63245 1.51889 
1.32903 -2.71069 1.42874 
-1.27371 -1.30379 1.80635 
-1.75386 -0.641014 2.26729 
-2.41501 -0.739737 1.22439 
-2.44287 -0.381046 0.567506 
-2.73352 -4.7675 4.04313 
-2.35726 -5.81837 4.08934 
-1.59671 -1.6123 -0.0260149 
2.82364 -13.7171 16.5418 
-2.26388 0.504188 0.527978 
-0.766233 0.550077 0.269115 
-1.59921 -1.90392 2.5734 
-2.47012 -0.502142 0.583689 
-2.31528 -0.517888 1.50911 
-2.94564 -3.9062 1.36875 
-2.37571 0.416632 0.292698 
-1.78668 -0.678112 2.27239 
-0.417889 -6.71018 3.73446 
-3.14521 -5.18751 3.68623 
-2.68903 -1.38296 0.316542 
-0.271589 -7.1877 3.91735 
3.01496 -14.0145 16.1873 
-1.67314 -2.15777 -0.159948 
-0.657067 0.088401 0.648616 
-1.61284 -3.13306 4.01891 
-2.29404 -0.297048 0.524448 
-3.12034 -5.0822 3.6206 
-0.280497 0.340333 0.237189 
-1.68012 -2.14261 -0.164866 
1.55843 -2.355 0.905434 
2.90504 -14.1347 17.0567 
-0.282686 -8.17688 15.5787 

-0.40271 -1.13441 1.37909 
0.245283 -0.318455 0.284559 
0.0965696 0.115744 0.0477193 
0.102026 0.0433323 0.126229 
0.475302 -0.457717 0.0499 
0.105559 0.0131541 0.138368 
0.348101 -0.36701 0.269619 
0.0862119 0.0657652 0.205849 
0.13106 -0.0739116 0.00331784 
0.0969296 0.0638152 0.0865901 
0.179439 -0.370344 0.0448422 
0.172436 -0.159841 -0.0559972 
0.206193 -0.21049 0.168606 
0.1688 -1.70192 2.13135 
0.142273 -0.109667 0.000834962 
0.132573 0.00594254 -0.0113944 
0.119042 0.0190138 0.0792765 
0.133199 -0.0049182 -0.00678329 
0.270447 -0.263682 0.0294784 
0.20993 -0.279084 0.0507475 
-0.0310967 -0.13886 0.164291 
0.547435 -1.39762 -0.68786 
0.128128 0.110068 -0.0500716 
0.0758013 0.118192 0.0875184 
0.137597 -0.0994252 0.00163329 
0.118071 0.00562333 0.0900964 
0.123697 0.0382089 0.0436894 
0.238314 -0.248977 0.199215 
0.102901 0.118281 0.0470299 
0.133353 0.00455599 -0.00954525 
0.149122 -0.355772 0.0213801 
0.281833 -0.278733 0.0642974 
0.105868 0.0127063 0.134761 
0.115112 -0.463085 0.00895552 
0.434843 -1.19698 -0.575164 
0.0348231 -1.0696 -0.442215 
0.099343 0.11506 0.0221833 
0.249441 -0.231521 0.0325041 
0.119436 0.0214458 0.0770108 
0.1357 -0.11335 0.0601653 
0.0707764 0.113446 0.0351064 
0.0264283 -0.818391 -0.318634 
0.110116 0.0981935 -0.157855 
0.681777 -1.74319 -0.867885 
0.210394 -0.21064 -0.0954082 
