0.963961 0.134859 0.229331 0.0352995 -0.143812 0.989345 0.0227029 -0.0346158 -0.223826 -0.0548652 0.973084 -0.106627 0 0 0 1
1 0 0 0 0 1 0 0 0 0 1 0 0 0 0 1
###
-1.16957 -0.72943 0.199437 
1.21918 -3.91994 7.00469 
2.28743 -3.97357 7.00761 
-0.971537 0.259364 0.342107 
2.54162 -2.35231 3.59738 
-0.271091 -1.23025 0.788163 
-0.828854 -1.72275 1.50043 
6.6361 -6.84474 9.85142 
-0.472141 -0.641763 0.0139845 
-0.849014 0.361717 0.657095 
-1.03059 -1.71788 0.643472 
-0.438573 0.380315 0.545402 
-2.37446 -4.26056 1.32743 
-0.975153 -0.397064 0.648123 
-0.954615 -2.89387 3.22216 
-0.544132 0.318493 0.386583 
-0.801373 0.366296 0.675642 
-0.633986 -1.17735 1.55135 
-0.656199 -3.72239 2.37907 
-0.187786 -0.203409 0.0778116 
-1.53513 -2.49894 0.860573 
0.94594 -1.25341 0.747166 
-0.840964 0.358601 0.646623 
-0.323063 0.0267538 0.162176 
-0.949766 0.299952 0.474122 
-1.01003 -0.314887 0.828831 
-0.18606 -0.200141 0.0766648 
1.67081 -4.87519 8.8571 
7.8145 -7.95936 11.3897 
0.942096 -1.25069 0.755769 
1.96142 -7.72797 9.08357 
-0.168935 0.0257817 0.122494 
-0.85171 0.329524 0.556703 
-1.03077 -0.238149 0.349668 
-1.21052 -2.4054 1.72056 
-0.424896 -0.00289123 0.187742 
-1.00935 -3.28471 2.29351 
-0.88298 0.311439 0.482693 
-0.58884 -1.05923 1.42518 
1.296 -3.72678 6.84636 
-0.499525 0.376295 0.548455 
-1.0741 -0.128753 0.354559 
-0.366645 -0.685025 -0.0074097 
-0.680069 -0.381366 1.24387 
-1.0784 0.0755453 0.36056 
-0.349147 -0.654704 -0.0039466 
-0.973244 -3.68167 2.37262 
2.93578 -2.70757 4.22287 

-0.250268 0.0541795 0.313287 
0.313958 -0.280307 0.151031 
1.67182 -1.3598 0.315361 
0.217889 0.339828 0.177695 
-1.91661 -1.88839 1.23917 
0.126829 -0.723717 0.586524 
0.208599 -0.461157 0.635595 
-0.518557 -0.989939 1.16467 
0.393107 0.378774 0.163794 
-0.0125329 0.32283 0.183613 
-0.260207 -0.575924 0.725645 
-2.46673 -2.52913 0.362377 
-0.501966 -0.496859 0.536966 
-0.0820605 0.107791 0.278103 
0.181696 -0.227895 0.290847 
-0.118738 0.0719037 0.304241 
0.284516 0.360453 0.172346 
-0.177769 -0.244041 0.399141 
0.132429 -0.722678 0.477453 
-1.35891 -1.38464 0.22098 
-0.219398 -0.675503 0.935091 
3.24309 -2.87256 0.551083 
0.057773 0.340795 0.211425 
-0.138275 0.146995 0.171087 
-0.803551 0.375739 0.401596 
-0.0488555 0.138157 0.28316 
-2.64981 -2.63676 0.691322 
2.73009 -2.1281 0.952435 
-4.65093 -4.8906 2.78142 
2.40715 -2.16246 0.427255 
-1.59486 -1.88073 1.69635 
-0.16118 0.222983 0.239013 
0.389463 0.318005 0.0700266 
-0.148042 0.0238408 0.332172 
0.0962608 -0.640651 0.878312 
-0.144992 0.208861 0.198016 
0.126673 -0.588602 0.542725 
-0.0208923 0.320807 0.17213 
0.422982 0.382302 0.128149 
1.32289 -1.03105 0.468878 
-0.00946543 0.295112 0.0734103 
-0.163423 0.19991 0.252856 
-0.501075 -0.603464 0.0427044 
0.114978 0.0717284 0.260168 
-0.0515012 0.133137 0.27632 
-0.577011 -0.685545 0.0462313 
0.15484 -0.788518 0.646128 
0.253456 -0.509062 0.68932 
