0.969553 0.0845194 0.229834 0.035624 -0.108078 0.989885 0.091907 -0.0648958 -0.219741 -0.113949 0.96888 -0.0986783 0 0 0 1
1 0 0 0 0 1 0 0 0 0 1 0 0 0 0 1
###
-0.349275 -0.446225 0.0328757 
-1.91855 -3.5772 0.940802 
-1.45794 -3.39258 2.28419 
3.86158 -14.4656 16.7902 
-0.848924 0.361797 0.657568 
-1.1726 -0.732221 0.200589 
0.145556 -0.0447018 0.386002 
-1.82069 -3.02626 1.05562 
2.28954 -3.96602 6.99312 
-0.494452 0.375796 0.54843 
-1.33271 -3.97183 4.46649 
-0.850399 0.362018 0.658214 
-0.831737 -1.73008 1.50713 
-1.51054 -2.45842 0.846399 
1.2195 -3.92164 7.00825 
0.951775 -1.2608 0.752363 
-1.00597 -0.179707 0.340157 
-0.513009 0.303588 0.367349 
-1.19248 -4.12343 2.72249 
-0.643297 -1.35298 1.66174 
-1.02587 -0.161875 0.342144 
1.66844 -4.8791 8.85966 
0.943916 -1.25261 0.75744 
-0.841091 0.35852 0.646631 
-1.02229 -4.05689 2.6304 
-0.713904 -1.52839 1.44841 
-0.665551 -0.362312 1.24767 
1.29394 -3.71879 6.81768 
0.863638 -4.68904 2.14324 
-1.0313 -3.63057 2.34568 
-0.867192 -3.57875 2.41454 
-0.8147 -1.70411 1.52446 
-0.680132 -0.38002 1.24585 
-0.523774 -0.708372 0.187309 
7.82149 -7.96298 11.4064 
0.096004 -3.91905 2.14344 
-0.793261 0.366784 0.675444 
-1.01048 -4.06833 2.63971 
-0.589514 -3.46257 2.15103 
-0.117878 0.0872208 0.332204 
-0.328831 0.00990661 0.162385 
0.0912004 -3.8921 2.13039 
-0.817821 0.379393 0.699054 
-0.387344 -0.715298 -0.0678754 
-0.682953 -3.97956 2.5427 
-0.825734 -3.35741 2.30602 
1.13775 -1.3268 0.504325 
-0.327865 0.0103141 0.162002 
-0.985313 -3.7217 2.39927 
0.160258 0.0075612 0.246555 

-1.35891 -1.38464 0.22098 
-0.760669 -1.18617 1.26088 
0.0245955 -0.438263 0.621537 
-1.59486 -1.88073 1.69635 
0.970266 -1.39594 0.111015 
-0.250268 0.0541795 0.313287 
0.416628 0.331851 0.0750334 
-2.18457 -2.10951 1.37468 
2.09474 -1.88534 0.352052 
0.422982 0.382302 0.128149 
0.0946369 -0.127981 0.176105 
0.284516 0.360453 0.172346 
0.457523 -1.03974 1.37015 
-0.156739 -0.290147 0.441124 
-2.45018 -2.70373 2.53758 
3.24309 -2.87256 0.551083 
0.0997616 -0.0411924 0.264996 
-0.0650233 0.300261 0.0921451 
0.126829 -0.723717 0.586524 
0.124167 -0.190587 0.303815 
-0.130554 0.171055 0.192698 
0.313958 -0.280307 0.151031 
2.40715 -2.16246 0.427255 
0.057773 0.340795 0.211425 
0.159139 -0.811646 0.685652 
0.15008 -0.20161 0.269788 
0.119802 0.0755116 0.259255 
1.32289 -1.03105 0.468878 
0.164234 -0.807923 0.429764 
0.141568 -0.779515 0.64819 
0.175476 -0.757082 0.602451 
0.0211712 -0.470003 0.655579 
0.113452 0.0737879 0.253141 
0.24066 -0.49037 0.654622 
-0.217177 -0.760162 0.955025 
0.137843 -0.754007 0.322891 
-0.0125329 0.32283 0.183613 
0.155934 -0.76254 0.625331 
0.133955 -0.716029 0.484387 
-0.505148 0.182383 0.357719 
-0.0838548 0.111944 0.286555 
0.225239 -1.13725 0.415982 
-0.00423059 0.316053 0.172523 
-0.501075 -0.603464 0.0427044 
0.181265 -0.808892 0.553027 
0.181633 -0.752893 0.605212 
-0.0596978 0.353508 0.19881 
-0.0936807 0.105891 0.295005 
0.15484 -0.788518 0.646128 
-0.522156 0.206855 0.380433 
