0.261252 -0.0932784 -0.960753 0.0589977 0.312783 0.949798 -0.00716144 -0.109073 0.913189 -0.298637 0.277312 -0.0144872 0 0 0 1
0.999458 -0.0128682 -0.0303029 0.0374279 0.013157 0.99987 0.00935296 -0.00343934 0.0301786 -0.00974659 0.999497 0.00322676 0 0 0 1
###
0.151909 -0.273486 0.418493 
0.0261884 -0.00798011 -0.00123045 
0.0340149 0.0400099 0.00693723 
-0.0689395 -2.34484 2.99926 
0.0558112 0.0395572 0.0565375 
0.0657859 0.118657 0.108533 
0.112183 0.0945522 0.074959 
0.150792 -0.14656 0.0436503 
0.162519 -0.164259 0.0642181 
0.101124 0.0231873 0.128774 
0.0919276 0.115263 0.0494939 
0.0400076 0.107883 0.0683717 
0.555181 -0.963083 -0.768831 
0.498187 -1.49108 -1.17254 
0.0174228 -0.0338079 -0.0129496 
0.575992 -1.51887 -0.753713 
0.0362488 0.0801341 0.0252004 
0.141061 -0.137459 0.068032 
0.0928387 0.058119 0.0875601 
0.131802 -0.48313 0.830101 
0.1986 -0.22408 -0.193133 
0.150553 -0.138748 0.0455435 
0.0646528 0.11837 0.106667 
0.0290153 -0.334546 0.0106991 
0.0191713 -0.0179541 -0.00497403 
0.0907622 0.112432 0.0280691 
0.0966171 0.0874014 0.0774625 
0.18365 -0.196061 0.170526 
0.296776 -0.446785 0.528066 
0.0687236 0.120038 0.112962 
0.155321 -0.374695 0.0226756 
0.112784 0.029963 0.10146 
0.103758 0.0541957 0.0929358 
0.175737 -0.204741 0.0501862 
0.129807 -0.0861335 0.129149 
0.0996984 0.0737987 0.17128 
0.0960587 0.118321 0.0756386 
0.0737219 0.00732011 0.0606766 
0.159539 -0.16808 0.0512855 
0.51686 -1.41071 -0.66873 
0.105195 0.0138645 0.135276 
0.0973841 0.118704 0.0760149 
0.0862339 0.0682405 0.197419 
0.0931404 0.0739426 0.082598 
0.152563 -0.151109 0.0682355 
0.08592 0.0995335 0.0683432 
0.0637786 0.110369 0.00403915 
0.0831388 0.0701418 0.200684 
0.0920676 0.118553 0.0859354 
0.224793 -0.369786 0.0336239 
0.118457 0.0159795 0.0820081 
0.624198 -1.04194 -0.840855 
0.104615 0.120758 0.111472 
0.100197 -0.0784875 0.269271 
0.0404034 -0.0160766 -0.089383 
0.341463 -0.480015 -0.358848 
0.135392 -0.0491035 0.000366697 

4.17438 -3.0886 1.67471 
-2.08007 0.706909 1.13194 
-3.20978 -4.31915 1.44809 
-6.70176 -18.1546 20.7111 
-1.48532 -6.26659 3.72817 
3.65022 1.38639 0.682534 
-2.41832 -0.226452 0.548144 
-2.79866 -4.389 3.69663 
-2.05242 -3.15994 2.83711 
-0.0835589 -0.0675542 0.278689 
3.14767 1.3658 0.862529 
-0.0265947 0.136204 0.554323 
3.21548 -2.7432 3.99777 
4.25632 -8.29051 13.9955 
2.48415 -2.60846 0.987421 
1.3443 -2.42095 1.46351 
-3.84062 -5.16411 1.49166 
3.38306 -2.93052 4.23746 
-0.00941323 0.341266 0.355792 
1.54874 -2.34106 0.900098 
-0.170472 0.224397 0.234996 
-3.2398 -4.35428 1.66606 
-2.08665 0.647447 0.959368 
0.557888 -6.03742 2.83524 
-3.12919 -4.21569 1.60905 
-2.13858 -3.33549 2.93988 
0.0995192 0.416114 0.426888 
-1.65387 -2.02385 2.6539 
-2.40319 -3.44397 2.32675 
0.479992 -0.833676 0.0587759 
0.674275 -6.03419 2.7751 
-0.178418 0.276285 0.192606 
2.83716 -0.0495197 0.672006 
-3.25171 -4.37058 1.64942 
-0.410359 -4.57817 8.66071 
-0.0121922 0.241429 0.577596 
0.471791 -0.662434 -0.0119345 
0.172092 0.150582 0.657717 
3.44916 1.27011 0.4352 
3.09016 -14.3063 16.5289 
-2.71222 -1.38337 0.308268 
-2.72722 -1.34272 0.208236 
0.585681 -0.895 0.342656 
-0.440511 -0.0170717 0.590537 
2.10206 -8.54169 15.7242 
-0.512863 -0.0247993 0.696843 
2.86949 -0.0435697 0.681756 
-0.428205 -0.18091 0.664719 
-0.365939 0.554052 0.0705088 
-2.43382 -7.95809 4.49886 
-2.30302 -0.612266 1.25267 
8.61446 -7.92005 5.13689 
-0.657327 -1.24634 1.68989 
3.81708 -2.97998 3.96522 
0.340049 -0.449777 -0.0134386 
-1.54779 -3.13988 4.22762 
-2.68074 -1.37824 0.315515 
