0.965724 0.0956293 0.241314 0.532086 -0.112595 0.991976 0.0574908 -0.153706 -0.23388 -0.0826909 0.968743 -0.230981 0 0 0 1
0.149455 0.0131061 -0.988682 0.0305133 -0.0653483 0.997857 0.00334928 -0.0486411 0.986607 0.0641081 0.149991 -0.0265108 0 0 0 1
###
-1.05107 -0.751385 -0.02761 
4.49697 -3.34089 1.62392 
-3.65179 -7.17727 4.82427 
8.7795 -9.59722 14.3596 
2.10206 -8.54169 15.7242 
2.66489 -12.4849 15.0024 
-2.26512 -3.34432 2.5071 
-2.43512 0.410256 0.292401 
-2.08007 0.706909 1.13194 
-2.66602 -0.86327 0.2319 
-0.795134 -0.302771 0.0644425 
-6.70176 -18.1546 20.7111 
-2.13858 -3.33549 2.93988 
3.38306 -2.93052 4.23746 
-2.06004 0.699691 1.11542 
-3.09464 -8.73414 5.72067 
-1.79457 -6.99941 4.51374 
-2.70869 -4.70831 3.99591 
-5.34603 -14.6792 16.9218 
-2.65941 -0.441147 0.632449 
-4.38607 -7.26646 1.94655 
-0.794289 -0.299653 0.0631619 
1.91783 -7.37649 13.7808 
1.29713 -2.36183 1.41001 
0.101038 -6.86944 3.52898 
-1.99844 0.726951 1.19131 
-2.25902 0.503059 0.527197 
-1.77006 -7.26925 4.52725 
-1.65387 -2.02385 2.6539 
-2.25854 -0.290504 0.51282 
-0.395567 -6.16352 3.43422 
-0.610819 0.382225 0.453133 
-0.497079 0.162871 0.693769 
-2.28769 -7.06517 4.80082 
-2.67879 -0.931638 0.243026 
-1.74995 -0.639433 2.26217 
-2.41416 -0.956249 1.06419 
-3.0852 -5.0548 3.5993 
0.199409 0.119404 0.655942 
-1.44116 0.74655 0.961548 
-2.24985 0.504263 0.524898 
-2.44863 -6.76449 4.40666 
-2.10115 0.65797 0.978626 
-1.59447 -1.89841 2.56596 
-2.33739 -0.349041 0.543044 
-2.95124 -4.7157 3.37183 
0.0720589 -6.77051 3.49931 
-2.43382 -7.95809 4.49886 
-2.3557 -5.81551 4.08916 
-2.32565 -7.09878 4.89886 
-4.41717 -1.00654 1.07192 
-0.414616 -6.66225 3.71168 
-0.730219 0.205173 0.642843 
-2.0894 0.696575 1.12268 
-0.421842 0.505472 0.299524 
-2.05242 -3.15994 2.83711 

0.13608 0.103145 -0.148147 
0.212269 -1.48923 -0.754824 
0.141061 -0.137459 0.068032 
0.151952 -1.59033 2.01 
0.774058 -1.34891 -1.08864 
0.575992 -1.51887 -0.753713 
0.243253 -0.333559 0.256107 
0.132164 0.107883 -0.0751533 
0.0972088 0.115456 0.0391438 
0.100408 0.0478284 0.122196 
-0.385303 -1.08669 1.32191 
0.332336 -0.521947 0.51921 
0.242345 -0.25393 -0.121056 
0.315944 -0.777759 -0.658756 
0.122054 0.102236 -0.161229 
0.218859 -0.348347 0.0592724 
0.194672 -0.371811 0.0415145 
0.265707 -0.264565 0.0712716 
0.127297 -0.140797 0.217015 
0.103758 0.0541957 0.0929358 
0.247382 -0.352958 0.272257 
-0.135144 -0.423473 0.531395 
0.624198 -1.04194 -0.840855 
0.41336 -1.18515 -0.92201 
0.0955588 -0.303658 0.0191798 
0.102681 0.113805 0.0152703 
0.128123 0.110061 -0.0500525 
0.180957 -0.373964 0.0450143 
0.131079 -0.0739839 0.00342376 
0.0972935 0.0640359 0.0869401 
0.116498 -0.386366 0.0143226 
0.0869802 0.11798 0.0804803 
0.0989103 0.114668 0.0223761 
0.22435 -0.357319 0.0418985 
0.103079 0.0425816 0.126084 
0.133227 0.0059785 -0.0115807 
0.117941 0.00940468 0.0872192 
0.162519 -0.164259 0.0642181 
0.105195 0.0138645 0.135276 
0.0897829 0.117049 0.0741837 
0.0864982 0.115052 0.0613929 
0.253999 -0.38779 0.0617869 
0.100003 0.113649 0.0215139 
0.137276 -0.0781221 -0.00102947 
0.107304 0.0284952 0.100278 
0.240061 -0.231261 0.0829697 
0.183663 -0.474827 0.0188573 
0.238574 -0.427536 0.0842645 
0.210638 -0.287893 0.046713 
0.23095 -0.360355 0.0398187 
0.120863 0.034659 0.0576357 
0.114263 -0.361632 0.0166673 
0.0637786 0.110369 0.00403915 
0.103383 0.1145 0.0220914 
0.185421 -0.232668 0.0500847 
0.269929 -0.263225 0.0294053 
