0.965724 0.0956293 0.241314 0.532086 -0.112595 0.991976 0.0574908 -0.153706 -0.23388 -0.0826909 0.968743 -0.230981 0 0 0 1
0.276185 -0.155756 -0.9484 -0.00542522 0.131546 0.983621 -0.123232 0.00266387 0.95206 -0.0907234 0.29215 -0.0213731 0 0 0 1
###
-1.05107 -0.751385 -0.02761 
4.49697 -3.34089 1.62392 
8.7795 -9.59722 14.3596 
2.10206 -8.54169 15.7242 
2.66489 -12.4849 15.0024 
-2.26512 -3.34432 2.5071 
-2.43512 0.410256 0.292401 
-0.795134 -0.302771 0.0644425 
-6.70176 -18.1546 20.7111 
-2.13858 -3.33549 2.93988 
3.38306 -2.93052 4.23746 
-2.20149 -3.21531 2.33026 
-1.46189 0.774139 1.0015 
-3.09464 -8.73414 5.72067 
-1.79457 -6.99941 4.51374 
-2.70869 -4.70831 3.99591 
-5.34603 -14.6792 16.9218 
-2.65941 -0.441147 0.632449 
-0.794289 -0.299653 0.0631619 
1.91783 -7.37649 13.7808 
1.29713 -2.36183 1.41001 
0.101038 -6.86944 3.52898 
-1.77006 -7.26925 4.52725 
-1.65387 -2.02385 2.6539 
-2.25854 -0.290504 0.51282 
1.3443 -2.42095 1.46351 
-0.395567 -6.16352 3.43422 
-0.610819 0.382225 0.453133 
-2.28769 -7.06517 4.80082 
-2.41416 -0.956249 1.06419 
-3.0852 -5.0548 3.5993 
0.199409 0.119404 0.655942 
-0.261745 0.318186 0.322385 
-2.44863 -6.76449 4.40666 
-2.10115 0.65797 0.978626 
-1.59447 -1.89841 2.56596 
-1.78272 -0.676712 2.26738 
-2.33739 -0.349041 0.543044 
-2.95124 -4.7157 3.37183 
0.0720589 -6.77051 3.49931 
-0.437247 -4.0409 2.3082 
-0.702033 0.183709 0.54006 
-1.53615 -2.05774 -0.288804 
-2.43382 -7.95809 4.49886 
-2.3557 -5.81551 4.08916 
-2.32565 -7.09878 4.89886 
-4.41717 -1.00654 1.07192 
-0.414616 -6.66225 3.71168 
-2.05242 -3.15994 2.83711 

0.13608 0.103145 -0.148147 
0.0370773 -0.141497 -0.0734045 
0.151952 -1.59033 2.01 
0.46024 -0.787774 -0.633029 
0.265916 -0.61302 0.721083 
0.149534 -0.136269 0.0524164 
0.132164 0.107883 -0.0751533 
-0.385303 -1.08669 1.32191 
0.207864 -0.190282 -0.0316368 
0.472119 -0.45479 0.0495535 
-0.0819153 -0.515812 0.657471 
0.233624 -0.22707 0.0847061 
0.0897829 0.117049 0.0741837 
0.218859 -0.348347 0.0592724 
0.194672 -0.371811 0.0415145 
0.265707 -0.264565 0.0712716 
0.0463698 -0.12682 0.163667 
0.117879 -0.00891855 0.0986136 
-0.135144 -0.423473 0.531395 
0.17366 -0.370203 0.473402 
0.41336 -1.18515 -0.92201 
0.0955588 -0.303658 0.0191798 
0.180957 -0.373964 0.0450143 
-0.096672 -0.445173 0.551927 
0.0972935 0.0640359 0.0869401 
0.0480073 -0.0865728 -0.0629092 
0.155321 -0.374695 0.0226756 
0.0869802 0.11798 0.0804803 
0.22435 -0.357319 0.0418985 
0.118492 0.0115329 0.0857667 
0.281011 -0.278007 0.0640979 
0.105195 0.0138645 0.135276 
0.0989103 0.114668 0.0223761 
0.253999 -0.38779 0.0617869 
0.100003 0.113649 0.0215139 
0.135084 -0.0763614 -0.000621853 
0.133564 0.00457657 -0.00961378 
0.107304 0.0284952 0.100278 
0.233231 -0.217768 0.0751548 
0.0842137 -0.41533 0.00804344 
0.151275 -0.361517 0.021546 
0.0637786 0.110369 0.00403915 
0.0345599 -1.06357 -0.439981 
0.238574 -0.427536 0.0842645 
0.210638 -0.287893 0.046713 
0.205817 -0.319106 0.0400061 
0.120863 0.034659 0.0576357 
0.114263 -0.361632 0.0166673 
0.269929 -0.263225 0.0294053 
