0.970466 0.0833004 0.2264 0.0345105 -0.107483 0.989498 0.0966543 -0.0844863 -0.215971 -0.118134 0.969227 -0.0939857 0 0 0 1
0.998003 -0.0606803 -0.0175463 0.0264011 0.0600338 0.997573 -0.0352821 -0.00515249 0.0196447 0.0341583 0.999223 -0.018436 0 0 0 1
###
-0.341799 -0.425483 0.0310456 
-1.90693 -3.5531 0.934839 
6.00725 -5.26482 3.24934 
1.25936 -4.07629 7.27682 
1.64446 -4.81359 8.73771 
-0.302234 0.333777 0.226684 
-1.16542 -0.727776 0.199529 
-0.523653 -1.40319 1.6915 
-1.03283 -1.34485 0.572251 
-0.827356 -1.7208 1.49918 
0.942399 -1.24867 0.745182 
-1.02447 0.13415 0.353864 
-0.857157 -3.53628 2.38538 
0.935067 -1.24114 0.75064 
-1.14834 0.205335 0.212657 
-1.03038 -4.09175 2.65567 
3.10163 -11.6982 13.1074 
8.24497 -8.39957 12.0321 
0.0907461 -3.71232 2.03132 
-0.116958 0.0864628 0.32937 
-1.01991 0.209972 0.210748 
-1.04511 -4.19161 2.72375 
-0.659297 -0.35851 1.23509 
1.1363 -1.32628 0.505796 
-0.674531 -0.376596 1.23536 
-0.682612 -0.243739 0.48742 
-1.22899 -2.45074 1.75247 
0.0766801 -3.50022 1.92339 
-0.112218 -0.0216641 0.0917321 
-0.0389326 0.194509 0.261937 
0.0238904 0.261449 0.197407 
-0.742548 -1.54151 1.41284 
-0.799411 -0.271183 1.08349 
-1.04792 -4.48195 2.50736 

-1.35891 -1.38464 0.22098 
0.38429 -0.377013 0.414522 
12.9605 -10.0301 5.48774 
-2.45018 -2.70373 2.53758 
0.313958 -0.280307 0.151031 
-0.492105 0.179824 0.349519 
-0.250268 0.0541795 0.313287 
0.181696 -0.227895 0.290847 
-0.303122 -0.293919 0.346347 
0.19557 -0.489544 0.665854 
3.24309 -2.87256 0.551083 
-0.147766 0.244075 0.21369 
0.175476 -0.757082 0.602451 
2.40715 -2.16246 0.427255 
-0.220865 0.324114 0.219203 
0.159139 -0.811646 0.685652 
0.190357 -0.662249 0.71258 
-0.313976 -0.728057 0.778458 
0.225239 -1.13725 0.415982 
-0.505148 0.182383 0.357719 
-0.0766344 0.319656 0.195031 
0.155934 -0.76254 0.625331 
0.119802 0.0755116 0.259255 
-0.0596978 0.353508 0.19881 
0.113452 0.0737879 0.253141 
-0.0838548 0.111944 0.286555 
0.140989 -0.535629 0.702769 
0.12161 -0.725657 0.277694 
0.296484 -0.374749 0.480418 
-0.165057 -0.086243 0.327344 
-0.187156 -0.536845 0.723455 
0.206377 -0.51926 0.666033 
0.0696746 0.101008 0.240896 
0.181633 -0.752893 0.605212 
