0.991207 0.0330607 -0.128123 0.157559 -0.0243222 0.997308 0.0691784 -0.273697 0.130066 -0.0654539 0.989343 -0.00644135 0 0 0 1
0.999934 -0.0114414 0.000870581 0.00738014 0.011441 0.999934 0.000442644 0.00319456 -0.000875588 -0.000432654 1 0.000999937 0 0 0 1
###
-0.241728 0.119457 0.29208 
-0.0411787 0.1112 0.0907997 
-0.0180974 -0.252289 0.270199 
0.0579012 -0.595666 0.547833 
0.332031 -0.160896 0.127868 
-0.249306 0.215347 0.133891 
-0.246073 0.221347 0.128263 
-0.139455 0.256411 0.22271 
-0.412136 0.114084 0.292831 
0.223652 -0.0824553 0.09448 
1.4338 -1.78141 0.611844 
0.140734 0.0576293 0.284075 
-0.143947 0.249772 0.0440436 
2.07346 -1.66548 0.370809 
-0.115882 0.193742 0.039609 
-0.147044 0.237731 0.20713 
0.0936523 0.0491574 0.125878 
0.0657755 -0.171599 0.303481 
0.3605 -0.403927 0.25155 
-0.0726539 0.306879 0.119451 
-0.205179 0.23681 0.0493667 
-0.108765 0.11428 0.260415 
-0.250268 0.0541795 0.313287 
0.118124 -0.549853 0.553699 
-0.0176505 0.299457 0.0738395 
-0.0781371 -0.248817 0.0946253 
-0.159584 0.290763 0.0761708 
-0.0251032 0.31377 0.156325 
0.135141 -0.840888 0.248645 
0.431808 -0.317551 0.335032 
-0.0475924 0.278879 0.707579 
-0.125272 0.290696 0.155078 
-0.210151 0.314593 0.224989 
-0.148764 0.288279 0.11517 
0.62942 -0.385454 0.285907 
-0.158198 0.277507 0.0811403 
-0.00368603 0.296385 0.0544479 
-0.0782025 0.122196 0.0254912 
-0.135564 0.283597 0.12149 
-0.137003 0.295654 0.107062 
-0.12277 0.31703 0.210088 
-0.151767 0.221286 0.229998 
-0.231737 0.140339 0.277547 

3.07968 -2.37102 0.689062 
3.85853 -14.4776 16.7732 
-0.968442 -4.19258 2.77398 
-0.814561 -1.70411 1.52481 
3.51545 -2.75486 3.76464 
0.0141784 -0.0409992 0.370711 
0.134888 0.0165162 0.191173 
-0.170115 -0.0358207 0.0490162 
0.58447 -0.342279 0.0532795 
0.942876 -1.61404 2.64434 
2.78581 -10.7806 12.6371 
-0.672909 -0.376292 1.23977 
-0.844453 0.360562 0.653309 
2.28743 -3.97357 7.00761 
-1.41869 -2.29776 0.840044 
-0.638595 0.363158 0.440211 
4.5872 -3.2884 4.11218 
-0.408815 0.268018 0.0363399 
3.07365 -11.5889 12.9852 
-0.879882 0.369525 0.671896 
-0.721611 -1.26238 0.000768847 
-0.989442 -0.388191 0.676223 
-1.17355 -0.740886 0.210572 
1.13529 -1.33876 0.50782 
-0.481637 0.424896 0.593686 
0.138517 -1.10042 0.526054 
-0.432442 0.386078 0.536128 
-0.857728 0.330684 0.562027 
0.327493 -3.63493 1.8471 
-1.21052 -2.4054 1.72056 
-0.96262 -0.340608 0.706421 
0.184156 0.0632545 0.152888 
0.435342 -6.85581 12.5854 
-0.0728599 -0.144389 0.130039 
1.21918 -3.91994 7.00469 
-0.968567 -1.82201 1.30267 
0.0589961 0.312244 0.0814599 
-0.88929 -1.62677 1.0859 
0.185238 0.0635316 0.154965 
0.0139924 0.000822316 0.346375 
-11.5843 -30.2042 32.7529 
0.0786093 0.0599651 0.347669 
0.204391 -0.0377745 0.181224 
