0.954328 0.174576 0.24245 0.532106 -0.168495 0.98464 -0.0457616 -0.105543 -0.246715 0.00281996 0.969084 -0.254615 0 0 0 1
0.276185 -0.155756 -0.9484 -0.00542522 0.131546 0.983621 -0.123232 0.00266387 0.95206 -0.0907234 0.29215 -0.0213731 0 0 0 1
###
-2.07862 0.706374 1.13102 
-4.38787 -7.21697 1.89876 
2.66685 -12.4838 15.0025 
-0.119363 -1.56323 2.92906 
4.25693 -8.28835 14.0014 
4.54507 -3.37551 1.65692 
6.32827 -6.33434 9.78332 
8.78138 -9.59203 14.352 
-2.33207 0.50598 0.552738 
-0.437172 -0.0214511 0.60622 
-2.92472 -7.39935 4.80607 
1.92288 -7.37978 13.7978 
-0.832774 -0.351748 0.0956491 
-3.11195 -4.19084 1.59515 
2.90843 -3.51537 5.33426 
-2.69325 -0.913246 0.244704 
-2.30502 -0.61184 1.25574 
-1.93998 -0.605419 2.22811 
-1.70444 0.646948 0.69253 
-1.65219 -2.02285 2.65346 
-1.74955 -0.639695 2.26167 
-2.67899 -1.37745 0.315181 
2.11066 -8.5266 15.7144 
1.34038 -2.41459 1.45918 
7.09133 -7.78433 11.5934 
-0.835326 0.0112117 0.16943 
-0.982136 0.0986867 0.151148 
-1.79692 -0.688976 2.28385 
3.78868 -7.55562 12.7016 
2.90555 -14.1388 17.0459 
0.199871 0.120018 0.657101 
-3.76275 -5.58299 -0.256087 
-0.699921 0.181337 0.533056 
-2.05219 -3.15978 2.83664 
-0.178903 -9.00878 17.1326 
-2.02889 0.744092 1.21939 
-1.9154 -0.507796 2.01685 
-0.346723 -4.12169 7.88201 
-1.03178 0.0175408 0.216717 
-0.192734 0.123964 0.373208 
-0.449831 0.453149 0.435513 
-2.23812 -3.27183 2.49718 
-0.132449 -8.53171 16.5693 
-2.28197 -0.143062 0.518874 
-0.64843 0.378331 0.470867 

-0.329632 -0.483731 0.409754 
0.23922 -0.271427 0.196487 
0.0925261 -0.209765 0.24052 
0.555181 -0.963083 -0.768831 
0.230745 -0.271175 -0.181404 
0.273487 -0.282513 0.214596 
0.108551 -0.637591 0.838715 
0.151952 -1.59033 2.01 
0.0879025 0.118565 0.10018 
0.159032 -0.144091 0.0489704 
0.185421 -0.232668 0.0500847 
0.17366 -0.370203 0.473402 
0.0893425 0.116546 0.0627938 
0.345373 -0.364291 0.267582 
0.301014 -0.37562 -0.24385 
0.101607 0.0431744 0.125596 
0.120622 0.0346047 0.0573871 
0.115585 -0.0669163 0.136366 
0.0621428 0.111427 0.0281726 
0.137679 -0.099515 0.00154403 
0.132378 0.00517964 -0.0104022 
0.105195 0.0138645 0.135276 
0.537024 -0.916873 -0.697016 
0.41336 -1.18515 -0.92201 
0.0529127 -0.350964 0.435304 
0.108436 0.0192727 0.102551 
0.0824934 0.121112 0.125925 
0.133564 0.00457657 -0.00961378 
0.391629 -0.910195 1.0703 
0.642395 -1.64376 -0.815995 
0.0994779 0.115928 0.0360473 
0.141038 0.104831 -0.12294 
0.100751 0.0457 0.124352 
0.219251 -0.209143 0.090348 
0.248632 -0.268254 -0.135212 
0.0989506 0.10864 0.0169459 
0.130947 0.0256647 0.00827699 
-0.2408 -1.38554 1.74915 
0.107304 0.0284952 0.100278 
0.0975791 0.116703 0.0548247 
-0.0380196 0.11585 0.214625 
0.0556333 0.0342537 -0.0618293 
-0.143837 -0.37149 0.43352 
0.135227 -0.0213978 -0.0042382 
0.0757955 0.123273 0.153809 
