0.947918 0.189103 0.256302 0.538186 -0.181481 0.981949 -0.0533007 -0.0789347 -0.261755 0.00401081 0.965126 -0.270686 0 0 0 1
0.276004 -0.155668 -0.948467 -0.00534909 0.131449 0.983639 -0.123189 0.00264253 0.952126 -0.0906742 0.29195 -0.0211527 0 0 0 1
###
2.04184 -8.30385 15.3052 
-0.201123 -0.0775799 0.675426 
2.66706 -12.4995 15.0157 
8.60785 -9.41267 14.0823 
-2.72312 -1.38814 0.308369 
-0.440347 -0.0199815 0.605495 
-0.43909 0.485078 0.313314 
-0.119362 -1.53363 2.88308 
13.0234 -9.91094 6.12799 
3.10695 -2.81889 3.95403 
-1.76878 -7.26058 4.51802 
-2.29132 -7.0747 4.808 
2.49961 -9.35418 17.536 
0.0995756 -6.86707 3.527 
6.94047 -7.62427 11.3609 
-2.69689 -0.91404 0.243509 
-1.73095 -5.06116 7.90833 
-1.6605 -2.03287 2.66483 
-1.49993 -6.3257 3.76211 
-2.21519 -3.23724 2.34996 
-4.39655 -7.28205 1.94957 
3.66821 -7.30991 13.2515 
-2.57331 0.398461 0.291305 
-0.704042 0.182266 0.536719 
1.33735 -2.41214 1.45698 
-2.09521 0.650442 0.963142 
-2.38184 -3.39771 2.32149 
0.0708292 -6.77107 3.50013 
-1.666 -2.01989 2.61505 
-1.9187 -0.507445 2.02366 
-0.936191 -6.45942 3.86926 
-2.5521 -3.75584 2.70687 
3.61635 -6.91636 12.7492 
-0.64613 -0.0203699 0.131183 
-2.52758 0.320966 0.603923 
-1.51439 -4.00381 6.0889 
-2.73391 -4.23925 3.04588 
2.48197 -2.28813 3.20486 

0.604549 -1.04163 -0.840402 
0.0956579 0.113093 0.0379652 
0.264922 -0.61069 0.718351 
0.14784 -0.129945 -0.0110801 
0.104223 0.0137427 0.133835 
0.0525371 0.0993764 1.48025e-05 
0.088365 0.0439969 0.210949 
0.765068 -1.33286 -1.07551 
0.0606986 0.129189 0.260471 
0.138017 -0.105044 5.13814e-05 
0.179735 -0.371484 0.0446976 
0.205464 -0.266096 0.0488344 
0.205338 -0.190554 0.0823841 
0.024134 -0.0258825 0.00284017 
0.0678395 -0.0537164 -0.00919486 
0.100707 0.0427747 0.124399 
-0.0668238 -2.28605 2.92664 
0.160689 -0.149972 0.160134 
0.211619 -0.336836 0.0578141 
0.23175 -0.225228 0.0840144 
-0.999261 -3.1611 3.70182 
0.529725 -1.17267 1.49922 
0.08698 0.117311 0.0991245 
-0.134709 -0.0122861 0.346838 
0.407432 -1.16728 -0.907882 
0.0979103 0.107486 0.016771 
0.217368 -0.207328 0.0895592 
0.0836585 -0.412605 0.0079681 
0.134555 -0.0690116 0.00286316 
0.086131 0.0238106 0.0263835 
0.056225 -0.376274 0.00572486 
0.15111 -1.57981 1.9969 
0.128142 0.101507 -0.132499 
0.109283 -0.00424152 0.105568 
0.0916051 0.0861815 0.0762037 
0.0663369 -0.0518167 -0.00978005 
0.15359 -0.139636 0.0468355 
-0.0761077 -0.478331 0.614183 
