0.990501 0.028621 -0.134493 0.161631 -0.0340774 0.99868 -0.0384442 -0.27321 0.133215 0.0426622 0.990168 -0.0271494 0 0 0 1
0.999934 -0.0114711 0.000924036 0.00738237 0.0114706 0.999934 0.000495965 0.00318077 -0.000929665 -0.000485333 0.999999 0.00100368 0 0 0 1
###
-0.168685 0.0136906 0.247468 
-0.22461 0.20743 0.0537648 
-0.316202 0.0094565 0.22751 
0.0579012 -0.595666 0.547833 
-0.133965 0.271292 0.174857 
-0.0180974 -0.252289 0.270199 
-0.261214 0.156588 0.0641377 
0.0804536 -0.378882 0.450775 
-0.114235 0.0945695 0.120008 
1.4338 -1.78141 0.611844 
-0.756298 -0.358054 0.469651 
-0.133045 0.274461 0.199604 
0.147781 -0.83983 0.74718 
-0.0726539 0.306879 0.119451 
0.0614649 -0.0294278 0.126625 
-0.201414 0.310872 0.177022 
-2.80807 -2.4364 1.9725 
-0.250268 0.0541795 0.313287 
-0.116804 0.196447 0.0397476 
1.29699 -1.09391 0.234708 
2.73009 -2.1281 0.952435 
0.135141 -0.840888 0.248645 
-0.160609 0.292007 0.114068 
-0.254301 0.303012 0.168183 
1.72655 -1.32256 0.777611 
-0.116356 0.0782994 0.289097 
-0.431301 0.17376 0.292492 
-0.137261 0.285851 0.102551 
-0.250268 0.0541795 0.313287 
0.62942 -0.385454 0.285907 
-0.272638 0.194577 0.0562654 
-0.123009 0.195348 0.0358342 
-0.252317 0.0454887 0.323626 
-0.139801 0.262002 0.195118 
-0.103868 0.306236 0.183678 
0.00796498 0.326568 0.182742 
-0.00642727 0.301373 0.0763096 
1.80301 -1.44419 0.317245 
-0.12496 0.32476 0.239722 
-0.12277 0.31703 0.210088 
-0.162993 0.159389 0.264694 
2.02021 -2.46671 0.934904 
0.354872 -0.333888 0.364432 
-0.0427444 0.135635 0.27422 

-0.607942 -1.11492 1.47783 
-0.473414 -0.64357 0.0140576 
-0.910806 -1.75251 1.34197 
-1.08911 -1.99839 1.34314 
-0.170102 -0.0358448 0.048998 
-0.409402 -2.73519 1.59954 
-0.49958 -0.675217 0.0249032 
-1.56016 -2.54878 0.876594 
-0.589656 -3.46011 2.14895 
2.78541 -10.7821 12.6345 
1.00018 -1.21805 0.39223 
-0.639237 0.363531 0.440678 
-1.00629 -3.16269 2.2066 
6.05506 -5.30798 3.27319 
3.07377 -11.5896 12.9828 
-0.195474 0.301453 0.00939838 
0.0158427 0.235453 0.269802 
-1.17084 -0.730293 0.199572 
-0.84368 0.360434 0.65249 
3.86176 -14.4777 16.7696 
1.29659 -3.73276 6.85705 
0.326902 -3.62939 1.84404 
-0.96893 0.259671 0.343907 
-0.853092 0.330062 0.557971 
0.596681 -1.79233 3.37846 
-0.990662 -0.387819 0.678113 
-0.118421 0.0906468 0.331225 
0.185404 0.06359 0.155109 
0.200496 -0.0377269 0.180918 
1.22012 -3.92038 7.00211 
-0.722337 -1.26369 0.000736001 
-0.351599 -0.659555 -0.0040634 
-1.17428 -0.741298 0.210621 
0.185238 0.0647669 0.158986 
0.184234 0.0632787 0.152962 
-0.859453 0.331168 0.563359 
-0.486139 0.428096 0.599613 
1.66941 -4.8775 8.85585 
-0.0730434 -0.144744 0.130368 
-3.00351 -11.918 14.2773 
-0.0969644 0.0520843 0.369556 
0.944496 -1.25158 0.745729 
0.141041 -4.58841 8.0207 
-0.957027 -0.339646 0.700209 
