0.954284 0.183219 0.236161 0.0395272 -0.179032 0.98306 -0.0392454 -0.00418362 -0.239351 -0.00482907 0.970921 -0.112882 0 0 0 1
1 0 0 0 0 1 0 0 0 0 1 0 0 0 0 1
###
-1.9357 -3.61184 0.948001 
-1.17377 -0.732205 0.199797 
2.84185 -2.6364 4.02081 
3.77681 -14.1631 16.4086 
-0.119489 0.0916389 0.330407 
1.24392 -3.99543 7.12765 
0.0190121 -0.0159004 0.357237 
2.64968 -1.75575 0.908077 
2.2041 -1.73592 2.40836 
-0.369947 0.00987678 0.17515 
1.89563 -7.46758 8.77611 
6.05712 -6.23646 8.98635 
-1.62292 -2.65947 0.913806 
-0.612428 -1.12475 1.48944 
1.62286 -4.74341 8.61615 
-0.371121 0.00940886 0.175713 
-0.971363 0.260257 0.344514 
-1.04181 -1.72476 0.642774 
-0.390524 -1.62675 2.41571 
-1.21279 -0.556638 0.760073 
-2.02637 -3.83801 1.03295 
-1.76237 -3.02362 1.05193 
0.94418 -1.25353 0.756938 
-0.729556 -0.0333078 0.262645 
-1.15191 -0.491105 0.174759 
1.31243 -3.78985 6.96471 
-0.121041 0.0908443 0.325185 
-0.593312 -3.48492 2.16386 
-0.746174 -0.331179 1.20896 
-0.218527 -3.57806 2.11914 
-0.057019 -1.85886 3.35081 
0.0260103 -0.105699 0.396448 
0.867877 -1.28853 0.680551 
0.133991 0.0400608 0.199966 
0.0396506 0.033319 0.344105 
0.0901634 -3.93135 2.15059 
-0.913448 0.346643 0.626328 
-0.0942996 0.046046 0.365669 
-1.14545 -1.99673 1.20097 
-0.464895 -0.135869 0.406895 
-0.0918547 0.0351949 0.387328 
-0.280289 -0.580479 0.0478614 

-0.760669 -1.18617 1.26088 
-0.250268 0.0541795 0.313287 
-1.91661 -1.88839 1.23917 
-1.59486 -1.88073 1.69635 
0.122323 0.0782682 0.258503 
1.32289 -1.03105 0.468878 
-0.0764114 0.297892 0.115485 
0.85344 -1.24386 0.105061 
-2.53447 -2.61147 2.42597 
-0.118738 0.0719037 0.304241 
-1.5723 -1.81788 1.66315 
-1.74085 -1.77902 1.05176 
-0.216586 -0.36855 0.511784 
-0.234487 -0.376786 0.551338 
-1.77253 -1.84073 1.78277 
0.110618 -0.0462226 0.288512 
0.180125 0.35122 0.187016 
0.253456 -0.509062 0.68932 
0.0156336 -0.291414 0.421222 
-0.109309 0.0864791 0.300476 
-0.332211 -0.815032 0.868764 
0.221113 -0.178974 0.0638743 
2.40715 -2.16246 0.427255 
-0.138486 0.0380766 0.318154 
-0.247073 0.130938 0.299733 
3.84212 -3.02003 1.36385 
-0.241469 0.138521 0.290161 
0.132429 -0.722678 0.477453 
0.0153086 0.138858 0.260721 
0.12161 -0.725657 0.277694 
0.0946369 -0.127981 0.176105 
-0.0236573 0.320013 0.171218 
0.981026 -0.794406 0.191392 
0.395984 0.364361 0.122557 
-0.626612 0.323992 0.334579 
0.225239 -1.13725 0.415982 
0.407632 0.373577 0.125538 
-0.908241 -0.844618 0.177361 
0.405094 -0.391073 0.433686 
0.0225749 0.200275 0.380845 
-0.0464997 0.142086 0.288839 
-1.06703 -1.35564 0.105646 
