0.193958 -0.0800423 -0.977739 0.0610715 0.136063 0.989228 -0.0539914 -0.105295 0.971528 -0.122562 0.20276 -0.0256849 0 0 0 1
0.999724 -0.0184121 -0.014612 0.0927525 0.0184289 0.99983 0.00101507 -0.00919992 0.0145908 -0.00128407 0.999893 0.0131255 0 0 0 1
###
0.0567947 0.117041 0.101324 
0.0311595 0.0639727 0.0368944 
0.0849158 0.0644118 0.202343 
0.142155 -0.141666 0.0680787 
0.0467098 -0.999189 1.3084 
0.0226254 0.0868115 0.0788132 
-0.335946 -1.55794 1.92563 
0.092506 0.0372974 0.210588 
0.147227 -0.142761 0.0437263 
0.0985762 0.0956795 0.0712008 
0.092612 0.091129 0.0738879 
0.134112 -0.498745 0.84846 
0.0741874 0.0927793 0.249357 
0.0865514 0.116723 0.0805886 
0.0898546 0.0764439 0.204464 
0.149792 -0.139073 0.0453215 
0.286387 -0.424649 0.0714202 
0.572268 -1.50988 -0.750085 
0.0752549 0.0935413 0.25124 
0.0336016 0.0465338 0.01253 
0.0762167 0.00883667 0.0561285 
0.099726 0.0228644 0.127145 
0.512934 -1.3095 -0.638368 
0.121661 -0.0560302 0.120004 
0.0907361 0.113877 0.0489354 
0.0634026 0.116366 0.0924744 
0.0212676 0.0931497 0.0822107 
0.0728568 0.117266 0.112444 
0.0896945 0.0982219 0.068771 
0.153381 -0.369931 0.0224423 
0.0308618 0.0992459 0.0642939 
0.0834734 0.116264 0.0829086 
0.102058 -0.0372871 0.106185 
0.104223 0.0137427 0.133835 
0.0868712 0.119321 0.112342 
0.0210485 0.0929001 0.0828103 
0.165387 -0.18315 0.0507621 
0.0921757 0.0906327 0.0739556 
0.0688456 0.111884 0.0346441 
0.283977 -0.770854 -0.614786 
0.13144 -0.0153992 -0.00449084 
0.129438 -0.0872798 0.128389 
0.476199 -1.27107 -0.596185 
0.32126 -0.896269 -0.715342 
0.1558 -0.217968 0.301231 
0.100506 0.115479 0.0475329 
0.0918806 0.0776702 0.208612 
0.089482 0.0967148 0.0694253 
0.116401 -0.470731 0.00753993 
0.116657 0.0137323 0.0827811 
0.0694056 0.110675 0.0518127 
0.0903997 0.0881138 0.0747832 
0.0911317 0.0925931 0.0722661 
0.0866474 0.115203 0.0609311 
0.338512 -0.961712 -0.75981 
0.0876873 0.0858041 0.0757663 
0.465332 -0.795488 -0.65109 
0.640276 -1.63967 -0.814947 
0.0317058 0.111375 0.0572444 
0.0727406 -0.406394 0.0487692 
0.0219021 -0.12793 -0.0480124 
0.0252996 -0.00213317 0.00667405 
0.161076 -0.308654 0.0476172 
0.110318 0.116024 0.0654862 
0.707428 -1.80979 -0.900814 

0.480215 -0.834068 0.0588198 
-2.07862 0.706374 1.13102 
-3.26696 -4.39204 1.65679 
3.43432 -2.97949 4.29218 
7.09133 -7.78433 11.5934 
-8.05288 -9.30703 0.625196 
-0.194252 0.175553 0.233287 
-0.129543 0.074515 0.248056 
-2.79608 -4.38501 3.69375 
-0.0243422 -0.00867902 0.719343 
-0.0121962 0.2415 0.577761 
1.54828 -2.34014 0.899647 
2.87337 -0.0434995 0.682498 
2.1356 1.53406 1.89768 
-0.628779 0.166746 0.58484 
-3.23844 -4.35253 1.66514 
4.48937 -9.48277 17.0021 
2.66685 -12.4838 15.0025 
-0.141899 0.371347 0.162949 
2.82375 -2.93214 1.12003 
-3.11195 -4.19084 1.59515 
-0.0854807 -0.0673801 0.274742 
2.82276 -13.6783 16.5016 
-0.40946 -4.5783 8.6608 
-2.25378 0.583021 0.779536 
13.8821 -13.4155 8.73801 
-1.35919 -1.94047 0.0183596 
0.28254 -0.361882 -0.0134692 
-2.19749 -0.197289 0.483676 
-0.394285 -6.16016 3.4311 
-0.956842 -4.38915 7.61832 
0.47227 -0.663064 -0.0119405 
-0.949641 -1.30331 1.57252 
-2.67899 -1.37745 0.315181 
3.34397 1.3078 0.70265 
-0.716987 -0.99175 0.00614957 
3.45056 1.27064 0.435327 
-0.0953798 0.33481 0.225921 
-0.470112 0.330736 0.445949 
-0.139377 0.223788 0.224252 
3.21307 -2.74037 3.99416 
-0.530589 -4.12872 7.46965 
3.09334 -14.334 16.5507 
3.64683 -7.36427 12.4151 
-2.19938 -3.21224 2.32824 
-0.251651 0.555911 0.0903769 
-0.625819 0.168059 0.58258 
-0.0419011 0.0191125 0.474084 
0.706928 -6.19917 2.84346 
-2.30502 -0.61184 1.25574 
0.323445 0.81304 0.236424 
3.14763 1.36585 0.862323 
-0.51286 -0.024785 0.696818 
3.6494 1.38613 0.682186 
3.09351 -14.3027 16.5295 
2.84012 -0.0493993 0.672511 
0.39562 -1.64641 3.09006 
2.90555 -14.1388 17.0459 
0.271594 0.785492 0.152267 
-4.24617 -3.93523 0.118406 
-1.54767 -3.13959 4.22797 
-0.637838 -3.1043 5.554 
-0.428882 -0.181535 0.666228 
-6.70031 -18.1612 20.7175 
1.2973 -2.36226 1.40937 
