0.164713 -0.0614779 -0.984424 0.0616189 0.100944 0.993866 -0.0451777 -0.105212 0.981163 -0.0919302 0.169909 -0.0224493 0 0 0 1
0.999567 -0.0099976 -0.0276596 0.0266047 0.0102339 0.999912 0.00841401 -0.00240465 0.027573 -0.00869343 0.999582 0.00149938 0 0 0 1
###
0.0622285 0.108935 0.00453415 
0.0651095 0.137194 0.207434 
0.0920311 0.0865934 0.0765508 
0.0774335 -0.0500217 0.195461 
0.00407015 0.00886239 0.160867 
0.306448 -0.751388 -0.635839 
0.0480751 0.102654 0.0635154 
0.0934657 0.0970748 0.0702812 
0.0928763 0.0374657 0.211536 
0.00568486 0.0282734 0.154167 
0.144057 -0.14412 0.068901 
0.204037 -0.23961 0.0908489 
0.0756708 0.0940028 0.252453 
0.100572 0.0232112 0.12844 
0.0874966 0.097477 0.0692771 
0.0902665 0.0640868 0.185379 
0.152046 -0.142942 0.0457299 
0.00407426 0.00888257 0.160892 
0.00691509 0.0334211 0.148247 
0.138508 -0.123236 0.0663721 
0.128937 -1.41027 1.78645 
0.566251 -1.49218 -0.740861 
0.099784 0.0463411 0.122569 
0.109118 0.130134 0.156914 
0.18086 -0.374231 0.0450041 
0.0356995 -0.0224443 -0.0415563 
0.0507466 0.110502 0.0659247 
0.100037 0.0229487 0.127641 
0.0913528 -0.0237482 0.0554139 
0.218507 -0.298218 0.0651205 
0.0477614 0.107772 0.0173867 
0.561418 -1.47424 -0.732335 
0.155183 -0.186392 0.059427 
0.178256 -0.185724 0.154398 
0.17237 -0.17578 0.148561 
0.132255 -0.0156686 -0.00446768 
0.173805 -0.35828 -0.316169 
0.0130652 0.0293703 0.145598 
0.0833355 -1.44266 1.79288 
0.0973907 0.0993804 0.06872 
0.0689752 0.111168 0.0373834 
0.0706954 0.112353 0.0352247 
0.170632 -0.193887 0.0508194 
0.000854168 0.0508109 0.157325 
0.118547 0.0206202 0.0769735 
0.0585216 0.110994 0.0420175 
0.0851099 0.117543 0.0989394 
0.131142 0.113641 -0.196643 
0.137404 -0.119709 0.0673886 
0.0597654 0.0447915 0.0822751 
0.0432244 0.099543 0.0649919 
0.087263 0.0674658 0.195443 
0.0707615 0.112456 0.0354735 
0.10481 0.0138497 0.134387 
0.183074 -0.371522 0.0458228 
0.085745 0.0678646 0.196297 
0.0794271 0.0905167 0.0727334 
0.10047 0.115916 0.0477981 
0.0541024 0.103304 0.0633165 
0.0634913 0.117449 0.105512 
0.127468 0.0308615 0.0149244 
0.449668 -1.33569 -1.05517 
0.546866 -0.948943 -0.758135 
0.155499 -0.38178 0.0239731 
0.0943475 0.0797598 0.0801198 
0.0549233 0.111758 0.0757048 
0.0247467 0.0409558 0.0146951 
0.0294747 0.036485 -0.0109669 
0.0924276 0.118341 0.0774714 
0.0842743 0.0686343 0.204134 
0.119028 -0.0499795 0.114744 
0.0997851 0.077507 0.0818416 
0.105957 0.0787705 0.0818126 
0.105591 0.012574 0.134143 
0.24071 -0.419049 0.454249 

-2.26573 0.586066 0.783874 
-2.74056 -1.3491 0.209209 
-0.0441248 0.0114437 0.43816 
4.1963 -3.10472 1.68284 
-10.2168 -12.3433 0.529957 
4.53962 -9.54694 17.1653 
-2.43046 -0.22761 0.550975 
-1.67232 0.695785 0.720784 
-0.130222 0.0749025 0.249474 
-0.402961 -0.520351 0.0450297 
2.60476 -2.38711 3.34332 
14.1564 -13.6781 8.90998 
2.88644 -0.043717 0.685051 
-0.0797746 -0.0684578 0.283474 
-0.0244984 -0.00872413 0.723324 
-0.393502 -0.101623 0.591524 
-3.25382 -4.37246 1.67281 
-8.07052 -9.3259 0.62625 
-0.259298 -0.335367 0.0346708 
1.87718 -7.22758 13.5094 
6.94047 -7.62427 11.3609 
1.33735 -2.41214 1.45698 
-0.557546 0.083995 0.67085 
3.66795 1.39301 0.685588 
-1.76878 -7.26058 4.51802 
-2.09266 0.710936 1.13958 
2.14388 1.53996 1.90517 
-0.0859497 -0.0678673 0.276453 
-3.09331 -4.16371 1.5835 
-2.5521 -3.75584 2.70687 
3.16883 1.37487 0.867942 
2.81733 -13.6744 16.4932 
1.1847 -2.50047 1.32568 
-1.55273 -3.14913 4.23988 
-6.80313 -18.4752 21.0718 
3.22083 -2.74813 4.00475 
3.13828 -6.26629 11.3921 
-4.25662 -5.50506 0.608758 
17.5449 -16.733 10.6797 
-2.20965 -0.198286 0.486186 
-2.06891 0.702814 1.11965 
-2.27096 0.505464 0.529925 
-3.28784 -4.41974 1.6676 
-1.3677 -1.95254 0.0184182 
-2.31733 -0.614924 1.26254 
0.440056 0.846906 0.686718 
-4.26639 -3.95317 0.118202 
-0.173971 0.106 0.239635 
2.49961 -9.35418 17.536 
-1.6605 -2.03287 2.66483 
0.317739 0.809426 0.22893 
1.55634 -2.35275 0.904153 
-2.11181 0.661299 0.983624 
-0.0824987 -0.0684881 0.277724 
-0.431528 -0.182514 0.670626 
1.64682 -2.48502 0.950597 
0.100045 0.418354 0.429192 
0.119583 0.392257 0.608879 
-0.515513 -0.0248877 0.700334 
2.73142 -2.06854 0.270637 
2.05942 0.0690313 2.48519 
3.81167 -7.67755 12.9452 
2.04184 -8.30385 15.3052 
0.0708292 -6.77107 3.50013 
-0.042149 0.0192039 0.476458 
0.283777 -0.363577 -0.0135145 
2.10245 -6.5026 2.14207 
0.341864 -0.452267 -0.0134756 
0.336851 0.812629 0.247444 
0.163319 0.121864 0.644057 
0.102163 0.42216 0.434123 
0.320769 0.816415 0.232069 
-0.443139 -0.0173304 0.594033 
-2.72312 -1.38814 0.308369 
-0.640544 -3.11376 5.57079 
