0.948686 0.180363 0.259738 0.541397 -0.184117 0.982853 -0.0100144 -0.0277639 -0.257091 -0.0383216 0.965627 -0.286353 0 0 0 1
0.276008 -0.155489 -0.948495 -0.00536865 0.131377 0.983669 -0.123025 0.0026196 0.952134 -0.0906544 0.291928 -0.021252 0 0 0 1
###
-2.08729 0.709167 1.13626 
8.4263 -9.21897 13.7947 
-0.116788 -1.53347 2.89355 
-2.71466 -1.38335 0.306629 
-0.706892 0.190989 0.569382 
1.98407 -8.09316 14.9328 
4.42205 -8.58984 14.5235 
-3.04974 -4.1036 1.55684 
-1.65712 -2.02885 2.66004 
-2.40021 -3.43922 2.32347 
-0.243346 -1.09777 2.00311 
-1.34753 -1.19729 0.00501264 
6.92386 -7.60055 11.3292 
-1.66836 -0.353849 0.919098 
-6.75915 -18.4371 21.025 
-2.0651 0.701484 1.11761 
-1.65712 -2.02885 2.66004 
1.88434 -7.25026 13.5565 
6.92386 -7.60055 11.3292 
-1.25015 -0.0822344 0.277976 
-2.5783 0.397892 0.290573 
-0.262 -0.116211 0.683208 
-1.79341 -6.99051 4.50791 
-2.36552 -3.17301 1.16244 
2.84008 -13.8688 16.7172 
-1.81442 0.596574 0.663328 
-1.76647 -7.2521 4.51374 
-2.08089 -0.516862 2.12184 
-1.75416 -0.640874 2.26681 
-2.03247 0.745793 1.22082 
-1.56418 -0.0513605 0.352186 
-2.35851 -5.8216 4.0933 
-2.53082 -3.72362 2.68286 
0.11898 0.398915 0.46543 
-0.190333 0.123207 0.490034 
0.0693097 -6.70027 3.46341 
-1.94035 -2.9935 2.7994 
-1.8025 -0.627391 2.2183 
-0.394493 -6.12027 3.41011 
-0.188967 0.127222 0.381164 
-0.998953 -1.26608 -0.0145116 
2.59726 -2.41587 3.33536 
-2.55595 0.325488 0.603449 
-1.44555 0.744997 0.961599 
-1.41502 0.74961 0.747269 

0.206161 -0.21061 0.168408 
0.128937 -1.41027 1.78645 
0.206254 -0.191374 0.0827098 
0.10481 0.0138497 0.134387 
0.279024 -0.682378 -0.586344 
0.667161 -1.14719 -0.923252 
0.167492 -0.227737 0.275182 
0.343811 -0.362588 0.266284 
0.138511 -0.106334 0.000904376 
-0.0519183 -2.13198 2.72069 
0.585434 -1.01255 -0.817327 
-0.135543 -0.424558 0.53241 
0.0530116 -0.351786 0.436232 
0.119 0.0276441 0.0687747 
0.235918 -0.24797 -0.11765 
0.121884 0.112246 -0.00269611 
0.161455 -0.15066 0.160843 
0.53492 -1.18448 1.51384 
0.331957 -0.393427 0.270275 
0.107816 0.0191799 0.101947 
0.0873531 0.117823 0.0995493 
0.0861642 -0.423556 -0.218664 
0.207972 -0.379355 0.0356585 
0.372372 -0.447231 0.308129 
0.676155 -1.73173 -0.861074 
0.0722597 0.119308 0.0346052 
0.18086 -0.374231 0.0450041 
0.130313 0.0242864 0.00662473 
0.132485 0.00597348 -0.0115115 
0.102016 0.113079 0.0151909 
0.0940302 0.0737341 0.0817993 
0.227918 -0.317484 0.0497341 
0.439792 -0.428164 0.149113 
0.0644651 0.117515 0.0269997 
0.0887687 0.115799 0.0623993 
0.0842425 -0.415586 0.00792068 
0.255544 -0.235083 0.0797593 
0.133215 0.0081819 -0.00803479 
0.115277 -0.365479 0.0163536 
0.0999702 0.0468032 0.0918643 
0.0345323 -1.0564 -0.437201 
0.127271 0.101336 -0.129605 
0.0920311 0.0865934 0.0765508 
0.0514482 0.0806641 0.00368401 
0.139459 0.103933 -0.121323 
