0.951494 0.178408 0.250658 0.0430604 -0.186728 0.982365 0.00961268 0.0324549 -0.244522 -0.0559513 0.968028 -0.127067 0 0 0 1
1 0 0 0 0 1 0 0 0 0 1 0 0 0 0 1
###
-0.85792 0.366734 0.663485 
-1.18878 -0.740973 0.202015 
2.64146 -1.65902 1.0442 
-0.123227 0.0953406 0.342421 
3.20008 -2.97304 4.52594 
-0.19608 -1.37337 2.2247 
2.59961 -4.52311 7.964 
3.68945 -13.8244 16.0151 
-1.95921 -3.65302 0.959596 
-1.22266 -4.22941 2.79265 
2.22529 -1.75648 2.42474 
3.22427 -2.17192 1.12335 
1.1847 -3.79557 6.78172 
2.35722 -4.04543 6.5738 
-0.494849 0.418756 0.559308 
-0.62399 -1.14642 1.51804 
-1.68314 -2.76367 0.952012 
-1.1669 -0.48947 0.175091 
-0.951121 -1.74621 1.16897 
-1.07288 -0.0980484 0.354647 
-0.494014 -0.669612 0.0257072 
-0.861404 0.367571 0.666226 
-0.689416 -0.383827 1.26291 
-1.23609 -0.567142 0.767304 
-1.00797 -1.91974 1.38107 
-0.378656 -0.601823 0.0585036 
0.284378 -1.25583 2.33839 
-0.572512 -2.06306 2.86055 
-0.465623 -0.14178 0.535673 
-0.675633 -0.366863 1.26548 
-0.379798 -0.60442 0.0589482 
1.57831 -4.61387 8.38781 
6.85421 -6.97439 9.98031 
-0.814682 0.376545 0.692953 
-1.02753 0.013219 0.342994 
0.023642 0.0254174 0.34974 
-0.964153 0.305277 0.480954 
-0.0943794 0.0449176 0.375333 
-0.775738 -1.67209 1.57038 
-1.41343 -2.67924 1.885 
1.3489 -3.89952 7.16322 
-0.827386 0.384112 0.707197 
0.023647 0.0246171 0.348391 
-0.693311 -4.0367 2.57803 
-1.02814 -3.34432 2.33464 
-0.526406 0.39543 0.576361 
-0.343175 -0.775284 0.00273543 
-0.603874 -3.54423 2.19318 
-1.03266 0.145164 0.357603 
-0.739087 -0.298692 1.1326 
-0.882371 -0.343147 1.31924 
-2.04283 -3.86693 1.04045 
-0.882586 0.371255 0.672843 
-0.992122 0.127353 0.342152 
-2.10915 -3.48897 1.36571 
-1.1358 -2.11419 1.50222 
-0.945509 -0.29274 0.771804 

0.970266 -1.39594 0.111015 
-0.250268 0.0541795 0.313287 
-0.0474482 0.331515 0.184838 
-0.351236 0.189824 0.306876 
0.38429 -0.377013 0.414522 
0.15008 -0.20161 0.269788 
0.0211712 -0.470003 0.655579 
-1.59486 -1.88073 1.69635 
-1.47398 -1.49986 0.66078 
0.126829 -0.723717 0.586524 
-0.244234 -0.749743 0.873411 
0.360602 -0.237824 0.0402875 
-1.77253 -1.84073 1.78277 
0.187985 -0.460931 0.626484 
-0.208132 0.29598 0.19833 
0.124167 -0.190587 0.303815 
-0.232301 -0.768212 1.04217 
-0.241728 0.119457 0.29208 
0.988155 -0.845833 0.762092 
-0.163908 0.159015 0.254341 
-0.988665 -0.914598 0.134431 
0.468512 0.353609 0.053263 
0.113452 0.0737879 0.253141 
-0.112007 0.0899432 0.309705 
0.140989 -0.535629 0.702769 
-1.35891 -1.38464 0.22098 
12.9605 -10.0301 5.48774 
0.104074 -0.785898 0.979065 
0.0737249 0.0945949 0.234742 
0.119802 0.0755116 0.259255 
0.422982 0.382302 0.128149 
1.32289 -1.03105 0.468878 
-0.313976 -0.728057 0.778458 
-0.626612 0.323992 0.334579 
-0.120886 0.0713796 0.323788 
0.0199946 0.324014 0.175289 
-0.803551 0.375739 0.401596 
0.415185 0.373295 0.124876 
0.197048 -0.668743 0.865475 
0.0156336 -0.291414 0.421222 
-2.45018 -2.70373 2.53758 
-0.00423061 0.316053 0.172523 
0.0142547 0.327313 0.176232 
0.143192 -0.664515 0.460231 
0.126673 -0.588602 0.542725 
-0.00946543 0.295112 0.0734103 
-0.501075 -0.603464 0.0427044 
0.133955 -0.716029 0.484387 
-0.151292 0.277069 0.231131 
0.0153086 0.138858 0.260721 
0.0860985 0.139871 0.313612 
-0.332211 -0.815032 0.868764 
-0.0197922 0.324403 0.181447 
-0.150615 0.214843 0.220633 
0.24066 -0.49037 0.654622 
0.0653675 -0.471677 0.66003 
-0.0936807 0.105891 0.295005 
