0.179215 -0.0698754 -0.981325 0.0642076 0.173514 0.984083 -0.0383837 -0.103323 0.968388 -0.163395 0.188487 -0.00938868 0 0 0 1
0.999562 -0.0177022 -0.0236999 0.0709511 0.0178382 0.999826 0.00553718 -0.00678697 0.0235978 -0.00595752 0.999704 0.009242 0 0 0 1
###
0.022193 -0.0728592 -0.0353262 
0.106619 -0.334514 0.631947 
0.000634485 0.0458562 0.124434 
0.0827858 -0.0667771 0.210831 
0.0588687 0.108289 0.00897652 
0.307947 -0.755385 -0.639004 
0.0670314 0.0980389 0.0674049 
0.0677991 0.0285515 0.119062 
0.139893 -0.168743 0.0670622 
0.111211 0.0989693 0.0688116 
0.137663 0.117052 -0.183826 
0.0897544 0.0637559 0.184399 
0.180801 -0.374404 0.044811 
0.0856266 0.0665923 0.194205 
0.0145645 -0.0669456 -0.0287681 
-0.0268065 -0.0196406 0.204226 
0.456991 -1.36777 -1.07698 
0.100894 0.023333 0.128797 
0.0513607 -0.184434 0.42777 
0.11905 0.0964468 0.07087 
0.0902696 0.123927 0.134049 
0.120585 -0.0554885 0.118782 
0.0991854 0.046097 0.121807 
0.0490796 0.108945 0.0450591 
0.0711214 -0.470446 0.79251 
0.241296 -0.700025 1.05907 
0.10504 0.114198 0.0193717 
0.0591572 0.111248 0.0448488 
0.0476731 0.107522 -0.000878637 
0.0289437 -0.192387 -0.183511 
0.575525 -1.51501 -0.752853 
0.176379 -0.206487 0.0502589 
0.136239 -0.607618 0.0507075 
0.104947 -0.395813 0.0139513 
0.237135 -0.268954 0.194588 
0.0913925 0.0860414 0.0761121 
0.445847 -1.32311 -1.04044 
0.180801 -0.374404 0.044811 
0.141787 -0.130152 0.068854 
0.0621767 0.108457 -0.0351338 
0.0866934 0.0670877 0.194395 
0.0868161 0.0426496 0.0905211 
0.213263 -0.325769 0.0499289 
-0.00741443 0.0637358 0.147217 
0.110766 -0.191744 -0.0811886 
0.545233 -0.947298 -0.756967 
0.124357 -0.101626 0.124824 
0.103008 -0.0389256 0.106844 
-0.0070829 0.058084 0.13896 
-0.284727 -1.62092 1.95851 
0.0679736 0.110552 0.0205777 
0.200216 -0.204475 -0.131768 
0.328062 -0.446402 -0.359943 
0.183139 -0.373217 0.0457042 
0.10431 0.0137992 0.133664 
-0.0426446 -0.147767 0.343913 
0.198692 -0.197469 -0.0899313 
0.105834 -0.0997624 0.264468 
0.0669827 0.0299981 0.117856 
0.0920099 -0.364498 0.0166045 
0.129389 0.0240902 0.00652962 
0.470213 -1.38305 -1.08833 
0.154834 -0.381131 0.0237911 
0.0242138 -0.243739 0.0465882 
0.0650533 0.117564 0.10717 
0.134017 -0.111631 0.0581106 
0.252961 -0.410542 0.0744618 
0.122827 -0.0142878 -0.000142392 
0.155352 -0.136835 0.0345797 
0.145699 -0.116528 0.00284612 
0.0900369 0.0878963 0.074779 
0.0861283 0.0667026 0.199913 
0.112104 -0.513615 0.000756907 
0.0298915 0.10731 0.0662315 
0.0765368 0.130582 0.256992 
0.202419 -0.206244 -0.0947322 
0.0248552 -0.213085 0.0480413 
0.0445557 0.0425557 0.00988766 
0.139858 -0.131082 0.131042 
0.105053 0.0125206 0.133461 
0.0702308 -0.124328 -0.365325 
0.0879625 0.0856375 0.075833 

-2.08729 0.709167 1.13626 
1.55341 -2.34813 0.90252 
0.0998698 0.417585 0.428402 
-3.45624 -4.76233 1.93912 
-2.25666 0.584007 0.780009 
4.62636 -9.72024 17.4737 
-2.42334 -0.226735 0.548846 
-1.55088 -3.14571 4.23531 
1.18163 -2.49432 1.32211 
-2.31344 -0.613905 1.26036 
-2.09085 0.649096 0.960982 
-0.146644 0.00565546 0.252614 
-1.76647 -7.2521 4.51374 
3.46189 1.27459 0.436805 
2.82993 -2.93889 1.12258 
-8.08104 -9.33841 0.627108 
4.42205 -8.58984 14.5235 
-0.0857956 -0.0677069 0.275898 
7.53825 -7.33034 11.8294 
-1.66949 0.694697 0.719621 
3.35753 1.31285 0.705564 
-1.52054 -1.43702 2.19704 
3.22801 -2.75348 4.01287 
-2.26543 0.504308 0.528443 
-3.04974 -4.1036 1.55684 
-0.0154047 -10.9065 20.5732 
-2.0651 0.701484 1.11761 
0.1165 0.38594 0.591581 
-0.173596 0.105841 0.239223 
2.7586 -2.84892 1.11537 
2.84008 -13.8688 16.7172 
-3.28122 -4.41076 1.6641 
0.978026 -6.60313 2.56114 
0.580481 -6.47446 3.0842 
-0.411 -4.57855 8.6612 
-0.0420628 0.0191673 0.475607 
3.88395 -7.73342 12.9979 
-1.49772 -6.31578 3.75571 
-2.1519 -5.02714 3.51919 
-2.13159 0.643516 1.03004 
1.64386 -2.48033 0.949028 
-0.179091 0.277298 0.193323 
-2.28826 -7.06574 4.80183 
-0.720219 -0.996194 0.00617195 
3.05591 -14.1868 16.3744 
1.98407 -8.09316 14.9328 
-0.659607 -1.25057 1.69558 
-1.65712 -2.02885 2.66004 
-1.36471 -1.94809 0.0183977 
1.29314 -2.35678 1.4064 
0.283297 -0.362976 -0.0135182 
8.4263 -9.21897 13.7947 
12.8549 -11.6273 7.59945 
-0.0255689 0.521899 0.240249 
-2.68651 -1.38098 0.315361 
-0.194932 0.176167 0.234085 
-2.21147 -3.23015 2.34476 
-0.639907 -3.1122 5.56811 
-1.3522 -2.63289 3.44557 
0.706748 -6.20592 2.84611 
2.40904 -0.154619 2.64027 
3.82715 -7.70709 12.9934 
0.0693097 -6.70027 3.46341 
0.555867 -6.03883 2.83661 
0.404781 0.793744 0.633874 
-3.2142 -4.32449 1.44932 
-2.53544 -7.31981 4.48344 
-0.140877 0.273986 0.190762 
-0.840173 -7.48927 13.6348 
-2.66638 -4.40586 4.33833 
-0.514852 -0.0248642 0.699567 
-0.436761 0.305144 0.408286 
-0.942213 -6.51323 3.89995 
0.473672 -0.665187 -0.0119854 
3.66571 1.39204 0.68523 
-3.73373 -6.09501 5.63887 
-4.25078 -3.9383 0.117466 
4.04348 -3.26388 4.28474 
-0.71868 -1.3821 1.85763 
-0.0823422 -0.0683342 0.277178 
-0.119248 0.0448582 0.2393 
-0.442105 -0.0187992 0.591062 
