0.949554 0.187672 0.25125 0.0411208 -0.188271 0.981873 -0.0218773 0.0153751 -0.250801 -0.0265294 0.967675 -0.118127 0 0 0 1
1 0 0 0 0 1 0 0 0 0 1 0 0 0 0 1
###
-0.845137 0.361197 0.653514 
-0.0442022 0.0381427 0.397781 
-0.119818 0.092026 0.331594 
2.85044 -2.65238 4.0384 
1.24553 -3.99668 7.12674 
0.749832 -3.05 1.28236 
-1.172 -0.730743 0.199193 
-1.65823 -2.72362 0.93794 
2.21362 -1.74677 2.41569 
1.64111 -1.04461 0.69777 
6.05098 -6.22976 8.97027 
-0.617096 -1.1333 1.49744 
-1.17826 -0.744289 0.210808 
-1.15524 -0.486307 0.17375 
-0.849189 -1.77196 1.54237 
-1.18235 -4.08724 2.6985 
3.05134 -2.46529 3.23221 
2.75254 -10.6638 12.4927 
-1.13739 -2.09235 1.4093 
0.945089 -1.2551 0.757517 
-1.05289 -0.0959419 0.348179 
-0.772493 -1.66599 1.5656 
1.62288 -4.74583 8.61737 
-0.854562 0.330913 0.55906 
-1.07901 0.159917 0.09923 
0.0132226 0.0333571 0.339869 
-1.012 -3.29171 2.29775 
-0.629554 -1.1255 1.45706 
-0.666236 -0.362085 1.24782 
-0.853798 0.334918 0.567806 
0.109731 0.166128 0.210118 
-0.392199 -0.795873 0.000577218 
-0.211617 -0.444104 0.0564922 
-0.433497 -1.56608 2.23201 
0.0922966 -3.91919 2.14155 
-1.02073 -1.93417 1.38619 
0.868409 -1.2897 0.680732 
-0.133599 -0.187375 0.083445 
-0.294116 -0.729042 0.0291685 
0.14885 0.0632055 0.237591 
-1.01857 0.14438 0.354494 
-0.364895 -0.122455 0.315854 
-1.46201 -0.159433 0.448988 
-1.45418 -3.90627 -0.32396 
-0.926419 -0.279166 0.780534 
-0.804474 -0.310562 1.19548 
-1.2651 -2.12569 1.11304 
-1.01768 -1.87421 1.2924 
-0.518506 0.389481 0.567798 
-0.447685 -1.61291 2.29514 

0.85344 -1.24386 0.105061 
-0.152651 0.326558 0.216533 
-0.351236 0.189824 0.306876 
-1.74085 -1.77902 1.05176 
2.73009 -2.1281 0.952435 
-0.242247 0.105677 0.295657 
-0.250268 0.0541795 0.313287 
-0.156739 -0.290147 0.441124 
0.124167 -0.190587 0.303815 
1.38831 -1.26386 0.166799 
-0.266286 -0.728784 0.823701 
-0.202659 -0.309665 0.499216 
-0.0650233 0.300261 0.0921451 
-0.241728 0.119457 0.29208 
0.208599 -0.461157 0.635595 
0.159139 -0.811646 0.685652 
0.0156336 -0.291414 0.421222 
-1.59486 -1.88073 1.69635 
0.988155 -0.845833 0.762092 
2.40715 -2.16246 0.427255 
-0.163908 0.159015 0.254341 
0.247149 -0.556934 0.742761 
1.32289 -1.03105 0.468878 
-0.0469273 0.330901 0.183713 
-0.220865 0.324114 0.219203 
-0.0072995 0.281077 0.068583 
0.126673 -0.588602 0.542725 
0.113395 -0.131995 0.306894 
0.119802 0.0755116 0.259255 
-0.0545531 0.314464 0.175593 
-0.0242259 0.321686 0.172321 
-2.56489 -3.22886 0.193873 
-0.501075 -0.603464 0.0427044 
0.0946369 -0.127981 0.176105 
0.12161 -0.725657 0.277694 
-0.00722697 -0.243987 0.374286 
0.981026 -0.794406 0.191392 
-1.06703 -1.35564 0.105646 
-0.995554 -1.13858 0.0890132 
-0.155139 0.217266 0.229902 
-0.145017 0.231806 0.209494 
-0.0319745 0.140587 0.273825 
-0.0838548 0.111944 0.286555 
-1.28943 -1.58206 0.108241 
-0.0936807 0.105891 0.295005 
0.203414 0.219304 0.499915 
0.405094 -0.391073 0.433686 
-0.0177008 -0.240538 0.373382 
-0.00946543 0.295112 0.0734103 
0.260407 -0.376279 0.494757 
