0.984536 0.0470749 -0.168736 0.15889 -0.0548748 0.997615 -0.041862 -0.273959 0.166363 0.050474 0.984772 -0.0140971 0 0 0 1
0.999832 -0.0178027 -0.00425143 0.019948 0.0178487 0.99978 0.0110377 0.0131937 0.00405399 -0.0111117 0.99993 0.00175643 0 0 0 1
###
0.126594 0.0198214 0.138103 
-0.130691 0.279192 0.190486 
-0.147569 0.258302 0.16264 
-0.4098 0.0181161 0.10254 
-0.0180974 -0.252289 0.270199 
0.16354 -0.206418 0.348174 
-0.164189 0.154825 0.248001 
0.126829 -0.723717 0.586524 
1.80301 -1.44419 0.317245 
-0.155693 0.26989 0.0889409 
-0.203941 0.226301 0.051003 
1.4338 -1.78141 0.611844 
-0.168685 0.0136906 0.247468 
-0.330808 0.340221 0.310096 
0.315413 -0.212993 0.00704794 
0.501589 -0.604607 0.291728 
-0.263832 0.159131 0.0571922 
0.0247839 0.301478 0.0594055 
-0.166011 -0.123943 0.344813 
0.156038 -0.903351 0.573582 
2.07346 -1.66548 0.370809 
-0.322767 0.169249 0.0615721 
0.182225 -0.791464 0.577666 
-0.144867 0.276702 0.0529694 
-0.117649 0.292187 0.0905524 
-0.120631 0.295374 0.138675 
-0.122336 0.0982341 0.265818 
-0.161851 0.255694 0.0926778 
0.0702541 -0.389794 0.441562 
-0.0783912 0.132012 0.0302662 
-0.378265 0.188718 0.252566 
-0.16195 0.256098 0.0910444 
0.62942 -0.385454 0.285907 
-0.8314 -0.414648 0.424468 
0.0724257 -0.514435 0.324768 
-0.505711 -0.227055 0.41767 
-0.588602 -0.231426 0.287182 
-0.152456 0.203235 0.253305 
3.24309 -2.87256 0.551083 
-0.101307 0.307686 0.176548 
-0.161036 0.306509 0.161376 
-0.223825 0.157488 0.246877 
0.199639 -0.188821 0.294284 
0.310954 -0.26177 0.325821 
0.932312 -0.736307 0.528117 
-0.476611 -0.421432 0.566617 
2.73009 -2.1281 0.952435 
0.000552891 0.0340372 0.05876 

3.68704 -2.85255 3.93642 
-0.965708 -0.341685 0.708516 
-0.170898 -0.0360186 0.0492408 
-0.501064 -0.677391 0.0248951 
-1.02385 -3.60076 2.326 
-0.0728297 -0.144348 0.129961 
-1.23132 -0.867974 0.509076 
5.79756 -4.28536 4.5027 
3.03685 -2.37292 3.24624 
-0.625555 0.35456 0.430025 
-0.896417 -3.77113 4.25788 
2.75142 -10.6643 12.4969 
-0.612428 -1.12475 1.48944 
-0.055945 0.034651 0.375842 
-0.845288 0.361145 0.653463 
3.01256 -11.3646 12.7322 
-3.9762 -6.11689 0.190159 
-0.953516 0.301016 0.475914 
0.483901 -7.26509 13.323 
-0.948554 -5.52567 3.50023 
2.3035 -4.00141 7.03128 
-0.724349 -1.26751 0.000672178 
-1.21173 -5.24336 2.93929 
-0.971363 0.260257 0.344514 
0.0190814 -0.0140697 0.356079 
0.185983 0.0637809 0.155595 
-0.979179 -0.3989 0.650589 
0.0788956 0.0601912 0.349004 
3.17181 -2.92931 4.55997 
-0.84801 0.361812 0.655522 
1.14462 -1.33557 0.508219 
-1.18047 -0.746152 0.211448 
1.31243 -3.78985 6.96471 
-1.62292 -2.65947 0.913806 
0.327174 -3.63337 1.84585 
3.77681 -14.1631 16.4086 
-2.02637 -3.83801 1.03295 
-1.04387 -0.0969117 0.345295 
1.89563 -7.46758 8.77611 
0.128693 0.272886 0.0976947 
-0.882743 0.370638 0.673861 
0.205173 -0.0379186 0.181891 
-0.913385 -1.75751 1.34549 
-0.734094 -1.57739 1.48739 
-1.09655 -2.01225 1.3524 
-0.849612 -1.77328 1.54325 
1.62286 -4.74341 8.61615 
-0.399673 -0.815807 0.00176831 
