0.949431 0.170533 0.263626 0.545377 -0.159841 0.985215 -0.0616557 -0.00112961 -0.270242 0.0163998 0.962653 -0.30338 0 0 0 1
0.27641 -0.155463 -0.948382 -0.00538512 0.131749 0.983642 -0.122844 0.00252402 0.951966 -0.0909927 0.292371 -0.0211674 0 0 0 1
###
-2.09584 0.712202 1.14124 
8.29335 -9.07804 13.5819 
4.42643 -8.59532 14.541 
0.0889044 -6.38776 3.26538 
-2.18598 -3.43332 3.0274 
-2.72643 -1.3898 0.308069 
2.63884 -12.3724 14.8702 
-0.455291 -0.257519 0.411472 
-0.722762 0.206312 0.595428 
-1.28232 -0.111349 0.29059 
1.92178 -7.93651 14.6316 
7.01307 -7.70615 11.4751 
-1.66156 -2.03217 2.66791 
-2.11066 -0.436949 1.78908 
-1.8901 -5.60527 3.26514 
-1.83043 -2.01271 -0.0448564 
-3.06465 -4.1092 1.67114 
2.80489 -13.7035 16.5285 
-2.11443 0.718793 1.18448 
-1.36574 -0.0889332 0.306693 
-1.60339 -0.834058 0.484344 
-2.38348 -0.573248 1.41064 
1.91144 -7.34444 13.7443 
3.9832 -7.92186 13.3301 
1.33423 -2.40849 1.45381 
-2.01944 0.734564 1.20357 
-4.40421 -7.2956 1.95399 
-2.09581 0.65063 0.962013 
-2.24296 -3.27513 2.37631 
-2.13458 0.644398 1.03176 
-0.43338 0.0566053 0.577839 
-1.80914 -7.22439 4.67504 
-2.13804 0.288289 0.509516 
-3.29477 -4.85622 3.00895 
-2.54598 0.223581 0.590672 
-1.2971 -1.8473 -0.00325427 
-2.52936 -3.72095 2.68257 
-2.73233 -1.42146 0.319215 

0.195792 -1.37337 -0.697503 
0.225321 -0.304512 0.244753 
0.296518 -0.369631 -0.239955 
0.15951 -0.430922 0.0636581 
0.234423 -0.246331 -0.116859 
0.10431 0.0137992 0.133664 
0.267525 -0.260712 0.0291123 
0.150426 -0.125914 0.00109587 
0.0991854 0.046097 0.121807 
0.117599 0.00950905 0.0866557 
0.171066 -0.36488 0.4664 
0.0521328 -0.346171 0.429123 
0.133664 -0.0754233 -0.000587424 
0.127802 0.0320222 0.0179827 
0.468236 -1.24673 -0.584094 
-0.0289078 -0.13234 0.156288 
0.235807 -0.24652 0.197152 
0.641933 -1.64387 -0.817329 
0.100514 0.116222 0.0467024 
0.10726 0.0190936 0.101435 
0.139077 -0.0987637 -6.49065e-05 
0.120758 0.0365764 0.0497176 
0.534654 -1.18339 1.51163 
0.367535 -0.851785 1.00269 
0.416557 -1.19561 -0.93336 
0.0979626 0.107604 0.0168277 
0.198602 -0.279732 0.222673 
0.0965122 0.115242 0.0349509 
0.147753 -0.135007 0.052192 
0.103675 0.113313 0.0299625 
0.1088 0.0970437 -0.155649 
0.20688 -0.377431 0.0354103 
0.0913925 0.0860414 0.0761121 
0.180429 -0.171747 0.11028 
0.0935404 0.0771189 0.0805347 
0.0213029 -0.147348 -0.0560329 
0.226365 -0.210896 0.0726317 
0.0615561 0.110329 0.0279499 
