0.951401 0.168293 0.257903 0.043473 -0.17124 0.985166 -0.0111629 0.0428642 -0.255956 -0.0335428 0.966106 -0.131747 0 0 0 1
0.996393 -0.0767156 -0.0362637 -0.0032895 0.0765157 0.997045 -0.00687127 0.000539317 0.0366836 0.00407175 0.999319 -0.0090274 0 0 0 1
###
-0.124926 0.0972869 0.3482 
1.18454 -3.79542 6.78126 
-1.18716 -0.73978 0.201399 
5.54374 -5.70292 8.21279 
-0.510703 -0.728371 0.0265487 
-1.95919 -3.65368 0.959163 
-1.67958 -2.75643 0.950536 
-0.964441 0.305389 0.481361 
0.00310519 -0.000832934 0.420969 
-1.02938 -0.402119 0.162356 
1.18454 -3.79542 6.78126 
0.138022 -3.07675 1.6332 
-0.859952 0.367188 0.665111 
-0.868496 0.336217 0.568372 
-0.656846 -1.37761 1.69273 
-1.16949 -0.491142 0.175378 
-0.977656 -1.85647 1.33948 
-0.464458 -0.654679 0.0473425 
-0.404677 -0.650606 0.0632033 
1.57958 -4.61963 8.38948 
0.961352 -1.27711 0.770351 
0.458782 -1.95247 2.26341 
6.85536 -6.98185 9.98068 
0.0262957 -0.107252 0.402529 
-0.638507 -1.14204 1.47884 
1.35039 -3.90427 7.16428 
0.0262957 -0.107252 0.402529 
-1.02807 -3.34431 2.33464 
-0.227231 -0.519589 0.0599446 
-0.694338 -1.16889 0.038308 
-0.944896 -0.292333 0.771623 
0.0952835 -4.00533 2.18869 
-1.15285 -2.2258 1.59235 
-1.41415 -2.2817 0.836294 
1.89117 -3.30198 5.42288 
0.329164 -3.65954 1.85876 
-0.512788 0.385738 0.562358 
0.0234872 0.0246779 0.347982 
-0.225225 -3.66505 2.17029 
-0.535155 -0.197829 0.754166 
-1.24881 -0.88556 0.516517 
-1.05507 -1.95068 1.35069 
-0.038587 -0.849621 1.53549 
-0.86692 0.340215 0.576831 
-1.24918 -3.2746 -0.287361 
-0.918801 0.149128 0.331955 
-0.850566 -0.329798 1.27182 
-1.25958 -3.30346 -0.289066 
-0.671931 -0.363625 1.25783 
-0.936241 0.264627 0.406291 
-2.09129 -3.45745 1.35094 
-0.963593 0.0858262 0.329638 

-0.351236 0.189824 0.306876 
-2.52278 -2.65219 2.54617 
-0.250268 0.0541795 0.313287 
-2.15606 -2.20801 1.33106 
0.393107 0.378774 0.163794 
-1.47398 -1.49986 0.66078 
-0.156739 -0.290147 0.441124 
-0.803551 0.375739 0.401596 
0.107193 -0.00340784 0.281011 
-0.241469 0.138521 0.290161 
0.313958 -0.280307 0.151031 
0.013339 -0.329276 0.17336 
0.468512 0.353609 0.053263 
0.253016 0.331429 0.159553 
0.124167 -0.190587 0.303815 
-0.222616 0.123933 0.259835 
0.140989 -0.535629 0.702769 
-0.988665 -0.914598 0.134431 
-0.214839 0.465436 0.287872 
-2.34604 -2.59118 2.37185 
3.24309 -2.87256 0.551083 
0.130097 -0.888849 0.698869 
-0.313976 -0.728057 0.778458 
-0.402298 0.0997911 0.29763 
-0.204567 -0.314987 0.506523 
1.32289 -1.03105 0.468878 
-0.522156 0.206855 0.380433 
0.126673 -0.588602 0.542725 
-2.56489 -3.22886 0.193873 
-2.64981 -2.63676 0.691322 
-0.103632 0.0917395 0.295458 
0.203548 -0.990454 0.441024 
0.182523 -0.299726 0.406247 
0.253456 -0.509062 0.68932 
-1.5723 -1.81788 1.66315 
0.164234 -0.807923 0.429764 
-0.00946543 0.295112 0.0734103 
0.0199946 0.324014 0.175289 
0.225239 -1.13725 0.415982 
0.0153086 0.138858 0.260721 
-0.148051 0.0131968 0.324837 
-0.0177008 -0.240538 0.373382 
0.733525 -0.590961 0.449759 
-0.0208923 0.320807 0.17213 
-0.995554 -1.13858 0.0890132 
-0.145017 0.231806 0.209494 
0.0752539 0.11653 0.26547 
-1.28943 -1.58206 0.108241 
0.120712 0.0776253 0.25659 
-0.10242 0.316324 0.193028 
-0.219398 -0.675503 0.935091 
-0.0919499 0.108406 0.295784 
