0.990603 0.0392083 -0.13103 0.169938 -0.0372717 0.999157 0.0172006 -0.267114 0.131594 -0.0121552 0.991229 0.0166451 0 0 0 1
0.999935 -0.0113513 0.000881997 0.00750708 0.0113511 0.999936 0.000219695 0.00333102 -0.000884434 -0.000209669 1 0.000980694 0 0 0 1
###
-0.172897 0.00780632 0.22364 
2.09474 -1.88534 0.352052 
1.67182 -1.3598 0.315361 
-0.0191927 0.292304 0.0532763 
-0.225087 0.158621 0.240911 
0.0252234 0.0946312 0.0886106 
-0.0419385 -0.203756 0.227526 
-0.0180974 -0.252289 0.270199 
-0.0426929 -0.277436 0.401149 
-0.793893 -0.453128 0.20808 
-0.168685 0.0136906 0.247468 
0.0188686 -0.0201901 0.0129161 
-0.235915 0.135485 0.283403 
1.4338 -1.78141 0.611844 
-0.165079 -0.507986 0.658251 
-1.22972 -0.869938 0.557908 
-0.1152 0.266828 0.303308 
-0.175508 -0.0129088 0.249247 
-0.250268 0.0541795 0.313287 
0.156038 -0.903351 0.573582 
0.432946 -0.681063 -0.030412 
0.147781 -0.83983 0.74718 
-0.09817 0.29468 0.299082 
-0.44577 -0.0100103 0.178774 
-0.0329715 0.288583 0.0342905 
1.80301 -1.44419 0.317245 
0.175476 -0.757082 0.602451 
-0.100137 0.0955472 0.295039 
0.16354 -0.206418 0.348174 
0.136589 -0.6215 0.587146 
-0.171641 0.075622 0.294694 
0.203548 -0.990454 0.441024 
-0.8314 -0.414648 0.424468 
-0.858809 -0.450006 0.535773 
-0.147044 0.237731 0.20713 
1.29699 -1.09391 0.234708 
2.5053 -3.22902 1.0134 
-0.062283 0.308135 0.133497 
0.155934 -0.76254 0.625331 
0.00456882 -0.278669 0.399084 
0.405165 -0.638041 -0.0268894 
-0.247723 0.0601325 0.314535 
-0.0189329 0.289608 0.0268352 
-0.0633369 0.290254 0.0914135 
-1.19546 -0.403194 0.146666 
-0.162137 0.205905 0.178937 
-0.174786 0.281187 0.0842555 
-0.139985 0.283531 0.105725 
-0.0176505 0.299457 0.0738395 
2.73009 -2.1281 0.952435 
-0.174216 -0.264626 0.425626 
0.403789 -0.254128 0.293934 
-0.158719 0.181752 0.240626 
-1.31237 0.806788 0.171319 

-0.62399 -1.14642 1.51804 
2.35722 -4.04543 6.5738 
3.02481 -2.36476 3.22775 
-0.964153 0.305277 0.480954 
-0.134962 0.110863 0.376597 
3.12536 -2.41069 3.3256 
-0.601668 -3.53029 2.19211 
-0.917089 -5.33439 3.3753 
1.57831 -4.61387 8.38781 
-0.595381 -0.991418 0.0491978 
-0.656829 -1.37895 1.69421 
2.64146 -1.65902 1.0442 
3.09887 -2.38471 0.69156 
3.68945 -13.8244 16.0151 
-11.6143 -30.2788 32.8381 
-0.0742355 -0.147109 0.132514 
-0.173409 -0.0365301 0.0500106 
3.85494 -2.81648 3.54144 
0.204444 -0.0385527 0.184659 
-0.421767 -2.81878 1.64924 
-0.85792 0.366734 0.663485 
-1.01662 -3.19147 2.22759 
-0.977211 0.0872002 0.333021 
-1.68314 -2.76367 0.952012 
-0.814682 0.376545 0.692953 
2.59961 -4.52311 7.964 
-0.95478 -3.99742 2.68124 
-1.00339 -0.392517 0.685891 
-0.152164 -3.8421 6.80259 
1.16736 -1.37835 0.522237 
-1.25282 -0.883077 0.518241 
0.0877542 -3.99106 2.18662 
-1.44735 -2.34419 0.856847 
-0.200017 -3.8343 6.57094 
-0.632715 0.358628 0.435095 
1.88149 -3.25852 5.36804 
2.91092 -11.0004 12.3188 
-0.983949 0.264109 0.348795 
-0.884162 -3.64415 2.45805 
-0.816622 -1.70644 1.52864 
-0.861404 0.367571 0.666226 
-1.18878 -0.740973 0.202015 
-0.86672 0.340104 0.576478 
-0.951121 -1.74621 1.16897 
-0.737185 -1.2896 0.000842339 
1.80032 -0.0253985 0.376265 
-1.0865 -4.66101 2.60413 
0.18888 0.0647713 0.158036 
-0.49312 0.434298 0.608244 
1.1847 -3.79557 6.78172 
0.484616 -7.47558 13.6981 
-0.863009 -1.80084 1.568 
0.0193982 -0.0161659 0.36307 
-0.844558 -1.75475 1.36241 
