0.954568 0.168197 0.245985 0.0437259 -0.155123 0.985287 -0.0717411 0.0377449 -0.254433 0.0303239 0.966615 -0.130509 0 0 0 1
0.996393 -0.0767156 -0.0362637 -0.0032895 0.0765157 0.997045 -0.00687127 0.000539317 0.0366836 0.00407175 0.999319 -0.00902739 0 0 0 1
###
-0.124828 0.0973746 0.34816 
0.0191673 -0.0158876 0.360056 
-0.0682308 0.106992 0.298301 
2.61124 -4.4827 7.27317 
-0.852176 0.364318 0.659591 
-1.17909 -0.735308 0.200262 
1.99896 -1.58133 2.17976 
1.14055 -3.65938 6.5421 
-0.67411 -0.96176 0.0445206 
-0.974151 0.0465797 0.327682 
-0.614518 -1.12698 1.49389 
-1.17909 -0.735308 0.200262 
-0.932601 -5.41534 3.42973 
-2.00614 -3.76893 1.00257 
1.14055 -3.65938 6.5421 
0.37113 -0.314951 0.287055 
-1.05707 0.0341149 0.350769 
-0.861348 0.333422 0.563719 
3.33469 -3.09734 4.71329 
-0.957174 -0.299654 0.775741 
-0.0422294 -1.29558 2.32877 
-0.846552 0.361816 0.650909 
-0.50312 -0.00182573 0.214722 
-1.1135 0.203533 0.208903 
-0.57314 -0.954444 0.0807384 
-2.00614 -3.76893 1.00257 
-0.564989 -0.206576 0.815046 
-0.994946 -0.389172 0.680742 
-0.0338477 -2.19124 3.97285 
0.135785 -0.374294 0.705802 
6.92498 -7.04777 10.0756 
-1.02341 0.0525431 0.343323 
-0.808371 -1.6896 1.51403 
-1.54234 -2.85689 1.93002 
-1.15575 -2.23373 1.59905 
-0.724495 -1.5418 0.00121896 
-0.632743 -1.13227 1.46652 
-0.584912 -3.42637 2.12779 
2.81212 -4.89994 7.99151 
-0.81906 0.380088 0.699879 
0.0262117 -0.106608 0.400321 
-0.137702 0.116403 0.380096 
-0.0430281 0.0380431 0.397394 
-0.728955 -1.26521 0.0956852 
-2.02668 -3.83807 1.03301 
-1.01655 -3.30749 2.3093 
-0.430924 -0.837604 0.805265 
-0.593354 -3.86081 2.28313 
-0.965259 -1.83104 1.32306 
0.0154414 -1.44272 2.55413 
-0.267287 -0.0219143 0.163862 
3.3341 -3.08088 4.7898 
-0.165173 -0.0741954 0.25551 
-0.933635 -0.287115 0.762949 
3.30393 -3.404 4.85169 
-0.520941 0.391649 0.570526 
-0.0446515 -0.00523004 0.12442 
-0.123094 0.0843509 0.330997 
-0.139028 -0.220491 0.106319 
-0.208483 -0.278715 0.225724 

-0.351236 0.189824 0.306876 
-0.170081 -0.0851549 0.350138 
-0.988665 -0.914598 0.134431 
2.07346 -1.66548 0.370809 
-0.012533 0.32283 0.183613 
-0.0649501 0.296756 0.0911938 
1.67182 -1.3598 0.315361 
0.313958 -0.280307 0.151031 
0.393107 0.378774 0.163794 
-0.150615 0.214843 0.220633 
0.123827 -0.18984 0.304796 
-0.0650233 0.300261 0.0921451 
0.171971 -0.798005 0.556578 
-1.47398 -1.49986 0.66078 
-2.45018 -2.70373 2.53758 
0.221113 -0.178974 0.0638743 
-0.156885 0.196091 0.234867 
1.81369 -2.46741 0.316775 
-1.91661 -1.88839 1.23917 
-0.0242009 0.140246 0.269474 
1.10257 -0.890751 0.686943 
0.284516 0.360453 0.172346 
-0.153216 0.227227 0.224479 
-0.220865 0.324114 0.219203 
-0.0561188 0.325114 0.186002 
-0.313976 -0.728057 0.778458 
0.0194375 0.0909407 0.187482 
-0.0838548 0.111944 0.286555 
0.706442 -0.569403 0.437737 
-2.34604 -2.59118 2.37185 
-4.65093 -4.8906 2.78142 
-0.1701 0.0938868 0.282151 
0.0211712 -0.470003 0.655579 
-0.0177009 -0.240538 0.373382 
0.0962608 -0.640651 0.878312 
-2.56489 -3.22886 0.193873 
0.11707 -0.142587 0.309489 
0.132429 -0.722678 0.477453 
-1.5723 -1.81788 1.66315 
-0.0469273 0.330901 0.183713 
-0.0236573 0.320013 0.171218 
-0.241469 0.138521 0.290161 
-0.492105 0.179824 0.349519 
-0.122279 0.305243 0.178546 
-0.343799 -0.831724 0.882485 
0.126673 -0.588602 0.542725 
0.0987134 -0.633467 0.810679 
0.156038 -0.903351 0.573582 
0.00813422 -0.235366 0.348922 
0.691047 -0.5769 0.430945 
-0.0919499 0.108406 0.295784 
-7.43929 -7.15022 4.52846 
0.0860985 0.139871 0.313612 
-0.0932647 0.101652 0.289387 
0.175476 -0.757082 0.602451 
-0.00946543 0.295112 0.0734103 
1.38799 -1.12258 0.936973 
-0.243862 0.0786497 0.302738 
1.40049 -2.55308 0.0019048 
0.305284 -0.404085 0.0131386 
