0.232518 -0.0687163 -0.970162 0.0671141 0.0772387 0.995655 -0.0520102 -0.103074 0.96952 -0.0628407 0.236815 -0.0142861 0 0 0 1
0.999566 -0.0176546 -0.0235956 0.0711938 0.0177878 0.999827 0.00544732 -0.00677245 0.0234953 -0.00586466 0.999707 0.00925243 0 0 0 1
###
0.0408981 -0.00365302 -0.0803755 
0.170178 -0.0995532 -0.0184828 
0.134902 -1.41915 1.79539 
-0.0556249 -0.173403 0.359699 
-0.0305385 -0.0296108 0.227722 
-0.19888 -1.36942 1.68359 
0.213469 -0.339966 0.043471 
0.393608 -0.633258 -0.509116 
0.0964445 0.0996193 0.068705 
0.0455933 -0.223449 -0.108462 
0.0921568 0.0955643 0.0716818 
0.121657 -0.0794469 0.121304 
0.0864024 0.0671973 0.195921 
0.0382642 0.107768 0.0267316 
0.182447 -0.378417 0.0452862 
0.0714696 0.0196612 0.0921256 
-0.0152472 -0.016006 0.193005 
0.105282 0.0139378 0.13494 
0.198067 -1.39681 -0.707872 
0.0979291 -0.284425 0.5663 
0.080236 -0.00432898 0.113241 
0.0523092 0.107877 0.00607099 
0.15607 -0.140187 -0.0996362 
0.0870823 -0.084133 0.31132 
0.187573 -0.235227 0.0502512 
0.334502 -0.839858 -0.391967 
0.0666098 -0.405957 0.71117 
0.0878955 0.0481463 0.208372 
-0.0348702 -0.149345 0.334595 
0.0901229 0.0790706 0.0806787 
0.113563 -0.148237 0.31248 
-0.0292237 0.0412712 0.197047 
0.12624 -0.1038 0.126528 
0.183385 -0.213815 0.191385 
0.375154 -0.66991 0.674428 
0.127989 0.0348972 0.0242468 
0.0807746 0.120918 0.120156 
-0.0739372 -0.15826 0.388386 
0.227932 -0.363207 0.0423171 
0.489816 -0.771621 -0.617137 
-0.0676744 -0.337758 0.530734 
-0.0133605 -0.0149662 0.195 
0.0236344 0.113981 0.101507 
0.563241 -1.44351 -0.710572 
-0.103413 -0.495006 0.698961 
0.345473 -0.665572 0.761132 
0.554889 -0.965364 -0.771845 
0.130159 -0.0868234 0.12888 
0.10546 -0.0424228 0.108906 
0.0740899 0.11551 0.0923876 
0.168472 -0.18785 0.0511465 
0.087532 0.0677803 0.196469 
0.255165 -0.41424 0.0751273 
0.118375 0.107099 -0.174494 
0.193235 -0.193597 -0.125119 
0.137281 0.0249457 0.105671 
0.0798841 0.120421 0.113318 
0.229568 -0.367779 0.449886 
0.118003 -0.490771 0.00612258 
0.0493927 -0.0992147 0.0425491 
0.0957461 0.116769 0.0810487 
0.0748212 0.115619 0.0928493 
0.106655 -0.109079 0.241993 
0.306312 -0.380249 -0.246117 
0.234366 -0.362617 0.0706149 
0.0926892 0.0854297 0.0776081 
0.43115 -0.567756 -0.377293 
0.0555733 0.111274 0.043221 
0.177694 -0.216613 0.224686 
0.150064 -0.161663 0.178381 
0.0877767 -0.13413 0.358114 
0.0902512 0.0957115 0.0713219 
0.0886606 0.108841 0.0584828 
0.642581 -1.64675 -0.820054 
0.106007 0.0126561 0.134682 
0.060679 0.111659 0.0338868 
0.251929 -0.418128 0.491056 
0.0771958 0.131807 0.259477 

4.83651 -3.56359 1.87653 
-3.87452 -21.7129 36.3763 
7.01307 -7.70615 11.4751 
-0.259598 -0.335753 0.0347244 
0.10024 0.41922 0.430063 
0.174606 0.367994 0.474548 
-2.22318 -6.98805 4.72956 
-0.195737 0.176856 0.23507 
-2.32134 -0.615781 1.26514 
2.50196 -2.62676 0.994324 
-2.43461 -0.228013 0.551708 
-1.55807 -3.15989 4.25483 
1.55843 -2.35571 0.905721 
-2.26625 0.586466 0.783394 
-1.50207 -6.3326 3.76679 
-1.52513 -1.44117 2.20377 
3.17479 1.3777 0.869114 
-0.0861337 -0.0680474 0.277101 
-2.09584 0.712202 1.14124 
-3.03064 -4.07018 1.55038 
-0.945779 -1.896 2.56702 
0.475009 -0.6671 -0.0118983 
8.73956 -8.03208 5.21058 
-0.148037 -8.95409 17.0559 
-3.29308 -4.42695 1.67117 
3.01576 -13.9807 16.1647 
-3.259 -4.3795 1.67613 
-0.432896 -0.183243 0.67338 
-0.00956462 0.343793 0.358405 
-0.444126 -0.0173268 0.595377 
2.63884 -12.3724 14.8702 
-1.37207 -1.95911 0.0185915 
-3.72373 -5.39399 3.60641 
-2.52936 -3.72095 2.68257 
-0.511633 -0.808646 0.775591 
-2.15742 -0.438718 1.66211 
-2.27514 0.50614 0.530833 
-0.0882459 0.330557 0.226658 
-2.29459 -7.08575 4.81737 
1.91144 -7.34444 13.7443 
-4.69428 -7.77662 0.73641 
0.0342187 0.331748 0.508691 
-0.443782 -0.0188561 0.593253 
2.77316 -13.4672 16.2513 
0.037638 0.339898 0.5335 
-2.81059 -4.40616 3.7125 
1.92178 -7.93651 14.6316 
-0.412901 -4.59165 8.68746 
-0.956868 -1.31302 1.58442 
-4.27208 -3.95872 0.118673 
0.483905 -0.840486 0.0593465 
1.65027 -2.48985 0.952958 
-1.77433 -7.28389 4.53396 
-2.26328 0.587892 0.786029 
8.29335 -9.07804 13.5819 
0.00952167 0.382694 0.405437 
-2.07278 0.704191 1.1216 
-2.38639 -3.40429 2.32652 
-0.945799 -6.53963 3.91715 
0.872653 -5.89553 2.58944 
0.284175 -0.364141 -0.0134837 
0.342361 -0.452969 -0.0134418 
-3.73226 -6.09186 5.63656 
-6.75799 -18.4283 21.0208 
-2.54021 -7.33297 4.49261 
-0.0248027 -0.00785414 0.724563 
-1.35839 -2.64499 3.46113 
-2.09581 0.65063 0.962013 
-2.40933 -3.45198 2.33321 
-0.72186 -1.38812 1.86587 
-0.248237 -1.13585 2.08128 
2.8603 -0.0495808 0.677 
-0.141774 -0.0285889 0.282412 
2.80489 -13.7035 16.5285 
-0.0826893 -0.0686607 0.278342 
-2.68441 -1.2195 0.30541 
4.42643 -8.59532 14.541 
3.67991 1.39763 0.687609 
