0.993888 0.0438479 -0.101311 0.173393 -0.0478911 0.998136 -0.0378265 -0.267909 0.0994637 0.0424472 0.994135 0.00824712 0 0 0 1
0.999935 -0.0113621 0.000782924 0.00753353 0.0113619 0.999935 0.000333544 0.00329503 -0.000786663 -0.000324627 1 0.000994711 0 0 0 1
###
-0.250268 0.0541795 0.313287 
-0.137352 0.268186 0.184379 
-0.0191927 0.292304 0.0532763 
-0.0419385 -0.203756 0.227526 
-0.121542 0.31272 0.188366 
-0.4569 -0.0232547 0.060927 
0.0122617 0.100684 0.0782233 
-0.0180974 -0.252289 0.270199 
-0.9929 -0.651943 0.456326 
-0.793893 -0.453128 0.20808 
-0.237791 0.297065 0.142537 
0.315413 -0.212993 0.00704794 
0.140734 0.0576293 0.284075 
3.84212 -3.02003 1.36385 
0.22268 0.346069 0.176772 
-0.13644 0.26554 0.211393 
-0.235915 0.135485 0.283403 
0.0534305 0.13057 -0.00979027 
-0.495793 -0.218639 0.382747 
-0.600487 -0.151282 0.103441 
-0.238175 -0.206851 0.447987 
1.80301 -1.44419 0.317245 
0.501589 -0.604607 0.291728 
0.261257 -0.119223 0.149483 
-0.950638 -0.651519 0.262297 
-0.134635 0.261683 0.214675 
-0.258104 0.307245 0.194917 
-0.172089 0.109833 0.230041 
-0.391757 0.179436 0.268806 
-1.16671 -0.406197 0.139486 
0.229613 -0.0930168 0.137853 
-1.04265 -0.610339 0.486993 
-0.914107 -0.464203 0.144421 
0.175476 -0.757082 0.602451 
-0.0412242 -0.141745 0.229222 
0.426575 -0.230475 0.24776 
-0.0248791 0.29014 0.0350082 
-0.17079 -0.129463 0.34894 
0.225239 -1.13725 0.415982 
-0.564503 -0.188884 0.0912957 
-0.0756141 0.113928 -0.00466103 
-0.747448 -0.973947 1.04237 
-0.173177 0.0229907 0.301907 
-0.231737 0.140339 0.277547 
-0.123397 0.291365 0.158789 
3.24309 -2.87256 0.551083 
0.431808 -0.317551 0.335032 
-0.0904769 0.107288 -0.00324022 
-0.425239 -0.257852 0.437372 
-0.152134 0.266999 0.120296 
0.997501 -1.37525 0.112693 
0.720069 -0.563767 0.485441 

0.204448 -0.0385388 0.184647 
-0.632943 0.358749 0.435247 
-1.08661 -4.66221 2.60456 
-0.662477 -3.7477 2.39507 
-0.873742 0.18576 0.253918 
-0.480702 -0.653078 0.0142274 
3.18919 -2.46189 3.40072 
-0.916339 -5.33517 3.37607 
5.54374 -5.70292 8.21279 
-0.736549 -1.27214 0.0938058 
-0.0568393 0.0352421 0.382077 
-0.858873 0.367251 0.664824 
-0.686532 -0.384416 1.26416 
1.35039 -3.90427 7.16428 
-0.964441 0.305389 0.481361 
-0.173551 -0.0364998 0.0500164 
-0.136907 0.115298 0.384729 
-0.859952 0.367188 0.665111 
-1.41415 -2.2817 0.836294 
-0.591371 -0.984008 0.079571 
0.48549 -7.47703 13.6995 
3.0083 -2.35404 3.20956 
0.458782 -1.95247 2.26341 
0.138989 -0.38314 0.720951 
-0.491527 0.416384 0.555439 
-1.0448 -0.164622 0.348199 
-0.981343 0.263832 0.34769 
-1.24881 -0.88556 0.516517 
1.16943 -1.36594 0.519222 
-0.736527 -1.28841 0.000722817 
1.18454 -3.79542 6.78126 
-1.67958 -2.75643 0.950536 
-0.506709 -0.689592 0.027249 
-0.883946 -3.64251 2.45668 
-0.954928 -3.99642 2.68045 
0.355204 -5.13723 9.43605 
-0.868496 0.336217 0.568372 
4.05389 -2.92038 3.66476 
0.0952835 -4.00533 2.18869 
-1.00558 0.289516 0.434637 
0.455085 -1.97702 0.838111 
-0.951124 -1.74617 1.16894 
-1.39864 -1.09122 0.592971 
0.208383 -0.0385492 0.18475 
0.187757 0.0644822 0.155882 
0.961352 -1.27711 0.770351 
0.337563 -6.1462 11.3165 
-0.35629 -0.66753 -0.00394596 
-0.151602 -3.84234 6.80288 
-1.11205 -0.17598 0.369216 
8.69954 -8.01523 4.92069 
-1.24526 -2.29353 1.54536 
