0.977433 0.179769 0.110943 0.567679 -0.175967 0.983446 -0.0432475 -0.0298079 -0.116881 0.0227493 0.992885 -0.272531 0 0 0 1
0.276274 -0.155465 -0.948421 -0.00533562 0.132197 0.983597 -0.122722 0.00242774 0.951943 -0.0914735 0.292295 -0.0211623 0 0 0 1
###
-2.08553 0.708481 1.13622 
-0.283636 -1.17574 1.60925 
8.25299 -9.03895 13.5151 
-0.25912 -0.291496 0.287093 
-1.65272 -2.0219 2.65348 
-3.46235 -15.2757 20.2621 
1.96877 -8.05018 14.8523 
2.76785 -13.437 16.2121 
7.07984 -7.7806 11.5757 
-0.807181 -0.0761732 0.246542 
-2.06485 0.701146 1.11865 
-3.36184 -4.73167 1.5641 
-2.38416 -3.41781 2.31318 
-7.82546 -14.9643 18.3432 
-3.96558 -5.12141 0.558899 
-0.635251 -3.0894 5.54549 
-1.90364 -0.618111 0.874397 
-2.19822 -0.523879 1.27147 
-4.36129 -7.22169 1.9305 
-3.00849 -4.04539 1.54862 
0.671586 -6.01932 2.76647 
1.16915 -2.4719 1.3089 
-1.04264 0.642747 0.339645 
-1.94833 0.751907 1.2647 
-2.00787 0.730215 1.19526 
-3.9116 -7.47831 5.11313 
-0.376943 -0.195061 0.659301 
-1.31277 -0.400074 0.55612 
0.70858 -6.21429 2.85036 
-2.02321 0.74215 1.21318 
-2.23224 -3.25819 2.36537 
-0.405284 0.168543 0.54761 
-1.78538 -0.677593 2.26942 
-1.94837 0.742146 1.25889 
-0.420739 -0.0637745 0.79943 
-2.46085 -3.61498 2.61019 
-2.27783 -2.84338 1.19798 
1.08513 -6.78992 2.59092 
0.754383 -3.28694 1.0299 
-2.04811 0.206732 0.474752 
-2.25365 0.523978 0.662076 

0.0368911 -0.140723 -0.0732248 
0.258408 -0.595747 0.700033 
0.15151 -0.127251 0.00115158 
0.661603 -2.30558 -1.83813 
-0.360333 -1.66952 2.06253 
0.259936 -0.244055 0.0311401 
0.547896 -0.952878 -0.761557 
-0.00501617 -0.152189 0.179491 
0.226418 -0.306159 0.245828 
0.118918 0.0312569 0.0626857 
0.1201 0.100847 -0.159428 
0.175058 -0.15516 0.00946606 
0.204715 -0.190412 0.0831641 
0.1207 -0.0787444 0.120302 
-0.0766504 -0.316048 0.373471 
0.234253 -0.246179 -0.11673 
0.120065 0.0264196 0.0718715 
0.117533 0.0189308 0.0782419 
0.198929 -0.280262 0.223086 
0.236165 -0.246965 0.197502 
0.116925 -0.385575 0.0140616 
0.214597 -0.341439 0.058244 
0.0674985 0.109838 0.0200674 
0.0980486 0.107708 0.0168621 
0.0765299 0.13072 0.257308 
0.170668 -1.73662 2.17207 
0.103897 0.112462 0.008755 
0.132985 -0.0130386 -0.00347826 
0.154 -0.371551 0.0223347 
0.102038 0.110643 0.00831789 
0.217641 -0.255006 -0.157069 
0.205784 -1.48519 -0.752804 
0.132309 0.00459644 -0.00943059 
0.102306 0.112904 0.0141717 
0.0976849 0.0306011 0.243608 
0.430458 -0.419179 0.146009 
0.266281 -0.275693 0.21118 
0.082932 -0.246974 0.0349164 
0.0240646 -0.0250901 0.00273058 
0.0961613 0.0673067 0.0849147 
0.0961069 0.11548 0.0549909 
