0.965859 0.159946 0.203798 0.0455529 -0.136666 0.982866 -0.123681 0.033954 -0.220088 0.0916066 0.971169 -0.134434 0 0 0 1
1 0 0 0 0 1 0 0 0 0 1 0 0 0 0 1
###
-0.613257 -1.12423 1.49025 
0.156645 -0.85291 3.4664 
-1.07367 0.212963 0.215157 
-0.852948 0.364648 0.660432 
3.62453 -13.5398 15.686 
-0.799689 0.36599 0.672893 
-0.683093 -0.380156 1.25198 
-0.955838 0.302811 0.476952 
-0.155406 0.158187 0.454132 
-0.36786 -2.14974 3.37115 
-1.25932 -4.23252 2.79684 
-2.01152 -3.78215 1.00569 
0.0262573 -0.106627 0.400804 
0.331709 -3.55948 1.79816 
-0.666263 -0.360611 1.24784 
-1.1821 -0.746005 0.211181 
-1.22289 -0.540368 0.77944 
-2.03501 -3.36615 1.31828 
-0.436487 0.390497 0.540563 
-1.00305 0.277101 0.351401 
-1.22358 -0.737131 0.149348 
-1.36414 -4.34734 2.43877 
-1.01568 -3.30667 2.30849 
0.326738 -3.62336 1.84039 
2.81255 -4.90537 7.99888 
-1.02675 -0.115987 0.341395 
0.109408 0.166598 0.21091 
-0.138087 0.117172 0.382035 
-1.64459 -3.7941 0.154491 
0.0232854 0.0244701 0.344901 
-0.093654 0.0452144 0.371111 
-0.709798 -0.361681 1.2474 
-1.0244 -0.33036 0.802217 
0.12702 -0.747397 3.00922 
-0.277365 0.287477 0.26937 
-1.05253 -0.116072 0.347438 
-0.825103 -1.8689 0.140094 
-0.791 0.363679 0.44982 
-0.827774 -0.319377 1.23449 
-2.02293 -3.83266 1.03125 
-0.199109 0.339781 0.152723 
0.0530339 0.223319 0.13953 
-0.999937 0.287548 0.427321 
-0.520805 0.391532 0.57017 
1.46788 -2.44914 4.40969 

0.123827 -0.18984 0.304796 
-1.48441 -1.44509 0.953008 
0.221201 0.346721 0.178516 
0.85344 -1.24386 0.105061 
-1.59486 -1.88073 1.69635 
-0.0474482 0.331515 0.184838 
0.113452 0.0737879 0.253141 
-0.803551 0.375739 0.401596 
-0.250268 0.0541795 0.313287 
0.15008 -0.20161 0.269788 
0.159139 -0.811646 0.685652 
-4.65093 -4.8906 2.78142 
-0.522156 0.206855 0.380433 
0.013339 -0.329276 0.17336 
0.119802 0.0755116 0.259255 
-0.0650233 0.300261 0.0921451 
-0.0820605 0.107791 0.278103 
-0.156739 -0.290147 0.441124 
-0.0561188 0.325114 0.186002 
-0.0545531 0.314464 0.175593 
0.415947 0.351472 0.0965826 
-0.156104 -0.207507 0.0751612 
0.126673 -0.588602 0.542725 
0.137843 -0.754007 0.322891 
-1.5723 -1.81788 1.66315 
-0.349446 0.624408 0.865407 
-0.0236573 0.320013 0.171218 
-0.241469 0.138521 0.290161 
-2.56489 -3.22886 0.193873 
-0.0208923 0.320807 0.17213 
-0.908241 -0.844618 0.177361 
0.103905 0.0774934 0.250405 
-0.0595372 0.12664 0.273729 
-2.18457 -2.10951 1.37468 
-0.0197922 0.324403 0.181447 
-0.160196 0.164284 0.246585 
-1.06703 -1.35564 0.105646 
-0.0764114 0.297892 0.115485 
0.0737249 0.0945949 0.234742 
-0.343799 -0.831724 0.882485 
-0.000999311 0.323538 0.175216 
0.0946369 -0.127981 0.176105 
-0.10242 0.316324 0.193028 
-0.00946543 0.295112 0.0734103 
2.73009 -2.1281 0.952435 
