0.967495 0.160571 0.195374 0.553541 -0.137725 0.982492 -0.125463 -0.00646926 -0.212099 0.0944766 0.972671 -0.289134 0 0 0 1
0.276234 -0.155529 -0.948423 -0.00539143 0.131954 0.983612 -0.122867 0.00251639 0.951989 -0.0912082 0.29223 -0.021354 0 0 0 1
###
-2.97508 -13.8212 22.4037 
1.97556 -8.0634 14.8825 
0.161302 -0.759817 1.25162 
-2.14323 -3.34602 2.94534 
-2.56157 0.232868 0.594732 
15.9443 -12.1483 7.50246 
1.11175 -1.11167 0.82674 
-3.94697 -21.7026 36.4142 
-0.458614 0.0138116 0.770761 
-3.0908 -8.7241 5.7172 
7.08351 -7.78427 11.5812 
-1.66278 0.691206 0.714299 
-1.81003 -1.71333 2.64408 
-2.01313 0.731901 1.19896 
-2.7149 -1.38525 0.306304 
-2.23323 -3.25997 2.36195 
-2.16406 -3.51753 3.35177 
-0.827757 -0.161537 0.288047 
-1.02931 -0.230642 0.408483 
2.79505 -13.6523 16.4578 
3.95817 -7.87425 13.2415 
-2.3911 -3.42769 2.31754 
-2.90605 -3.88654 1.58045 
5.41971 -6.10668 8.99908 
-2.31141 0.176462 0.530294 
-2.08232 0.645951 0.954082 
-1.60189 -1.91545 2.58194 
-2.28829 -0.531935 1.37738 
-1.76525 -7.25336 4.51366 
-3.46851 -4.82456 1.745 
-2.03043 0.744557 1.21834 
-0.719454 0.204465 0.590661 
-1.8211 0.114607 0.41836 
-5.42445 -9.05617 0.848217 
-2.79681 -3.69472 1.47666 
-0.729216 0.221204 0.620233 
-3.20958 -4.92951 3.36461 
-2.04335 -3.14171 2.83014 
-2.24219 -6.40564 4.15851 
-4.97533 -7.84325 2.69327 
-2.16402 0.664763 1.05661 
-1.90575 -2.90925 2.73155 
-0.409088 -6.5144 3.62703 
-1.9412 0.736273 1.25066 

0.17628 -0.156255 0.00953516 
0.206568 -0.191698 0.0828528 
0.0588965 -0.0548666 -0.0342382 
-0.0314384 -1.83912 2.35703 
0.092129 0.0867275 0.0768443 
0.0972435 0.11215 0.0318062 
0.658911 -2.29714 -1.83169 
0.147798 -1.51536 1.90926 
-0.201804 0.0256448 0.255751 
0.220638 -0.351368 0.0597714 
0.227302 -0.266519 -0.178444 
0.0621336 0.111375 0.0282301 
0.131228 -0.074 0.00327457 
0.10332 0.116836 0.0286159 
0.105282 0.0139378 0.13494 
0.165221 -0.150786 -0.0469413 
0.239507 -0.230803 0.0827515 
0.11145 -0.0271154 0.109464 
0.118436 0.0115661 0.0857194 
0.563241 -1.44351 -0.710572 
0.36952 -0.85658 1.00796 
0.137673 -0.119327 0.0675709 
0.237822 -0.248693 0.198875 
0.0526781 -0.35019 0.434123 
0.0926892 0.0854297 0.0776081 
0.09738 0.114865 0.0352608 
0.135112 -0.0764125 -0.000286684 
0.122171 0.0369803 0.0510273 
0.204266 -0.390252 0.0411965 
0.273667 -0.282779 0.214754 
0.102532 0.113603 0.0152788 
0.100845 0.0457185 0.124236 
0.0972178 0.0680697 0.0857256 
0.0868464 0.117913 0.0809203 
0.183567 -0.196078 0.17047 
0.100251 0.0467285 0.122765 
0.206253 -0.191856 0.0837843 
0.143853 -0.121954 0.0138895 
0.238829 -0.373074 0.0567883 
0.270959 -0.343744 0.241634 
0.105411 0.115001 0.029077 
0.250411 -0.238251 0.0848144 
0.0568808 -0.381996 0.00572313 
0.106441 0.115435 0.0198176 
