0.993939 0.0177813 -0.108482 0.185508 -0.0254637 0.997233 -0.0698489 -0.258963 0.106939 0.0721879 0.991642 0.0241802 0 0 0 1
0.999886 -0.0150851 0.000432846 0.0108285 0.0150843 0.999884 0.00193353 0.00537423 -0.000461963 -0.00192678 0.999998 0.00139376 0 0 0 1
###
0.00456882 -0.278669 0.399084 
-0.200304 0.231322 0.0332243 
-0.4569 -0.0232547 0.060927 
-1.4572 -1.10121 0.828591 
0.113987 -0.0312317 0.00131821 
-0.0180974 -0.252289 0.270199 
0.0859822 -0.777011 0.614963 
-0.262777 -0.323513 0.47082 
-0.15288 0.269411 0.113962 
-0.163123 0.234061 0.148168 
-3.84082 -3.56859 2.36348 
0.16354 -0.206418 0.348174 
-0.151516 -0.685187 0.760854 
-0.454361 0.132376 0.327932 
-0.0191927 0.292304 0.0532763 
-0.250268 0.0541795 0.313287 
0.136589 -0.6215 0.587146 
-0.458377 0.154076 0.347182 
-0.27169 0.288396 0.106381 
0.113452 0.0737879 0.253141 
-0.674684 -1.54254 1.52891 
-1.06407 -1.68696 1.69715 
-0.867613 -0.405299 0.138776 
0.53716 -0.478227 0.45095 
-0.168226 0.166623 0.206693 
-0.223942 0.139459 0.192669 
-0.13644 0.26554 0.211393 
-0.137352 0.268186 0.184379 
3.84212 -3.02003 1.36385 
0.175476 -0.757082 0.602451 
-0.597105 0.012328 0.042694 
-0.137253 0.279733 0.144629 
-0.0377199 0.289709 0.0440833 
-0.176459 -0.0916276 0.339634 
-0.325691 -0.00951846 0.214019 
-0.16754 0.0929974 0.276856 
1.32868 -1.65131 0.588506 
0.115757 -0.777205 0.284544 
0.156038 -0.903351 0.573582 
-0.214741 -0.030634 0.224797 
-0.276371 0.289651 0.110877 
-0.0221582 0.287575 0.0246203 
-0.575464 -0.306332 0.483401 
0.106456 0.00651867 0.121417 
0.225239 -1.13725 0.415982 
-0.747379 -0.358965 0.499698 
2.73009 -2.1281 0.952435 
0.365713 0.282384 0.0428384 
-0.858809 -0.450006 0.535773 
0.459675 -0.866638 -0.00948007 
-1.02573 -0.738644 0.544021 
0.0533589 -0.490624 0.376973 
-0.137294 0.267693 0.196618 
-0.0863514 0.271788 -0.00793394 
-0.0823658 0.302219 0.117171 
-0.0189329 0.289608 0.0268352 
-0.171986 0.209741 0.134187 
-0.953964 -1.36956 1.39135 
-0.137998 0.264368 0.194776 
-0.957515 -0.656191 0.262518 
-0.231737 0.140339 0.277547 
-0.138509 0.285417 0.101278 
-0.644351 -0.612966 0.758744 
0.113651 0.0481955 0.268078 

-0.814394 -1.70523 1.52905 
3.09187 -2.37928 0.689573 
-4.41595 -6.83666 0.232636 
-1.91675 -3.28761 1.15128 
3.14225 -1.97101 1.20901 
-0.873567 -5.04666 3.19473 
-1.25568 -4.8588 3.01327 
-1.15984 -2.24239 1.60547 
-0.971856 0.136746 0.339967 
-1.06476 -0.250683 0.361357 
-1.8316 -3.0219 1.04649 
-0.0745616 -0.147716 0.133118 
-1.54325 -2.85818 1.93148 
-0.0446668 0.0477882 0.363415 
-0.956637 0.303057 0.477617 
0.203246 -0.0383358 0.183549 
1.16428 -1.37438 0.520584 
1.17334 -1.37195 0.520897 
-0.963512 0.26101 0.340557 
-0.68245 -0.382726 1.25703 
0.509005 -7.77468 14.2356 
-1.1435 -2.12908 1.51355 
-0.49069 -0.664745 0.0256189 
-11.6372 -30.3573 32.9226 
-1.24205 -0.881223 0.514354 
0.208476 -0.0386499 0.186052 
-0.172351 -0.036301 0.0497416 
-0.628397 0.356288 0.432287 
1.21479 -3.51346 6.44212 
-0.84468 -3.47169 2.34117 
-0.729585 -1.27599 0.000914053 
0.186675 0.0640942 0.154959 
-0.901108 0.301842 0.45703 
-0.646713 -1.35774 1.66902 
-0.943293 -1.73197 1.15995 
-1.39451 -1.09062 0.589429 
3.50806 -13.0956 15.1769 
0.406447 -2.94802 1.43433 
-0.446266 -2.98922 1.7501 
9.24158 -6.66798 5.83851 
-1.18455 -0.73981 0.201327 
-0.0857857 -0.176332 0.16601 
1.88967 -1.50133 2.06112 
-0.879234 -3.69533 4.17385 
0.0942116 -3.91166 2.13805 
0.345934 -6.24444 11.4924 
1.52019 -2.53373 4.5618 
-0.132384 0.106473 0.365538 
-0.196301 -3.78673 6.48923 
-0.352352 -0.660026 -0.00357035 
9.5805 -8.84129 5.42039 
-0.59798 -3.51612 2.17627 
-1.02646 -0.158151 0.340723 
0.13951 0.094836 0.160949 
-0.866702 0.33484 0.568123 
-0.806011 0.372317 0.685264 
1.79241 -0.0253055 0.374386 
0.0232151 -1.4829 2.6319 
-1.09956 -0.173773 0.365243 
1.53223 -6.01099 7.07841 
0.207111 -0.0383366 0.183611 
0.187743 0.064379 0.157062 
-2.58491 -10.2229 12.2674 
-1.18146 -0.745354 0.210987 
