0.972567 0.165023 0.163951 0.049054 -0.152969 0.98468 -0.0836941 0.0369563 -0.175251 0.0563187 0.982912 -0.143762 0 0 0 1
1 0 0 0 0 1 0 0 0 0 1 0 0 0 0 1
###
-0.125556 0.0979996 0.350076 
-0.0447552 0.0400853 0.405383 
1.12961 -3.62365 6.47924 
-1.07242 0.213058 0.214874 
3.50806 -13.0956 15.1769 
-0.713194 -0.531714 1.33099 
0.361549 -5.16224 9.47211 
-0.919363 -3.84626 2.57799 
-1.53241 -4.64521 5.16281 
3.14225 -1.97101 1.20901 
-0.956637 0.303057 0.477617 
-0.152962 -0.295641 0.623847 
-1.01323 -0.433338 0.658074 
-1.34849 -4.29646 2.7481 
5.22541 -5.37659 7.74004 
-0.867037 0.33436 0.568208 
-0.271341 -0.0983751 0.389739 
-0.582078 -0.279476 0.398468 
-0.84468 -3.47169 2.34117 
-2.00991 -3.77832 1.00446 
1.5865 -4.63575 8.41064 
-0.971675 -1.84529 1.33335 
-0.681584 -0.378736 1.24963 
-1.18146 -0.745354 0.210987 
-1.06476 -0.250683 0.361357 
-0.95701 -0.299734 0.774378 
-0.967281 -3.64124 2.2013 
1.53223 -6.01099 7.07841 
6.74132 -6.86117 9.80201 
-0.998433 -0.0501589 0.331893 
-1.15984 -2.24239 1.60547 
0.156068 0.0248401 0.242622 
0.0263673 -0.107262 0.399735 
-1.04245 -0.412751 0.707934 
-1.10081 -4.3487 2.54624 
-0.497091 -0.773869 0.371588 
2.90727 -5.05835 8.25244 
0.726899 -3.60694 1.6094 
-3.05357 -6.24086 -0.00422411 
-2.90219 -7.15395 0.0759145 
-1.00796 -3.27663 2.28804 
-1.20662 -1.44932 2.25044 
-0.59798 -3.51612 2.17627 
0.0232151 -1.4829 2.6319 
-1.0682 -1.9793 1.37163 
-0.814394 -1.70523 1.52905 
1.77032 -1.39152 1.89243 
-0.660015 -0.194503 0.610015 
-0.663297 -3.85242 2.46001 
1.21479 -3.51346 6.44212 
-2.04617 -4.37651 0.0465809 
-1.24014 -2.68611 2.36965 
-0.985224 0.283049 0.422149 

-0.351236 0.189824 0.306876 
-0.152651 0.326558 0.216533 
0.313958 -0.280307 0.151031 
-0.803551 0.375739 0.401596 
-1.59486 -1.88073 1.69635 
-0.204567 -0.314987 0.506523 
1.10257 -0.890751 0.686943 
0.175476 -0.757082 0.602451 
0.38429 -0.377013 0.414522 
-0.0469273 0.330901 0.183713 
0.263865 0.221954 0.0361112 
-1.83581 -2.18494 1.9633 
-0.11306 0.0775078 0.297102 
0.108757 -0.665164 0.592617 
-0.217177 -0.760162 0.955025 
0.284516 0.360453 0.172346 
0.0889348 0.145205 0.323602 
-0.0989701 0.099771 0.297207 
0.090794 -0.716314 0.47764 
-0.313976 -0.728057 0.778458 
-1.39857 -1.39906 0.276479 
0.140989 -0.535629 0.702769 
0.119802 0.0755116 0.259255 
-0.0650233 0.300261 0.0921451 
0.11081 -0.0757749 0.292311 
-0.0464997 0.142086 0.288839 
0.0292875 -0.432503 0.387695 
1.32868 -1.65131 0.588506 
-1.78999 -1.83229 1.11542 
-0.102729 0.094438 0.298493 
-0.244234 -0.749743 0.873411 
-0.0552034 0.323984 0.184453 
-0.492105 0.179824 0.349519 
-0.112007 0.0899432 0.309705 
0.122296 -0.843878 0.661066 
0.253456 -0.509062 0.68932 
-1.848 -2.18921 1.96545 
0.164234 -0.807923 0.429764 
-2.56489 -3.22886 0.193873 
-0.501075 -0.603464 0.0427044 
0.126673 -0.588602 0.542725 
-0.181171 0.0124036 0.299867 
0.133955 -0.716029 0.484387 
0.0156336 -0.291414 0.421222 
-0.0177009 -0.240538 0.373382 
0.206377 -0.51926 0.666033 
3.84212 -3.02003 1.36385 
-0.0579509 0.133642 0.285609 
0.181265 -0.808892 0.553027 
2.73009 -2.1281 0.952435 
-1.06703 -1.35564 0.105646 
0.0803293 -0.576726 0.75495 
-0.10242 0.316324 0.193028 
