0.993279 0.046282 -0.106091 0.177174 -0.0573198 0.992979 -0.103473 -0.267164 0.100557 0.108859 0.988958 0.00487286 0 0 0 1
0.999934 -0.0114517 0.000490622 0.0075748 0.0114515 0.999934 0.000230112 0.00329591 -0.000493225 -0.000224478 1 0.000971409 0 0 0 1
###
-0.4569 -0.0232547 0.060927 
-0.17127 0.256581 0.0713852 
-0.266286 -0.728784 0.823701 
0.0827164 -0.631177 0.618734 
-0.423444 0.119209 0.299421 
0.245259 -0.0958461 0.124131 
-0.556729 0.216738 0.310014 
-0.235915 0.135485 0.283403 
-0.164736 -0.0858732 0.313283 
-0.386824 0.0249194 0.0519837 
1.4338 -1.78141 0.611844 
0.0170969 0.303405 0.0738394 
-0.250268 0.0541795 0.313287 
-0.458377 0.154076 0.347182 
-0.165079 -0.507986 0.658251 
0.113452 0.0737879 0.253141 
-0.29373 0.0978979 0.134861 
0.261257 -0.119223 0.149483 
-0.168019 0.106145 0.273032 
-0.177951 0.199889 0.117402 
-0.4793 -0.343256 0.502253 
-0.495793 -0.218639 0.382747 
-0.375816 0.0652988 0.115824 
1.38257 -1.80395 0.561149 
0.118124 -0.549853 0.553699 
0.176929 -0.839158 0.794045 
0.147781 -0.83983 0.74718 
-0.224855 -0.0329893 0.223709 
-0.665822 -0.473138 0.60672 
-0.747379 -0.358965 0.499698 
-0.465379 0.0674116 0.0367655 
-0.0907117 0.111609 0.27787 
-0.72082 -0.2873 0.338948 
0.175476 -0.757082 0.602451 
-0.661428 -0.0788151 0.08319 
0.0314937 0.300956 0.0502627 
-0.0669799 0.125951 0.283174 
-0.243673 0.314595 0.220516 
-0.174216 -0.264626 0.425626 
0.0533589 -0.490624 0.376973 
-0.153536 0.259719 0.132157 
-0.177336 0.275037 0.0523159 
-0.956198 -0.575051 0.63043 
0.350672 -0.216577 0.271385 
0.115757 -0.777205 0.284544 
-0.0127786 0.28939 0.0254685 
-0.270796 0.341302 0.27881 
-0.221335 -0.0686262 0.262709 
-0.172927 0.264749 0.0394588 
-0.554497 -0.292728 0.0838933 
-0.196642 0.266866 0.0267047 
-0.125733 0.291324 0.132943 
0.395984 0.364361 0.122557 
-0.0823658 0.302219 0.117171 
0.431808 -0.317551 0.335032 
0.114978 0.0717284 0.260168 
-0.180015 0.317145 0.209449 
-0.539598 0.0554531 0.0467808 
0.301008 -0.135891 0.198005 

-0.475925 -0.646596 0.014295 
-0.172607 -0.0363292 0.049816 
-1.12784 -2.09989 1.49211 
-0.80785 -1.68867 1.51312 
0.136418 0.0166945 0.193367 
1.29832 -3.75207 6.88482 
-0.124622 0.0938561 0.334652 
-0.138087 0.117172 0.382035 
-0.645907 -1.35642 1.66717 
-0.489566 -0.663236 0.0255645 
0.502692 -2.1141 2.45073 
-0.955838 0.302811 0.476952 
0.203222 -0.0382892 0.183497 
3.33541 -3.08113 4.79119 
-11.6222 -30.3195 32.8821 
-0.681286 -0.381755 1.25492 
-0.941464 -1.72894 1.15746 
1.1407 -3.65878 6.54146 
-0.593782 -1.06844 1.43754 
-1.24162 -0.881193 0.514044 
-0.549674 -1.54372 1.89119 
-1.38854 -2.23563 0.820385 
-4.1556 -6.70652 2.51439 
2.79493 -10.5338 11.8054 
1.16357 -1.37325 0.52017 
-1.04925 -1.94148 1.34466 
-1.00228 -3.15074 2.19871 
-1.13032 -2.17781 1.55865 
-0.915832 -1.76184 1.3491 
-0.14987 -3.83054 6.78102 
-0.728711 -1.27449 0.000857174 
-0.997601 -0.392729 0.680411 
0.0190949 -0.0157336 0.360139 
-0.930153 -3.89796 2.61221 
-0.463978 -0.40973 0.0115108 
-0.841793 0.360614 0.646501 
-1.22289 -0.540368 0.77944 
-0.19741 0.304666 0.00954237 
0.13641 -4.52844 7.91899 
-0.599607 -3.52737 2.18279 
-1.10036 -0.173968 0.365554 
-0.935333 0.206577 0.272504 
1.02751 -1.31554 0.353211 
0.344162 -6.21499 11.4374 
-0.222298 -3.63302 2.15164 
1.88089 0.603491 0.105521 
0.988104 -0.928675 0.573551 
-0.96576 -1.83267 1.32415 
-0.630177 0.357252 0.433452 
-1.64459 -3.7941 0.154491 
-0.967658 0.261175 0.342288 
0.187737 0.064394 0.157045 
-0.860878 0.337734 0.572907 
-0.861726 0.333528 0.563979 
-0.866879 -1.81526 1.58055 
-0.683093 -0.380156 1.25198 
-1.072 -4.60242 2.57116 
-2.69124 -10.6583 12.7824 
0.356001 -5.11825 9.39961 
