0.994775 -0.0348986 -0.0959371 0.200303 0.042031 0.99642 0.0733581 -0.238124 0.0930335 -0.0770072 0.992681 0.0627907 0 0 0 1
0.999829 -0.017872 -0.00470935 0.0202464 0.0179226 0.99978 0.010933 0.0133311 0.00451292 -0.0110156 0.999929 0.00175342 0 0 0 1
###
0.843534 -0.759389 -0.0517595 
2.09474 -1.88534 0.352052 
-0.735191 -0.397219 0.327691 
-0.313976 -0.728057 0.778458 
-0.266286 -0.728784 0.823701 
1.27068 -1.21675 -0.145971 
-0.15288 0.269411 0.113962 
-0.353775 -0.292519 0.455508 
0.218895 -1.13848 0.38827 
0.156165 -0.768763 0.655644 
-0.243862 0.0786497 0.302738 
-0.283183 0.0681816 0.13791 
0.166546 0.0103187 0.040066 
-0.186193 0.134496 0.0886046 
-0.250268 0.0541795 0.313287 
-1.09223 -0.679176 0.245399 
1.32868 -1.65131 0.588506 
-0.0320306 -0.565041 0.115097 
0.175476 -0.757082 0.602451 
-1.03933 -1.45424 1.44764 
-0.4793 -0.343256 0.502253 
-0.495793 -0.218639 0.382747 
-0.0912802 0.278987 0.0330178 
-0.226223 0.294226 0.118787 
1.4338 -1.78141 0.611844 
-0.160509 0.229814 0.159727 
-0.272303 0.0843436 0.122944 
-0.676375 -0.738178 0.869874 
-0.573122 -0.138571 0.223782 
-0.264027 -0.449973 0.571123 
1.29699 -1.09391 0.234708 
-0.516259 -0.348602 0.513056 
-0.199899 0.261788 0.0207208 
-0.575464 -0.306332 0.483401 
-0.154746 0.128185 0.117454 
-0.232165 -0.186565 0.35656 
0.370984 -0.611258 -0.0836634 
-0.0669799 0.125951 0.283174 
0.0572743 0.317172 0.102373 
2.73009 -2.1281 0.952435 
0.316522 -0.161006 0.201073 
-0.172854 0.212781 0.126971 
-0.518403 0.287977 0.192447 
0.132592 -0.0168743 0.132913 
0.0533589 -0.490624 0.376973 
0.46803 0.387599 0.110101 
-0.42495 -0.18747 0.375284 
-0.165375 0.121185 0.27857 
-0.0127786 0.28939 0.0254685 
-0.838366 -0.399177 0.178867 
-0.225454 0.157853 0.233979 
-2.19794 -2.12091 0.289083 
-0.14863 0.275275 0.103229 
-0.0715364 0.122913 0.283404 
-0.173496 0.20904 0.127495 
-0.163029 0.161673 0.242681 
-0.0147946 0.299996 0.0750399 
0.287864 -0.136835 0.18876 
0.320366 -1.26328 0.803251 
0.113581 -0.664995 0.571032 
-0.0828929 -0.204568 0.0584064 
-1.12884 -0.825864 0.340569 
-0.187342 0.242814 0.0212313 
0.38429 -0.377013 0.414522 
-0.0246341 0.286267 0.0254033 
0.126442 -0.0117424 0.130287 

3.14225 -1.97101 1.20901 
2.8331 -4.85533 7.88893 
5.22541 -5.37659 7.74004 
-1.93169 -3.60307 0.945329 
-0.777831 -1.67828 1.57721 
-0.852478 0.364632 0.660079 
-0.971856 0.136746 0.339967 
-11.6372 -30.3573 32.9226 
0.372466 -3.84235 1.93289 
2.87113 -10.8301 12.1266 
-0.125556 0.0979996 0.350076 
-0.872068 -1.82707 1.59167 
-0.593544 -1.06745 1.43668 
-0.612907 -1.12301 1.48907 
-1.18455 -0.73981 0.201327 
1.12961 -3.62365 6.47924 
2.87696 -10.8447 12.1513 
-1.19936 -5.18807 2.90953 
-0.84468 -3.47169 2.34117 
0.509005 -7.77468 14.2356 
-1.15984 -2.24239 1.60547 
-1.4218 -2.296 0.843482 
-0.956637 0.303057 0.477617 
-1.22735 -0.765492 0.217535 
3.50806 -13.0956 15.1769 
-1.06476 -0.250683 0.361357 
-1.53241 -4.64521 5.16281 
0.345934 -6.24444 11.4924 
3.54116 -3.27187 5.08496 
-1.1435 -2.12908 1.51355 
2.90727 -5.05835 8.25244 
1.02878 -1.31757 0.353792 
-1.07242 0.213058 0.214874 
1.88967 -1.50133 2.06112 
-0.646713 -1.35774 1.66902 
-2.06412 -3.41404 1.33736 
-0.849717 0.363353 0.656769 
-1.14716 -0.492563 0.73489 
-0.49069 -0.664745 0.0256189 
1.21479 -3.51346 6.44212 
-0.149818 -3.82301 6.76818 
-1.09956 -0.173773 0.365243 
-1.06791 -4.58155 2.56014 
-0.196301 -3.78673 6.48923 
-0.580283 -3.39872 2.11038 
0.13087 0.0898525 0.187612 
-0.0316176 -0.907012 1.63395 
-1.24205 -0.881223 0.514354 
-0.113921 0.336918 0.0947242 
-0.138344 0.117762 0.383245 
0.203246 -0.0383358 0.183549 
0.508631 -2.13754 2.47809 
-0.126566 0.338804 0.105669 
-0.971429 -0.343295 0.713203 
-1.02646 -0.158151 0.340723 
-1.06668 -0.0972307 0.35288 
-0.489383 0.431129 0.603832 
-0.0315207 -0.879125 1.58161 
-0.59798 -3.51612 2.17627 
-0.983302 -3.72711 2.39953 
0.331368 -3.55908 1.79816 
0.889736 -1.32337 0.696875 
-0.506375 0.384447 0.561486 
-0.971675 -1.84529 1.33335 
-1.0806 0.235402 0.290636 
0.361549 -5.16224 9.47211 
