0.979184 0.183533 0.0866845 0.0574751 -0.182281 0.982995 -0.02222 0.0263405 -0.0892885 0.00595658 0.995988 -0.156134 0 0 0 1
1 0 0 0 0 1 0 0 0 0 1 0 0 0 0 1
###
-0.04452 0.0400737 0.404534 
3.38111 -12.6201 14.6279 
-0.851896 0.364624 0.659778 
-0.523491 -2.15923 2.4392 
1.1196 -3.59249 6.42593 
-0.851766 0.363882 0.658602 
-1.65619 -3.20732 2.30075 
-0.989031 -0.0267789 0.326576 
-0.394644 -0.59909 0.323574 
-1.08884 -0.926286 0.482309 
-0.857232 -0.243467 0.934849 
-0.592042 -1.06421 1.43241 
-0.0293423 -0.955015 1.71874 
-0.775347 -0.321622 0.537439 
-0.636377 -3.58155 2.28933 
1.27939 -3.69751 6.78657 
6.86223 -6.99156 9.98029 
-1.00298 -0.0278505 0.332395 
-0.860433 0.333412 0.563214 
-0.030446 -0.900056 1.62479 
-1.03508 -0.446003 0.668617 
-1.07224 -0.426951 0.722106 
-1.99694 -3.7794 1.0171 
-0.879483 0.311355 0.482658 
0.0643937 0.20407 0.200298 
-1.16708 -2.25781 1.61581 
0.750352 -3.72481 1.66144 
0.130058 -4.23025 7.39139 
-1.04059 -0.43765 0.681609 
-0.988556 -0.0232156 0.328078 
-0.814 0.377846 0.695323 
-0.995364 -3.23094 2.2564 
-0.685606 -1.428 0.113195 
-0.900767 -2.18803 0.0943151 
-0.632476 -1.13137 1.46608 
-0.640934 -0.181035 0.627124 
0.0783485 -3.65735 2.00853 
-0.386079 -0.0218317 0.214496 
-0.654811 -0.194281 0.605349 
-1.05085 -0.204262 0.354639 
1.11235 -1.2915 0.487299 
0.0804307 0.165459 0.242751 
0.0783993 0.163549 0.240594 
0.336488 0.236362 0.257772 
-0.624805 -0.233359 0.913027 
0.715659 -3.0864 1.17457 
0.795321 -3.95365 1.77005 
-0.957202 0.133539 0.335643 
-0.960863 0.274284 0.413665 

-0.152651 0.326558 0.216533 
-1.59486 -1.88073 1.69635 
0.85344 -1.24386 0.105061 
0.248843 -0.807914 1.0413 
0.313958 -0.280307 0.151031 
0.284516 0.360453 0.172346 
0.182523 -0.299726 0.406247 
-0.163423 0.19991 0.252856 
-0.260207 -0.575924 0.725645 
-0.163933 0.00797787 0.277186 
0.0737249 0.0945949 0.234742 
0.123827 -0.18984 0.304796 
0.733525 -0.590961 0.449759 
-0.0838548 0.111944 0.286555 
0.132429 -0.722678 0.477453 
-2.45018 -2.70373 2.53758 
-0.313976 -0.728057 0.778458 
-0.142498 0.0332672 0.325953 
-0.0474482 0.331515 0.184838 
0.732606 -0.593126 0.452409 
-0.0780563 0.12139 0.292387 
-0.0595372 0.12664 0.273729 
-0.343799 -0.831724 0.882485 
-0.0161553 0.242558 0.133125 
0.496283 0.381212 0.107751 
0.140989 -0.535629 0.702769 
0.12161 -0.725657 0.277694 
0.0211712 -0.470003 0.655579 
-0.122629 0.0616625 0.301567 
-0.0989701 0.099771 0.297207 
-0.00423061 0.316053 0.172523 
0.126673 -0.588602 0.542725 
-2.56489 -3.22886 0.193873 
-0.501075 -0.603464 0.0427044 
0.11707 -0.142587 0.309489 
-0.0932647 0.101652 0.289387 
0.225239 -1.13725 0.415982 
-0.125624 0.0830448 0.327387 
-0.0579509 0.133642 0.285609 
-0.138275 0.146995 0.171087 
0.0142547 0.327313 0.176232 
-0.0650233 0.300261 0.0921451 
0.415947 0.351472 0.0965826 
-0.370618 0.329231 0.240303 
0.0696746 0.101008 0.240896 
0.125581 -0.852971 0.440165 
0.164406 -0.803813 0.426865 
-0.147766 0.244075 0.21369 
-0.10242 0.316324 0.193028 
