0.97913 0.202687 -0.0149201 0.0710259 -0.203125 0.978378 -0.0389446 -0.0158126 0.00670395 0.0411625 0.99913 -0.167349 0 0 0 1
1 0 0 0 0 1 0 0 0 0 1 0 0 0 0 1
###
-0.852791 0.364782 0.660674 
0.0247874 -0.0404887 0.368422 
0.698253 -3.76693 1.70784 
3.37853 -12.619 14.6205 
-0.125709 0.0975431 0.349214 
1.12084 -3.59231 6.42697 
4.59614 -4.50304 6.64982 
-0.849335 0.362806 0.65624 
-0.90661 -3.78845 2.53803 
-0.53877 -1.51561 1.85524 
0.526939 -7.82888 14.3426 
0.0963225 -3.91858 2.13829 
-0.871507 -3.71567 4.21933 
-1.41308 -2.27723 0.837154 
0.885906 -1.3174 0.693835 
5.17289 -5.32415 7.6579 
-0.533314 0.200158 0.398808 
-0.918506 -3.87137 2.57484 
-0.776401 -0.279328 1.1018 
-1.92765 -3.19214 1.10883 
1.59738 -4.66311 8.45751 
-0.858648 0.336932 0.571262 
-1.211 -4.06279 2.68536 
-0.652 -3.77727 2.41176 
0.0129411 0.0342553 0.343518 
-0.591563 -1.06327 1.43103 
0.322773 -2.74368 5.13123 
-1.09642 -0.358259 1.41043 
-0.222397 -3.59853 2.13085 
1.28158 -3.70292 6.79847 
5.09902 -4.75771 2.92004 
-0.989025 -3.20776 2.23963 
0.079575 0.164127 0.241674 
-0.632183 -1.1319 1.46628 
0.139013 -4.21866 7.37096 
-1.0528 -4.51705 2.52193 
-0.809962 0.375748 0.691285 
-0.98731 -3.21624 2.15171 
-0.264069 0.26714 0.262404 
-0.96689 -1.51584 0.614865 
0.11887 0.422248 0.155359 
0.0177217 -0.0628384 0.380198 

0.284516 0.360453 0.172346 
-0.0208923 0.320807 0.17213 
-0.242247 0.105677 0.295657 
-1.59486 -1.88073 1.69635 
-2.45018 -2.70373 2.53758 
2.73009 -2.1281 0.952435 
-1.71631 -1.68861 0.775917 
0.057773 0.340795 0.211425 
0.175476 -0.757082 0.602451 
0.979813 -0.77516 0.624118 
0.119634 -0.131555 0.120903 
0.013339 -0.329276 0.17336 
-0.192139 -0.610576 0.773202 
-0.156739 -0.290147 0.441124 
0.155934 -0.76254 0.625331 
-0.313976 -0.728057 0.778458 
-0.172248 -0.139054 0.35825 
0.090794 -0.716314 0.47764 
0.0752539 0.11653 0.26547 
0.253456 -0.509062 0.68932 
3.84212 -3.02003 1.36385 
0.389463 0.318005 0.0700266 
0.159139 -0.811646 0.685652 
0.143192 -0.664515 0.460231 
-0.0545531 0.314464 0.175593 
0.126231 -0.0104249 0.297151 
-1.91661 -1.88839 1.23917 
-0.0932647 0.101652 0.289387 
0.164406 -0.803813 0.426865 
-2.46673 -2.52913 0.362377 
-0.211071 -0.724741 0.902681 
0.126673 -0.588602 0.542725 
-0.0822651 0.3159 0.177947 
-0.204567 -0.314987 0.506523 
0.0211712 -0.470003 0.655579 
0.136037 -0.992963 0.716275 
-0.00423062 0.316053 0.172523 
0.122587 -0.584081 0.568221 
0.464254 0.387401 0.130613 
-2.08883 -1.88353 1.26729 
-1.06703 -1.35564 0.105646 
-0.0650233 0.300261 0.0921451 
