0.979653 0.199804 0.0189158 0.0657917 -0.199183 0.979489 -0.0304481 0.00589721 -0.0246115 0.0260609 0.999357 -0.163257 0 0 0 1
0.996393 -0.0767156 -0.0362637 -0.00328949 0.0765157 0.997045 -0.00687127 0.000539317 0.0366836 0.00407175 0.999319 -0.00902739 0 0 0 1
###
-0.855002 0.36569 0.662369 
-0.126379 0.0983074 0.351962 
0.360473 -5.15786 9.45791 
1.11999 -3.59254 6.42468 
-0.00163938 -0.0035431 0.399747 
-0.0680494 0.107092 0.298955 
-1.28009 -4.92704 3.06734 
3.38002 -12.6204 14.6236 
2.2925 -1.74887 0.481149 
2.49602 -1.9779 1.81924 
-0.908765 -3.80095 2.54693 
1.90271 -1.51326 2.07512 
-0.975566 -1.79831 1.20641 
-0.610609 -1.11721 1.48183 
-0.956815 0.303304 0.477492 
-0.802873 0.367239 0.675387 
-0.50091 -2.15389 2.457 
-0.851329 0.363724 0.657834 
0.526931 -7.82393 14.3482 
-0.0818324 0.0304648 0.385026 
-0.133459 0.107909 0.36845 
-1.34217 -4.27702 2.73208 
-0.914602 -3.87551 2.58237 
-0.634192 -0.18503 0.735682 
0.324135 -3.47658 1.75629 
-1.52133 -2.82426 1.90681 
1.59445 -4.66486 8.4636 
-0.0938016 0.0452191 0.372268 
-1.07218 0.298812 0.361043 
-0.86161 0.333806 0.56392 
-1.59014 -4.85878 5.40876 
-0.197905 -0.0517376 0.294991 
-1.01675 -4.35623 2.43044 
-1.99036 -3.74172 0.993245 
-1.92476 -3.18567 1.10667 
1.27941 -3.70061 6.79272 
-0.803803 0.370841 0.682954 
0.0233325 0.0246331 0.345465 
6.86228 -6.99244 9.98141 
-0.665711 -0.359725 1.24623 
-0.222349 -3.60695 2.13636 
-1.47892 -2.39623 0.882361 
5.06737 -4.72795 2.89607 
-1.17596 -2.27609 1.62876 
-0.630047 -1.12746 1.4605 
1.15412 -1.34788 0.511521 
1.81153 -1.4218 1.93569 
-1.05241 -0.733617 0.435666 
-0.865171 0.364092 0.658955 
0.0787346 0.163988 0.24118 
1.11366 -1.29261 0.488048 
0.0178101 -0.0630642 0.381447 
0.142982 0.485832 0.177725 
0.909553 -4.40445 1.93843 
0.665316 -2.02108 3.80356 

-0.012533 0.32283 0.183613 
-0.351236 0.189824 0.306876 
1.19215 -0.90468 0.497104 
2.73009 -2.1281 0.952435 
0.107193 -0.00340784 0.281011 
0.417905 0.325546 0.0536602 
0.0595747 -0.53527 0.66663 
-1.59486 -1.88073 1.69635 
0.85344 -1.24386 0.105061 
0.247149 -0.556934 0.742761 
0.175476 -0.757082 0.602451 
-1.22992 -1.64087 1.71049 
-1.87261 -1.87754 0.648282 
0.123827 -0.18984 0.304796 
-0.803551 0.375739 0.401596 
0.284516 0.360453 0.172346 
-2.15606 -2.20801 1.33106 
0.057773 0.340795 0.211425 
-1.91661 -1.88839 1.23917 
0.393107 0.378774 0.163794 
-0.243862 0.0786497 0.302738 
0.133746 -0.698768 0.692708 
0.090794 -0.716314 0.47764 
0.203414 0.219304 0.499915 
0.013339 -0.329276 0.17336 
1.10257 -0.890751 0.686943 
-2.52278 -2.65219 2.54617 
0.450594 0.373422 0.125557 
-0.0208923 0.320807 0.17213 
-0.0474482 0.331515 0.184838 
-0.498869 -0.598586 0.68081 
0.0752539 0.11653 0.26547 
2.5053 -3.22902 1.0134 
-0.332211 -0.815032 0.868764 
-0.156739 -0.290147 0.441124 
-2.45018 -2.70373 2.53758 
-0.626612 0.323992 0.334579 
0.389463 0.318005 0.0700266 
-4.65093 -4.8906 2.78142 
0.119802 0.0755116 0.259255 
0.164234 -0.807923 0.429764 
-0.232301 -0.768212 1.04217 
-0.0224675 0.323303 0.173327 
0.182523 -0.299726 0.406247 
0.11707 -0.142587 0.309489 
-0.000999311 0.323538 0.175216 
0.422982 0.382302 0.128149 
-0.148513 0.0117045 0.325731 
-0.250268 0.0541795 0.313287 
0.415947 0.351472 0.0965826 
-0.0545531 0.314464 0.175593 
-0.0649501 0.296756 0.0911938 
0.0946369 -0.127981 0.176105 
0.165234 -0.809085 0.425191 
0.313958 -0.280307 0.151031 
