0.229182 -0.177814 -0.957005 0.078328 0.311939 0.944737 -0.100832 -0.0875934 0.922047 -0.275418 0.271984 0.0150297 0 0 0 1
0.999457 -0.0128739 -0.0303365 0.0373896 0.0131625 0.99987 0.00933359 -0.00341547 0.0302124 -0.00972782 0.999496 0.00323532 0 0 0 1
###
0.103706 0.0130092 0.135838 
0.163475 -0.308019 0.451805 
0.0857878 0.0434935 0.20557 
0.089064 0.0633082 0.183178 
-0.375786 -0.690227 0.968856 
0.231228 -0.440465 0.032317 
0.20539 -0.312922 0.0607857 
0.233868 -0.323745 0.255018 
0.117714 -0.104236 0.149931 
0.208577 -0.330779 0.0432357 
0.0400762 0.115892 0.110579 
0.103968 0.0629328 0.0868561 
0.179854 -0.373868 0.0447303 
-0.042393 -0.0682987 0.270776 
0.0571875 0.107099 0.00356957 
0.210311 -0.237662 0.0471137 
0.102512 0.0405294 0.127629 
0.0849604 0.0661028 0.192723 
-0.167331 -0.386197 0.560912 
0.0605111 0.10745 0.00573287 
0.0404698 0.115899 0.110706 
0.206294 -0.219249 -0.107537 
0.152373 -0.178438 0.227072 
0.0865846 0.0438332 0.207161 
0.238577 -0.378483 0.0405308 
6.27851 -12.4464 10.9059 
0.177271 -0.199111 0.187761 
0.00183737 0.0536353 0.120894 
0.53932 -0.937547 -0.748923 
0.156772 -0.144565 -0.102629 
0.371551 -0.606127 0.625163 
0.0604752 0.107572 0.006094 
0.327021 -0.919231 -0.730091 
0.109521 -0.0405574 0.108804 
0.103551 0.0137608 0.132659 
0.0745164 0.115485 0.0933686 
0.0949713 -0.0693275 0.253683 
0.0996657 0.094357 0.0706572 
-0.0858216 -0.28318 0.532203 
0.10714 -0.413759 0.0124383 
0.109747 0.0375086 0.060845 
0.0487542 0.000406392 0.141846 
0.444818 -1.28618 -1.00644 
0.0922174 0.116802 0.0855014 
0.177766 -0.228457 0.263486 
0.0834544 0.0647258 0.200566 
0.219639 -0.336593 0.051344 
0.0845453 0.0670031 0.193633 
-0.133308 -0.534307 0.778694 
-0.0864857 -0.294251 0.546624 
0.593164 -1.51777 -0.747271 
0.0410464 0.0159228 0.131108 
-0.0169849 -0.293003 0.0388479 
0.187423 0.0237012 0.439249 
0.251678 -0.408477 0.0741221 
0.05486 0.107355 -0.000578695 
0.184891 0.0873957 0.078787 
0.179828 -0.207124 0.191821 
0.00502269 -0.289751 -0.34134 
0.0737757 0.116076 0.0880057 
0.086814 0.0944403 0.0697017 
0.115503 -0.0492794 0.112419 
0.0395936 0.105676 0.00322852 
0.135222 -0.0202399 -0.0063885 
0.0280943 -0.370444 0.005485 
0.102975 -0.41291 0.0116119 
-0.0770024 -0.253664 0.502922 
0.0454383 0.106141 0.0115394 
0.091284 0.0190568 0.015443 
0.420127 -0.689136 -0.57017 
0.23385 -0.604162 -0.485814 
0.127911 -0.3799 0.0367021 
0.623098 -1.59366 -0.793002 
0.0448152 0.101692 0.0627223 
0.043727 0.106113 -0.00317247 
0.185408 -0.487363 0.016817 
0.120884 -0.123168 0.203887 

-0.0791868 -0.0679116 0.28134 
-2.99959 -4.03537 1.53497 
0.14807 0.103537 0.54811 
-0.145861 0.0056127 0.251269 
-0.399999 -0.516533 0.04472 
-1.78012 -6.94115 4.47607 
1.16035 -2.45384 1.29925 
-2.39969 -3.5192 2.54491 
-5.77812 -9.37369 7.53938 
-2.19049 -6.88591 4.65761 
-2.71087 -1.33472 0.206446 
-1.7021 -1.28694 2.34425 
-1.75355 -7.20165 4.48251 
3.7806 -2.95093 3.92764 
3.93046 1.66373 1.03985 
-2.78035 -4.35979 3.67211 
-0.0853232 -0.0673377 0.274339 
1.62425 -2.45156 0.937599 
-4.3159 -7.09118 1.85914 
-0.142944 0.37046 0.163355 
0.479634 -0.833048 0.0587654 
-0.7143 -1.37364 1.84636 
-0.937975 -1.88087 2.54663 
-0.428748 -0.181676 0.666858 
-2.25411 -6.95972 4.72851 
-3.71693 -5.38509 3.60051 
-2.65188 -4.38265 4.31566 
7.18686 -7.15731 11.197 
1.9675 -8.01911 14.8097 
-2.36262 -3.35996 2.30192 
-2.22624 -3.25074 2.35823 
0.230959 0.129421 0.637772 
3.93915 -7.83436 13.1766 
-1.64605 -2.01538 2.64523 
-2.6996 -1.37759 0.304807 
3.68994 1.40112 0.689565 
-1.04242 -1.43408 1.7387 
-2.41202 -0.226741 0.546485 
2.39877 -8.96794 16.8472 
0.667023 -5.97783 2.74749 
-2.29962 -0.610711 1.25294 
-0.948528 -4.33305 7.51933 
2.63654 -12.348 14.8342 
0.282065 -0.361314 -0.013439 
-0.631701 -3.07112 5.51229 
-0.215023 0.184122 0.242868 
-2.43022 -7.21042 4.7206 
1.53948 -2.32684 0.894515 
0.0390355 0.376033 0.598762 
-0.494235 0.343081 0.454056 
2.75539 -13.3653 16.125 
-2.37086 -3.39904 2.30019 
0.0952693 -6.69881 3.44009 
-0.019577 0.137979 0.561585 
-2.48175 -7.16842 4.3951 
3.17226 1.37633 0.868605 
-1.65426 0.687827 0.710706 
-3.25234 -4.37256 1.64967 
0.471372 -0.661863 -0.0119014 
-2.2509 0.500287 0.524538 
-0.041831 0.0190755 0.47323 
-1.58517 -1.88821 2.54827 
-2.07077 0.642198 0.948378 
-0.00955482 0.340521 0.354906 
0.0682603 -6.65438 3.43786 
-0.935669 -6.47268 3.87568 
1.92149 -7.37522 13.7958 
-2.24025 0.579579 0.773794 
0.00949059 0.379346 0.40187 
1.22877 -2.34981 0.397417 
1.31606 -2.3769 1.4335 
-0.0839637 -6.20965 2.96224 
2.76299 -13.4841 16.2638 
-2.13152 0.195365 0.492893 
-2.11106 0.636912 1.01887 
-0.405313 -6.42768 3.58358 
-3.72467 -6.0811 5.62642 
