0.99115 0.131321 0.0194149 0.0743579 -0.129605 0.988915 -0.0724534 -0.0821648 -0.0287143 0.069296 0.997183 -0.171304 0 0 0 1
0.998003 -0.0606803 -0.0175463 0.0264011 0.0600338 0.997573 -0.0352821 -0.00515245 0.0196447 0.0341583 0.999223 -0.018436 0 0 0 1
###
-0.681074 -1.1131 0.398894 
1.28948 -3.72598 6.83984 
-0.621738 -2.56923 3.53721 
0.960912 -0.683565 0.377562 
-0.832265 -1.46814 0.389178 
1.12328 -3.57748 6.40893 
-0.889781 -1.8727 1.62983 
-0.767861 -2.38485 2.82786 
0.883208 -1.31314 0.691722 
-2.00773 -3.75697 0.952806 
0.00617417 -0.816311 1.76735 
-0.812008 -0.274641 1.08516 
-0.635849 -3.57617 2.28539 
-0.546034 -1.54215 1.89037 
-0.859871 0.33329 0.563347 
0.0747009 0.138379 0.26399 
-1.52583 -3.54227 2.3893 
-0.962559 0.260522 0.340378 
-0.0604818 -0.188758 0.655389 
-0.798876 -0.270869 1.07818 
-1.55307 -3.34742 2.33251 
-0.663036 -0.358044 1.24149 
-0.061098 -0.183268 0.645603 
-0.778117 -0.346669 1.25871 
0.548215 -2.54266 4.91586 
0.0243877 0.0255373 0.347685 
-1.58094 -3.65698 2.57499 
-0.970698 -3.14207 2.19439 
-0.591131 -1.06233 1.43009 
-0.602046 -3.53683 2.1885 
-0.998977 0.141285 0.346312 
0.0240449 0.266201 0.200908 
-0.0399554 0.198655 0.268198 
-1.66768 -3.77795 2.59688 
0.343549 0.0568953 0.370308 
0.366605 -1.74728 3.4303 
-0.972135 0.0407766 0.32984 
0.150716 0.0639575 0.239988 
-0.768276 -1.64552 1.55302 

-0.908241 -0.844618 0.177361 
0.313958 -0.280307 0.151031 
0.0946369 -0.127981 0.176105 
0.899565 -1.31214 0.114389 
-1.35891 -1.38464 0.22098 
3.84212 -3.02003 1.36385 
0.117743 -0.544277 0.71592 
0.173738 -0.287977 0.393162 
-0.332211 -0.815032 0.868764 
-2.64981 -2.63676 0.691322 
0.123827 -0.18984 0.304796 
0.0194375 0.0909407 0.187482 
0.132429 -0.722678 0.477453 
0.979813 -0.77516 0.624118 
0.253016 0.331429 0.159553 
0.159139 -0.811646 0.685652 
0.0987134 -0.633467 0.810679 
0.284516 0.360453 0.172346 
-1.48441 -1.44509 0.953008 
0.203414 0.219304 0.499915 
0.286046 -0.391078 0.501837 
0.113452 0.0737879 0.253141 
-1.91661 -1.88839 1.23917 
0.0696746 0.101008 0.240896 
0.345819 -0.359194 0.414649 
0.360602 -0.237824 0.0402875 
0.0653675 -0.471677 0.66003 
0.126673 -0.588602 0.542725 
0.125174 -0.131807 0.302219 
0.133955 -0.716029 0.484387 
-0.147766 0.244075 0.21369 
-0.187156 -0.536845 0.723455 
-0.0469273 0.330901 0.183713 
0.0962608 -0.640651 0.878312 
-0.0822651 0.3159 0.177947 
2.37969 -1.79956 0.99778 
-0.149667 0.23486 0.217904 
-0.122279 0.305243 0.178546 
0.24066 -0.49037 0.654622 
