0.99115 0.131321 0.0194149 0.0743579 -0.129605 0.988915 -0.0724534 -0.0821648 -0.0287143 0.069296 0.997183 -0.171304 0 0 0 1
0.883508 0.42758 -0.19128 0.0333208 -0.435023 0.900413 0.00341093 -0.202034 0.173689 0.0801975 0.98153 -0.00555312 0 0 0 1
###
1.28948 -3.72598 6.83984 
-0.621738 -2.56923 3.53721 
0.960912 -0.683565 0.377562 
5.58945 -4.9914 4.29524 
-0.832265 -1.46814 0.389178 
1.12328 -3.57748 6.40893 
0.360349 -4.97051 9.12219 
-0.716312 -0.319845 1.1617 
-0.767861 -2.38485 2.82786 
0.883208 -1.31314 0.691722 
3.20293 -11.9699 13.8733 
-0.952955 0.302247 0.475446 
-0.846718 0.361819 0.653851 
-0.268474 0.321427 0.227764 
0.00617417 -0.816311 1.76735 
-0.812008 -0.274641 1.08516 
-0.546034 -1.54215 1.89037 
-0.859871 0.33329 0.563347 
-1.52583 -3.54227 2.3893 
-0.962559 0.260522 0.340378 
-0.0604818 -0.188758 0.655389 
-0.798876 -0.270869 1.07818 
-1.1646 -3.9006 2.57893 
-0.663854 -3.94454 2.42404 
0.439354 -3.17628 1.54768 
-0.356682 0.398562 0.514717 
-0.960075 0.264191 0.338022 
-0.809068 0.375393 0.69048 
0.0251888 0.265992 0.201076 
-0.081929 0.0322759 0.37403 
-1.55307 -3.34742 2.33251 
-0.663036 -0.358044 1.24149 
-0.061098 -0.183268 0.645603 
-0.778117 -0.346669 1.25871 
0.548215 -2.54266 4.91586 
2.76328 -10.4077 11.6646 
0.024827 0.266656 0.201281 
-1.58094 -3.65698 2.57499 
-0.970698 -3.14207 2.19439 
-0.679188 -0.377135 1.24533 
-0.602046 -3.53683 2.1885 
-0.359235 0.402964 0.517263 
-0.998977 0.141285 0.346312 
0.343549 0.0568953 0.370308 
0.0371043 -1.23534 2.56698 
0.366605 -1.74728 3.4303 
0.512383 -3.04518 1.43689 
-0.972135 0.0407766 0.32984 
1.13394 -1.31387 0.499042 
0.150716 0.0639575 0.239988 
-0.768276 -1.64552 1.55302 

-0.0395348 -0.180061 0.298393 
0.979813 -0.77516 0.624118 
-0.0474482 0.331515 0.184838 
-1.848 -2.18921 1.96545 
0.328581 0.329417 0.14421 
0.693637 -0.514232 0.269316 
0.723448 -0.488555 0.360061 
0.096725 0.0905769 0.249781 
-0.619352 -0.833518 0.91484 
-4.65093 -4.8906 2.78142 
0.501589 -0.604607 0.291728 
-0.0861178 0.328137 0.189884 
-0.335113 0.312377 0.23667 
-0.164568 0.0827004 0.258737 
0.715188 -0.494139 0.392684 
-0.0472567 0.163401 0.122919 
-0.244234 -0.749743 0.873411 
0.451789 0.344986 0.101949 
0.0956977 -0.639903 0.703038 
-0.12484 0.317084 0.184667 
0.932173 -0.649618 0.456389 
0.0752539 0.11653 0.26547 
0.118487 -0.672526 0.614357 
0.132429 -0.722678 0.477453 
0.225239 -1.13725 0.415982 
-0.00588792 0.288279 0.0268313 
-0.319645 0.309177 0.229576 
-0.0469273 0.330901 0.183713 
0.136589 -0.6215 0.587146 
-0.423444 0.119209 0.299421 
-0.305063 -0.714683 0.79383 
0.113452 0.0737879 0.253141 
0.16354 -0.206418 0.348174 
0.0505104 0.124498 0.242799 
-0.760669 -1.18617 1.26088 
1.83867 -2.38668 0.817825 
0.118124 -0.549853 0.553699 
0.00813422 -0.235366 0.348922 
0.126673 -0.588602 0.542725 
0.114978 0.0717284 0.260168 
0.0533589 -0.490624 0.376973 
-0.00465505 0.292292 0.0252994 
-0.149894 0.26578 0.229309 
0.425756 0.355508 0.130813 
0.988155 -0.845833 0.762092 
2.37969 -1.79956 0.99778 
0.135696 -0.736818 0.395564 
-0.137294 0.267693 0.196618 
-0.584084 -0.155769 0.396681 
-0.122279 0.305243 0.178546 
0.0329619 -0.155485 0.276086 
