0.983234 0.181973 -0.0116542 0.07215 -0.18233 0.981976 -0.049783 -0.0369335 0.00238496 0.0510733 0.998692 -0.169354 0 0 0 1
1 0 0 0 0 1 0 0 0 0 1 0 0 0 0 1
###
1.52273 -4.45129 8.07853 
3.20915 -11.9755 13.8808 
-0.681485 -1.11634 0.401031 
-0.833163 -1.5378 1.07939 
-0.887994 -3.70505 2.48358 
-2.0392 -3.80783 0.969634 
-1.04247 -1.93244 1.29813 
-0.139625 -0.0973974 0.314442 
-1.22483 -5.34617 6.05449 
1.12053 -3.57651 6.40421 
4.66331 -4.79344 6.9044 
-0.952912 0.302184 0.475351 
-0.847573 0.362142 0.654699 
-0.0416481 -3.17251 5.68482 
0.317449 -3.41174 1.72458 
-1.01872 -1.943 1.40219 
1.29104 -3.72947 6.84729 
-0.132689 0.106664 0.365068 
0.0232729 0.0254043 0.345873 
-0.85604 -0.238295 0.900183 
-0.635446 -3.57632 2.28577 
6.46633 -6.5869 9.40313 
-0.857872 0.336662 0.570745 
0.0235238 0.0248561 0.345005 
0.125093 -3.56202 6.5281 
-0.663263 -0.358156 1.24198 
-0.839742 -0.264055 1.06703 
-0.222044 -3.58976 2.1262 
-2.02453 -3.36694 1.1721 
-0.689792 0.308135 0.400734 
-0.809027 0.37535 0.690469 
0.010917 0.237721 0.274707 
-0.457268 -0.922081 0.219981 
-1.40959 -2.27322 0.834598 
-0.976739 -3.16484 2.21038 
2.85399 -4.95119 8.10464 
-0.268379 0.273993 0.264778 
-0.590811 -1.06139 1.42891 
-0.0927783 0.0360344 0.395447 
-0.605067 -3.56184 2.20414 
-0.787271 0.387272 0.731128 
0.107462 0.0243197 0.337102 
-1.22866 -2.39395 1.71003 
-0.667383 -1.40931 1.71128 
1.12224 -1.30082 0.493464 
0.0782721 0.163084 0.240268 
1.06079 2.35411 0.102897 
0.0951218 0.192523 0.195492 

-2.34604 -2.59118 2.37185 
-1.59486 -1.88073 1.69635 
-0.908241 -0.844618 0.177361 
0.0211712 -0.470003 0.655579 
0.090794 -0.716314 0.47764 
-2.64981 -2.63676 0.691322 
-1.08602 -1.28009 1.47565 
0.123827 -0.18984 0.304796 
-2.15606 -2.20801 1.33106 
-2.45018 -2.70373 2.53758 
-1.74085 -1.77902 1.05176 
-0.0861178 0.328137 0.189884 
0.057773 0.340795 0.211425 
-1.91661 -1.88839 1.23917 
0.013339 -0.329276 0.17336 
0.0156336 -0.291414 0.421222 
-2.46673 -2.52913 0.362377 
-0.0174328 0.327956 0.185205 
0.0199946 0.324014 0.175289 
0.0479989 0.179031 0.347691 
0.130097 -0.888849 0.698869 
-4.65093 -4.8906 2.78142 
-0.0208923 0.320807 0.17213 
0.413969 0.320176 0.0579645 
0.475524 -0.369788 0.284895 
0.119802 0.0755116 0.259255 
0.0485848 0.117072 0.243521 
0.164406 -0.803813 0.426865 
-0.156739 -0.290147 0.441124 
-0.076695 0.303621 0.116301 
-0.00423062 0.316053 0.172523 
-0.0916477 0.318151 0.18056 
-2.56489 -3.22886 0.193873 
0.253456 -0.509062 0.68932 
0.126673 -0.588602 0.542725 
-1.848 -2.18921 1.96545 
0.464254 0.387401 0.130613 
0.422982 0.382302 0.128149 
0.106909 -0.0822771 0.285359 
0.133955 -0.716029 0.484387 
-0.012533 0.32283 0.183613 
0.135627 -0.199602 0.318846 
0.0962608 -0.640651 0.878312 
0.124167 -0.190587 0.303815 
-0.0596978 0.353508 0.19881 
0.415947 0.351472 0.0965826 
0.0983623 -0.124665 0.165142 
0.417905 0.325546 0.0536602 
