0.0673115 -0.148108 -0.986678 0.0749339 0.226501 0.965369 -0.129458 -0.0875514 0.971682 -0.214769 0.0985271 0.0199009 0 0 0 1
0.999453 -0.0129631 -0.0304156 0.0370367 0.013249 0.99987 0.00921572 -0.00333378 0.0302921 -0.00961366 0.999495 0.00315508 0 0 0 1
###
0.0414917 0.117518 0.113617 
0.16067 -0.293548 0.442032 
0.574021 -0.991437 -0.781165 
0.12907 -0.123365 0.158215 
0.550409 -1.4494 -0.718569 
0.239883 -0.462076 0.0320474 
0.211012 -0.3351 0.0436107 
0.095775 0.0215162 0.128699 
-0.0482384 -0.0904 0.298956 
0.473613 -1.41662 -1.1164 
0.0364517 0.0239583 0.123864 
0.181489 -0.377727 0.0451974 
0.571466 -1.50267 -0.745559 
0.0632892 0.115873 0.102908 
0.0149457 0.0888522 0.0926842 
0.228309 -0.324835 0.0604659 
0.190438 -0.237667 0.0506075 
0.134025 -1.36979 1.73557 
0.0679682 0.0681328 0.0817425 
0.0611109 0.108598 0.00581142 
0.130267 -0.0733985 0.00326865 
0.101974 0.0786692 0.0813191 
0.109489 -0.0476183 0.133996 
-0.168833 -0.473319 0.767118 
0.0568012 0.0299942 0.0989587 
0.0228116 0.049492 0.103819 
0.146458 -0.246578 0.401928 
0.0931113 -0.0654057 0.251065 
0.241935 -0.384412 0.0410852 
0.0889875 0.0955305 0.0705237 
0.0534676 -0.0644661 -0.0703085 
0.0986581 0.0996691 0.0680343 
-0.0280954 0.0445749 0.192419 
0.196735 -0.190194 0.15806 
0.340385 -0.536122 0.532955 
0.490484 -1.39658 -0.668638 
0.110008 -0.43127 0.0115066 
0.125679 -0.17572 0.0714091 
0.200062 -0.25565 0.216598 
0.176538 -0.200049 0.186962 
0.0615264 0.108771 0.00585571 
0.0396998 0.106809 0.00341665 
0.0987762 0.116616 0.0839413 
0.1003 -0.0695555 0.00446404 
0.305494 -0.516902 0.52962 
0.0496732 -0.336239 0.55306 
0.116484 -0.0630469 0.115047 
0.0766914 -0.0571791 0.198864 
0.177628 0.0935551 0.0801864 
0.0590659 0.114285 0.0867074 
0.112949 0.0370008 0.130702 
0.00267118 -0.082915 0.0451486 
0.120616 -0.0566826 0.118365 
0.16756 -0.420512 -0.340559 
0.0913218 0.114388 0.048903 
0.404928 -0.268749 0.226392 
0.167907 -0.158111 -0.113447 
0.104384 -0.424217 0.0111046 
0.117266 -0.392105 0.0143847 
0.110949 -0.121266 0.252503 
0.0995391 0.0464062 0.121883 
0.121756 -0.120815 0.200892 
0.217006 -0.299826 0.0519863 
0.181628 -0.472336 0.0180844 
0.112429 -0.464388 0.00745417 
0.098154 -0.328892 0.0208029 
0.0823924 0.116443 0.0751547 
0.0740244 0.114848 0.0921565 
0.656432 -1.67892 -0.835136 
0.0928644 -0.229387 0.493223 
0.0863318 0.067005 0.199752 
0.132814 0.00816845 -0.0079113 
0.0886432 0.100516 0.0668002 
-0.0417119 -0.940782 -0.0393844 
0.127236 -0.0241732 -0.000671071 

-2.68519 -1.32193 0.204444 
-2.96872 -3.99884 1.53164 
1.92061 -7.37007 13.7846 
-1.2286 -2.39398 3.1151 
2.60517 -12.2104 14.6678 
-1.76499 -6.87675 4.43344 
-2.1658 -6.80239 4.60016 
-0.078348 -0.0672178 0.278317 
-0.395838 -0.511143 0.0443281 
4.6692 -9.79497 17.6096 
-0.581725 -3.83771 7.22359 
-1.75182 -7.19683 4.47897 
2.68805 -13.0589 15.7564 
3.62975 1.37814 0.678387 
-0.42416 -0.179719 0.659749 
1.1478 -2.42814 1.28561 
-3.173 -4.26221 1.6075 
7.05107 -7.71907 11.3872 
0.00937664 0.375109 0.397429 
3.12875 1.35725 0.856732 
-0.520717 -5.68234 10.4831 
-2.38542 -0.223954 0.539963 
-0.929805 -1.86422 2.52483 
0.056753 0.334717 0.596525 
-1.52465 -3.09173 4.16299 
-2.34556 -3.36376 2.27892 
-3.12192 -4.18918 1.59374 
-6.72323 -18.3502 20.9261 
-2.22393 -6.86018 4.65949 
-0.0243299 -0.0075911 0.710026 
4.4055 -8.54926 14.4614 
-2.16718 -0.194743 0.476309 
-1.34315 -1.91733 0.0184869 
-1.03235 -1.42012 1.72191 
-0.707491 -1.36037 1.82884 
2.94505 -13.6614 15.7886 
0.33345 -6.28078 3.13055 
-2.45956 -7.10268 4.35496 
-2.62968 -4.34538 4.28 
-2.76014 -4.32798 3.64516 
0.312107 0.795029 0.224826 
-2.04814 0.635351 0.937818 
0.278386 -0.356861 -0.0131913 
-3.77949 -5.08083 1.46828 
-0.939301 -4.28464 7.43539 
17.8872 -17.0497 10.8905 
-1.56865 -1.86826 2.52137 
-0.673501 -10.9621 20.0128 
-0.435901 -0.0190437 0.581718 
-1.97932 0.719657 1.17794 
3.17164 -2.70496 3.94327 
0.915453 -6.18407 2.38911 
-1.49943 -1.41692 2.16732 
3.77826 -7.60636 12.8261 
-2.21615 0.573551 0.765322 
-2.40912 -1.39343 0.735155 
6.83205 -7.51395 11.1783 
2.5329 -20.517 9.42646 
0.570427 -6.37138 3.03293 
7.86557 -8.62081 12.8847 
-0.0844217 -0.0666428 0.271404 
-3.70857 -5.37273 3.59325 
0.0330313 0.318904 0.493809 
0.067374 -6.60474 3.412 
-0.932501 -6.45713 3.86707 
1.03781 -6.06812 2.57443 
-2.03589 0.691066 1.10283 
0.335363 -0.443872 -0.0131519 
2.71804 -13.2892 16.0279 
3.28584 -6.56061 11.9364 
1.52756 -2.30856 0.887778 
-1.77208 -0.615973 2.17889 
0.507517 1.05997 0.376336 
0.540749 -5.88941 2.76599 
-0.138621 0.269555 0.187701 
