0.957563 -0.0539715 -0.283125 0.186064 0.0675914 0.996968 0.0385523 -0.227284 0.280186 -0.0560531 0.958308 0.0937278 0 0 0 1
0.999932 -0.0116116 0.000419621 0.00760343 0.0116116 0.999933 6.16579e-05 0.00332361 -0.000420309 -5.67813e-05 1 0.000948148 0 0 0 1
###
-0.23562 0.0734904 0.275817 
2.09474 -1.88534 0.352052 
-0.160719 -0.12119 0.3435 
-0.192949 0.235785 -0.0233139 
-0.423444 0.119209 0.299421 
-0.687574 0.202414 0.416758 
1.67182 -1.3598 0.315361 
-0.13703 0.0649471 0.0291302 
-0.22468 0.165232 0.201036 
-1.22992 -1.64087 1.71049 
-0.458377 0.154076 0.347182 
-0.203042 0.27487 -0.0187134 
3.84212 -3.02003 1.36385 
-0.178125 0.223796 -0.031312 
-0.361948 0.189235 0.201949 
-0.208873 0.0680058 0.181316 
0.501589 -0.604607 0.291728 
0.437615 -1.82416 0.634492 
-0.14735 0.0988535 0.0190501 
-0.252989 -0.445403 0.557076 
0.109428 -1.37713 0.27356 
-0.177994 0.223664 -0.0313282 
0.113452 0.0737879 0.253141 
-0.240463 0.0829024 0.268888 
0.453544 -0.295588 0.310555 
3.84212 -3.02003 1.36385 
-3.60172 -1.50486 0.898057 
-0.0107042 0.300567 0.0760657 
-0.433139 -0.532238 0.698066 
-0.242454 -0.319975 0.458995 
-0.230897 -0.218455 0.383868 
-0.184404 0.261682 0.0311121 
1.29699 -1.09391 0.234708 
-0.14631 0.216751 0.255438 
1.74304 -1.73465 -0.263763 
1.15965 -0.899324 0.696685 
-0.302682 -0.141144 0.322117 
-0.446629 0.160908 0.328751 
0.0533589 -0.490624 0.376973 
0.0366398 0.0576596 0.0487968 
-0.174413 0.0603719 0.252468 
0.103118 0.0838858 0.242438 
1.02795 -4.59585 0.532581 
-0.137294 0.267693 0.196618 
-0.202938 0.0879636 0.109281 
0.225239 -1.13725 0.415982 
-0.207099 0.205126 0.00548667 
-0.0675173 0.26316 -0.00783381 
-0.250134 0.301758 0.163722 
-0.133595 0.262096 0.221885 
1.07737 -1.30848 0.500767 
1.64366 -1.51954 -0.302997 
-1.01964 -0.330954 0.183536 
-1.07387 -0.659091 0.263692 
-0.121724 0.292674 0.184893 
0.0388019 -0.474196 0.565725 
0.111558 -0.144071 0.293159 
-0.167036 -0.26405 0.516449 
-0.929163 -0.872521 0.926755 
-0.170724 0.295067 0.133193 
-0.584735 -0.154111 0.391116 
-0.145167 0.135661 0.401476 

0.203027 -0.0382833 0.183348 
3.07467 -5.23428 8.52193 
-0.689479 -1.44749 1.77948 
-0.910384 -1.74988 1.34035 
0.13664 0.0167193 0.193677 
-0.172721 -0.0362687 0.0499434 
2.33756 -1.82065 2.48221 
0.09329 -3.82864 2.09108 
1.52187 -2.53685 4.56722 
-1.04247 -1.93244 1.29813 
-0.00269343 0.0280394 0.372666 
-0.412751 0.270957 0.036832 
1.12053 -3.57651 6.40421 
1.12049 -1.31932 0.499495 
-0.891841 0.337677 0.611717 
0.522419 -8.03418 14.6758 
2.76372 -10.4146 11.6728 
0.146402 -1.16152 0.559983 
0.317449 -3.41174 1.72458 
-1.13107 -2.10574 1.49737 
-1.14959 -4.95873 2.78083 
3.65811 -2.27936 1.37236 
-0.679505 -0.380697 1.25145 
-1.18245 -0.738448 0.20106 
-0.190938 -4.77857 8.23774 
1.52273 -4.45129 8.07853 
-0.728724 -1.27426 0.00101115 
-0.48842 0.430314 0.602635 
-0.53172 -1.4948 1.83096 
9.33123 -6.73316 5.89466 
-0.805947 -1.74162 1.63817 
-0.962514 0.260584 0.340343 
2.85399 -4.95119 8.10464 
-1.06401 -0.250814 0.361125 
6.46633 -6.5869 9.40313 
4.66331 -4.79344 6.9044 
-0.89714 -1.89011 1.64491 
1.12224 -1.30082 0.493464 
-0.605067 -3.56184 2.20414 
1.29104 -3.72947 6.84729 
-1.34152 -1.04344 0.564882 
-0.663263 -0.358156 1.24198 
0.768745 -3.81426 1.70117 
-1.09601 -0.173156 0.363938 
-0.0853627 -0.175448 0.165194 
0.404101 -2.92946 1.42593 
1.89923 -1.51032 2.07236 
0.110319 0.166914 0.213972 
-0.151074 0.256853 0.314972 
-1.02465 -0.157814 0.340231 
1.53813 -6.02951 7.10194 
1.13181 -1.32262 0.500673 
-2.35862 -9.30473 11.1745 
0.127307 0.0738888 0.200295 
-0.126332 0.338245 0.105526 
-0.842226 -1.7714 1.58921 
-0.667383 -1.40931 1.71128 
-1.23924 -0.879273 0.513117 
3.20915 -11.9755 13.8808 
-1.0412 -4.45995 2.49206 
0.859281 -1.04039 0.0884913 
1.78902 -0.0252494 0.373557 
