0.984348 0.176225 0.00163564 0.584667 -0.17571 0.982098 -0.067902 -0.157926 -0.0135724 0.0665518 0.997691 -0.248811 0 0 0 1
0.276265 -0.1555 -0.948418 -0.0052932 0.131874 0.983624 -0.122858 0.00247497 0.951991 -0.0911302 0.292247 -0.0209728 0 0 0 1
###
-0.435297 -0.0168526 0.583599 
-0.198417 -0.0744001 0.661943 
-2.11363 -3.3073 2.91209 
2.60517 -12.2104 14.6678 
1.93099 -7.88377 14.5585 
-1.29899 -1.04096 0.415905 
-0.686267 0.172282 0.540429 
-2.03589 0.691066 1.10283 
1.92061 -7.37007 13.7846 
-1.41021 0.731439 0.944658 
7.86557 -8.62081 12.8847 
-2.34556 -3.36376 2.27892 
-2.04814 0.635351 0.937818 
-3.04896 -8.60323 5.64063 
-2.12056 -3.44396 3.27881 
-1.62987 -1.99598 2.62033 
-0.581725 -3.83771 7.22359 
-1.78567 -0.452948 1.81954 
-1.76499 -6.87675 4.43344 
-1.30356 -1.34353 1.09581 
-0.424537 0.0557315 0.566364 
-0.557276 -4.84262 8.90031 
-1.10587 0.587267 0.276168 
-1.84551 -2.7382 3.30761 
2.35786 -8.82575 16.5836 
3.99603 -7.93906 13.3578 
-0.673501 -10.9621 20.0128 
-2.37129 -0.550692 2.21578 
-0.932501 -6.45713 3.86707 
7.05107 -7.71907 11.3872 
-2.21101 0.495439 0.51473 
-1.99352 0.731068 1.19441 
-2.76636 -4.37837 3.13909 
-2.16867 -3.47961 3.28795 
-2.20086 -0.500552 2.03873 
-0.401317 -6.33722 3.53304 
-2.99258 -4.01677 1.41627 
1.6009 -2.41803 0.924672 
1.30303 -2.35433 1.41957 
7.13678 -7.02392 11.124 
-2.00847 -3.08996 2.78993 
-2.21954 -0.504459 2.05424 
1.52756 -2.30856 0.887778 
-1.28142 0.743293 0.909891 
3.3896 3.4836 0.10771 

0.119132 -0.0582126 0.141913 
0.132884 0.105394 -0.0866379 
0.173637 -0.153918 0.0094108 
0.0902775 -0.204727 0.234718 
0.53932 -0.937547 -0.748923 
0.0900309 0.110794 0.0444979 
0.0934265 0.117197 0.0858558 
0.132464 0.105524 -0.0862424 
-0.361933 -1.67706 2.07182 
-0.0395394 0.121552 0.224232 
0.147332 -1.5069 1.89891 
-0.0233963 -1.60329 2.07178 
0.2676 -0.677324 -0.820635 
0.21333 -0.339429 0.0579108 
0.236587 -0.228036 0.0816839 
0.136625 -0.0986915 0.00110964 
0.206294 -0.219249 -0.107537 
0.103483 0.0188029 0.0107897 
0.194761 -0.371924 0.0411605 
0.175032 -0.169283 -0.0611575 
0.102155 0.110888 0.00854529 
0.137038 -0.119348 -0.0102605 
-0.0587818 0.124896 0.228967 
0.137062 -0.104254 1.87962e-05 
0.170718 -0.364391 0.465784 
0.368929 -0.856296 1.00756 
0.215626 -0.252703 -0.155537 
0.121042 0.0368116 0.0493061 
0.144444 -0.344025 0.0201577 
0.171013 -1.73533 2.17114 
0.088065 0.114934 0.0611013 
0.100699 0.111571 0.0150101 
0.222672 -0.216394 0.0806779 
0.179618 -0.160464 0.0524507 
0.122413 0.0373215 0.035413 
0.0836722 -0.413197 0.00773371 
0.201752 -0.205621 0.165491 
0.110058 -0.0488358 0.108607 
0.444818 -1.28618 -1.00644 
0.0487538 -0.254699 0.335836 
0.265988 -0.259297 0.0289508 
0.652278 0.103413 -0.13232 
0.115903 -0.0446991 0.114135 
0.090057 0.0286773 0.228615 
0.101012 -0.117272 -0.0826897 
