0.827413 -0.092954 -0.553848 0.162733 0.0670166 0.995502 -0.0669598 -0.230151 0.557581 0.0182864 0.829921 0.124669 0 0 0 1
0.999822 -0.0181707 -0.00501171 0.0203314 0.018224 0.999776 0.0107888 0.0133367 0.00481454 -0.0108782 0.999929 0.00171566 0 0 0 1
###
-0.286539 0.140844 0.0505019 
1.67182 -1.3598 0.315361 
0.0579012 -0.595666 0.547833 
-0.313976 -0.728057 0.778458 
-0.243862 0.0786497 0.302738 
0.723448 -0.488555 0.360061 
-0.286568 0.141211 0.0504969 
-0.266286 -0.728784 0.823701 
-0.250268 0.0541795 0.313287 
0.0804536 -0.378882 0.450775 
-0.192949 0.235785 -0.0233139 
-0.454361 0.132376 0.327932 
0.16354 -0.206418 0.348174 
0.263484 -1.38352 0.354037 
-0.13703 0.0649471 0.0291302 
-0.244234 -0.749743 0.873411 
-0.160719 -0.12119 0.3435 
-0.103512 0.175024 0.00745589 
-0.13644 0.26554 0.211393 
2.73009 -2.1281 0.952435 
0.437615 -1.82416 0.634492 
-0.255536 -0.134504 0.306714 
-0.190151 0.227279 -0.0163585 
-0.0107454 0.326837 0.186821 
-0.152596 0.320909 0.207344 
0.259311 -0.989397 0.757353 
0.115757 -0.777205 0.284544 
1.80301 -1.44419 0.317245 
0.453544 -0.295588 0.310555 
-0.288534 0.133653 0.0606987 
-0.307294 0.118742 0.0635468 
-0.240463 0.0829024 0.268888 
-0.186008 0.131739 0.0815113 
1.4338 -1.78141 0.611844 
3.84212 -3.02003 1.36385 
-0.124351 0.315459 0.179043 
-0.225218 0.163717 0.0432104 
-0.0248102 0.297039 0.0706083 
-0.0388094 0.285488 0.0214747 
1.29699 -1.09391 0.234708 
-0.171641 0.075622 0.294694 
0.181265 -0.808892 0.553027 
-0.00683285 0.316239 0.154606 
-0.390969 -0.466121 0.603358 
0.541022 -0.383552 0.353581 
-0.230897 -0.218455 0.383868 
0.225239 -1.13725 0.415982 
-0.428117 0.170743 0.303839 
-0.315274 0.107828 0.0786567 
-0.327305 0.213754 0.286121 
0.113581 -0.664995 0.571032 
-0.160828 0.258575 0.0981602 
-0.302682 -0.141144 0.322117 
0.108082 0.0923399 0.314156 
-0.0189329 0.289608 0.0268352 
-0.0715364 0.122913 0.283404 
-0.151782 0.307928 0.171292 
-0.989849 -0.84061 0.537771 
0.0388019 -0.474196 0.565725 
2.40715 -2.16246 0.427255 
-0.161851 0.255694 0.0926778 

0.425725 0.43746 0.165005 
2.33827 -1.8212 2.48293 
2.8952 -2.14322 2.18488 
-1.04951 -2.29351 2.16171 
0.206821 -0.0383063 0.18337 
1.02757 -2.98837 5.56652 
-0.4886 -0.661842 0.0257762 
-1.27125 -2.4938 1.77948 
-1.18214 -0.738247 0.200985 
-1.40775 -2.27018 0.833321 
0.00808447 0.246987 0.269172 
0.160301 -0.0381054 0.22709 
-0.708415 -1.49044 1.83007 
0.317254 -3.40941 1.7233 
0.371225 -3.82688 1.92568 
-1.13146 -2.10622 1.49779 
-0.611344 -1.1208 1.48547 
0.360349 -4.97051 9.12219 
-1.06396 -0.250819 0.361117 
1.52277 -4.45025 8.07685 
0.0932147 -3.82464 2.08896 
-1.04017 -1.92804 1.29502 
-0.889781 -1.8727 1.62983 
-0.841308 0.360286 0.64636 
-0.911103 0.240979 0.325663 
-0.933075 -3.92092 2.61086 
0.315308 -3.51146 1.7837 
2.97177 -5.15191 9.06321 
-0.213445 -4.80375 8.21636 
-0.681074 -1.1131 0.398894 
-0.0983388 0.0530134 0.376264 
0.202993 -0.0383 0.183327 
-11.6648 -30.4351 32.9971 
1.54247 -6.05063 7.12798 
3.749 -2.8999 3.9999 
-1.05654 0.23785 0.312343 
-1.89683 -5.83857 6.4911 
-0.488545 0.430448 0.602797 
-0.857553 0.336524 0.570526 
2.8532 -4.95075 8.10362 
0.0286762 -0.0417265 0.414355 
-0.635849 -3.57617 2.28539 
-1.83874 -3.16868 1.09696 
-0.546034 -1.54215 1.89037 
4.6603 -4.79041 6.89988 
-0.768276 -1.64552 1.55302 
0.439354 -3.17628 1.54768 
0.0211423 0.227998 0.280581 
-0.591131 -1.06233 1.43009 
-0.0407821 0.050697 0.40071 
-0.974083 -3.6918 2.378 
0.130649 0.278433 0.100843 
0.476756 -0.43734 0.225148 
-0.818079 -0.315448 1.21953 
-0.000255022 0.0191018 0.402912 
-0.96892 -0.342277 0.711523 
-0.962559 0.260522 0.340378 
-0.72849 -1.27374 0.00093173 
-0.832087 -1.75018 1.57259 
3.20293 -11.9699 13.8733 
-0.60151 0.34025 0.413373 
