0.994075 0.0954829 0.05194 0.600687 -0.0906861 0.991987 -0.0879668 -0.327701 -0.0599232 0.0827354 0.994768 -0.273679 0 0 0 1
0.276266 -0.15553 -0.948413 -0.0053473 0.131758 0.983631 -0.122925 0.00250375 0.952007 -0.0910013 0.292235 -0.0212145 0 0 0 1
###
-1.03131 0.636632 0.338299 
1.92885 -7.87873 14.5401 
-2.09868 -3.28128 2.87981 
-4.23745 -6.95292 1.81687 
1.56854 -2.43564 0.91744 
1.91745 -7.3632 13.7648 
-1.12946 0.594818 0.260213 
-2.22633 -6.86748 4.66191 
-3.50805 -5.00428 1.65804 
-2.03952 0.691844 1.10461 
-1.77191 -6.9041 4.44902 
-0.62835 0.229376 0.448779 
-1.94094 0.0205739 0.444189 
-1.9729 -3.01445 2.72094 
1.33268 -2.11878 0.820819 
-1.9902 0.724311 1.18572 
-1.42703 0.737997 0.951129 
-0.604375 0.374262 0.441995 
-2.27845 -6.95081 4.79535 
0.0668597 -6.59983 3.40815 
-2.14647 0.724188 1.15406 
-2.93578 -3.91957 1.3736 

0.0847458 0.0644489 0.202159 
0.5119 -0.8798 -0.710206 
0.43346 -0.422046 0.147093 
-0.135497 -0.424396 0.532571 
0.248436 -0.278519 0.201613 
0.205524 -0.191185 0.0835642 
0.0539603 0.0196059 -0.0666236 
0.202329 -0.308121 0.0443564 
0.203492 -0.207253 0.166962 
0.100712 0.116453 0.0468094 
0.207902 -0.379935 0.035936 
0.0992885 0.0461969 0.12198 
0.119817 0.0224441 0.0760891 
0.198296 -0.178267 0.0180521 
-0.036062 0.114345 0.211173 
0.0981179 0.10776 0.0168695 
0.0634545 0.109295 0.00452644 
0.118714 -0.0498599 0.114539 
0.461049 -1.22727 -0.573709 
0.08475 -0.421741 0.00753632 
0.127999 0.101391 -0.132392 
0.29138 -2.60629 3.54702 
