0.756423 -0.157803 -0.634761 0.154421 0.1167 0.98745 -0.106415 -0.221593 0.643587 0.00641858 0.765346 0.136128 0 0 0 1
0.999884 -0.0151922 0.000510361 0.0107884 0.0151912 0.999883 0.00193349 0.00535428 -0.000539675 -0.00192552 0.999998 0.00137371 0 0 0 1
###
2.09474 -1.88534 0.352052 
0.0610633 0.0989775 0.208559 
-0.313976 -0.728057 0.778458 
-0.181447 0.207965 -0.000352141 
-0.327724 0.0399442 0.127861 
-0.170692 0.0814804 0.286204 
-0.143008 0.257651 0.2189 
-0.0647227 0.27336 -0.00265011 
-0.250268 0.0541796 0.313287 
-0.134595 0.242212 -0.028478 
1.4338 -1.78141 0.611844 
0.723448 -0.488555 0.360061 
0.16354 -0.206418 0.348174 
-0.245288 -0.181594 0.339998 
-0.240463 0.0829024 0.268888 
-0.137253 0.279733 0.144629 
-0.147766 0.244075 0.21369 
0.00299269 -0.250822 0.36845 
-0.248486 0.0728544 0.320023 
2.73009 -2.1281 0.952435 
0.181265 -0.808892 0.553027 
0.225239 -1.13725 0.415982 
1.74304 -1.73465 -0.263763 
-0.330849 0.0664938 0.12663 
-0.164276 0.160741 0.242212 
-0.0433287 -0.164792 0.309616 
0.541022 -0.383552 0.353581 
0.221452 -0.0944543 0.177356 
0.255338 -1.50813 0.20829 
-0.205229 0.31603 0.203498 
-0.174236 -0.1437 0.353005 
-0.390969 -0.466121 0.603358 
-0.0176505 0.299457 0.0738395 
0.806087 -0.649834 0.144139 
1.69183 -1.69688 -0.25609 
-0.0974741 0.260131 -0.0214198 
0.0533589 -0.490624 0.376973 
0.979813 -0.77516 0.624118 
-0.177566 0.261646 0.0302985 
-0.17378 -0.0606438 0.334405 
-0.017703 -0.307366 0.150887 
0.69088 -0.493631 0.420848 
-0.427837 -0.547523 0.694734 
-0.152636 0.219732 0.222764 
0.113581 -0.664995 0.571032 
-0.328409 0.183266 0.288639 
0.124253 -0.130423 0.299886 
0.181633 -0.752893 0.605212 

2.97154 -5.1517 9.06347 
1.89838 -1.50969 2.07164 
-1.28306 -2.51732 1.79461 
-1.01807 -1.94148 1.40103 
-0.489598 -0.663213 0.0258748 
-1.38303 -1.07901 0.586307 
-0.172621 -0.0362564 0.0499009 
0.0244829 0.0255272 0.347824 
1.52157 -2.5371 4.56621 
0.583132 -0.340382 0.0559632 
1.54703 -6.07242 7.15836 
0.359876 -4.96935 9.12075 
-0.611453 -1.12085 1.48553 
0.121821 -3.76619 6.60614 
-1.18021 -0.744447 0.211094 
-1.00967 0.142132 0.349433 
-0.601693 0.340404 0.413491 
-0.877111 -1.84308 1.60455 
0.239132 -0.0120374 0.420383 
1.28462 -3.71393 6.81955 
-0.637699 -3.58439 2.29055 
0.3152 -3.51623 1.78592 
6.46103 -6.5777 9.39569 
-0.682033 -1.11503 0.399292 
-1.06411 -0.250887 0.361247 
-0.97016 0.279028 0.419509 
-0.337091 -2.12802 3.37515 
2.65302 -1.94458 2.4121 
0.446788 -3.22562 1.57134 
-0.963881 0.260496 0.340916 
-1.03821 -1.35045 0.5742 
-0.547725 -1.54724 1.89707 
-0.491297 0.43367 0.605649 
2.84871 -4.94893 8.10849 
9.92631 -9.17933 5.60049 
-0.0285872 0.268279 0.179065 
-0.57311 -3.34265 2.07536 
-0.483135 -1.68016 2.29272 
-0.841035 0.360094 0.646105 
0.134279 0.0780089 0.20642 
0.0782213 -3.70929 2.03537 
4.6581 -4.78823 6.8996 
3.21026 -2.97784 4.53578 
-0.98578 -0.348747 0.726164 
-0.992082 -3.77464 2.43866 
-0.518283 0.389879 0.567382 
-0.591503 -1.06297 1.43099 
-1.59114 -6.47954 4.45581 
