0.992187 0.118677 0.0384907 0.596279 -0.114619 0.988905 -0.0945007 -0.238132 -0.0492787 0.0893505 0.99478 -0.269886 0 0 0 1
0.276144 -0.155494 -0.948455 -0.00534046 0.131751 0.983635 -0.122902 0.0025112 0.952043 -0.0910212 0.292112 -0.0212112 0 0 0 1
###
1.93115 -7.88294 14.5513 
-1.29462 0.709104 0.842131 
1.5332 -1.37757 0.718095 
2.68816 -13.0599 15.7576 
0.0915613 -10.7723 20.4417 
-1.74188 -0.65703 2.22045 
-2.23111 -6.88333 4.6738 
-1.76794 -6.88569 4.43702 
2.35755 -8.81784 16.5608 
-0.327162 0.262359 0.414449 
-0.714425 -10.9407 19.9676 
1.92009 -7.37039 13.7804 
-0.444121 0.447541 0.430503 
-2.18763 0.488989 0.512217 
-0.688093 0.174265 0.548298 
-1.16901 -0.171269 0.353849 
-2.0737 -0.468965 1.91994 
-0.164786 0.0265267 0.39438 
-2.64289 0.142487 0.58196 
3.15054 5.02085 0.100627 
-0.392673 0.0724991 0.571835 
-0.318673 0.307846 0.370969 
-3.8121 -7.29025 4.98379 
-1.57036 -1.87124 2.5253 
-1.76039 -0.668444 2.23752 
-1.94394 -0.409584 1.75207 

0.574021 -0.991437 -0.781165 
0.135733 -0.0771844 -0.000649227 
0.0606867 0.12916 0.260445 
0.261526 -0.60278 0.708432 
0.312946 -0.288329 -0.022846 
0.0721413 0.119109 0.0345619 
0.200572 -0.304898 0.0440594 
0.207853 -0.379759 0.035844 
0.543943 -0.945498 -0.755145 
0.240204 -0.366535 0.0587987 
-0.0221412 -1.56743 2.03054 
0.205413 -0.191055 0.0834592 
-0.0375793 0.11458 0.212263 
-0.0367834 0.11018 0.205083 
0.0863926 0.0532292 0.206354 
0.121159 -0.0162359 0.149346 
0.122484 0.0274722 0.0128039 
0.117286 -0.0678165 0.116637 
0.088625 0.114592 0.0818665 
0.0346617 -1.07443 -0.445122 
0.116519 -0.00351185 0.0949181 
0.133153 -0.021253 -0.00409859 
0.252779 -0.260097 0.0905941 
0.138058 -0.0997357 0.00114604 
0.132453 0.00456249 -0.00942529 
0.124254 0.0175124 0.00159856 
