0.993327 0.109379 0.0365664 0.0748029 -0.106137 0.991032 -0.0811838 -0.121629 -0.0451182 0.076761 0.996028 -0.17235 0 0 0 1
0.998003 -0.0606803 -0.0175463 0.0264011 0.0600338 0.997573 -0.0352821 -0.00515245 0.0196447 0.0341583 0.999223 -0.018436 0 0 0 1
###
-0.611224 -0.940146 0.374935 
0.970902 -0.691167 0.376372 
0.482323 -1.58014 3.05581 
-2.00039 -3.74101 0.947871 
0.00806616 0.246721 0.268787 
0.0760373 0.138966 0.266414 
-0.383899 -0.638364 0.684864 
0.317028 -3.41506 1.7262 
-0.0959638 0.045614 0.37876 
-0.951985 0.30201 0.474792 
-0.637699 -3.58439 2.29055 
1.15175 -3.56695 6.42772 
-0.946601 0.259925 0.334488 
-0.841035 0.360094 0.646105 
-0.0935178 0.0449071 0.371122 
-1.33223 -0.525495 0.943728 
-0.858705 -0.239123 0.903379 
1.28462 -3.71393 6.81955 
-0.0650964 0.193748 0.274294 
0.143741 0.0308376 0.294219 
0.0773694 0.0585388 0.343325 
-0.98578 -0.348747 0.726164 
-0.969255 -3.13562 2.1897 
-0.57311 -3.34265 2.07536 
1.74016 -2.01843 0.672097 
-0.942003 0.298486 0.466997 
-0.376228 -0.568906 0.20041 
-0.663995 -0.359129 1.24315 
-0.677817 -0.376191 1.24223 
-0.815188 -0.278972 1.10727 
-0.910576 -0.254827 0.885436 
-0.810452 0.376205 0.691788 
1.48243 2.0408 0.117752 
0.151811 0.0644046 0.240848 
-0.622852 -0.287045 0.30026 
0.265706 0.660706 0.16248 

-1.35891 -1.38464 0.22098 
0.85344 -1.24386 0.105061 
0.313958 -0.280307 0.151031 
-2.64981 -2.63676 0.691322 
0.247149 -0.556934 0.742761 
0.159139 -0.811646 0.685652 
0.140989 -0.535629 0.702769 
0.013339 -0.329276 0.17336 
-0.167303 -0.122679 0.340874 
0.263865 0.221954 0.0361112 
0.132429 -0.722678 0.477453 
-2.34604 -2.59118 2.37185 
0.180125 0.35122 0.187016 
0.057773 0.340795 0.211425 
-0.167553 -0.0693071 0.32432 
-0.0820605 0.107791 0.278103 
0.0479989 0.179031 0.347691 
3.84212 -3.02003 1.36385 
0.450594 0.373422 0.125557 
0.393107 0.378774 0.163794 
-0.0779236 0.29928 0.10872 
-0.0838548 0.111944 0.286555 
0.126673 -0.588602 0.542725 
0.133955 -0.716029 0.484387 
-0.250268 0.0541795 0.313287 
-0.81891 0.384345 0.410566 
-2.56489 -3.22886 0.193873 
0.119802 0.0755116 0.259255 
0.114978 0.0717284 0.260168 
0.0696746 0.101008 0.240896 
-0.0515012 0.133137 0.27632 
-0.00423062 0.316053 0.172523 
0.181696 -0.227895 0.290847 
-0.165435 0.122508 0.265899 
-0.1808 -0.0138889 0.33578 
1.40049 -2.55308 0.0019048 
