0.994706 0.0943508 0.0407287 0.0759079 -0.0916478 0.993746 -0.0637914 -0.161733 -0.0464927 0.059721 0.997132 -0.170316 0 0 0 1
0.998003 -0.0606803 -0.0175463 0.0264011 0.0600338 0.997573 -0.0352821 -0.00515245 0.0196447 0.0341583 0.999223 -0.018436 0 0 0 1
###
-1.95169 -3.64386 0.922832 
-0.771495 -1.27408 0.443193 
-0.889122 -1.85769 1.44891 
-0.336576 -2.13658 3.39998 
1.1156 -1.31389 0.496978 
0.0747622 0.137942 0.264369 
-1.6615 -3.84088 2.73226 
0.337582 -4.76499 8.73873 
0.319479 -3.44276 1.73892 
0.027508 -0.107558 0.402906 
-0.677967 -0.376628 1.24136 
-1.10192 -0.152664 0.35462 
-0.465796 -1.5876 2.17733 
-1.73342 -2.97449 1.02404 
-0.928391 -0.272018 0.814004 
-0.981287 -0.0508714 0.327192 
-0.969064 -3.13566 2.18858 
-1.53242 -2.58525 0.894862 
0.316173 -3.53112 1.79248 
-0.81269 0.377236 0.693541 
-0.872334 -0.245158 0.922563 
-0.973935 -0.139922 0.333993 
-1.09378 -1.25087 0.563189 
-0.820125 0.382067 0.699035 
-1.77394 0.207913 0.54047 
1.1314 -1.31108 0.497798 

-1.39857 -1.39906 0.276479 
-1.04772 -1.03822 0.161158 
0.0962608 -0.640651 0.878312 
0.38429 -0.377013 0.414522 
-0.266286 -0.728784 0.823701 
0.159139 -0.811646 0.685652 
0.0803293 -0.576726 0.75495 
-4.92924 -4.9076 3.83005 
0.013339 -0.329276 0.17336 
-4.65093 -4.8906 2.78142 
0.113452 0.0737879 0.253141 
-0.150615 0.214843 0.220633 
0.0653675 -0.471677 0.66003 
-0.232301 -0.768212 1.04217 
-0.103632 0.0917395 0.295458 
-0.162764 0.187395 0.251087 
0.126673 -0.588602 0.542725 
-0.210959 -0.663271 0.910223 
0.135141 -0.840888 0.248645 
-0.626612 0.323992 0.334579 
-0.0390235 0.1364 0.271162 
0.00207868 -0.000270007 0.0113456 
-0.165057 -0.086243 0.327344 
-0.235747 -0.0289506 0.336014 
-0.150244 0.250684 0.220452 
0.00382218 -0.000771091 0.00954202 
