-0.370929 -0.228697 -0.900061 0.0705085 0.134524 0.945748 -0.295744 -0.075708 0.918866 -0.23078 -0.32004 0.0430386 0 0 0 1
0.999566 -0.0100052 -0.0276938 0.0261904 0.01024 0.999913 0.0083482 -0.00234635 0.0276079 -0.00862816 0.999582 0.00144608 0 0 0 1
###
0.0101865 0.0879305 0.0103076 
0.0251493 0.0530869 0.0254707 
0.547613 -0.94106 -0.741971 
0.104379 0.013109 0.136695 
0.0118275 0.0462365 0.120921 
0.240009 -0.463411 0.0319167 
0.241911 -0.343506 0.264951 
0.0408143 -0.756811 -0.624756 
0.329102 -0.802443 -0.669863 
0.0868131 0.0435697 0.207435 
0.234901 -0.381712 0.0410006 
0.0524968 0.10645 0.00425394 
0.004226 0.0891249 0.0584765 
0.0125992 0.0858661 0.00171925 
0.541959 -1.42498 -0.705307 
0.203899 -0.218143 -0.108896 
0.0617789 -0.202066 0.0313485 
0.01245 0.0522072 0.114329 
0.0109924 0.0467972 0.12029 
0.0853932 0.066506 0.193856 
0.0394229 -0.0906177 0.0383286 
0.0993851 0.0228348 0.126883 
0.0860102 -0.0512271 0.121486 
0.338066 -0.428642 -0.296447 
0.53231 -0.925009 -0.737908 
0.15759 -0.189698 0.236015 
0.566288 -1.44365 -0.709972 
0.0929742 0.0791102 0.0795425 
0.216286 -0.285271 0.228484 
0.0078519 0.0777952 0.0700985 
0.314515 -0.875806 -0.695913 
0.223684 -0.522178 -0.446624 
0.0881855 0.119361 0.113233 
0.179455 0.146184 0.176637 
0.0896236 0.116154 0.0737467 
0.0185517 0.100045 0.0200078 
0.0928802 0.104914 0.062864 
0.0111174 0.051748 0.115675 
0.0144236 0.0434555 0.124781 
0.0787598 0.118719 0.111865 
0.104092 0.013838 0.13325 
0.00392528 0.0868345 0.0537213 
0.132853 -0.0752703 1.59375e-05 
0.0226542 0.0460344 0.101233 
0.0932355 0.0615155 0.0857962 
0.0409084 0.0193553 0.11484 
0.182981 -0.478645 0.0174722 
0.121639 -0.1207 0.200004 
0.170263 -0.232875 0.3251 
0.0695423 0.0882931 0.0713393 
0.193602 -0.384958 0.0435634 
0.0554864 0.109892 0.0719747 
0.1182 0.0227612 0.0732928 
0.0289269 -0.763132 -0.627629 
0.128178 -0.0225422 0.120521 
0.0238245 0.0564612 0.0251086 
0.150245 -0.1261 0.00133222 
0.246685 -0.648061 -0.518302 
-0.00826896 -0.489667 0.00823069 
0.284155 -0.694724 -0.595752 
0.270266 -0.438029 0.529712 

-0.622178 0.165005 0.57875 
0.0369704 -0.389693 0.724845 
1.92885 -7.87873 14.5401 
-0.0784576 -0.0672777 0.278678 
-0.0891188 0.335532 0.231291 
-1.77191 -6.9041 4.44902 
7.85818 -8.61292 12.8717 
18.8015 -17.9276 11.5189 
4.66885 -9.79574 17.6085 
-0.424838 -0.1801 0.66078 
-2.22633 -6.86748 4.66191 
-2.22023 0.574081 0.766393 
-1.63169 -1.99871 2.62282 
-0.619138 0.166263 0.576386 
2.60666 -12.2071 14.6643 
-5.76631 -9.35419 7.5241 
0.0931191 -6.61843 3.39785 
-0.396417 -0.511883 0.0443617 
-7.98383 -9.2276 0.619869 
3.43634 1.2651 0.43398 
0.54363 -5.91322 2.77658 
-2.67373 -1.36433 0.301289 
-2.62903 -4.34442 4.2782 
-0.531942 -5.64854 10.4091 
1.91745 -7.3632 13.7648 
-0.649479 -1.2311 1.66923 
2.68859 -13.0598 15.7581 
-2.38868 -0.224559 0.540443 
-2.21771 -3.24511 2.34833 
-6.72213 -18.3518 20.9223 
3.99449 -7.93675 13.3517 
3.58791 -3.1073 4.46813 
0.279078 -0.357653 -0.0132551 
-2.05059 0.635468 0.938461 
3.64572 1.38432 0.681703 
-2.01698 0.68531 1.07773 
-0.0120663 0.238877 0.571484 
0.319936 0.804118 0.233805 
-5.30822 -8.86209 0.833012 
-2.03952 0.691844 1.10461 
-0.0812094 -0.067292 0.272948 
-2.95526 -3.97421 1.51437 
-1.49919 -1.41679 2.1665 
-0.486773 -3.51381 6.17635 
-0.325474 0.11809 0.563308 
-0.626801 -3.05389 5.48048 
0.84208 -5.70092 2.50127 
-1.44041 -2.92028 3.94821 
-0.707758 -1.3608 1.82925 
-2.1699 -0.195167 0.47664 
-1.81438 -7.27171 4.51352 
-2.23159 0.495551 0.519941 
-2.27738 -0.604783 1.2405 
17.8529 -17.0176 10.8605 
3.27084 -1.35247 0.736862 
4.40459 -8.5485 14.4583 
-2.11711 -3.43848 3.27266 
2.95833 -13.7484 15.8702 
0.913652 -6.17271 2.38437 
2.35398 -8.80664 16.5403 
6.82735 -7.50904 11.17 
