0.995127 0.0896451 0.0410548 0.600154 -0.0893174 0.995955 -0.00975303 -0.383166 -0.0417631 0.00603859 0.999109 -0.243018 0 0 0 1
0.276396 -0.155549 -0.948372 -0.00533259 0.131847 0.983621 -0.122905 0.00248529 0.951957 -0.0910698 0.292378 -0.0210937 0 0 0 1
###
-0.525223 -5.32181 9.80148 
-2.20971 -6.98143 4.67858 
-0.585154 0.422162 0.414084 
-2.55098 -7.38452 4.52761 
-1.76952 -6.89988 4.4465 
-2.03877 0.631453 0.932158 
-2.07474 -0.133057 0.472989 
-1.75751 -7.22881 4.49877 
-3.26222 -9.23863 6.06756 
-2.31844 -5.72644 4.02382 
-3.52178 -5.03797 1.6336 
-2.20925 0.571368 0.762106 
-0.582289 0.36641 0.43418 
1.58475 -2.39614 0.914987 
-2.07105 0.648719 0.96505 
-0.535692 0.37708 0.419073 
-3.81726 -5.57416 1.78369 
-1.96326 -3.00007 2.7084 
0.563552 -7.39053 3.18187 
-2.09262 0.657614 0.978897 
-0.284377 0.752571 0.241066 
-2.51901 -4.09611 0.179152 

0.099124 -0.142987 0.191203 
0.198378 -0.26795 0.0535541 
0.0914326 0.113682 0.0450692 
0.252371 -0.409731 0.0744946 
0.20683 -0.378133 0.0358192 
0.34293 -0.361098 0.265532 
0.105532 0.0279305 0.0984663 
0.180909 -0.377343 0.0451445 
0.202686 -0.268592 0.0488471 
0.217004 -0.298266 0.0494916 
-0.32526 -0.47715 0.404094 
0.0951127 0.114055 0.0469831 
0.104692 0.0125432 0.132992 
0.101806 0.112325 0.0140845 
-0.0365505 0.109461 0.203747 
0.0461421 -0.0833291 -0.0888829 
0.271346 -0.280357 0.212993 
0.270158 -0.263135 0.029071 
0.170299 -0.453659 0.0410488 
0.119553 0.100256 -0.157893 
0.0434495 0.0444365 -0.0456645 
0.0353303 -1.09211 -0.452301 
