0.754438 -0.208031 -0.622533 0.165154 0.200465 0.976156 -0.0832606 -0.201861 0.62501 -0.061981 0.778152 0.148432 0 0 0 1
0.999933 -0.0115544 0.000561241 0.0075593 0.0115543 0.999933 0.000155247 0.00330467 -0.000562997 -0.000148752 1 0.000957808 0 0 0 1
###
0.00746619 0.0850334 0.0337673 
-0.29996 0.110099 0.0714329 
-0.267637 0.140201 0.0583477 
-0.0403463 0.285536 0.0296073 
-0.0191927 0.292304 0.0532763 
0.156038 -0.903351 0.573582 
2.09474 -1.88534 0.352052 
0.0859822 -0.777011 0.614963 
-0.266286 -0.728784 0.823701 
0.255611 -1.0063 0.760464 
-0.167755 0.225518 -0.035568 
-0.250268 0.0541796 0.313287 
-0.259681 0.321508 0.223011 
2.08751 -2.07389 -0.288853 
-0.458377 0.154076 0.347182 
0.437615 -1.82416 0.634492 
-0.154827 0.239096 -0.0295741 
-0.254362 0.0832741 0.115726 
0.723448 -0.488555 0.360061 
0.147781 -0.83983 0.74718 
-0.234594 0.169961 0.0461356 
0.221452 -0.0944543 0.177356 
-0.0143513 0.3 0.0746651 
-0.0804751 0.224873 -0.0751137 
1.07737 -1.30848 0.500767 
-0.173718 0.157648 0.153252 
-0.100137 0.0955472 0.295039 
-0.12767 0.153102 0.171504 
-0.116262 0.257629 -0.0242913 
-0.198234 0.263267 0.0411415 
1.74304 -1.73465 -0.263763 
-0.147766 0.244075 0.21369 
-0.0989701 0.099771 0.297207 
-0.0675173 0.26316 -0.00783381 
-0.100645 0.244598 -0.021047 
0.225239 -1.13725 0.415982 
1.89335 -2.4557 0.845822 
-0.111083 0.0913973 0.283667 
0.181265 -0.808892 0.553027 
-0.121724 0.292674 0.184893 
-0.0823658 0.302219 0.117171 
-0.390969 -0.466121 0.603358 
-0.166864 -0.214635 0.379399 
-0.302682 -0.141144 0.322117 
-1.78999 -1.83229 1.11542 
0.113581 -0.664995 0.571032 
-0.174502 0.278464 0.0824494 
0.0678544 -0.324479 0.433005 
1.29699 -1.09391 0.234708 
-0.0904001 0.24862 -0.018098 
-0.142773 0.261042 0.183007 
0.738985 -0.51429 0.404536 
-0.0350722 0.089739 0.0784768 
-0.305452 0.113447 0.075453 
1.20198 -0.93651 0.217489 
-0.218358 -0.164995 0.333509 

1.30674 -4.04999 7.26788 
-4.09104 -6.29829 0.203891 
-0.771495 -1.27408 0.443193 
-0.951304 0.301662 0.474177 
-0.946122 0.298616 0.468877 
-0.798941 -4.58192 2.90087 
2.88595 -4.90983 7.98069 
-1.54232 -5.99119 3.71801 
-1.01792 -1.94151 1.40029 
-0.866298 -3.60798 2.41743 
3.53567 -2.22987 1.30749 
-1.18318 -0.739191 0.201372 
-0.0562395 0.0348805 0.378045 
4.61799 -4.74832 6.84216 
3.58934 -3.31528 5.15294 
0.319479 -3.44276 1.73892 
-0.000918327 0.0207509 0.400078 
-1.04015 -1.92792 1.29439 
0.337582 -4.76499 8.73873 
-0.991441 -3.11051 2.16993 
-11.6721 -30.4498 33.0058 
0.530644 -7.8993 14.4654 
-0.48669 0.427273 0.597307 
0.0165302 0.24671 0.279653 
1.75142 -6.86073 8.07542 
-1.21123 -0.853426 0.501629 
0.0202053 -0.0655453 0.373516 
-1.03354 -0.44137 0.672124 
0.564575 -1.23903 0.17989 
-0.963221 0.260153 0.340445 
6.29637 -6.41177 9.16041 
-1.06353 -0.250877 0.360825 
-0.994729 -0.389585 0.680196 
-0.871133 0.367399 0.662235 
-0.0982181 0.0392098 0.397055 
0.316173 -3.53112 1.79248 
2.73718 -10.3134 11.5601 
-0.983785 -0.348281 0.724258 
-0.642547 -3.71939 2.37461 
0.186431 0.0639944 0.154735 
-0.800882 0.366425 0.67387 
-0.614382 -1.12703 1.49281 
-0.549854 -1.55449 1.90517 
-0.465796 -1.5876 2.17733 
-0.350948 -0.6575 -0.00346418 
-1.04245 -3.98718 2.57133 
-0.857953 0.332526 0.561664 
-0.769871 -1.64943 1.55652 
2.87454 -4.99556 8.18261 
-0.0989661 0.0534924 0.380421 
-0.172427 -0.0362174 0.0497979 
-1.06081 -1.96804 1.36156 
-0.0854243 -0.175594 0.165316 
0.0625678 -0.0676369 0.344187 
1.51957 -2.53626 4.56244 
-2.08454 -3.47546 1.2078 
