0.995331 0.0927019 0.0268724 0.0767454 -0.0932964 0.9954 0.0217824 -0.186966 -0.0247296 -0.0241878 0.999402 -0.157215 0 0 0 1
0.998003 -0.0606803 -0.0175463 0.0264011 0.0600338 0.997573 -0.0352821 -0.00515245 0.0196447 0.0341583 0.999223 -0.018436 0 0 0 1
###
-0.846204 0.362058 0.65392 
-0.0114892 0.178431 0.282388 
-1.23779 -4.66167 2.81875 
-0.945355 -3.97827 2.64566 
-0.353464 0.312409 0.189419 
-1.8262 -3.40488 0.889814 
-0.844616 0.360687 0.651524 
-0.874712 -3.64148 2.44078 
-1.92347 -3.61162 0.956301 
-0.0759398 0.242245 0.238603 
-0.0831568 -0.0703579 0.560385 
1.12383 -1.31295 0.496648 
-0.0951621 0.0807407 0.313642 
-1.00954 -0.339385 0.355803 
-0.94043 -0.279472 0.822902 
-0.967533 -3.12999 2.18431 
-0.855331 0.335377 0.568472 
0.0404174 0.0747457 0.340767 
-0.792374 0.0142022 0.295976 
-1.03754 -0.612404 0.408199 
0.479745 -3.45058 1.68991 
-0.974628 0.362448 0.631455 
-0.0941585 0.0688049 0.336234 
-0.873764 0.0840794 0.313228 
-0.895149 -0.258613 0.80019 
-1.04526 -1.64701 0.619117 
1.01979 -1.30651 0.350348 

0.253456 -0.509062 0.68932 
-2.46673 -2.52913 0.362377 
0.108757 -0.665164 0.592617 
0.259311 -0.989397 0.757353 
0.128029 0.153799 0.00519087 
-2.15606 -2.20801 1.33106 
-0.205828 -0.443272 0.597731 
0.181633 -0.752893 0.605212 
-1.78999 -1.83229 1.11542 
-0.488927 -0.159002 0.395659 
-0.324642 -0.326641 0.379567 
-0.114892 0.324793 0.195168 
-0.522156 0.206855 0.380433 
-0.148513 0.0117045 0.325731 
-0.0595372 0.12664 0.273729 
0.126673 -0.588602 0.542725 
-0.0469273 0.330901 0.183713 
-0.00294238 0.28726 0.0528835 
-0.170769 0.0200792 0.302796 
-0.172305 -0.0855375 0.337742 
0.225239 -1.13725 0.415982 
-0.0602953 0.317262 0.180208 
-0.492105 0.179824 0.349519 
-0.150244 0.250684 0.220452 
-0.0100305 0.142452 0.268611 
-0.156739 -0.290147 0.441124 
1.80301 -1.44419 0.317245 
