0.999181 0.0299623 0.0272122 0.0892036 -0.0330607 0.992022 0.12165 -0.203769 -0.0233501 -0.12245 0.9922 -0.139101 0 0 0 1
0.998003 -0.0606803 -0.0175463 0.0264011 0.0600338 0.997573 -0.0352821 -0.00515244 0.0196447 0.0341583 0.999223 -0.018436 0 0 0 1
###
-0.307894 0.339473 0.229322 
-0.630203 -1.2101 1.07755 
-1.88565 -3.53849 0.938908 
-1.79168 -3.16522 4.06894 
-0.0660508 0.222036 0.263678 
0.0213227 -0.0925021 0.424389 
-0.911666 -3.81254 2.55429 
0.146718 0.0620133 0.234173 
-0.0791189 0.0918557 0.343824 
-1.28604 -2.05582 0.750857 
-1.72862 -3.99255 2.8391 
-1.17446 -0.734432 0.201099 
-1.08256 -1.39638 0.596054 
0.945701 -1.25526 0.757532 
0.328188 -3.5268 1.78132 
-0.0855842 0.113793 0.293849 
-1.5504 -2.61576 0.90472 
-0.657684 -3.71436 2.37165 
-1.17144 -0.738534 0.209313 
-0.0873092 -0.103549 0.619248 
-0.514318 0.387165 0.563348 
-0.0849529 0.112652 0.297371 
-1.60123 -0.692753 0.16643 
-0.98901 -0.35027 0.729386 
-3.85703 -0.380313 0.870162 
-0.978226 -3.1683 2.21162 
-0.94693 0.298893 0.464564 
-0.0249693 0.225997 0.262519 
-0.819016 -1.72155 1.54416 
-1.21012 -0.729352 0.148253 
-0.0389079 0.205192 0.262971 
-4.30736 -7.51877 -0.831484 
-1.01288 0.14285 0.349145 
-0.849534 0.333185 0.564816 
-0.743446 -1.54478 1.41681 
1.12236 -1.30029 0.493902 
2.13771 -1.51325 0.299651 
-0.928019 0.354457 0.636139 

-0.167101 0.305763 0.18772 
0.181696 -0.227895 0.290847 
-0.165079 -0.507986 0.658251 
0.352313 -0.271721 0.207726 
-0.00294238 0.28726 0.0528835 
-1.59486 -1.88073 1.69635 
0.255611 -1.0063 0.760464 
0.259311 -0.989397 0.757353 
-2.46673 -2.52913 0.362377 
-0.210959 -0.663271 0.910223 
0.0653675 -0.471677 0.66003 
-0.122279 0.305243 0.178546 
0.124167 -0.190587 0.303815 
2.40715 -2.16246 0.427255 
0.013339 -0.329276 0.17336 
-1.04772 -1.03822 0.161158 
-0.156739 -0.290147 0.441124 
0.143192 -0.664515 0.460231 
-0.0561188 0.325114 0.186002 
-0.522156 0.206855 0.380433 
-0.153721 0.318221 0.196772 
-0.250268 0.0541796 0.313287 
-0.0631165 0.30096 0.0896445 
-0.0838548 0.111944 0.286555 
-0.1701 0.0938868 0.282151 
0.126673 -0.588602 0.542725 
-0.0861178 0.328137 0.189884 
0.307704 -0.411333 0.0979879 
0.226237 -0.364195 0.48351 
-0.214847 0.3122 0.208659 
0.000145114 0.326805 0.177013 
-0.400564 -0.327353 0.0420973 
-0.150244 0.250684 0.220452 
0.360602 -0.237824 0.0402875 
0.247149 -0.556934 0.742761 
-0.0469273 0.330901 0.183713 
-0.458829 0.329614 0.221385 
-0.012533 0.32283 0.183613 
