0.998955 0.0278293 0.0362541 0.625116 -0.0307964 0.995987 0.0840342 -0.403499 -0.03377 -0.0850629 0.995803 -0.210415 0 0 0 1
0.276473 -0.155558 -0.948348 -0.00538321 0.13189 0.983617 -0.122894 0.00250588 0.951928 -0.0911006 0.29246 -0.0212056 0 0 0 1
###
-1.02541 0.633021 0.33686 
-1.27887 0.730329 0.915065 
-1.02786 0.633096 0.336182 
-1.67679 -1.59348 2.4387 
-4.15308 -6.79834 1.76928 
-2.69081 -0.691385 0.633559 
-3.41969 -4.89996 1.59533 
1.28574 -2.32752 1.40198 
-1.40626 -0.984157 1.81453 
-1.85684 -0.00243158 0.436502 
-2.32874 -5.75731 4.0448 
-0.577534 0.132454 0.536222 
-0.538226 0.383968 0.414583 
-3.49772 -4.99776 1.62127 
-2.63635 -1.35723 0.308161 
-2.40685 -2.39697 0.973025 
1.57832 -2.38767 0.911445 
-1.83514 -1.05305 2.46925 
-3.69597 -5.35742 1.71528 
-1.95419 -2.97881 2.68871 
0.0677096 -6.56131 3.38898 
-0.620326 0.206743 0.496534 
-2.22763 -0.482078 1.55625 
-1.82603 -7.31413 4.53926 
16.6675 -15.9096 10.1476 
-3.57796 -5.04187 0.571836 

-0.325352 -0.477286 0.404202 
-0.0785377 -0.491872 0.63189 
0.0958129 0.113261 0.03807 
0.334602 -0.526135 0.523238 
-0.315371 -0.473063 0.336915 
0.133787 -0.0375046 -0.0013687 
0.272479 -0.281571 0.213903 
0.408246 -1.15885 -0.904798 
0.143077 -0.104235 -0.000298572 
0.0967778 0.0678659 0.0852388 
0.219264 -0.301166 0.0498979 
0.13879 0.103258 -0.120663 
0.0968015 0.11415 0.0350368 
0.236707 -0.247553 0.198039 
0.138986 0.103436 -0.120961 
0.118424 -0.0402511 0.11198 
0.0858677 0.0668679 0.194919 
0.0513337 0.0802944 0.00363063 
0.292687 -2.61658 3.56045 
0.271404 -0.26441 0.0292067 
0.0848758 -0.424463 0.00748027 
0.104677 0.0139257 0.133979 
0.120036 0.0358452 0.052426 
0.18975 -0.372658 0.0439455 
-0.238896 -0.408452 0.296861 
0.147449 -1.51944 1.91518 
