-0.838546 -0.102939 -0.535017 0.0317792 0.0295796 0.971939 -0.233365 -0.0827013 0.544027 -0.211513 -0.811971 0.0606748 0 0 0 1
0.999565 -0.0177064 -0.0236054 0.0695885 0.017836 0.999827 0.0052921 -0.00657091 0.0235076 -0.00571082 0.999707 0.00895628 0 0 0 1
###
0.20696 -0.326181 0.0440728 
0.0128442 0.0864725 0.00216016 
0.543168 -0.932148 -0.73478 
0.458791 -1.36019 -1.07074 
0.100886 0.115615 0.0463444 
0.328254 -0.798575 -0.667005 
0.0124605 0.0866947 0.00272989 
0.170729 -0.132224 -0.0152574 
0.234148 -0.448171 0.0330372 
0.222697 -0.356796 0.0419494 
0.0646606 -0.10461 -0.102368 
0.041216 -0.100576 0.0372542 
0.0922773 0.091419 0.0738008 
0.0361223 0.10644 0.0277207 
0.0823118 0.100974 0.0664338 
0.528094 -0.916531 -0.731041 
0.299316 -0.822124 -0.654799 
0.129952 -0.0732806 0.00317425 
0.0980255 0.0908806 0.0746996 
-0.0439959 -0.0641171 -0.00509444 
0.23204 -0.2419 -0.114968 
0.0848758 -0.424463 0.00748027 
0.10479 0.116766 0.0505353 
0.0994977 0.112138 0.0152682 
0.617547 -1.56866 -0.779348 
-0.0465686 -0.077024 -0.00986471 
0.0279459 -0.357504 0.00787299 
0.100623 -0.345852 0.0195372 
0.0938144 0.0771385 0.0809487 
0.131875 0.00450209 -0.00941169 
0.0278855 -0.357509 0.00751361 
0.515041 -0.885235 -0.714855 
0.158471 -0.167202 0.169913 
0.209221 -0.208583 -0.0791542 
0.165599 -0.155863 0.0702546 
0.0151932 -0.015236 0.039468 
0.0880475 0.0689441 0.083141 
0.0153129 0.0846819 -0.00450462 
0.101394 0.113002 0.0223131 
-0.0491474 -0.0872043 -0.013092 
0.0664143 -0.345117 0.0301556 
0.0989441 0.0532245 0.0903888 
-0.00371116 0.0732355 0.00644777 
0.0195788 0.0954574 0.0102328 

-2.16934 -6.80255 4.59778 
3.55393 1.30716 0.451418 
1.87129 -7.69725 14.2024 
4.62173 -9.76163 17.5215 
3.12479 1.35572 0.855663 
3.96279 -3.19815 4.19932 
-0.616311 0.165511 0.573787 
-0.621623 -3.01901 5.41848 
-1.77902 -6.95244 4.48199 
-2.22226 -6.85309 4.6535 
4.35098 -8.44689 14.2862 
0.093786 -6.59419 3.38594 
-2.37692 -0.223482 0.537757 
-0.146815 0.00550381 0.25558 
-2.21099 -0.111175 0.494732 
-2.29046 -3.26219 2.23705 
3.95332 -7.85596 13.2159 
-1.62627 -1.99645 2.62225 
-2.26692 -0.602053 1.23495 
-0.367694 0.373184 0.339704 
-2.10639 -3.42108 3.25646 
0.562083 -6.29082 2.99296 
0.0657958 0.349388 0.603786 
-2.03713 0.630606 0.930751 
2.92561 -14.1448 17.0768 
0.399847 -0.950646 0.503857 
0.331835 -6.25124 3.11516 
0.0677096 -6.56131 3.38898 
-0.0240965 -0.00750887 0.707176 
-1.75276 -0.665558 2.2276 
0.692857 -6.08392 2.78987 
2.17472 -8.22253 15.4421 
-3.20068 -4.30278 1.64528 
6.74814 -7.42385 11.0428 
-3.67983 -5.33084 3.56535 
1.03588 -6.0593 2.56771 
-2.15924 -0.194282 0.474394 
-0.398653 -0.186057 0.669679 
-2.20895 0.57103 0.760946 
1.21721 -2.51573 1.31842 
0.909721 -6.14363 2.37836 
0.477136 0.844089 0.352671 
0.307123 0.69747 0.487195 
-2.65775 -1.3558 0.298347 
