0.998631 0.0410814 0.0323749 0.0879147 -0.0467417 0.978704 0.199884 -0.174751 -0.023474 -0.201124 0.979284 -0.12917 0 0 0 1
0.993939 0.0177813 -0.108482 0.185508 -0.0254638 0.997233 -0.069849 -0.258963 0.106939 0.072188 0.991642 0.0241802 0 0 0 1
###
3.14944 -11.765 13.6438 
1.32722 -4.10159 7.36297 
-0.301421 -0.981692 1.52964 
-0.313614 0.345835 0.233014 
-0.949174 0.301177 0.473026 
-1.03863 -1.34936 0.574384 
1.10957 -1.30647 0.494007 
-0.893177 -3.72836 2.4982 
-0.0860984 0.114529 0.295242 
-0.0750162 0.197372 0.280482 
-1.39035 -5.92985 6.725 
-1.1788 -0.736856 0.201397 
-0.758699 -1.62506 1.53398 
-0.747036 -1.58307 1.94353 
8.7859 -8.1628 5.03426 
-0.832752 0.357618 0.637021 
-0.0839019 0.105544 0.313389 
0.152924 0.0261768 0.299721 
-1.17715 -0.742123 0.210326 
0.0770554 0.0582718 0.3417 
-0.827622 -1.74091 1.56359 
-0.617289 -1.30721 1.29146 
-0.868937 -0.243693 0.91743 
0.951613 -1.26338 0.762133 
0.148452 0.0293614 0.296497 
-1.54073 -3.31879 2.31179 
-1.09035 -0.720901 0.438608 
2.69899 -10.1843 11.4071 
-0.950591 0.300084 0.466141 
-0.0853723 0.114083 0.295534 
-0.836008 -0.596992 0.00926827 
-0.744801 -1.54914 1.42124 
-0.631804 -3.72849 2.30417 
9.63204 -8.91414 5.43106 
1.11846 -3.24196 5.95933 

-0.957515 -0.656191 0.262518 
0.62942 -0.385454 0.285907 
0.453544 -0.295588 0.310555 
-0.3936 -0.0908865 0.298828 
-0.0766344 0.319656 0.195031 
-0.160719 -0.12119 0.3435 
0.00226415 -0.186853 0.325438 
0.155934 -0.76254 0.625331 
-0.225087 0.158621 0.240911 
-0.078351 0.323866 0.192207 
0.431808 -0.317551 0.335032 
-0.23562 0.0734904 0.275817 
-0.244234 -0.749743 0.873411 
-0.182035 -0.143476 0.365516 
1.76781 -1.76937 -0.266628 
-0.062283 0.308135 0.133497 
-0.240992 0.104252 0.293173 
-0.0715364 0.122913 0.283404 
-0.240463 0.0829024 0.268888 
-0.151444 0.228246 0.208648 
-0.313976 -0.728057 0.778458 
-0.232165 -0.186565 0.35656 
0.00815875 0.142556 0.256898 
0.806087 -0.649834 0.144139 
-0.754528 -0.330244 0.136413 
0.664309 -0.544446 0.452738 
-0.16754 0.0929974 0.276856 
1.83867 -2.38668 0.817825 
-0.0916477 0.318151 0.18056 
-0.231737 0.140339 0.277547 
-0.16571 0.317161 0.224667 
0.046259 -0.371641 0.456882 
0.192491 -0.948289 0.626079 
0.181633 -0.752893 0.605212 
-0.235915 0.135485 0.283403 
