0.997746 0.050441 0.0442664 0.616056 -0.057181 0.984247 0.167299 -0.351837 -0.0351304 -0.169453 0.984912 -0.188858 0 0 0 1
0.276395 -0.155581 -0.948367 -0.00535492 0.131922 0.98361 -0.122915 0.00249403 0.951947 -0.0911373 0.292389 -0.0211331 0 0 0 1
###
-4.04061 -6.63033 1.66497 
-3.6171 -6.66999 4.84399 
-2.15627 -6.76194 4.56755 
-1.41089 0.732786 0.946233 
-0.600753 0.373185 0.443504 
-4.17366 -6.83749 1.78245 
-0.669533 0.215852 0.262195 
-2.22161 -6.85497 4.65377 
-1.94181 -2.1465 -0.0939843 
-1.44169 -2.93184 3.98323 
-0.665704 0.225333 0.255542 
-1.97531 -2.17028 -0.1 
1.58379 -2.39479 0.91441 
-1.62768 -1.99751 2.62187 
-1.19143 0.173692 0.315071 
-2.27379 -0.605541 1.24075 
-1.77093 -6.90789 4.45137 
-2.63328 -1.35518 0.307508 
1.29145 -2.04398 0.806412 
-2.06025 -3.26822 3.02806 
-2.66754 -0.896662 0.189297 
-1.95525 -2.98296 2.69212 
-5.08812 -8.00866 -0.539648 
-2.32482 -2.27286 0.923352 
2.92058 -14.1519 17.0782 
-1.4218 0.735989 0.948036 
-0.739895 0.523484 0.326125 
-0.599635 0.379031 0.455288 
0.0664778 -6.55879 3.38703 
0.32482 1.31967 0.474799 
-0.432914 -0.0133065 0.589656 
-3.49069 -4.90215 0.559333 
-0.582858 0.366423 0.431861 
-1.46487 0.156273 0.365503 
16.7052 -15.9446 10.1743 
1.31264 -2.28008 0.59447 
-2.4277 -7.96202 4.50571 

0.286706 -0.319366 0.233134 
0.147672 -0.137718 0.0531442 
0.222275 -0.356359 0.0415526 
0.126323 0.100419 -0.128567 
0.0886802 0.115595 0.0732586 
-1.15305 -1.71346 1.14578 
0.134461 -0.112779 0.0599379 
0.199348 -0.303263 0.0437096 
-0.028356 -0.130657 0.154295 
0.301569 -2.07228 2.71455 
0.154165 -0.140374 0.0472603 
0.13833 0.102921 -0.120282 
0.0978543 0.107471 0.0168038 
0.133068 -0.0754002 -8.16702e-06 
0.117707 0.0252152 0.0711804 
0.119292 0.0342805 0.0568265 
0.206893 -0.378267 0.035833 
0.104329 0.0138752 0.13353 
0.085575 0.0666441 0.194274 
0.259897 -0.248163 0.0878559 
0.274874 -0.69603 -0.843238 
0.267821 -0.260902 0.029247 
-0.339581 -1.58628 1.96074 
0.114964 -0.0309251 0.113118 
0.62273 -1.58332 -0.786648 
-0.039761 0.122279 0.225586 
0.299632 -0.348143 0.0527831 
0.136014 -0.0547002 -0.000817453 
0.127216 -0.373019 0.0179351 
0.0353246 -1.09083 -0.45175 
0.0764289 0.130716 0.257346 
0.133328 -1.36395 1.72859 
-0.0358996 0.113835 0.210227 
0.108874 -0.0040587 0.105245 
0.18169 -1.09582 -0.565624 
0.217191 -0.207273 0.0895782 
0.153893 -0.372011 0.0224996 
