0.255084 -0.182838 -0.949475 0.0510337 0.101159 0.981617 -0.16185 -0.223026 0.961613 -0.0547623 0.26889 0.178475 0 0 0 1
0.999885 -0.0151319 0.000431128 0.0107766 0.0151311 0.999884 0.0019108 0.00534828 -0.000459992 -0.00190406 0.999998 0.00136577 0 0 0 1
###
0.00437999 0.310029 0.0901001 
2.09474 -1.88534 0.352052 
0.046259 -0.371641 0.456882 
0.332031 -0.160896 0.127868 
0.478433 -1.72772 1.06682 
3.84212 -3.02003 1.36385 
0.113452 0.0737879 0.253141 
0.00422693 0.300904 0.0677795 
0.0297409 -0.519228 0.591431 
0.139476 -1.10406 0.090294 
1.4338 -1.78141 0.611844 
-0.155304 0.225095 0.195422 
-0.0255783 0.12633 0.023834 
-0.0875005 0.175265 -0.0512853 
-0.150173 0.242867 -0.0290952 
0.16354 -0.206418 0.348174 
0.377412 -0.325687 0.363779 
-0.0980937 0.292175 0.0939842 
0.00847828 -0.181831 -0.145672 
-0.117275 0.0778956 0.103366 
-0.0757234 0.250573 -0.0338215 
-0.0189329 0.289608 0.0268352 
0.181265 -0.808892 0.553027 
0.104823 -0.0415082 0.278692 
0.0412577 0.13532 0.232855 
0.224553 -1.39858 0.97113 
0.126673 -0.588602 0.542725 
0.132871 -0.999827 0.157732 
-0.19338 0.187569 0.0674191 
-0.267047 -0.734861 0.856393 
0.133955 -0.716029 0.484387 
-0.0778012 0.1764 -0.0722115 
-0.0302818 -0.315482 0.0502045 
0.0822378 -0.975801 0.446886 
-0.0497817 0.229041 -0.0324349 
-0.064854 0.250889 -0.0146909 

-1.18105 0.216645 0.213172 
2.82107 -4.80025 7.8045 
-0.866363 -1.81811 1.58322 
1.32722 -4.10159 7.36297 
-0.842052 -4.83517 3.05953 
3.72512 -2.88152 3.97482 
-0.678531 -0.380361 1.25015 
-0.949174 0.301177 0.473026 
1.11846 -3.24196 5.95933 
0.0917375 -3.72991 2.03661 
1.79075 -7.01182 8.25449 
-1.06184 -0.250427 0.360401 
0.333751 -4.70292 8.62977 
0.0193086 -0.0158285 0.359251 
-0.854172 0.334993 0.56782 
-0.613404 -1.12521 1.4911 
-0.758699 -1.62506 1.53398 
-0.856899 0.33207 0.561176 
0.951613 -1.26338 0.762133 
-1.03795 -1.92366 1.29186 
0.0764536 0.201929 0.197245 
1.10957 -1.30647 0.494007 
-0.647026 -3.64426 2.32714 
-0.686217 -0.904762 1.43859 
-0.702165 -0.256025 1.00317 
-1.02869 -4.41329 2.46117 
-0.969478 -3.13677 2.1896 
0.795698 -3.95097 1.76072 
-0.350067 -0.655724 -0.00338357 
-0.845634 0.362768 0.655709 
-0.581409 -3.39791 2.10772 
0.957576 -1.26871 0.755566 
0.315772 -3.52474 1.78978 
0.327021 -3.52279 1.7787 
0.172127 -0.0407162 0.215608 
0.187059 0.0641384 0.156496 
