0.982725 -0.160524 -0.0921044 0.0440992 0.167691 0.982892 0.0761753 -0.0939758 0.0783007 -0.0903045 0.992831 -0.341396 0 0 0 1
0.994593 -0.0163471 -0.102553 -0.0300563 0.0145532 0.999728 -0.0182169 -0.00820309 0.102823 0.0166259 0.994561 -0.0247824 0 0 0 1
###
7.54428 -9.33089 3.9248 
0.167011 0.0987832 0.473583 
1.21046 -2.1867 0.628295 
-1.391 -2.60265 2.53458 
0.181634 0.0734292 0.488109 
0.192776 0.0542453 0.412295 
-1.08262 -4.12561 2.66752 
-2.49623 -4.46398 3.8049 
-0.512076 -5.63149 3.1181 
0.893108 -3.45548 0.574778 
-0.0520842 0.197985 0.390084 
1.23822 -2.21203 0.635059 
0.975695 -2.17579 0.934413 
0.183431 0.120574 0.381136 
-0.664936 -0.956958 1.74425 
-2.55338 -3.2936 1.60991 
-3.79097 -4.66146 0.512386 
-0.49008 -5.28984 2.96335 
0.967666 -2.16799 0.936219 
-1.69488 -0.917886 0.593754 
1.2378 -2.19425 0.633664 
-1.17844 -0.358193 0.719747 
-1.67888 -0.0248633 0.855688 
2.22528 -3.06495 -0.077383 

1.06762 -3.88487 6.00775 
0.943133 0.0426825 0.685152 
1.08255 -1.50488 0.246411 
-0.107504 -1.99398 2.45506 
0.91717 -0.0112982 0.670558 
0.982017 -0.0447433 0.544333 
-6.18842 -22.65 13.4925 
0.0509922 -0.534027 0.741919 
-0.0866502 -11.1057 5.05487 
1.30131 -0.3706 0.488671 
0.55867 0.299491 0.639192 
0.601859 -0.7524 0.166104 
1.30648 -2.22178 0.661812 
1.07438 -1.49805 0.249132 
-4.10231 -15.3631 17.1253 
-0.632697 -1.08107 0.446784 
0.498607 0.369811 1.66617 
0.536207 -10.4294 4.2214 
1.15684 -1.92948 0.576598 
-0.0682893 0.296343 0.7879 
1.13071 -1.56086 0.258903 
-4.22765 -1.77364 2.48759 
-3.28854 -0.63507 2.02046 
0.332857 -0.266072 -0.00382762 
