0.99538 -0.00162811 0.0960013 0.636696 -0.0163992 0.982282 0.186692 -0.48518 -0.0946042 -0.187404 0.977717 -0.180689 0 0 0 1
0.276473 -0.155558 -0.948348 -0.00538321 0.13189 0.983617 -0.122894 0.00250588 0.951928 -0.0911006 0.29246 -0.0212056 0 0 0 1
###
-3.52588 -6.63415 4.76553 
-1.99246 -3.04895 2.67463 
0.138302 -6.70057 3.41317 
0.0931644 -6.59664 3.38616 
-4.05181 -6.63382 1.68167 
-2.22923 -6.877 4.66931 
-2.31512 -1.06047 0.265496 
-2.44658 -0.310877 0.555257 
-2.61139 -0.665986 0.618981 
-2.48532 -0.171398 0.55543 
-2.22908 0.57708 0.768898 
-1.6916 0.0925616 0.400096 
-2.36197 -0.208141 0.533527 
-2.24225 -0.490603 1.57185 
-3.46371 -4.94101 1.60378 
0.0675905 -6.55863 3.38755 
-1.75468 -0.666844 2.23169 
-1.0015 0.241454 0.281568 
-2.37856 -0.891875 1.08867 
-2.68227 -0.170552 0.584108 

0.156141 -0.15011 0.0560384 
0.175366 -0.155462 0.0095392 
0.171005 -0.455782 0.0412185 
0.129244 -0.384005 0.0371474 
0.242097 -0.272652 0.198542 
0.222697 -0.356796 0.0419494 
0.104677 0.0139257 0.133979 
0.117846 0.00952858 0.0868648 
0.133932 -0.0536323 0.00113629 
0.117529 0.0113149 0.0853116 
0.2874 0.530931 -0.52995 
0.0920467 0.0848106 0.0771027 
0.116904 0.0044981 0.090006 
0.121201 0.0366958 0.0505287 
0.292687 -2.61658 3.56045 
0.0848758 -0.424463 0.00748027 
0.131875 0.00450209 -0.00941169 
0.116533 0.0093422 0.0858609 
0.119074 0.0310879 0.0630783 
0.118735 0.0323187 0.0613744 
