0.976093 0.0416906 0.213318 0.608518 -0.0922991 0.968052 0.233144 -0.502919 -0.196783 -0.247259 0.948757 -0.191137 0 0 0 1
0.231629 -0.0694833 -0.97032 0.0669371 0.0763101 0.99567 -0.0530823 -0.102288 0.969807 -0.0617498 0.235928 -0.0139931 0 0 0 1
###
1.25654 -2.29323 1.36816 
-2.19917 -6.94577 4.65505 
-0.752624 0.5396 0.263657 
-4.05275 -6.63554 1.67882 
-2.65206 -0.904349 0.237049 
-2.2154 0.575359 0.770678 
-2.65693 -1.35537 0.29787 
-4.19246 -1.13893 0.954414 
1.47903 -2.29422 0.874795 
0.543144 -5.8923 2.77141 
-2.47134 0.398376 0.287025 
-1.31691 0.500453 0.428179 
-3.40999 -4.88808 1.58958 
-0.47396 0.0681554 0.73918 
-0.764162 0.47838 0.669387 
-0.640708 0.522093 0.284107 
-0.630652 0.457347 0.439672 
-2.29506 -0.611606 1.25517 
-3.43842 -4.89865 1.58734 
3.0448 -14.0836 16.2583 
-2.50972 0.384081 0.279743 
-1.54035 -0.14055 1.21427 
-2.07417 -0.453322 1.14723 
-2.71176 -1.34127 0.181675 
-2.29432 0.393859 0.268665 

-0.0509749 -0.305238 0.513503 
0.206318 -0.324867 0.0442165 
0.000276526 0.100033 0.01975 
-0.0215292 -1.55653 2.01764 
0.100829 0.0428879 0.124312 
0.0814517 0.120207 0.124508 
0.11068 0.0102313 0.138492 
0.0878199 0.0955533 0.0705241 
0.184185 -0.222299 0.0499866 
0.154264 -0.373033 0.0225766 
0.0931386 0.117996 0.0867016 
0.121387 0.125542 0.114345 
0.181039 -0.204771 0.190633 
0.0425411 0.107633 0.000938283 
0.0156444 0.0888181 0.00163867 
0.25348 -0.411645 0.0748657 
0.0920706 0.114744 0.0492169 
0.119196 0.0311228 0.0631355 
0.291995 -2.61668 3.56079 
0.446088 -1.17964 -0.550091 
0.0957722 0.114842 0.0472536 
0.128644 0.0297441 0.0140216 
0.119785 0.0344178 0.0570636 
0.105203 0.0156709 0.144556 
0.0916699 0.114486 0.0489129 
