0.976093 0.0416906 0.213318 0.608518 -0.0922991 0.968052 0.233144 -0.502919 -0.196783 -0.247259 0.948757 -0.191137 0 0 0 1
0.276433 -0.15558 -0.948356 -0.00537923 0.131902 0.983612 -0.122916 0.0025051 0.951938 -0.0911121 0.292424 -0.0212266 0 0 0 1
###
-0.402908 -0.213572 0.69261 
-2.19917 -6.94577 4.65505 
-4.05275 -6.63554 1.67882 
0.843363 -2.94698 0.612053 
-2.65206 -0.904349 0.237049 
-0.599499 0.467453 0.377588 
-2.02928 0.688029 1.09813 
-4.14653 -6.78738 1.76484 
-2.65693 -1.35537 0.29787 
-2.39009 -3.9421 2.99253 
-4.19246 -1.13893 0.954414 
1.47903 -2.29422 0.874795 
-2.47134 0.398376 0.287025 
-0.729799 0.535661 0.270667 
-3.40999 -4.88808 1.58958 
1.28704 -2.3287 1.40314 
-0.448586 0.0160641 0.759527 
-0.47396 0.0681554 0.73918 
-2.29506 -0.611606 1.25517 
-3.43842 -4.89865 1.58734 
0.756576 -2.77186 0.443206 
-1.75194 -0.665545 2.22733 
-2.07417 -0.453322 1.14723 
-0.398701 -6.35798 3.54763 
-2.29432 0.393859 0.268665 
-0.591427 0.471424 0.365582 
-0.393671 0.149294 0.553612 
-0.474524 0.0692294 0.737296 

-1.15299 -1.71317 1.14567 
0.199297 -0.269298 0.0538158 
0.133261 -1.36613 1.73156 
0.226538 -0.277094 0.0681772 
0.0997351 0.0475462 0.12126 
0.120375 0.100949 -0.159026 
0.151305 -0.166575 0.148575 
0.242909 -0.273901 0.199218 
0.104771 0.0139396 0.134106 
0.135156 -0.113615 0.0603837 
0.196051 -0.0626328 -0.00140228 
-0.325278 -0.47714 0.404093 
0.129599 0.106464 -0.0663081 
0.126815 0.100807 -0.129068 
0.343463 -0.361734 0.26598 
0.409465 -1.16592 -0.912185 
0.0643652 0.117331 0.0269805 
0.0621364 0.111277 0.0282191 
0.119196 0.0311228 0.0631355 
0.291995 -2.61668 3.56079 
0.179409 -0.353548 0.0577636 
0.131943 0.00449387 -0.009447 
0.117766 0.0188595 0.0785224 
0.11036 -0.345881 0.0180175 
0.0851234 0.0734159 -0.120885 
0.305189 -0.746835 -0.630637 
0.0885575 0.115549 0.0622191 
0.0911138 0.112098 0.0450387 
