0.998569 -0.00978645 0.0525684 0.097117 0.00231638 0.990103 0.140323 -0.259626 -0.0534214 -0.14 0.988709 -0.129154 0 0 0 1
0.998003 -0.0606803 -0.0175463 0.0264011 0.0600338 0.997573 -0.0352821 -0.00515244 0.0196447 0.0341583 0.999223 -0.018436 0 0 0 1
###
0.0250867 -0.0965525 0.389288 
-1.53562 -2.57793 0.882798 
-0.92022 -3.85124 2.57963 
-0.959909 -1.43041 0.0532351 
-1.08726 -1.37139 0.0304378 
-1.17109 -0.73217 0.200469 
-2.0821 -0.285049 0.54168 
-0.733691 -0.651214 1.42016 
-2.14644 -0.289858 0.557349 
0.881726 -1.31184 0.691405 
-1.00752 -0.158583 0.336893 
-1.7342 -0.0154695 0.482742 
-1.2681 -2.02445 0.739259 
-0.669894 -3.79128 2.41949 
-1.17018 -0.737653 0.208898 
-0.918698 0.296775 0.461212 
-1.88971 -0.0369317 0.51851 
-0.668199 -0.585931 1.26887 
-0.910569 -0.260914 0.863276 
-0.615635 -0.474811 1.17362 
-1.44284 -2.41605 0.836565 

-0.332211 -0.815032 0.868764 
0.0704044 -0.509165 0.714333 
0.255611 -1.0063 0.760464 
-0.908241 -0.844618 0.177361 
-1.35891 -1.38464 0.22098 
0.393107 0.378774 0.163794 
-0.170769 0.0200792 0.302796 
0.11421 -0.0313992 0.289052 
-0.170303 0.109207 0.279355 
0.155934 -0.76254 0.625331 
0.110618 -0.0462226 0.288512 
-0.159924 0.181837 0.24006 
-0.219398 -0.675503 0.935091 
0.143192 -0.664515 0.460231 
-0.250268 0.0541796 0.313287 
-0.803551 0.375739 0.401596 
-0.155079 0.20239 0.228357 
0.111334 -0.0388068 0.29078 
0.0701172 0.101077 0.240213 
0.126231 -0.0104248 0.297151 
-0.104904 -0.358503 0.515584 
