0.982264 -0.187493 0.00183454 0.0307678 0.182197 0.956741 0.22683 -0.183747 -0.0442841 -0.222473 0.973933 -0.302368 0 0 0 1
1 0 0 0 0 1 0 0 0 0 1 0 0 0 0 1
###
0.0183631 0.179702 0.557094 
-0.0476687 -0.111263 0.638683 
1.21336 -2.19121 0.629196 
0.885085 -3.43623 0.569976 
-0.171615 0.245419 0.495323 
-2.98338 -4.14966 1.63225 
1.23165 -2.2001 0.631819 
-1.68456 -0.918304 0.59832 
0.167541 0.0990292 0.475119 
-1.2842 -2.39818 2.35 
-1.65391 -4.85257 3.59982 
-1.30152 -0.0943375 0.747897 
0.200836 -0.0344816 0.491124 
0.971604 -2.16738 0.931209 
-0.984664 0.395582 0.858441 
-2.47024 -3.18984 1.56394 
0.126135 -0.183868 0.716166 
-1.26533 -0.0982974 0.73292 
-0.893287 0.436909 1.00792 
1.21709 -1.5913 0.0115656 
0.386551 0.284125 0.395471 

0.490642 0.140368 0.62457 
0.981843 -1.36004 0.218132 
0.965027 -1.34974 0.214045 
1.21653 -2.07395 0.6129 
0.161852 0.24589 0.562423 
10.8611 -13.2007 4.5158 
0.999764 -1.40454 0.225796 
0.0415888 0.458223 1.12749 
0.801082 0.0355492 0.583955 
-0.0450204 -0.998237 1.22558 
-2.75038 -10.8595 6.797 
-1.26341 -0.595663 0.752105 
0.717214 -0.169781 0.494033 
1.85348 -3.19681 0.913628 
-0.119608 0.477021 1.26402 
-0.718814 -1.20136 0.446118 
0.552896 -0.0499761 0.604071 
0.848606 -0.216498 0.621656 
-1.04529 0.512492 1.47497 
0.197388 -0.2165 0.000471193 
5.09779 -8.92686 11.2294 
