0.976093 0.0416906 0.213318 0.608518 -0.0922991 0.968052 0.233144 -0.502919 -0.196783 -0.247259 0.948757 -0.191137 0 0 0 1
0.18062 0.28361 -0.941776 0.0160928 -0.00524588 0.957789 0.287426 -0.0697319 0.983539 -0.0469745 0.174484 -0.0207543 0 0 0 1
###
-2.19917 -6.94577 4.65505 
-4.05275 -6.63554 1.67882 
-2.65206 -0.904349 0.237049 
-0.599499 0.467453 0.377588 
1.21878 -2.51797 1.31984 
-2.65693 -1.35537 0.29787 
-2.39009 -3.9421 2.99253 
-4.19246 -1.13893 0.954414 
-2.64254 -1.36095 0.308667 
1.47903 -2.29422 0.874795 
0.543144 -5.8923 2.77141 
-2.47134 0.398376 0.287025 
-0.729799 0.535661 0.270667 
1.28704 -2.3287 1.40314 
-0.448586 0.0160641 0.759527 
-0.641077 0.520607 0.28272 
-0.47396 0.0681554 0.73918 
-2.09952 -0.424174 1.61644 
-2.29506 -0.611606 1.25517 
-3.43842 -4.89865 1.58734 
3.0448 -14.0836 16.2583 
0.756576 -2.77186 0.443206 
-1.02094 0.608688 0.223966 
-2.50972 0.384081 0.279743 
-1.75194 -0.665545 2.22733 
-2.07417 -0.453322 1.14723 
-2.71176 -1.34127 0.181675 
-0.398701 -6.35798 3.54763 
-2.29432 0.393859 0.268665 
-0.591427 0.471424 0.365582 
-0.474524 0.0692294 0.737296 

0.199297 -0.269298 0.0538158 
0.133261 -1.36613 1.73156 
0.100283 0.0454623 0.123439 
0.120375 0.100949 -0.159026 
0.173234 -1.7573 2.19949 
0.104771 0.0139396 0.134106 
0.135156 -0.113615 0.0603837 
0.116458 -0.00566788 0.0960479 
0.104941 0.0131749 0.13736 
0.0982712 0.107929 0.0168721 
0.154264 -0.373033 0.0225766 
0.0931386 0.117996 0.0867016 
0.126815 0.100807 -0.129068 
0.409465 -1.16592 -0.912185 
0.0643652 0.117331 0.0269805 
0.181572 -0.378696 0.045423 
0.0987605 0.11509 0.0357992 
0.126081 0.0341545 0.0224368 
0.117581 0.0115087 0.0850177 
0.291995 -2.61668 3.56079 
0.446088 -1.17964 -0.550091 
0.179409 -0.353548 0.0577636 
0.0413297 0.120042 0.11514 
0.0916446 0.113931 0.0486933 
0.132213 0.00447449 -0.0092792 
0.119732 0.0346705 0.0565358 
0.105203 0.0156709 0.144556 
0.11036 -0.345881 0.0180175 
0.134449 0.101813 -0.146091 
0.305189 -0.746835 -0.630637 
0.0863713 0.117327 0.0805225 
