0.998671 -0.0440107 -0.0268128 0.0179124 0.0442288 0.998993 0.0075963 -0.0928725 0.0264515 -0.0087721 0.999612 -0.272252 0 0 0 1
1 0 0 0 0 1 0 0 0 0 1 0 0 0 0 1
###
-1.91933 -0.40364 0.943654 
0.21191 0.0598327 0.43946 
0.0315482 0.166066 0.310257 
0.166918 0.0986433 0.473244 
-0.0512562 0.197195 0.389582 
0.0454013 0.0982077 0.502672 
-1.71142 -5.0168 3.71609 
-0.00434338 -0.113444 0.595962 
0.181059 0.070865 0.489047 
-0.00835784 0.221798 0.317505 
0.201107 -5.29646 2.39169 
1.09914 -2.14897 1.01611 
-1.39148 -5.0703 3.39841 
-1.9726 -5.10885 3.77854 
-0.70014 -0.284277 1.3639 
-0.00625095 -0.156364 0.675808 
-0.967468 -5.64621 3.48487 
-1.69666 -0.918702 0.594249 
0.0657236 -0.149652 0.630546 
-0.115361 0.235169 0.501068 
-1.03355 0.412463 0.890615 
-0.864519 0.466143 1.11449 
0.0455061 0.0972248 0.502469 
-2.43156 -3.14031 1.54093 
0.179934 -4.55652 2.08368 
-0.0519152 0.198152 0.390542 
-1.28146 -0.0526899 0.735457 
-1.67864 -0.915106 0.59675 
0.355995 -5.66384 2.431 
-1.35577 -0.348985 0.770225 
-0.115215 0.215122 0.598105 
-0.86286 -0.0468261 0.579542 
-0.0308772 0.143825 0.648085 

-0.831494 -0.250293 0.500085 
0.490177 -0.0240928 0.284578 
-0.327069 0.138076 0.356458 
0.461642 0.0206972 0.336037 
0.232683 0.126432 0.266766 
0.342117 0.0163694 0.377972 
-3.14621 -12.5169 7.83755 
0.798989 -1.1187 0.175845 
0.530177 -0.00757354 0.388697 
0.2659 0.148439 0.180794 
-0.0421779 -9.10812 4.13351 
1.60946 -2.49862 0.800095 
-0.132707 -0.898394 0.548021 
-1.10468 -4.05181 2.46452 
-0.454335 -0.435957 1.22011 
0.946317 -1.33434 0.202681 
1.17739 -8.69672 2.91658 
0.58902 -0.237223 0.127269 
0.159186 0.206743 0.246441 
0.167209 0.155804 0.383819 
-0.603061 0.23359 0.634703 
-0.738307 0.415357 1.22329 
0.335715 0.0146457 0.370683 
-0.97359 -1.57299 0.565339 
-0.0503319 -7.82558 3.58723 
0.230275 0.123688 0.263963 
-0.946881 -0.14372 0.58383 
-1.44805 -1.04586 0.447773 
0.173758 -0.468239 0.124659 
-0.990667 -0.347186 0.583883 
0.884513 -1.25662 0.195083 
-0.970427 -0.230419 0.584146 
0.315123 0.0253489 0.59293 
