0.984131 0.138813 0.110529 0.566837 -0.141373 0.989833 0.0156291 -0.497152 -0.107236 -0.0310068 0.99375 -0.17811 0 0 0 1
0.163051 -0.0613317 -0.98471 0.0617492 0.101379 0.993825 -0.0451129 -0.105121 0.981395 -0.0924728 0.168262 -0.0219469 0 0 0 1
###
-2.20239 -6.95398 4.66145 
-4.13329 -6.76298 1.75686 
-0.588253 0.152973 0.501776 
-3.49557 -6.58205 4.74152 
-2.22787 -6.87437 4.66697 
-2.65605 -1.35484 0.297524 
-0.661371 0.0238932 0.74267 
-2.16061 -0.190692 0.485905 
-3.11798 -1.01241 2.03968 
-0.59017 0.501252 0.178656 
-2.41632 -0.235642 0.548918 
-2.64223 -1.36071 0.308466 
-1.78571 -0.338593 1.63095 
-2.01569 -0.799644 0.249047 
-2.39503 -0.225671 0.541876 
-3.39802 -4.86174 1.58032 
1.57411 -2.38178 0.908657 
-0.77347 0.591262 0.216693 
-0.877176 0.533143 0.553043 
-0.662124 0.519324 0.278511 
-0.626542 0.344618 0.224669 
-0.626323 0.347078 0.224244 
-2.15626 -0.125239 0.483027 
-3.37521 -4.78136 1.55095 
0.69555 -6.09213 2.79583 
-0.641831 0.517251 0.27932 
-0.728328 0.534174 0.270336 
-0.582381 0.365744 0.432176 
-1.57692 -2.15032 -0.0563359 
-1.72168 -0.629294 2.22675 
3.05121 -14.1033 16.2839 
-0.324341 0.416465 0.246138 
-0.9204 0.570295 1.41633 

0.206318 -0.324867 0.0442165 
0.191008 -0.240335 0.207527 
0.0496682 -0.335621 0.552629 
0.253073 -0.428306 0.488694 
0.240257 -0.382295 0.0410392 
0.104771 0.0139396 0.134106 
0.0546176 -0.229129 0.486109 
0.0878199 0.0955533 0.0705241 
0.118333 0.0359934 0.0553709 
-0.0509749 -0.305238 0.513503 
0.0881077 0.0941696 0.0715007 
0.11068 0.0102313 0.138492 
0.128657 0.0299101 0.0145683 
0.105374 0.0126467 0.133851 
0.0876213 0.097318 0.06933 
0.19352 -0.224003 0.199861 
0.0868268 0.0673175 0.19527 
0.0997351 0.0475462 0.12126 
0.110028 0.0983465 -0.142151 
0.192628 -0.363697 0.0421992 
0.133999 -0.11398 0.0754481 
0.228196 -0.264607 0.0817422 
0.0888612 0.0930433 0.0721438 
0.162488 -0.16199 0.0444046 
0.104887 -0.42989 0.0106774 
0.181572 -0.378696 0.045423 
-0.0684499 -0.258945 0.466579 
0.0676724 0.111939 0.0355079 
-0.00491086 -0.349232 0.43266 
0.132567 0.00422945 -0.012549 
0.446088 -1.17964 -0.550091 
0.0864149 0.0532582 0.20661 
0.0156444 0.0888181 0.00163867 
