0.984131 0.138813 0.110529 0.566837 -0.141373 0.989833 0.0156291 -0.497152 -0.107236 -0.0310068 0.99375 -0.17811 0 0 0 1
0.276433 -0.15558 -0.948356 -0.00537923 0.131902 0.983612 -0.122916 0.0025051 0.951938 -0.0911121 0.292424 -0.0212266 0 0 0 1
###
-0.584328 0.122601 0.550599 
-1.90323 -5.29212 3.29312 
-4.13329 -6.76298 1.75686 
-0.653217 0.0803438 0.648648 
-3.49557 -6.58205 4.74152 
-2.22787 -6.87437 4.66697 
-0.661371 0.0238932 0.74267 
-2.16061 -0.190692 0.485905 
-3.35401 -9.53515 6.26253 
-2.64223 -1.36071 0.308466 
-4.30428 -1.16199 0.993424 
-2.36326 -5.81317 4.0662 
-2.01569 -0.799644 0.249047 
-0.663332 -0.0646928 0.895571 
-2.39503 -0.225671 0.541876 
-2.45432 -3.84006 2.90508 
-3.39802 -4.86174 1.58032 
1.57411 -2.38178 0.908657 
1.28505 -2.32585 1.40113 
-0.77347 0.591262 0.216693 
-0.877176 0.533143 0.553043 
-0.626542 0.344618 0.224669 
-2.15626 -0.125239 0.483027 
-2.55531 -1.29044 0.299928 
-3.37521 -4.78136 1.55095 
-0.641831 0.517251 0.27932 
-3.38753 -6.90858 -0.38485 
-0.9204 0.570295 1.41633 

0.0133934 -0.0103564 -8.28203e-05 
0.158012 -0.310128 0.0524719 
0.158422 -0.143534 0.0487936 
0.048922 -0.255665 0.337072 
0.260933 -0.244931 0.0314131 
0.225747 -0.361198 0.042118 
0.123439 -0.0694381 0.123035 
0.0966823 0.0634392 0.0865655 
0.216149 -0.343772 0.0586343 
0.0890604 0.116093 0.0735703 
0.0941083 0.0726041 0.0828237 
0.211015 -0.286546 0.0496826 
0.0615697 0.110873 0.0280289 
0.0848818 0.0645523 0.202499 
0.131314 -0.00491658 -0.00635519 
0.428302 -0.417066 0.145355 
0.175474 -0.155592 0.00954251 
0.102514 0.113099 0.0141643 
0.409465 -1.16592 -0.912185 
-0.0375234 0.114397 0.211917 
0.138914 0.103335 -0.120763 
0.0132834 -0.0102562 -2.58698e-05 
0.117552 0.0158529 0.081468 
0.0968987 0.0679602 0.0853789 
0.291995 -2.61668 3.56079 
0.25348 -0.411645 0.0748657 
0.0352884 -1.0946 -0.453327 
0.118219 0.0253217 0.0714914 
