0.244272 -0.24645 -0.937867 0.0635295 0.198263 0.959427 -0.200477 -0.201276 0.949222 -0.136974 0.283223 0.189655 0 0 0 1
0.999823 -0.0181418 -0.00498531 0.0202251 0.0181941 0.999778 0.0106523 0.0133153 0.00479095 -0.0107411 0.999931 0.00168363 0 0 0 1
###
0.034923 -0.373239 0.34667 
2.09474 -1.88534 0.352052 
0.0610633 0.0989775 0.208559 
-0.0706588 0.231578 -0.0325583 
0.332031 -0.160896 0.127868 
-0.171155 0.202974 0.00880639 
0.16354 -0.206418 0.348174 
-0.0804751 0.224873 -0.0751137 
-0.042339 -0.0977124 -0.113516 
0.152493 -0.10545 0.33252 
3.84212 -3.02003 1.36385 
1.16606 -0.826643 0.54941 
1.4338 -1.78141 0.611844 
0.0251278 -0.499613 0.127331 
0.171971 -0.798005 0.556578 
0.139476 -1.10406 0.090294 
-0.155963 0.232771 0.170954 
0.132871 -0.999827 0.157732 
0.114978 0.0717284 0.260168 
-0.106808 0.250795 -0.0480813 
-0.088023 0.22782 -0.0704266 
0.102198 -0.73503 0.256782 
-0.109689 0.0775371 0.0329854 
-0.31986 -0.773639 0.848267 
-0.267047 -0.734861 0.856393 
0.369553 -0.375684 0.42918 
-0.1144 0.290033 0.109414 
-0.128121 0.257139 -0.0705236 
-0.083318 -0.0423801 0.047237 
0.806087 -0.649834 0.144139 
0.192491 -0.948289 0.626079 
-0.305063 -0.714683 0.79383 
0.720069 -0.563767 0.485441 
0.908142 -0.623305 0.456728 
-0.0795759 0.226728 -0.074866 
-0.0497817 0.229041 -0.0324349 
-0.115843 0.251444 -0.0785429 
-0.17302 0.136419 0.324929 
-0.17115 0.14721 0.340805 
-0.0227205 0.31333 0.154104 
-0.0829331 -0.0431785 0.0472933 
0.124253 -0.130423 0.299886 
-0.149255 0.19607 -0.000409072 
0.224553 -1.39858 0.97113 
-0.255456 -0.485222 0.6357 
-0.166933 0.170193 0.212026 
0.565053 -0.616982 0.601043 
0.427449 -0.285196 0.309177 

-0.81251 -4.65531 2.9497 
2.26152 -3.85916 6.2872 
-0.677649 -0.379791 1.24912 
-0.000240996 0.0190313 0.401017 
1.09986 -3.1787 5.84812 
-1.08021 -1.37442 0.0217796 
-0.612757 -1.1249 1.49131 
0.0167476 0.249742 0.28434 
0.8848 -1.31627 0.693835 
-0.138811 -2.66767 4.59199 
1.01587 -1.39383 0.246619 
0.314097 -4.43984 8.16392 
3.17212 -11.8417 13.7466 
0.345154 -3.69372 1.86512 
-0.685668 -3.89433 2.48566 
0.0894314 -3.59322 1.96513 
-1.05858 -0.249678 0.359694 
0.476027 -3.39647 1.65436 
-0.67871 -0.377669 1.24544 
-0.157727 0.288047 0.187007 
0.00809897 0.245582 0.267372 
0.079173 -3.67763 2.01895 
-0.227148 -3.7119 2.19625 
6.26195 -6.37406 9.11163 
-1.61423 -2.65539 0.912674 
4.57408 -4.69945 6.77514 
-0.94662 0.300477 0.471895 
-0.835529 0.357846 0.64143 
0.271346 -1.53208 0.702625 
2.93509 -5.10213 8.35597 
-0.594294 -3.48521 2.16249 
-1.89598 -3.55829 0.944926 
0.113062 -3.5582 6.24979 
0.501292 -7.50533 13.7676 
0.0085042 0.245655 0.266901 
-0.0559256 0.0347095 0.376024 
-0.810688 0.376684 0.692237 
-1.02642 -0.158393 0.34112 
-0.171387 -0.0360664 0.0495225 
-0.113079 0.334446 0.094081 
0.325658 -3.61182 1.83523 
-0.589826 -1.0607 1.42796 
-0.516012 -1.53088 1.99558 
-1.06651 -4.58159 2.56068 
-1.17637 -1.86769 0.682349 
-1.09129 -0.172491 0.362703 
-1.29679 -2.54767 1.81457 
-11.6881 -30.4947 33.0763 
