0.938623 -0.08574 -0.334118 -0.035528 0.0906597 0.995882 -0.000872686 0.00392882 0.332816 -0.0294719 0.942531 -0.0715038 0 0 0 1
0.999204 -0.0245496 -0.03145 -0.0029767 0.0241438 0.999621 -0.01322 -0.00745808 0.0317626 0.0124501 0.999418 -0.028509 0 0 0 1
###
0.448386 0.00314021 0.325864 
1.15313 -1.8681 -0.105438 
5.10637 -9.13097 12.1211 
-0.162031 0.308285 0.832455 
0.350638 -1.27799 1.99056 
-0.574778 0.281779 0.806716 
3.82652 -4.65646 1.63667 
0.872226 -1.24168 0.192158 
-0.167789 0.314708 0.847561 
0.249702 0.0208096 0.455516 
1.10112 -1.87966 0.540384 
0.909575 -1.29717 0.202422 
0.0455618 -0.157416 0.240221 
0.0932104 -0.230045 0.38052 
3.83864 -10.1015 14.4787 
0.147379 0.189669 0.226581 
-2.09191 -5.57554 4.05689 
-0.44464 -1.69463 1.94402 
-0.509244 -1.44699 1.98474 
-0.178234 0.328097 0.881708 
0.0491525 -0.115099 0.183509 
-1.29546 -4.49803 2.60904 
-0.642222 0.362264 1.06712 
0.11932 -0.418437 0.653626 
-0.619742 0.248958 0.652411 
0.20604 0.174162 0.139125 
0.248259 0.1387 0.16898 
-0.805555 0.243259 0.583361 
0.0604477 0.19084 0.327111 
0.799935 -1.35301 0.39996 
0.838693 -1.17947 0.183226 
0.28895 -0.136062 0.367353 
0.181491 -0.840421 1.29321 
0.282855 -0.0274965 0.431311 
1.34844 -2.33889 0.671145 
0.0489475 -0.0391159 0.0847634 
-0.527789 -1.36317 2.04273 
-0.553258 -0.900948 2.13803 
1.04903 -1.48715 0.221459 
0.150529 0.111813 0.503126 
0.146418 0.189735 0.226485 
0.213426 -0.264156 -0.00518257 
-0.807516 0.244142 0.59271 

0.0511502 0.224295 0.16738 
0.959569 -1.95833 0.184065 
0.157576 -0.30806 0.472537 
-0.154175 0.207229 0.537376 
7.56934 -9.36128 3.93475 
-1.26222 0.361667 0.662324 
9.72628 -12.6226 5.4079 
1.20939 -2.18359 0.62674 
-0.432111 0.420792 0.952236 
0.115037 0.0806345 0.471522 
0.281872 -0.303161 0.372732 
1.22892 -2.19457 0.630057 
-4.82127 -12.634 15.4239 
0.667498 -7.20996 12.7971 
2.10683 -6.57655 10.675 
0.047399 0.054658 0.502175 
-1.37695 -2.56297 2.56199 
-0.786985 -1.52061 2.15384 
-0.617367 -0.800259 1.56136 
-0.434543 0.416026 0.943767 
-1.56262 -2.58485 2.23727 
-1.39148 -5.0703 3.39841 
-0.864709 0.46543 1.10647 
0.0900037 -1.78814 3.09308 
0.143989 0.187234 0.171911 
0.232563 -0.0181101 0.406615 
0.16699 -0.0248839 0.523942 
-1.06774 0.35828 0.707177 
0.201439 0.251275 0.181335 
0.266565 -0.256549 0.3436 
1.2354 -2.18984 0.632506 
0.0137827 -0.0507795 0.525095 
-4.52496 -15.7624 20.2848 
0.19864 0.0723638 0.366818 
0.965479 -2.16297 0.934145 
0.129537 -6.59131 11.495 
-0.836888 -0.864029 2.08292 
-0.741585 -0.556197 1.88695 
1.27048 -2.23196 0.643317 
-0.125481 0.212178 0.656292 
-0.101049 0.276237 0.360267 
0.179934 -4.55652 2.08368 
-1.17305 0.39309 0.779262 
