0.974134 -0.130457 -0.184509 -0.029517 0.143932 0.98767 0.0615739 0.0028937 0.174201 -0.0865379 0.9809 -0.0535679 0 0 0 1
0.999782 -0.0135323 -0.015922 -0.0019517 0.0133754 0.999861 -0.00992078 -0.00459807 0.016054 0.00970565 0.999824 -0.0173545 0 0 0 1
###
-0.969306 -0.115084 0.601246 
1.14245 -1.93491 0.553056 
0.0392272 -0.0580554 0.064672 
3.82589 -10.0743 14.4143 
-1.88405 -3.05554 0.900287 
-0.192362 0.360737 0.971023 
0.521237 -0.0978783 0.414632 
1.90289 -2.27708 0.812225 
0.883361 -1.25324 0.194794 
-3.10155 -12.3219 7.70525 
3.6557 -9.42691 13.5328 
-0.808519 -0.470703 0.273007 
-0.603627 0.234426 0.637204 
-0.583632 0.287433 0.825321 
0.83725 -1.18641 0.187787 
1.28698 -2.19691 0.00973988 
-0.434293 -1.69692 1.91446 
-0.787666 -1.2969 3.03081 
0.122948 -0.702309 1.04845 
0.0952343 -0.394222 0.613225 
-0.0342345 -0.127385 0.0834675 
-0.638181 0.352597 0.830389 
0.235338 0.131446 0.453 
1.72356 -2.6764 0.85666 
0.843385 -1.40123 0.0183176 
-1.46063 -1.05414 0.452632 
0.264524 -4.76406 1.94427 
1.77866 -7.00809 6.8404 
-1.2336 -4.28908 2.492 
-2.08619 -5.56977 4.05924 
-0.800407 0.450178 1.32479 
0.325906 0.144839 0.135086 
-1.28395 -0.938245 0.41409 
-0.845246 0.359996 0.953426 
-1.20948 -0.591031 0.704262 
-1.14719 -0.39319 0.673712 
-0.526993 -2.00256 2.29874 
0.241181 0.1311 0.276494 
0.503046 -0.00946999 0.369017 
0.274259 0.153036 0.186469 
-1.0687 0.26229 0.58477 
-0.919953 0.278624 0.666857 
0.785054 -1.09697 0.173064 
2.96698 -3.64512 0.626796 
0.32434 -0.153457 0.41505 
0.654541 -0.4151 0.166181 
-0.462742 -1.68524 1.89837 
-0.0275907 -0.991924 1.22501 
0.297827 0.0355451 0.554775 
0.934866 -1.59611 0.467867 
-0.827117 -1.34603 0.489245 
-0.584026 -0.0767955 0.388979 
0.0903838 -0.38931 0.597632 
0.365434 0.0456887 0.341187 

-1.30685 -0.223342 0.748754 
0.99989 -2.20259 0.92946 
1.05035 -4.96937 1.25132 
1.66845 -5.12128 8.39987 
-3.53897 -4.876 1.855 
-0.154464 0.207628 0.538391 
-0.101085 0.276484 0.360641 
9.72925 -12.6269 5.4092 
0.17756 -0.0262317 0.36952 
-1.6968 -4.97674 3.68773 
2.10838 -6.58063 10.6811 
0.189265 0.157654 0.152316 
-1.03397 0.412438 0.891383 
-1.26456 0.36239 0.663571 
1.22972 -2.19631 0.630625 
0.839382 -1.85284 0.257124 
-1.59568 -1.76782 1.0859 
-0.734828 -0.554366 1.88167 
0.668538 -7.21996 12.8144 
0.129734 -6.59321 11.4989 
-2.97751 -3.46912 0.965387 
0.172777 0.177969 0.140485 
0.320014 -0.215089 0.314115 
1.0906 -2.13162 1.01375 
0.841246 -1.86692 0.261388 
-1.68151 -0.916505 0.59744 
-0.136229 -4.65579 2.37219 
1.96084 -10.3079 11.3164 
-1.39882 -5.09515 3.41515 
-1.35867 -2.52932 2.53006 
-0.778914 0.494337 1.22422 
-0.32712 0.304605 0.439718 
-0.435344 0.416803 0.945477 
-0.947918 0.412812 0.893875 
2.18725 -0.632096 0.310149 
0.219605 -0.166602 0.566459 
-0.618486 -0.801781 1.56411 
-0.0517224 0.198097 0.390664 
0.181377 0.0710271 0.489795 
0.23293 -0.0181452 0.407218 
1.74226 -1.39422 0.0125877 
-1.17482 0.393737 0.78044 
1.23652 -2.19221 0.633074 
1.54246 -2.09369 0.553337 
0.0137795 -0.0508606 0.525887 
-1.68722 -0.587059 0.56197 
-0.813125 -1.52517 2.14 
-1.56417 -2.5873 2.23956 
0.311577 0.078298 0.238637 
0.968911 -2.16107 0.928478 
-2.44577 -3.15799 1.54944 
-0.0207265 0.126102 0.654499 
-4.52518 -15.7623 20.2848 
0.084156 0.169241 0.272242 
