0.987214 -0.13315 0.0876302 0.00992945 0.112271 0.971082 0.2107 -0.157328 -0.113151 -0.198168 0.973615 -0.282746 0 0 0 1
1 0 0 0 0 1 0 0 0 0 1 0 0 0 0 1
###
-1.26673 -0.243966 0.731308 
0.0454146 0.0982865 0.503322 
0.41192 -0.485331 0.404945 
0.876914 -3.41076 0.565986 
-1.70055 -0.920516 0.595053 
-0.0517224 0.198097 0.390664 
-0.0360693 0.192955 0.395162 
-1.14119 -1.03798 0.835557 
1.22972 -2.19631 0.630625 
0.968911 -2.16107 0.928478 
-0.136229 -4.65579 2.37219 
-0.734828 -0.554366 1.88167 
-1.20779 -0.118247 0.706797 
0.00134416 0.171238 0.524887 
-1.68151 -0.916505 0.59744 
1.23652 -2.19221 0.633074 
-0.0349767 0.190139 0.392411 
-0.363015 0.368903 0.748945 
-1.2475 0.331392 0.569009 
-0.865542 0.466715 1.11627 
0.238745 -0.0653188 0.453937 
-1.41464 -2.63304 2.51992 
-4.34125 -5.33552 1.23929 
1.10157 -2.1537 1.01823 
-0.116677 0.235142 0.500342 
-1.39834 -2.59285 2.50368 
-0.739157 -0.555082 1.8822 
0.0240284 0.165779 0.391211 
-0.108446 0.200928 0.596563 
-0.802271 -1.43538 1.559 
-1.35561 -0.240456 0.766574 
-2.44577 -3.15799 1.54944 
-1.76949 -0.972153 0.621017 
-0.159483 -5.17736 2.62903 
-1.12321 0.393728 0.78452 
-0.030613 0.14297 0.646923 
0.388332 0.285718 0.395349 
0.3571 0.33843 0.410709 

-0.66202 -1.85553 2.57471 
0.380459 0.0188009 0.418784 
1.19064 -2.00968 0.00709643 
0.846064 -1.19481 0.187446 
-1.40044 -1.02314 0.451575 
0.251587 0.135147 0.288385 
0.268347 0.125331 0.28636 
-0.486301 -2.00557 2.19815 
0.821265 -1.16026 0.184984 
1.03053 -1.7663 0.519896 
-0.0393663 -9.353 4.24742 
-0.891818 -1.4695 3.43156 
-0.630307 -0.302008 0.390164 
0.327607 0.101804 0.452314 
0.0294308 0.32563 0.801687 
0.291293 -0.365489 0.0762656 
0.445823 -0.0988035 0.329621 
-0.506739 0.179716 0.466474 
-1.19821 0.296996 0.653347 
-0.849691 0.478417 1.40661 
0.580683 -0.102913 0.280956 
-2.01965 -3.28287 0.966295 
0.100526 -0.417647 0.651138 
1.63714 -2.54035 0.81257 
0.179915 0.171102 0.42014 
-4.96127 -12.8632 9.05366 
-0.593175 -0.98624 2.32452 
-1.28145 -4.45695 2.58999 
-0.207407 0.38765 1.04348 
-0.474582 -1.85074 2.08941 
-1.30705 -0.170971 0.798193 
-0.897297 -1.4571 0.527059 
0.493711 -0.123835 0.361362 
0.274558 -5.26077 2.16154 
-0.743139 0.481756 1.43978 
0.305505 0.0238763 0.56967 
5.34161 -9.3713 11.7853 
0.429574 -0.592254 0.674135 
