0.971049 -0.106717 -0.21372 -0.0312139 0.116895 0.992509 0.035529 0.00414991 0.208327 -0.0594831 0.976249 -0.0599423 0 0 0 1
0.999779 -0.0136133 -0.0159934 -0.00190869 0.0134545 0.99986 -0.00999299 -0.00458278 0.0161272 0.0097756 0.999822 -0.0173391 0 0 0 1
###
0.386536 -1.40876 2.19367 
-0.174096 0.332052 0.896333 
0.479206 0.00321532 0.34795 
1.09172 -1.84771 0.528776 
3.81827 -10.081 14.4339 
0.906884 -16.8131 6.72068 
-0.690758 -1.14144 2.66605 
-0.584307 0.286727 0.823618 
-0.603061 0.23359 0.634703 
0.884513 -1.25662 0.195083 
-0.00609148 -0.205513 0.247327 
-0.666945 -0.70433 0.194575 
-0.182876 0.342918 0.92338 
-0.472948 -1.807 2.07323 
1.60946 -2.49862 0.800095 
0.270926 -0.401239 0.025388 
-0.189113 -0.604039 0.855326 
0.171122 -0.53138 0.848633 
-0.644698 0.366003 1.08673 
1.78001 -7.00023 6.84033 
0.0258477 0.29344 0.724193 
0.875006 -1.24328 0.195816 
0.338897 0.0275344 0.635193 
0.158638 0.204174 0.243745 
-0.549977 -0.907803 2.15403 
-0.814702 0.243386 0.584062 
0.0606039 0.229157 0.353918 
-0.831494 -0.250293 0.500085 
-0.738307 0.415357 1.22329 
10.228 -12.4271 4.27901 
-0.873815 0.264162 0.63317 
0.798989 -1.1187 0.175845 
0.789116 -1.32421 0.00991031 
-0.175034 -0.309144 0.0983932 
-1.17918 -1.67431 0.751047 
-0.0776939 -1.09194 1.31078 
-0.530338 0.201802 0.548418 
-0.673248 0.269819 0.70864 
0.105749 0.161856 0.370713 
-1.41393 -1.27623 0.84337 
-0.970427 -0.230419 0.584146 
0.476605 -0.00896966 0.349672 
-0.170432 0.251138 0.59544 
0.952747 -1.6284 0.476939 
0.946317 -1.33434 0.202681 
-1.34671 -0.983938 0.433221 
0.850858 -3.24228 5.07804 
-0.718827 0.233029 0.622206 
0.0541075 0.222505 0.348785 
-0.0324988 -0.687133 0.841224 
0.0826589 -0.430319 0.650177 
0.315003 0.0165422 0.571197 
-0.186698 0.339696 0.914372 

7.56934 -9.36128 3.93475 
0.172507 0.177693 0.140264 
0.00522956 0.249232 0.258706 
0.998325 -2.19885 0.927934 
1.76679 -5.31133 8.75938 
0.443164 -5.31171 1.94647 
-0.73383 -0.553596 1.879 
-0.903559 0.431282 0.995334 
-1.03355 0.412463 0.890615 
0.177312 -0.0261936 0.369014 
-2.97212 -4.68916 3.73688 
-1.44393 -1.69864 0.22521 
-0.154175 0.207229 0.537376 
-0.786985 -1.52061 2.15384 
1.09874 -2.16117 1.00863 
2.42694 -2.5286 0.292612 
-0.812344 -1.52371 2.13795 
0.667498 -7.20996 12.7971 
-0.777709 0.493529 1.22239 
1.96021 -10.3038 11.312 
-0.303758 0.207771 0.126621 
0.290464 0.138163 0.0788413 
-0.020703 0.125891 0.653507 
-0.301031 0.224164 0.130791 
-0.741585 -0.556197 1.88695 
-1.06774 0.35828 0.707177 
0.167534 0.179197 0.145679 
-1.30222 -0.22247 0.74617 
-0.864709 0.46543 1.10647 
9.72628 -12.6226 5.4079 
-1.17305 0.39309 0.779262 
1.2354 -2.18984 0.632506 
0.838873 -1.85166 0.256937 
-0.0175652 0.255782 0.281763 
-1.59315 -1.76503 1.08416 
-4.82127 -12.634 15.4239 
0.164641 0.149102 0.18975 
-0.982266 0.394953 0.85616 
0.201439 0.251275 0.181335 
-1.44138 -0.957692 0.876036 
-1.26488 -0.497574 1.19649 
0.181059 0.070865 0.489047 
-0.303666 0.228239 0.137702 
0.965479 -2.16297 0.934145 
1.27048 -2.23196 0.643317 
-0.434543 0.416026 0.943767 
0.129537 -6.59131 11.495 
-1.01569 0.359975 0.767618 
-0.103021 0.28158 0.364815 
-1.56262 -2.58485 2.23727 
-4.52496 -15.7624 20.2848 
0.0315482 0.166066 0.310257 
2.1886 -0.632405 0.310202 
