-0.852121 -0.150803 -0.501147 0.0340862 0.0210939 0.94691 -0.320807 -0.0753678 0.52292 -0.283937 -0.803701 0.063486 0 0 0 1
0.999565 -0.0176454 -0.0236152 0.0695584 0.0177762 0.999828 0.0053374 -0.00659144 0.0235169 -0.00575486 0.999707 0.00897081 0 0 0 1
###
0.0613347 0.108746 0.00548938 
0.015253 0.0688601 0.0629948 
0.049889 0.00664201 0.0891085 
-0.00742969 0.109148 0.0221006 
0.447873 -1.32021 -1.03915 
0.0403511 -0.189275 0.0308988 
0.0136675 0.0859893 -0.000357807 
-0.0154292 0.0654315 0.0294104 
-0.0101373 0.0864967 0.000808014 
0.530373 -0.909545 -0.716285 
0.395976 -0.477891 -0.289451 
0.159477 -0.154928 0.0574302 
-0.010466 0.0833973 -0.00496774 
0.0239241 0.054925 0.0738793 
0.548023 -1.38901 -0.683406 
0.142743 -0.0913025 -0.00248915 
0.516699 -0.895619 -0.713725 
0.0782422 -0.148224 -0.136757 
0.00110761 -0.367031 0.0038047 
0.0620004 0.108913 0.00520281 
-0.0463595 -0.0752533 -0.00916956 
-0.0663256 -0.140815 -0.0442765 
0.129898 -0.0732821 0.00302757 
0.114916 0.118991 0.0494575 
0.218851 -0.332949 -0.284166 
0.233881 -0.335661 0.0655575 
0.0115763 0.0547196 0.0254975 
0.0135013 0.103043 0.019943 
0.277654 -0.742551 -0.59838 
0.0970442 0.0558779 0.0889433 
-0.0382733 0.0122747 0.0187441 
-0.0538246 -0.328336 0.00350457 
0.180706 -0.204389 0.190047 
0.0888504 0.000973773 0.0124926 
0.0632272 0.109332 0.0041144 
-0.0489509 -0.0882799 -0.0139227 
-0.0577549 -0.37455 -0.00116835 
-0.0390979 0.0103561 0.018077 
0.297256 -0.516406 -0.40497 
0.508078 -0.873376 -0.705004 
0.0977461 -0.329518 0.0210036 
0.158551 -0.166777 0.169486 
0.0889266 0.0931593 0.0721755 
-0.0134679 0.0980653 0.0198045 
0.0881402 0.115592 0.0612256 
-0.0500873 -0.0922282 -0.0150233 
0.0710615 -0.328333 0.0166019 
0.187236 -0.207092 0.191908 
0.0146595 0.0852785 -0.00235982 
0.00396792 0.107583 0.0226989 

-2.21225 0.571944 0.762114 
-9.96563 -12.0439 0.513454 
0.0367831 0.332063 0.521197 
-0.566019 0.0795668 0.616347 
4.62543 -9.76744 17.5295 
0.91128 -6.14158 2.3773 
3.56863 1.31237 0.453313 
-2.63861 -1.33438 0.297256 
-0.170325 0.103717 0.234412 
-2.32863 -3.31207 2.27033 
-0.621358 -3.02003 5.42043 
-2.20627 -3.23017 2.33816 
0.263298 0.77025 0.149466 
-0.504987 -0.0243568 0.68628 
2.67835 -12.9955 15.6806 
-1.02637 -1.41192 1.71185 
-2.28942 -3.26103 2.23597 
4.351 -8.44782 14.2797 
0.545017 -5.90554 2.77631 
3.12335 1.35525 0.855256 
-0.367673 0.373218 0.339695 
1.28284 -2.32254 1.3988 
-1.62632 -1.99628 2.62116 
-2.21451 0.575027 0.770073 
2.19516 -8.26875 15.5218 
-2.89813 -7.37648 4.77853 
2.98574 -13.7959 15.9423 
-1.75328 -7.20051 4.48315 
3.94918 -7.8433 13.1891 
-2.41916 -0.237298 0.547958 
0.578235 -0.883569 0.338352 
0.564716 -6.30491 2.99949 
-3.33225 -4.48766 1.70065 
-1.67782 -1.26839 2.30973 
2.82855 -0.042196 0.670895 
0.836266 -3.06911 0.493493 
0.838107 -5.67432 2.48887 
-0.0192973 0.136091 0.553883 
3.15948 -2.69409 3.92743 
14.399 -13.0415 8.48327 
0.0675105 -6.54897 3.38202 
-2.88726 -3.87353 1.46631 
-2.40041 -0.225256 0.542912 
-0.142105 0.365957 0.16185 
3.63202 1.37933 0.678939 
1.13831 -2.41026 1.27492 
1.04265 -6.0891 2.58427 
-3.20041 -4.30289 1.64508 
-0.398461 -0.185987 0.669367 
-0.0132408 0.282559 0.591289 
