0.967531 -0.150229 -0.203261 -0.0316401 0.167484 0.983355 0.0704393 0.000912044 0.189296 -0.102195 0.976588 -0.0534704 0 0 0 1
0.999782 -0.0135323 -0.015922 -0.0019517 0.0133754 0.999861 -0.00992078 -0.00459807 0.016054 0.00970565 0.999824 -0.0173545 0 0 0 1
###
1.12893 -1.90922 0.546502 
5.1132 -9.10405 12.0622 
0.279007 0.0235132 0.507607 
3.82545 -10.0541 14.3925 
-1.47379 -0.640232 0.846632 
-0.639257 -1.81817 2.49248 
-0.103022 -0.0736535 0.0770077 
-0.140428 -0.955957 0.584597 
-2.01965 -3.28287 0.966295 
-0.588094 0.228796 0.62312 
0.846064 -1.19481 0.187446 
0.132525 -0.118713 0.0807683 
-0.123934 -0.0824738 0.0830427 
-0.746053 0.423181 1.25516 
0.0362047 -0.0245579 0.0621575 
-0.207407 0.38765 1.04348 
-0.207407 0.38765 1.04348 
0.247521 0.138071 0.475992 
10.1175 -12.295 4.2365 
-1.50476 -1.08515 0.467739 
0.108732 -0.269542 0.0983845 
1.79367 -7.06101 6.89976 
-0.0718144 -0.163748 0.0646615 
-2.05381 -5.4938 4.00506 
-0.849691 0.478417 1.40661 
0.432791 0.00514148 0.0691831 
-0.949583 0.287894 0.688935 
-0.0113567 -0.800533 0.994943 
0.37412 0.160244 0.0698644 
-0.81635 0.293618 0.780725 
0.657796 -0.647846 0.607939 
0.308975 0.0368684 0.575771 
0.676893 -0.0236651 0.247722 
0.232181 0.196706 0.146078 
0.185712 -0.497527 0.132877 
-0.0486576 -8.14542 3.73649 
12.1266 -14.6981 5.00837 
0.329226 -0.154422 0.417586 
0.865256 -3.2676 5.11576 
0.698711 -0.443696 0.177369 
-1.51667 -1.10048 0.478663 
-0.0681581 -0.364338 0.277521 
0.360943 0.153423 0.150605 
0.798749 -1.11453 0.176656 
-1.01344 0.306644 0.742539 
-1.69915 -1.17423 0.9838 
-0.251216 -0.0974411 0.0964663 
-0.809535 0.263071 0.700525 
0.176303 0.130677 0.586694 
1.03053 -1.7663 0.519896 
-0.897297 -1.4571 0.527059 
-1.03455 -0.645598 1.63297 
-1.16018 -0.284363 0.694944 
0.0832004 -0.415431 0.627781 
-0.747887 -1.21264 2.88207 
0.520791 0.00853531 0.385798 

0.99989 -2.20259 0.92946 
0.157701 -0.308285 0.472884 
0.115159 0.0807675 0.472428 
1.66845 -5.12128 8.39987 
2.2016 -0.643829 0.309904 
-0.618486 -0.801781 1.56411 
-2.62449 -2.81949 0.308566 
-1.39882 -5.09515 3.41515 
-3.53897 -4.876 1.855 
-1.03397 0.412438 0.891383 
1.22972 -2.19631 0.630625 
7.56444 -9.35573 3.93224 
-0.017578 0.256183 0.282201 
-0.778914 0.494337 1.22422 
-0.787475 -1.52163 2.15537 
-0.432756 0.421419 0.953681 
-0.435344 0.416803 0.945477 
0.320014 -0.215089 0.314115 
9.72925 -12.6269 5.4092 
-1.68151 -0.916505 0.59744 
-0.136229 -4.65579 2.37219 
1.96084 -10.3079 11.3164 
0.190166 0.158428 0.152731 
-1.35867 -2.52932 2.53006 
-0.866925 0.466642 1.10931 
0.344703 0.0642795 0.235583 
-1.06953 0.358934 0.708367 
-2.97334 -4.69105 3.73859 
2.37443 -1.11598 0.19036 
-0.154464 0.207628 0.538391 
0.277296 -0.268051 0.353557 
0.311577 0.078298 0.238637 
0.237585 0.0530653 0.349571 
-0.0813827 0.233939 0.179828 
0.176436 -4.47626 2.04701 
-0.482157 -5.20038 2.91508 
12.7768 -16.4869 6.8838 
0.0137795 -0.0508606 0.525887 
1.2288 -4.1289 6.78335 
-1.68722 -0.587059 0.56197 
-1.70055 -0.920516 0.595053 
-1.62263 -3.96202 3.13402 
0.0429221 0.205106 0.274639 
1.23652 -2.19221 0.633074 
-1.17482 0.393737 0.78044 
-1.30685 -0.223342 0.748754 
0.171085 0.180044 0.141535 
-1.01921 0.361216 0.770171 
-0.101085 0.276484 0.360641 
0.968911 -2.16107 0.928478 
-2.44577 -3.15799 1.54944 
-1.0033 -0.311673 1.32388 
-1.2675 -0.498503 1.19885 
-4.52518 -15.7623 20.2848 
-0.739157 -0.555082 1.8822 
0.169495 0.0863015 0.482585 
