0.985185 0.150716 0.0818238 0.0561122 -0.150459 0.988572 -0.00933109 -0.228736 -0.082295 -0.00311828 0.996603 -0.11011 0 0 0 1
0.998003 -0.0606803 -0.0175463 0.0264011 0.0600338 0.997573 -0.0352821 -0.00515244 0.0196447 0.0341583 0.999223 -0.018436 0 0 0 1
###
-0.616646 -0.848749 0.373928 
-0.0965107 0.0499622 0.366344 
0.838912 -0.500113 0.302787 
0.163277 -0.0172268 0.249031 
-0.0857364 0.277415 0.135106 
-0.284301 -0.949478 1.48446 
-0.070869 0.268534 0.140619 
0.150344 0.0239742 0.142944 
-0.971689 -4.09794 2.7257 
-0.0929819 -0.0245997 0.48646 
-1.73059 -3.99284 2.8384 
-1.17443 -0.734343 0.201684 
-0.122886 0.310988 0.136173 
-0.94662 0.300477 0.471895 
-0.0704653 0.268594 0.141433 
-0.957116 -0.18485 0.321329 
-0.530777 0.0699393 0.210643 
-1.06144 -0.204914 0.352637 
-1.17346 -0.739845 0.21011 
1.09986 -3.1787 5.84812 
0.0946975 0.19141 0.194436 
-0.858602 -0.319007 0.571764 
1.12515 -1.30333 0.494828 
-1.17637 -1.86769 0.682349 

0.0704044 -0.509165 0.714333 
-0.303122 -0.293919 0.346347 
-0.0474482 0.331515 0.184838 
-0.156739 -0.290147 0.441124 
-0.00349446 0.297197 0.0548561 
0.0946369 -0.127981 0.176105 
0.141568 -0.779515 0.64819 
-0.012533 0.32283 0.183613 
0.090794 -0.716314 0.47764 
-0.324642 -0.326641 0.379567 
0.119461 -0.595967 0.767099 
-0.0561188 0.325114 0.186002 
-0.173059 -0.151669 0.360863 
0.263865 0.221954 0.0361112 
0.159139 -0.811646 0.685652 
-0.147149 -0.00361401 0.304258 
0.109469 -0.059161 0.287384 
-0.117514 0.0838004 0.31465 
-0.0649501 0.296756 0.0911938 
0.393107 0.378774 0.163794 
-0.243862 0.0786497 0.302738 
-0.988665 -0.914598 0.134431 
0.0142547 0.327313 0.176232 
-0.219398 -0.675503 0.935091 
