0.794713 -0.0977309 -0.599066 -0.0390959 0.0770054 0.995211 -0.0602033 -3.02261e-06 0.602081 0.0017131 0.798433 -0.0974745 0 0 0 1
0.999204 -0.0245354 -0.0314697 -0.00298772 0.0241311 0.999622 -0.0131643 -0.00747667 0.0317808 0.0123944 0.999418 -0.0285296 0 0 0 1
###
0.461095 -1.73427 2.6959 
-0.137527 0.26196 0.708195 
0.162243 0.159405 0.144909 
6.24774 -7.62826 2.69074 
4.15708 -4.84322 1.60487 
3.85605 -10.1684 14.6103 
0.210967 0.151058 0.144952 
-0.610218 -3.34994 1.97034 
-4.69327 -12.1009 8.48742 
0.583852 -1.59671 0.086515 
0.164541 0.161912 0.146266 
0.22508 0.0288077 0.44372 
-0.688384 -3.73934 2.21628 
-0.141895 0.265913 0.717823 
-0.477659 0.271258 0.808491 
1.28319 -1.85316 0.279522 
0.174131 0.0960459 0.334172 
0.130219 0.167611 0.200291 
0.114254 -0.33964 0.544893 
1.1472 -3.95962 0.829164 
-0.399118 -1.51424 1.7382 
-0.431459 -1.35461 1.70502 
-0.409303 -0.677663 1.60878 
0.257793 0.122268 0.116358 
0.10932 0.153082 0.28952 
0.322233 -0.0125822 0.303634 
1.3755 -1.97547 0.28684 
0.0482879 -0.141062 0.136596 
0.352891 -1.15371 1.8149 
-0.389275 0.282472 0.867864 
0.771553 -4.22717 1.28503 
0.108916 0.149866 0.284672 
0.258412 -0.121853 0.328573 
0.447526 0.0782962 -0.0219359 
0.0542925 0.165944 0.307842 
0.128727 0.166596 0.19908 
-0.0190407 -4.31221 1.98657 
0.154686 0.127009 0.300771 
0.269851 0.11609 0.114462 
-0.455818 0.292467 0.883157 
1.53099 -2.38572 0.775458 
1.20576 -1.69092 0.271956 
-0.420684 -1.59111 1.8389 

1.22968 -4.12353 6.77463 
-0.432951 0.420893 0.95151 
0.00446289 0.247588 0.257756 
9.7253 -12.6208 5.40648 
7.56991 -9.36703 3.93362 
1.76997 -5.31338 8.76292 
2.37421 -1.11572 0.190431 
-1.71793 -5.03413 3.72859 
-1.36106 -2.53403 2.53372 
-1.39481 -5.08305 3.40619 
0.00524166 0.249377 0.258864 
-0.020598 0.125638 0.652554 
-1.40726 -5.00725 3.48679 
-0.434376 0.415796 0.943424 
-0.864496 0.465212 1.10596 
1.22211 -2.18152 0.628001 
-0.070359 0.200429 0.534791 
-0.304102 0.207984 0.126758 
-2.97755 -4.6866 3.74223 
-0.139262 -4.70436 2.39468 
-0.78679 -1.52019 2.15282 
-0.616922 -0.799751 1.5602 
-0.737552 -0.553748 1.87737 
-1.67217 -0.912483 0.596268 
0.0103762 -0.0521684 0.523729 
0.0740209 0.0697981 0.480502 
1.23458 -2.18817 0.632377 
-2.03624 -5.34364 3.67256 
0.143248 -6.59824 11.4828 
-0.774022 0.491626 1.21798 
-0.482003 -5.20155 2.91439 
0.305848 0.108336 0.0876858 
0.0137261 -0.0507547 0.524853 
0.22295 0.143669 0.134496 
0.100503 0.197811 0.204173 
-0.100955 0.276081 0.360219 
-0.158877 -5.18181 2.63065 
0.318546 -0.213555 0.312604 
0.0428813 0.204964 0.274449 
0.00485159 0.246551 0.257062 
1.08738 -2.12523 1.01077 
1.26759 -2.22668 0.642232 
-0.776932 -1.49136 2.14937 
