0.777873 -0.133963 -0.613977 -0.0382393 0.123401 0.990554 -0.059786 -0.00278796 0.616186 -0.0292596 0.787057 -0.102535 0 0 0 1
0.999205 -0.0244882 -0.0314443 -0.00299577 0.0240829 0.999623 -0.0132025 -0.00745498 0.0317558 0.0124348 0.999418 -0.0285216 0 0 0 1
###
0.491702 -1.85988 2.89078 
-0.137498 0.257532 0.696106 
6.81038 -8.3326 2.95161 
0.281377 0.113768 0.106697 
3.84213 -10.1733 14.6268 
-0.373985 -1.42253 1.63166 
2.65299 -21.7638 7.37624 
-0.133347 0.253947 0.687036 
0.629561 -1.73603 0.0890036 
0.422218 0.0068764 0.304719 
0.223472 0.0286266 0.44152 
-1.36326 -3.89924 3.06232 
1.23427 -1.91427 0.620374 
1.71835 -2.51298 0.368553 
6.43901 -11.3625 14.2446 
-0.103089 -0.345427 0.240555 
0.133485 0.111267 0.423542 
0.0850455 0.130969 0.301255 
-0.434885 0.275692 0.836055 
0.171413 0.0945059 0.329223 
-0.387156 -0.641491 1.5225 
-0.141146 0.260765 0.703833 
0.314162 -0.0123174 0.296138 
0.390305 -0.18576 0.344114 
1.33603 -1.92038 0.283282 
0.36578 0.05025 0.137364 
-0.7678 -2.8693 1.74716 
-0.675218 -3.65546 2.16602 
0.251658 -0.118647 0.319865 
-0.409578 -0.866526 1.57596 
-0.353418 -1.45776 1.59312 
0.861537 -3.31854 5.20935 
0.107408 0.150538 0.285074 
0.342108 0.092089 0.00195404 
0.37584 0.126516 -0.0140424 
-0.441116 0.28288 0.854273 
-0.821084 -3.20161 1.71078 
0.172271 0.134197 0.187751 
0.255577 0.0765368 0.139669 
-0.397217 -1.50239 1.73614 
0.229638 -4.38117 1.79259 
0.203683 0.0967083 0.211354 
0.265409 0.114164 0.112628 
0.441756 0.0773623 -0.0213505 
1.43792 -2.24088 0.731368 
-0.611709 -3.38174 1.93897 

0.669788 -7.20342 12.7833 
-0.433072 0.420799 0.951289 
9.72458 -12.6184 5.40871 
0.056209 0.210421 0.2763 
1.68004 -5.13813 8.43035 
-0.786316 -1.51846 2.15077 
0.434442 -5.1756 1.89407 
-1.69493 -0.917832 0.593815 
-2.04102 -5.35582 3.68124 
-0.332858 0.226827 0.137836 
-0.0206522 0.12568 0.652558 
-1.33867 -2.57065 2.67055 
1.09738 -2.15936 1.0082 
1.22251 -2.18314 0.627991 
-4.77713 -12.665 15.4147 
0.189019 0.157431 0.152118 
-0.117555 0.214719 0.595044 
0.201547 0.251414 0.181437 
-0.773868 0.491594 1.2177 
-0.0704181 0.200493 0.53489 
-0.737651 -0.553636 1.87797 
-0.434397 0.415854 0.943431 
0.0740346 0.0698268 0.480637 
0.162607 0.131254 0.312073 
1.23542 -2.18983 0.632764 
0.342454 0.0663411 0.232531 
-1.14168 -4.3483 2.80505 
-1.40637 -5.00622 3.48617 
0.0136693 -0.0508608 0.525084 
-0.835104 -0.861769 2.07795 
-0.616677 -0.799427 1.55991 
0.11767 -6.5936 11.4802 
0.231423 -0.0179077 0.405259 
0.167605 0.179252 0.145731 
-0.04213 0.197596 0.516612 
0.00445687 0.247575 0.257737 
-1.83372 -5.19491 3.29834 
-0.0175656 0.255729 0.281743 
0.0315535 0.165952 0.310191 
-0.777617 -1.49227 2.15114 
-0.482399 -5.20154 2.91556 
0.235557 0.0240407 0.371901 
0.042861 0.204892 0.274367 
0.222896 0.143624 0.134462 
1.0966 -2.14487 1.01401 
-1.40076 -5.09901 3.41986 
