0.982842 0.168667 0.0746469 0.0485686 -0.158238 0.978989 -0.128612 -0.207023 -0.0947712 0.114594 0.988882 -0.102713 0 0 0 1
0.998003 -0.0606803 -0.0175463 0.0264011 0.0600338 0.997573 -0.0352821 -0.00515244 0.0196447 0.0341583 0.999223 -0.018436 0 0 0 1
###
-0.818896 -1.35634 0.456477 
-0.670527 -1.43724 1.36244 
-0.181822 0.286443 0.29192 
0.0278729 -0.103363 0.39601 
-0.929732 -3.89267 2.60783 
-1.95378 -3.64974 0.929822 
-0.0859173 0.277778 0.135413 
0.553898 -1.79101 3.43176 
-0.976185 -4.11733 2.7376 
-0.455858 -1.63544 2.19933 
-1.06865 -0.0978771 0.351515 
-1.53075 -0.833776 0.222797 
1.0976 -3.17425 5.8406 
-0.840556 0.359194 0.648317 
-0.678584 -0.37759 1.24502 
-1.13751 -3.8086 2.52588 
-0.468406 -1.60343 2.19162 
-0.0860212 0.277279 0.135318 
-1.00957 0.0678021 0.34155 
-0.987179 -3.19826 2.23234 
-0.751714 -1.06095 0.454793 
0.225543 -0.021153 0.165706 
-0.998224 -0.353872 0.738732 
-0.171856 0.319814 0.166899 
-0.960472 0.272579 0.374283 
-1.18314 -1.8815 0.684046 
-0.948013 -0.323056 0.708715 
-0.531902 -1.58112 2.05538 
0.135977 0.0955233 0.159126 
0.874485 1.52613 0.0412437 
-0.0648888 0.192877 0.273423 
-0.941598 -1.41786 0.545709 
-0.171766 0.318337 0.165101 

-0.908241 -0.844618 0.177361 
0.247149 -0.556934 0.742761 
0.103477 -0.618269 0.648994 
0.114729 -0.711449 0.590705 
0.255611 -1.0063 0.760464 
-1.04772 -1.03822 0.161158 
-0.00423063 0.316053 0.172523 
2.73009 -2.1281 0.952435 
0.259311 -0.989397 0.757353 
0.15008 -0.20161 0.269788 
-0.163908 0.159015 0.254341 
-0.165435 0.122508 0.265899 
3.84212 -3.02003 1.36385 
-0.205828 -0.443272 0.597731 
0.113452 0.0737879 0.253141 
0.159139 -0.811646 0.685652 
-1.48441 -1.44509 0.953008 
-0.167101 0.305763 0.18772 
-0.00294238 0.28726 0.0528835 
0.126673 -0.588602 0.542725 
0.253456 -0.509062 0.68932 
-2.15844 -1.98835 0.296299 
-0.0838548 0.111944 0.286555 
0.422982 0.382302 0.128149 
0.253016 0.331429 0.159553 
-0.219398 -0.675503 0.935091 
-0.122629 0.0616625 0.301567 
0.0946369 -0.127981 0.176105 
-0.122279 0.305243 0.178546 
0.0983623 -0.124665 0.165142 
-2.46673 -2.52913 0.362377 
-0.104904 -0.358503 0.515584 
0.354501 0.329068 0.113378 
