-0.196065 -0.205264 -0.958867 -0.0227591 0.10273 0.968165 -0.228261 -0.221341 0.975195 -0.143258 -0.168736 0.169962 0 0 0 1
0.999824 -0.0181437 -0.0048736 0.0202131 0.018195 0.999777 0.010686 0.0133132 0.00467863 -0.0107728 0.999931 0.00169464 0 0 0 1
###
-0.122084 0.263885 -0.0515523 
-0.0706588 0.231578 -0.0325583 
-0.00249993 -0.306763 -0.373891 
0.723448 -0.488555 0.360061 
-0.0955841 0.257852 -0.0256039 
-0.121099 -0.320449 -0.127995 
-0.042339 -0.0977124 -0.113516 
-0.11822 0.25084 -0.0758058 
0.332031 -0.160896 0.127868 
0.255611 -1.0063 0.760464 
0.478433 -1.72772 1.06682 
-0.102416 0.190078 -0.10558 
-0.142434 0.194981 -0.00772933 
-0.0642001 0.0174256 0.149297 
1.4338 -1.78141 0.611844 
-0.132668 0.26277 -0.0442363 
-0.0361613 -0.189554 -0.197204 
-0.108408 -0.580787 -0.163735 
0.259311 -0.989397 0.757353 
-0.106808 0.250795 -0.0480813 
-0.0598022 0.232345 -0.0307592 
-0.0712242 0.292405 0.103967 
0.105702 -0.848349 0.134737 
-0.0808884 0.221651 -0.0735521 
-0.0822689 0.20462 -0.0737255 
-0.0584424 0.246904 -0.0161841 
0.103356 -0.875787 0.64826 
1.89335 -2.4557 0.845822 
-0.0309316 0.296573 0.0671959 
-0.11273 0.258492 -0.0487635 
-0.113707 0.266202 -0.0405371 
0.0360452 -0.458496 -0.2973 
0.145242 -0.727295 0.510139 
0.908142 -0.623305 0.456728 
0.177679 -0.884378 0.461776 
-0.087545 0.203055 -0.0441608 
1.62325 -1.41491 0.258396 
-0.0812095 0.218564 -0.0565038 
-0.0468521 0.310248 0.147644 
-0.000335089 -0.204769 -0.1372 
-0.125698 0.0456978 0.133454 
0.124253 -0.130423 0.299886 
0.0530547 -0.577754 0.181496 
0.0437857 -0.629403 0.508202 

-0.113163 0.334846 0.0941796 
-0.000906757 0.0206791 0.398322 
3.09183 -2.37884 0.69093 
0.31232 -4.43485 8.15456 
0.683012 -1.50976 0.359592 
0.68868 -1.58245 0.282538 
0.885853 -1.31709 0.694172 
-0.1415 0.235741 0.368337 
1.0979 -3.17338 5.83999 
-0.969786 -4.08875 2.71805 
-0.815015 -4.69102 2.9692 
0.17663 -0.00113864 0.174616 
-0.820482 -1.35879 0.457086 
-0.76103 -1.6305 1.53955 
1.89348 -7.40248 8.71473 
0.202084 -0.0322462 0.390206 
1.11405 -1.31068 0.496185 
-1.02987 -3.86023 2.33763 
0.67734 -1.42061 0.326564 
-0.158874 0.288974 0.187727 
0.107031 0.166638 0.174593 
-0.843292 0.361079 0.651717 
0.345801 -3.70279 1.86939 
0.0210075 0.226944 0.279742 
0.0449979 0.154226 0.285219 
0.159984 -0.0379396 0.22655 
-1.02887 -4.41703 2.46482 
2.7714 -10.4252 11.6962 
-0.51674 0.389087 0.56601 
-0.125751 0.336693 0.105041 
-1.17547 -0.735045 0.201541 
1.12803 -1.31663 0.499052 
-0.685702 -3.89152 2.48398 
0.498202 -7.49446 13.7472 
-0.227981 -3.72269 2.20221 
-0.461336 0.40092 0.572877 
2.93533 -5.10429 8.36031 
-0.124424 0.0961999 0.345461 
-0.944888 0.299264 0.468383 
-1.88577 -3.56094 0.955194 
3.17562 -11.8453 13.7536 
-0.590255 -1.06099 1.42836 
0.0790466 -3.67772 2.01892 
-1.06692 -4.58256 2.56105 
