0.982922 0.163818 0.0838384 0.547037 -0.151422 0.978871 -0.137413 -0.467317 -0.104578 0.122371 0.986959 -0.169354 0 0 0 1
0.276349 -0.155618 -0.948375 -0.0053692 0.131926 0.983604 -0.122957 0.00251688 0.95196 -0.0911364 0.292348 -0.0212009 0 0 0 1
###
-2.1999 -6.95008 4.6574 
-0.881231 0.540045 0.502312 
4.70565 -3.498 1.67689 
-0.41994 -0.181138 0.659416 
-2.30306 -0.687837 1.16412 
-2.41662 -4.0136 3.0325 
0.545017 -5.90554 2.77631 
-1.42608 -2.93824 4.01134 
1.87707 -7.71684 14.2223 
-0.687093 0.583384 0.170337 
-2.0296 0.688045 1.09815 
-0.618541 0.519056 0.169822 
-0.433565 0.506312 0.192996 
-1.88701 -2.04163 0.761681 
-0.618516 0.517895 0.169024 
-2.7296 -0.97238 0.256228 
-2.37167 0.113905 0.541342 
-3.35996 -4.75583 1.54441 
-0.169281 -0.0550795 0.311472 
-0.27869 0.335518 0.229446 
-2.13401 -0.200343 0.475362 
-1.91381 -2.86061 2.51323 
-2.84792 -3.7727 1.31357 
2.19516 -8.26875 15.5218 
-1.75151 -0.6654 2.22637 
-0.659349 0.502869 0.433453 
-0.309528 0.495831 0.202904 
1.84029 -7.11735 13.2928 

0.199408 -0.269538 0.0538472 
-0.174258 0.110839 0.287764 
0.120387 0.100965 -0.159107 
0.242117 -0.385843 0.0720071 
-0.0360305 0.114269 0.211015 
0.135078 -0.113575 0.0603774 
0.258774 -0.732748 0.114186 
0.154294 -0.140409 0.0471433 
0.203846 -0.189138 0.0817225 
0.075144 0.117153 0.0867991 
0.343244 -0.361536 0.265808 
-0.0585939 0.123079 0.223286 
0.130681 0.00628781 -0.0118625 
-0.323894 -0.4751 0.402401 
0.0722346 0.119292 0.0345758 
0.0751903 0.131549 0.262996 
0.119731 0.0344019 0.0570413 
0.20348 -0.207345 0.167037 
0.199959 -0.281808 0.224369 
0.0525991 0.0992419 1.61224e-05 
0.102276 0.110852 0.00831068 
0.271723 -0.26485 0.0292358 
0.236968 -0.24793 0.198284 
0.530373 -0.909545 -0.716285 
0.13181 0.00447094 -0.00946087 
0.179874 -0.354344 0.054753 
0.061828 0.110742 0.0281155 
0.136359 -0.11805 0.0671266 
