0.980695 0.177398 0.0822627 0.0447196 -0.168865 0.980434 -0.101163 -0.184272 -0.0985993 0.0853192 0.991463 -0.0809813 0 0 0 1
0.998003 -0.0606803 -0.0175463 0.0264011 0.0600338 0.997573 -0.0352821 -0.00515244 0.0196447 0.0341583 0.999223 -0.018436 0 0 0 1
###
-1.95036 -3.64361 0.92873 
0.555391 -1.79934 3.44338 
0.336067 -0.120846 0.174599 
3.17562 -11.8453 13.7536 
-0.813042 -1.6925 1.47638 
0.777305 -0.438149 0.286995 
-0.909355 -1.89965 1.48279 
-0.931044 -3.897 2.611 
-0.458138 -1.559 2.10627 
-1.10204 0.0161276 0.366164 
-0.685702 -3.89152 2.48398 
-0.841579 0.359693 0.648835 
-0.051317 0.313464 0.0811902 
-0.782281 -0.247905 1.02401 
-1.13715 -0.634702 0.199189 
-0.730172 0.0759525 0.25334 
-0.871443 -0.246891 0.928577 
-1.13108 -3.78817 2.51185 
1.38161 -4.18851 7.53682 
2.7714 -10.4252 11.6962 
-1.06937 -0.25207 0.362604 
-0.988535 -3.20094 2.23409 
-1.18097 -1.87844 0.682071 
0.0827905 0.134901 0.27281 
0.79869 -3.97714 1.7732 
0.119827 -0.111892 0.403954 
-0.0857691 0.277958 0.135405 
-0.0516019 0.313114 0.0809745 
0.184437 0.10855 0.150317 
-0.637083 -3.76431 2.32745 
0.880309 -1.31318 0.699872 
0.109727 0.144455 0.238576 
-1.10267 -0.26525 0.371557 
-0.51674 0.389087 0.56601 
-1.54985 -3.58077 0.255918 

-2.64981 -2.63676 0.691322 
0.496356 0.37842 0.135057 
-0.0469273 0.330901 0.183713 
-1.59486 -1.88073 1.69635 
0.119461 -0.595967 0.767099 
0.286441 -0.168824 0.0175979 
0.0946369 -0.127981 0.176105 
0.122587 -0.584081 0.568221 
0.475524 -0.369788 0.284895 
-0.0715364 0.122913 0.283404 
0.171971 -0.798005 0.556578 
-0.398777 0.341208 0.283076 
-0.0242259 0.321686 0.172321 
0.0194375 0.0909407 0.187482 
-0.00294238 0.28726 0.0528835 
-0.0838548 0.111944 0.286555 
0.0721319 0.107956 0.251139 
0.159139 -0.811646 0.685652 
3.84212 -3.02003 1.36385 
0.0824095 -0.861894 0.737815 
0.109469 -0.059161 0.287384 
0.126673 -0.588602 0.542725 
-0.156739 -0.290147 0.441124 
0.141568 -0.779515 0.64819 
0.12161 -0.725657 0.277694 
1.67182 -1.3598 0.315361 
-0.167101 0.305763 0.18772 
-0.211071 -0.724741 0.902681 
0.393107 0.378774 0.163794 
0.133955 -0.716029 0.484387 
-0.332211 -0.815032 0.868764 
-0.206348 0.320987 0.205624 
-0.0588191 0.128773 0.276799 
-0.250268 0.0541796 0.313287 
-0.995554 -1.13858 0.0890132 
