0.999261 -0.0255875 -0.0286992 0.00725565 0.0242457 0.998639 -0.0461679 -0.0108042 0.0298414 0.0454379 0.998521 -0.207194 0 0 0 1
0.995042 -0.0118635 -0.0987477 -0.0103669 0.0100943 0.99978 -0.0183968 -0.00148595 0.0989442 0.0173088 0.994942 -0.00653914 0 0 0 1
###
-0.164077 -0.203583 0.283357 
4.88039 -5.21964 0.94075 
0.19003 -0.0343262 0.494641 
-1.71425 -5.02854 3.69662 
1.09738 -2.15936 1.0082 
0.296559 -0.0300559 0.283745 
0.669788 -7.20342 12.7833 
0.0122585 0.170508 0.329147 
-1.72325 -5.04599 3.73765 
-0.344852 0.361713 0.835197 
-0.176101 -0.881666 1.46693 
-0.86533 0.466481 1.11467 
-1.83688 -0.998071 0.63141 
-1.67476 -0.9133 0.596785 
0.232352 -0.0178588 0.405678 
0.747311 -2.37503 4.0281 
0.174153 -0.134481 0.567132 
-0.0517978 0.198042 0.390258 
-0.0199652 0.124985 0.65333 
-0.86533 0.466481 1.11467 
0.139977 0.0089511 0.500442 
0.166811 0.0985673 0.473121 
-1.6782 -0.821975 0.5958 
-1.68371 -4.56174 5.47481 
0.269427 -0.458344 0.698626 
-1.06788 0.358622 0.707747 
0.249229 0.0286702 0.334276 
0.169146 0.0861268 0.481694 
-0.720915 -0.53828 1.8907 
-1.25738 -0.187385 0.725158 
-2.00802 -2.6193 1.3822 
-0.0516329 0.197659 0.389977 
0.0492679 0.150744 0.315247 
-0.437227 0.421186 0.949351 
-1.37778 -0.246807 0.775414 
-0.673434 -0.859633 0.5872 
1.26664 -2.22674 0.641944 
0.965164 -2.16251 0.933439 
-0.907247 0.483854 1.14924 
0.0146601 0.161044 0.340509 
0.116351 0.152561 0.252773 
-0.115685 0.234742 0.500038 
0.183363 0.120473 0.381085 
-0.159033 -5.18202 2.63013 
-1.04845 -1.94032 1.99118 
0.434442 -5.1756 1.89407 
0.178365 0.150853 0.222581 
0.246682 -0.00761233 0.323946 
-0.0349722 0.189821 0.391735 
-0.0132809 0.183068 0.384808 
1.77205 -5.31859 8.77291 
0.328311 0.0171557 0.25741 

-0.812446 -2.28494 1.86833 
0.159857 0.113753 0.31657 
0.12859 0.0957325 0.429281 
-1.15642 -6.86775 3.67834 
1.23427 -1.91427 0.620374 
0.513152 -0.085724 0.107843 
0.861537 -3.31854 5.20935 
0.240045 0.0791398 0.157178 
-3.29273 -12.9845 8.12659 
-0.137498 0.257532 0.696106 
-0.876452 -2.05924 1.38282 
-0.462323 0.261967 0.78261 
-1.1217 -0.811661 0.344575 
0.535943 -0.216609 0.114269 
0.451233 -0.0803206 0.218457 
0.491702 -1.85988 2.89078 
0.395021 -0.18934 0.348687 
0.18676 0.101152 0.214077 
0.236057 0.021858 0.437468 
-0.474328 0.268207 0.793549 
-0.0299334 0.267086 0.667885 
0.380532 0.0172357 0.277138 
0.251658 -0.118647 0.319865 
-0.027574 -0.833004 1.02783 
0.503881 0.00676163 0.0696001 
-0.625185 0.186779 0.448054 
0.419137 -0.0329931 0.142806 
0.400178 0.006699 0.297047 
-0.344298 -0.586588 1.43525 
-0.74882 -0.205778 0.447186 
-0.963827 -1.54878 0.548693 
0.186173 0.0998629 0.213316 
0.252313 0.0570956 0.133733 
-0.409578 -0.866526 1.57596 
-0.771649 -0.272233 0.453781 
-2.08618 -3.39958 1.00213 
1.1572 -1.62346 0.263436 
1.43792 -2.24088 0.731368 
-0.467936 0.260911 0.776899 
0.232942 0.0673221 0.160198 
0.140826 0.0926846 0.38778 
0.130813 0.124239 0.305539 
0.520501 -0.297851 0.222911 
0.138648 -0.372223 0.0983228 
-1.03619 -2.78702 2.03271 
0.300413 -5.43969 2.1997 
0.395554 0.000200448 0.183421 
1.71835 -2.51298 0.368553 
0.200448 0.0938263 0.213589 
0.629561 -1.73603 0.0890036 
3.84213 -10.1733 14.6268 
0.132712 0.15532 0.158745 
