-0.00561893 -0.197049 -0.980378 0.00683189 0.122184 0.972912 -0.196249 -0.217465 0.992492 -0.120889 0.0186094 0.178534 0 0 0 1
0.999824 -0.0181288 -0.00491558 0.0202187 0.0181805 0.999778 0.010688 0.0133148 0.00472073 -0.0107755 0.999931 0.00169501 0 0 0 1
###
0.0610633 0.0989775 0.208559 
0.478433 -1.72772 1.06682 
-0.0706588 0.231578 -0.0325583 
0.171971 -0.798005 0.556578 
-0.0654727 0.230601 -0.0340549 
0.723448 -0.488555 0.360061 
-0.0433448 -0.0958193 -0.112729 
-0.0759803 -0.0485371 -0.232901 
-0.0967946 0.262615 -0.0225261 
-0.00277286 -0.371967 0.11663 
1.4338 -1.78141 0.611844 
0.191275 -1.04168 -0.52733 
-0.112816 0.266943 -0.0408096 
-0.0712242 0.292405 0.103967 
-0.103015 0.186457 -0.102528 
0.259311 -0.989397 0.757353 
0.114978 0.0717284 0.260168 
-0.0381621 0.292218 0.0602477 
-0.0309316 0.296573 0.0671959 
1.83867 -2.38668 0.817825 
0.0804427 -0.295216 0.419368 
0.908142 -0.623305 0.456728 
0.0469226 -0.671325 0.0691485 
0.126673 -0.588602 0.542725 
0.133955 -0.716029 0.484387 
-0.115342 0.242795 -0.0748396 
-0.0979382 0.314312 0.177457 
0.0505792 -0.683863 0.0769659 
0.124253 -0.130423 0.299886 
0.0920006 -0.658409 0.266815 
-0.0762357 0.23505 -0.0444025 
-0.064854 0.250889 -0.0146909 
-0.087545 0.203055 -0.0441608 

-0.676942 -0.379317 1.24743 
-0.82587 -4.74171 3.00238 
-0.000907808 0.0206747 0.398328 
-0.683091 -3.88044 2.47687 
-0.0266469 0.225429 0.261675 
0.313438 -4.43648 8.15646 
0.885666 -1.31685 0.694003 
1.35587 -4.18171 7.50798 
0.689076 -1.58315 0.28259 
0.345875 -3.698 1.86695 
1.89429 -7.40079 8.71214 
1.1119 -1.30821 0.494846 
-0.598064 0.338237 0.410937 
-1.58189 -2.6009 0.893253 
-0.201039 0.338323 0.158726 
-0.976185 -4.11733 2.7376 
0.0510776 -0.106893 0.37398 
-0.511711 0.393359 0.572681 
-0.503387 0.383404 0.559784 
2.77318 -10.4244 11.694 
-0.760132 -1.6289 1.53797 
0.500236 -7.49791 13.752 
0.473326 -3.38225 1.64698 
-0.987179 -3.19826 2.23234 
-0.595144 -3.49274 2.16664 
0.963717 -1.34084 0.224211 
-0.955888 0.301538 0.474008 
0.325411 -3.6068 1.83253 
-0.589274 -1.05956 1.42643 
0.079313 -3.67457 2.0171 
0.186361 0.0710236 0.175081 
-1.17413 -0.734288 0.201472 
0.201996 -0.0381019 0.182435 
