0.999395 -0.013697 -0.0319775 0.00908906 0.0101375 0.993998 -0.108932 -0.0222319 0.0332776 0.108542 0.993535 -0.213755 0 0 0 1
0.995022 -0.0117495 -0.0989631 -0.0109203 0.0100175 0.999788 -0.0179803 -0.00166058 0.0991534 0.0168994 0.994929 -0.00691318 0 0 0 1
###
-3.13622 -4.33745 1.63688 
1.78913 -1.82872 0.540552 
-1.71793 -5.03413 3.72859 
-4.49807 -15.7812 20.2741 
1.95871 -10.3041 11.3106 
-0.733932 -0.553628 1.87859 
-0.737552 -0.553748 1.87737 
-1.2505 0.0684306 0.743828 
-0.899153 -3.29761 4.44654 
0.295057 -0.0292532 0.284674 
-0.101742 0.278788 0.361661 
-0.0697753 0.202556 0.535786 
0.16676 0.0985275 0.473016 
0.180926 0.0707879 0.488774 
0.232461 -0.0177613 0.405552 
-1.77558 -0.873901 0.617231 
-1.32106 0.0872803 0.776106 
1.67693 -5.12884 8.41521 
-0.864998 0.466297 1.11441 
0.0618298 0.15543 0.285478 
0.0315554 0.166004 0.310276 
-1.61397 -0.565134 0.508417 
1.21011 -2.14543 0.628408 
0.965694 -2.16291 0.933694 
-0.115494 0.234612 0.499973 
0.103701 0.149395 0.401476 
-0.563315 -0.693061 0.513895 
0.274957 -0.128649 0.313864 
0.271187 -0.461715 0.700714 
-1.32429 0.329281 0.56538 
0.0175253 0.167157 0.50826 
0.0178344 0.17296 0.32205 
-1.62829 -0.574633 0.514011 
-0.0513389 0.197433 0.390328 
0.24704 -0.00759599 0.323677 

-0.487557 -0.7071 0.126135 
0.226569 -0.189216 -0.0114327 
-3.30133 -13.1246 8.20962 
0.0703843 -0.368485 0.556735 
1.93244 -7.60261 7.43774 
-0.501017 -0.830635 1.94654 
-0.48042 -0.783368 1.85988 
0.0675197 0.189975 0.276633 
-0.028751 -0.896752 1.10461 
0.514603 -0.0857015 0.111012 
0.258181 -0.0250606 0.393714 
1.04891 -1.50361 0.227893 
0.39169 0.0177093 0.285191 
0.408461 -0.00756819 0.299746 
0.47519 -0.0842762 0.229662 
0.135503 0.100395 0.451872 
-0.283566 0.23009 0.547717 
3.73415 -9.59217 13.8405 
-0.538111 0.303987 0.897968 
8.98941 -8.91889 5.65138 
0.39935 0.0408764 0.222204 
0.246476 0.0886201 0.16655 
0.179145 0.142824 0.190482 
1.59751 -2.48835 0.806711 
0.137404 0.130329 0.320742 
0.748557 -2.0794 0.0936133 
-1.03433 -1.66122 0.589286 
0.38918 -0.0975545 0.285069 
0.140157 0.103309 0.460876 
-0.648939 0.238001 0.639853 
0.254248 0.0724794 0.322765 
0.0237001 0.279649 0.684913 
0.140102 0.12114 0.339231 
0.196902 0.105743 0.225649 
0.232622 -0.291689 0.0602081 
