0.842632 -0.0822665 -0.532168 -0.0392955 0.0677594 0.996605 -0.0467727 0.00138931 0.534209 0.00335283 0.845346 -0.0898617 0 0 0 1
0.999204 -0.0245372 -0.0314597 -0.00297888 0.0241314 0.999621 -0.0132159 -0.00745329 0.0317721 0.0124462 0.999418 -0.0285143 0 0 0 1
###
0.353149 -1.29812 2.02132 
-0.141408 0.269965 0.730572 
3.67841 -4.28343 1.41762 
3.84574 -10.1448 14.5618 
0.421697 -5.20389 1.99486 
-0.152533 0.285287 0.769108 
0.258776 0.0246362 0.48031 
2.57565 -2.48752 -0.0431364 
0.0715213 -0.11471 0.193413 
-0.448146 -1.27644 1.75041 
0.265941 0.126318 0.12196 
1.01667 -1.45705 0.224118 
1.38398 -2.14662 0.689449 
0.288376 0.114394 0.107897 
-3.30133 -13.1246 8.20962 
-1.63991 -4.38086 3.18897 
-0.152533 0.285287 0.769108 
0.183461 0.101582 0.352678 
0.165326 0.162442 0.144171 
2.75637 -7.43013 0.606607 
0.0283398 0.226171 0.56933 
-1.08685 -4.25316 2.25391 
0.32021 -1.02107 1.60961 
-0.41125 -1.56547 1.79571 
0.214731 -1.02837 1.58092 
-0.538111 0.303987 0.897968 
0.229618 0.128429 0.156251 
0.0890408 0.136651 0.312997 
1.3482 -1.92866 0.275601 
0.880385 -1.49624 0.438863 
-0.453838 -1.71465 1.98048 
1.12406 -4.3575 6.82212 
0.179845 0.140101 0.196117 
0.270957 -0.127901 0.344713 
-0.148742 0.271652 0.733149 
-0.401398 0.224287 0.542979 
-0.48042 -0.783368 1.85988 
0.161317 0.139114 0.216455 
0.181124 0.145145 0.198726 
0.267863 0.0801576 0.146493 
1.59751 -2.48835 0.806711 
0.299742 -1.59765 2.43938 
0.230868 -0.305934 -0.0357912 
0.135503 0.100395 0.451872 

0.746246 -2.37236 4.01937 
-0.154145 0.207196 0.537307 
9.7255 -12.6212 5.40705 
1.22727 -4.12442 6.77541 
0.439721 -5.24846 1.92139 
-1.76546 -2.09818 0.221012 
0.114954 0.0805689 0.471308 
1.67443 -5.12484 8.41007 
-4.8214 -12.6357 15.4247 
-0.617003 -0.799813 1.5605 
2.18987 -0.632885 0.310355 
1.22262 -2.18301 0.627454 
1.09797 -2.15974 1.00798 
0.0550919 0.19877 0.263373 
-1.71601 -5.02969 3.72606 
-1.36271 -2.53704 2.53687 
-1.68741 -0.914886 0.593613 
-0.0703694 0.200475 0.534831 
0.140372 0.00975891 0.501719 
0.290778 0.130653 0.0830047 
0.00523608 0.24928 0.258768 
-1.83336 -5.19272 3.29609 
0.667111 -7.2073 12.7914 
-0.786958 -1.52053 2.15354 
0.0915938 -1.78082 3.07766 
-0.864541 0.465282 1.1061 
0.166936 -0.0248675 0.523802 
-0.170865 0.244418 0.493321 
1.26851 -2.22834 0.642577 
1.20696 -2.17842 0.62626 
-0.776909 -1.49132 2.14957 
0.117251 -6.59747 11.4859 
-0.0175618 0.255774 0.281776 
0.0137603 -0.0507698 0.524969 
0.00485458 0.24641 0.256925 
-0.211924 0.235866 0.56413 
-0.737914 -0.553921 1.87859 
-0.0386587 0.229681 0.346035 
0.275052 -0.127951 0.313947 
0.0315505 0.166033 0.310259 
1.08826 -2.1269 1.01149 
-4.51084 -15.775 20.2768 
0.181469 -4.55005 2.07926 
-0.233357 0.234989 0.195549 
