-0.9874 -0.0573732 -0.147477 0.00596775 -0.0195305 0.969018 -0.246216 -0.0818069 0.157034 -0.240234 -0.957929 0.0613084 0 0 0 1
0.999453 -0.012929 -0.0304407 0.0369309 0.0132167 0.99987 0.00926969 -0.00334804 0.0303169 -0.00966695 0.999494 0.00315297 0 0 0 1
###
0.0614396 0.108805 0.00536534 
-0.00925312 0.0869615 0.00426671 
0.529749 -0.908706 -0.715599 
-0.123952 -0.0844548 -0.0297503 
0.142648 -0.0911128 -0.00248878 
-0.000101498 -0.183923 0.0226496 
-0.0519763 -0.0999455 -0.0179993 
0.0516587 0.10713 0.00578854 
0.228217 -0.321578 0.054177 
-0.0743429 -0.157388 0.0335822 
0.00195938 -0.354111 0.00511442 
0.0323763 -0.327381 0.0117796 
0.129863 -0.0732768 0.00298729 
0.275383 -0.330931 -0.257119 
-0.0636939 -0.134378 -0.0421852 
-0.117996 -0.179762 -0.041501 
-0.0155004 0.0913212 0.00237866 
0.225562 -0.530989 -0.454416 
0.221209 -0.339808 0.0519924 
0.0285119 -0.274578 0.0168758 
0.18407 -0.177546 -0.0787191 
0.131604 0.00419311 -0.00956157 
-0.0531561 -0.10365 -0.0191359 
0.517004 -0.896543 -0.714654 
0.445363 -1.17816 -0.549554 
0.0618415 0.108942 0.00539619 
0.204025 -0.223684 -0.1865 
-0.0535667 -0.106413 -0.0201523 
-0.0590824 -0.353422 0.00090572 
0.0964369 -0.320712 0.0215838 
0.280959 -0.686505 -0.588434 
-0.0140429 0.106982 0.0218203 
0.0634974 0.109423 0.0046069 
-0.0526225 -0.104373 -0.0197446 
-0.102011 -0.142016 -0.0308459 
0.138789 -0.0290789 -0.00491853 
0.175392 -0.168326 0.110915 
0.0275314 -0.363763 0.00723281 
0.0993866 0.1122 0.0153518 
0.0205257 0.0953981 0.00835784 
0.135876 -0.0784703 -0.00124109 
0.106098 -0.365817 0.0170046 
0.173126 -0.444711 0.0200824 

0.318642 0.800869 0.2328 
0.256621 0.149994 0.534497 
1.84855 -7.14808 13.3501 
-0.0841505 -0.0664293 0.270482 
-1.02665 -1.41221 1.71231 
0.911029 -6.14372 2.37833 
0.959098 -2.07201 1.084 
-2.64464 -1.34853 0.298757 
-3.32332 -9.43476 6.19744 
-1.7543 -7.203 4.48493 
-0.0827236 -6.12649 2.9217 
0.905594 -5.69645 2.43827 
-1.62697 -1.99685 2.62203 
6.75245 -7.42712 11.0506 
1.254 -2.29006 1.36586 
-0.465511 0.333318 0.455255 
-0.143834 0.005534 0.247764 
3.16085 -2.69555 3.92934 
-2.63853 -7.31356 4.76812 
0.0924259 -6.58492 3.37997 
-1.7873 -2.56937 1.76889 
-1.75235 -0.665663 2.2274 
1.21421 -2.51024 1.3148 
2.19116 -8.25097 15.4889 
3.06601 -14.1614 16.3535 
-0.138209 0.26874 0.187152 
-0.621641 -3.02033 5.42125 
0.835723 -3.06754 0.493281 
0.0668579 -6.5462 3.38086 
0.564132 -6.30383 2.99914 
3.18892 -6.44221 11.6691 
-0.0979286 0.116425 0.243683 
2.829 -0.0422702 0.671025 
-0.367785 0.373311 0.339785 
1.5741 -2.38192 0.908709 
-2.40129 -0.225218 0.543103 
-3.20195 -4.30472 1.64593 
0.694942 -6.08933 2.79418 
3.56906 1.31244 0.453356 
0.0979803 0.409738 0.420341 
-0.164052 0.215079 0.225921 
1.0462 -6.10754 2.59147 
-0.969554 -6.75386 4.0597 
