0.790399 -0.199935 -0.579047 -0.0343999 0.230533 0.972833 -0.0212253 -0.00967457 0.56756 -0.116713 0.815018 -0.105356 0 0 0 1
0.999781 -0.0135472 -0.015924 -0.0019405 0.0133894 0.999861 -0.00997338 -0.00457574 0.0160568 0.00975799 0.999823 -0.0173457 0 0 0 1
###
3.82731 -10.1751 14.6265 
-1.21681 -7.25331 3.86609 
-0.0211257 -0.135776 0.129861 
0.2013 0.0257468 0.397603 
-0.126033 0.235618 0.636694 
-3.48763 -10.1144 6.58886 
0.352951 0.0028782 0.256646 
5.85007 -6.87227 2.27437 
0.162314 0.0908785 0.313459 
1.05779 -1.523 0.233671 
-0.122702 0.232771 0.629255 
5.13114 -5.20822 2.82041 
0.0865677 -0.0153096 0.0692305 
0.120098 0.100044 0.380522 
-0.573536 -3.11079 1.83777 
0.0130881 -0.127022 0.116051 
-0.92801 -2.49294 1.81679 
0.271076 -0.509735 -0.0879581 
0.437164 -3.17394 1.07657 
1.51549 -2.21551 0.328666 
1.11946 -1.73823 0.565516 
0.563262 -2.16783 3.37012 
11.0185 -13.4133 4.64761 
0.157204 0.0871747 0.30215 
0.0497956 0.14156 0.265257 
0.480996 -0.519038 -0.0950379 
-0.34955 -0.578931 1.37473 
-0.63193 -3.5134 2.00787 
-0.315692 -1.307 1.42809 
0.226822 -0.10691 0.288294 
0.230595 0.0672376 0.292582 
0.299182 0.0786253 0.0670157 
0.300256 0.114967 0.023284 
1.09905 -3.78666 0.786774 
-0.372064 -1.50381 1.63154 
-0.429914 0.242452 0.71837 
0.22566 0.0763392 0.138492 
0.282412 0.104666 0.0259938 
-0.398838 0.255607 0.772123 
-0.126626 0.230004 0.621891 
1.28379 -1.85077 0.274316 
0.227156 -4.82848 1.41981 
-0.581808 -3.18935 1.88542 
0.343744 0.0155676 0.250304 
0.0929005 0.128335 0.238677 
0.232961 0.0699834 0.127251 
0.389008 0.0681085 -0.0177321 
-0.0272998 0.66396 2.3979 
1.30673 -1.8762 0.267692 
0.144543 -0.231893 -0.00319121 
13.3543 -16.1556 5.56256 
-0.355178 -1.34341 1.55185 
-0.0681316 -0.820711 0.962725 
0.22629 -0.106132 0.287161 
0.954954 -2.36405 3.51418 
0.184165 0.0874706 0.191243 
0.391833 -0.0286078 0.174949 
0.180806 -0.163637 0.112035 
-0.378862 -0.616766 1.46352 
0.327477 0.00420655 0.241266 

1.68025 -5.13987 8.43718 
-1.13819 -4.34723 2.8069 
-1.44307 -1.69749 0.225044 
0.114858 0.0805078 0.471075 
-0.432709 0.420392 0.950556 
-1.53265 -3.66635 2.91117 
-0.0515668 0.197498 0.38972 
7.57178 -9.37195 3.93211 
-0.069692 0.202556 0.535608 
1.20931 -2.18176 0.626829 
-0.0175641 0.255579 0.281571 
-1.74131 -2.80858 2.4103 
0.0912581 -1.77485 3.06743 
-0.117414 0.21449 0.594437 
-2.03853 -5.3607 3.68412 
0.188823 0.157297 0.151972 
-1.35827 -2.52974 2.53029 
1.5391 -2.08887 0.552277 
-0.138287 -4.70873 2.39585 
1.22288 -2.18353 0.627686 
1.09564 -2.15579 1.00686 
0.11785 -6.5929 11.4787 
9.72154 -12.6204 5.4069 
-0.070352 0.200363 0.534546 
0.277514 0.209304 0.117897 
12.182 -12.7885 4.73705 
-0.733276 -0.553263 1.87706 
-1.39896 -5.10024 3.41735 
-0.803924 -1.67449 2.23879 
0.0136987 -0.0508693 0.524839 
0.0198153 0.176334 0.54781 
0.111788 0.166959 0.234809 
0.122886 0.210119 0.177214 
-0.482142 -5.20204 2.91578 
-0.785985 -1.51747 2.14992 
-0.773499 0.491236 1.21709 
0.172438 0.177616 0.140218 
0.125792 0.212093 0.177312 
0.00486601 0.246399 0.2569 
2.18517 -0.631736 0.310378 
1.23466 -2.18817 0.632008 
1.04742 -4.95446 1.24745 
-1.40638 -5.00728 3.48667 
0.166703 0.0984819 0.472843 
0.233903 0.178808 0.0862384 
0.0315499 0.165727 0.309866 
0.222516 0.143348 0.13425 
4.14149 -4.96182 5.71293 
1.26792 -2.22824 0.641736 
-4.8182 -12.6382 15.4247 
12.7515 -16.4636 6.87133 
-0.776811 -1.49119 2.14927 
-2.97912 -4.68866 3.74404 
-1.69347 -0.917261 0.593474 
0.751455 -2.38631 4.03798 
0.235426 0.0240009 0.371688 
0.224158 0.0356055 0.377748 
1.09758 -2.14626 1.01417 
-0.736645 -0.553016 1.87584 
0.169252 0.0859256 0.481168 
