0.98493 0.150414 0.0853743 0.0476445 -0.151462 0.988446 0.0058967 -0.166487 -0.0835009 -0.0187388 0.996332 -0.060163 0 0 0 1
0.924301 0.336332 -0.180412 0.0512024 -0.350316 0.935227 -0.0512736 -0.179777 0.151481 0.110593 0.982254 -0.0133372 0 0 0 1
###
-2.06509 -6.40077 7.11417 
0.212292 -0.115687 0.420156 
-0.200598 0.338616 0.157945 
-0.98273 0.0370422 0.330954 
0.550961 -1.79303 3.43164 
3.17531 -11.8443 13.7558 
-1.12249 -3.77357 2.50515 
-0.930361 -3.89576 2.61071 
-1.17378 -0.734323 0.202651 
-1.04917 -1.36208 0.579421 
-2.11139 -8.33894 10.0122 
-0.677151 -0.379189 1.248 
-1.14851 -0.481872 0.175869 
-0.451161 -1.53999 2.09791 
0.345804 -3.70079 1.86864 
-0.409323 -0.469703 0.269746 
-0.256729 0.302696 0.25086 
-1.01974 0.211938 0.210118 
8.84916 -8.22175 5.07119 
-0.645706 -1.203 1.58282 
-0.720023 -1.52654 1.87268 
-0.958383 0.259237 0.338464 
-1.1131 -0.175181 0.36966 
-0.867811 -0.244 0.918601 
0.325362 -3.61151 1.83518 
-1.17453 -0.740528 0.210474 
-1.17978 -1.87686 0.681702 
0.139765 0.0941579 0.163539 
1.1288 -1.31721 0.49915 
-0.947059 0.26017 0.332288 
-0.0858404 0.277911 0.135424 
-0.0858407 0.11422 0.294636 
-1.3253 -0.255837 0.439245 
-0.820594 -1.72249 1.54225 
1.89682 -7.40612 8.72475 
0.107874 0.16758 0.175529 
-0.305715 0.337584 0.228222 
-0.624958 -1.11903 1.45074 
-0.188472 0.338728 0.149938 
1.12799 -1.30647 0.496249 
-0.508225 0.386587 0.558702 

-0.313976 -0.728057 0.778458 
12.9605 -10.0301 5.48774 
-0.0116452 0.317107 0.0563867 
-0.143203 0.259996 0.20693 
0.723448 -0.488555 0.360061 
1.4338 -1.78141 0.611844 
0.118487 -0.672526 0.614357 
0.255611 -1.0063 0.760464 
-0.23562 0.0734904 0.275817 
-0.202659 -0.309665 0.499216 
-0.427837 -0.547523 0.694734 
0.134215 0.077539 0.274566 
-0.240641 0.128379 0.29057 
-0.260207 -0.575924 0.725645 
0.013339 -0.329276 0.17336 
-4.92924 -4.9076 3.83005 
0.107865 -0.755441 0.502411 
-0.347042 0.36911 0.304764 
0.715188 -0.494139 0.392684 
0.125174 -0.131807 0.302219 
0.0361756 -0.0374283 0.203398 
0.156782 0.340239 0.191109 
-0.159924 0.181837 0.24006 
0.00815876 0.142556 0.256898 
0.225239 -1.13725 0.415982 
-0.250268 0.0541796 0.313287 
-2.08883 -1.88353 1.26729 
-0.248486 0.0728544 0.320023 
-0.174192 0.0559184 0.30023 
-0.206348 0.320987 0.205624 
0.117258 0.0174813 0.284128 
3.84212 -3.02003 1.36385 
-0.0650233 0.300261 0.0921451 
0.0706779 -0.346567 0.431951 
1.17796 -1.46582 0.540658 
0.334872 0.323226 0.11068 
-0.556729 0.216738 0.310014 
0.113395 -0.131995 0.306894 
-0.243862 0.0786497 0.302738 
-0.0545531 0.314464 0.175593 
-0.00679033 0.302964 0.0766757 
