0.798123 -0.208304 -0.56534 -0.0356115 0.253651 0.967294 0.00168671 -0.012793 0.546499 -0.144745 0.824856 -0.121676 0 0 0 1
0.999781 -0.0135472 -0.015924 -0.0019405 0.0133894 0.999861 -0.00997338 -0.00457574 0.0160568 0.00975799 0.999823 -0.0173457 0 0 0 1
###
0.199603 0.0254567 0.394525 
-0.123334 0.23063 0.624007 
-1.00834 -2.89017 2.27622 
6.24015 -7.33219 2.42745 
7.63818 -9.35108 3.31538 
-0.344901 -0.576035 1.35315 
-0.23984 -0.303112 0.26975 
0.746574 -2.08866 0.101879 
-0.121408 0.230149 0.622317 
-4.0794 -10.4328 7.27474 
0.204975 0.0167653 0.374127 
3.78732 -10.1035 14.5118 
-0.371843 0.235133 0.71623 
-0.063539 -0.255175 0.175809 
-1.23882 -3.09376 2.13227 
0.235548 0.106631 0.09082 
0.359823 -0.754737 -0.16008 
1.15772 -1.79947 0.584381 
1.22632 -1.77313 0.26808 
-0.424112 0.23896 0.708721 
-1.02885 -2.75616 2.00579 
1.70818 -2.50446 0.366685 
1.27412 -4.39174 0.909217 
3.78732 -10.1035 14.5118 
-0.33415 -1.27244 1.45685 
-0.621958 -3.46374 1.97836 
0.973127 -3.7134 3.68001 
0.1762 0.0653529 0.396629 
0.257743 -0.023235 0.281417 
0.155042 0.121057 0.169075 
-0.830641 -1.94606 1.30622 
1.12503 -1.94892 0.562389 
1.37073 -1.98019 0.291114 
0.757121 -4.18459 1.25909 
-0.373927 -0.609049 1.44441 
-0.330421 -0.560419 1.37179 
-1.20387 -4.55533 2.42322 
-0.788179 -3.24294 2.06864 
-0.125359 0.227504 0.615324 
0.225469 0.106468 0.104918 
-0.424112 0.23896 0.708721 
0.0917755 0.126813 0.23591 
-0.678073 -3.75984 2.14449 
0.178526 0.0965099 0.188609 
0.167078 0.0901355 0.191068 
13.6168 -16.4755 5.67265 
0.20604 0.120057 0.0750033 
0.114806 0.0856334 0.383171 
0.0491212 0.139011 0.259634 
0.134479 0.139411 0.141225 
1.11554 -1.57513 0.252183 
-0.349358 -1.32164 1.52668 
-0.636497 -3.52059 2.07412 
1.83529 -0.218214 -0.129221 
-0.456936 0.2515 0.744953 
0.192693 -0.175055 -0.00959864 
0.367983 -0.42581 0.46993 
0.187489 -3.78151 1.55742 
0.519725 -3.03181 4.60158 
0.342807 0.00550387 0.253164 

0.114858 0.0805078 0.471075 
-2.6204 -2.81522 0.307807 
-1.33805 -2.5693 2.66916 
7.57178 -9.37195 3.93211 
9.72154 -12.6204 5.4069 
-0.733276 -0.553263 1.87706 
-1.44307 -1.69749 0.225044 
-1.39896 -5.10024 3.41735 
-0.43456 0.415877 0.943471 
-1.35827 -2.52974 2.53029 
-0.0199443 0.124879 0.652736 
1.68025 -5.13987 8.43718 
0.118142 0.190587 0.195496 
0.188823 0.157297 0.151972 
-2.49306 -4.48274 3.79493 
-1.17191 0.39274 0.778465 
1.5391 -2.08887 0.552277 
1.09564 -2.15579 1.00686 
-0.0214115 0.183389 0.522542 
-0.773499 0.491236 1.21709 
-1.22403 -2.29331 2.21233 
1.22288 -2.18353 0.627686 
-0.138287 -4.70873 2.39585 
1.77267 -5.32018 8.77522 
-0.785985 -1.51747 2.14992 
-2.03853 -5.3607 3.68412 
1.96537 -10.3045 11.3065 
0.308411 0.154202 0.2263 
0.0473404 0.0545988 0.501756 
-0.0633124 0.239682 0.362553 
-4.8182 -12.6382 15.4247 
0.315437 0.0724999 0.271442 
1.23466 -2.18817 0.632008 
-0.482142 -5.20204 2.91578 
-0.736645 -0.553016 1.87584 
-0.719814 -0.537682 1.88823 
-1.83442 -5.19539 3.30009 
-1.7245 -5.05025 3.73955 
2.18517 -0.631736 0.310378 
0.0308172 0.213416 0.280539 
-0.864534 0.465272 1.10587 
0.233903 0.178808 0.0862384 
-1.52937 -5.53072 3.72848 
0.290558 0.130556 0.0829595 
-0.0486397 0.175505 0.639921 
12.7515 -16.4636 6.87133 
0.144 0.187241 0.172024 
-1.67344 -0.91277 0.596318 
0.100824 0.198739 0.204362 
-0.304102 0.208004 0.126753 
1.26792 -2.22824 0.641736 
-0.776811 -1.49119 2.14927 
-1.43539 -5.20662 3.6179 
-0.300644 0.223869 0.130648 
-0.211994 0.235899 0.564226 
-2.97912 -4.68866 3.74404 
1.08726 -2.12486 1.01059 
-0.158544 -5.18505 2.63049 
0.0912581 -1.77485 3.06743 
0.169252 0.0859256 0.481168 
