0.98493 0.150414 0.0853743 0.0476445 -0.151462 0.988446 0.0058967 -0.166487 -0.0835009 -0.0187388 0.996332 -0.060163 0 0 0 1
0.998003 -0.0606803 -0.0175463 0.0264011 0.0600338 0.997573 -0.0352821 -0.00515244 0.0196447 0.0341583 0.999223 -0.018436 0 0 0 1
###
-2.06509 -6.40077 7.11417 
-0.98273 0.0370422 0.330954 
0.550961 -1.79303 3.43164 
-0.244474 -3.93891 2.32082 
-1.12249 -3.77357 2.50515 
-0.944365 0.299213 0.468511 
-0.842818 0.360954 0.651562 
-1.04917 -1.36208 0.579421 
-2.11139 -8.33894 10.0122 
-1.14851 -0.481872 0.175869 
0.345804 -3.70079 1.86864 
-0.409323 -0.469703 0.269746 
-0.256729 0.302696 0.25086 
-0.645706 -1.203 1.58282 
-0.720023 -1.52654 1.87268 
-1.21503 -0.732145 0.148836 
-0.0508677 0.29663 0.0986521 
-1.1131 -0.175181 0.36966 
-0.988066 -3.20053 2.23459 
-1.17453 -0.740528 0.210474 
-1.17978 -1.87686 0.681702 
0.139765 0.0941579 0.163539 
1.1288 -1.31721 0.49915 
-1.3253 -0.255837 0.439245 
0.0473214 0.146362 0.29811 
0.107874 0.16758 0.175529 
-1.09052 -0.799337 0.457773 
-0.188472 0.338728 0.149938 
1.12799 -1.30647 0.496249 
-0.508225 0.386587 0.558702 

0.664309 -0.544446 0.452738 
-0.0838548 0.111944 0.286555 
1.19215 -0.90468 0.497104 
0.0814545 -0.74282 0.232009 
0.132222 -0.612055 0.599539 
-0.220865 0.324114 0.219203 
-0.205828 -0.443272 0.597731 
-0.202659 -0.309665 0.499216 
0.15008 -0.20161 0.269788 
-0.240641 0.128379 0.29057 
0.013339 -0.329276 0.17336 
-0.104904 -0.358503 0.515584 
0.107865 -0.755441 0.502411 
-0.204567 -0.314987 0.506523 
-0.175488 -0.241289 0.386922 
-0.276365 0.0595129 0.324984 
0.15484 -0.788518 0.646128 
0.111104 -0.0610721 0.290418 
0.126673 -0.588602 0.542725 
-0.250268 0.0541796 0.313287 
-0.210959 -0.663271 0.910223 
0.450594 0.373422 0.125557 
-0.00423064 0.316053 0.172523 
-0.134116 0.159694 0.159109 
-0.152169 0.315563 0.194003 
-0.114892 0.324793 0.195168 
-0.17378 -0.0606438 0.334405 
-0.243862 0.0786497 0.302738 
-0.0596978 0.353508 0.19881 
-0.0650233 0.300261 0.0921451 
