0.995767 -0.0873756 0.0285381 0.0195734 0.0870067 0.99611 0.0139251 0.00246627 -0.0296438 -0.0113832 0.999496 -0.202684 0 0 0 1
0.99508 -0.011898 -0.0983625 -0.00935626 0.0101892 0.999789 -0.0178566 -0.00145918 0.0985542 0.0167665 0.99499 -0.00579553 0 0 0 1
###
-0.43041 -0.557603 0.389338 
1.22202 -4.0794 6.69981 
4.85671 -5.19333 0.935826 
-1.2717 -4.8726 3.14599 
-2.37654 -4.27468 3.63305 
0.0117177 0.170227 0.328712 
-1.75118 -5.12807 3.79249 
1.93074 -10.1286 11.0947 
-1.03801 0.414069 0.89366 
-0.772772 -0.749169 0.221458 
-1.68022 -0.916221 0.598285 
-0.339784 -1.61329 2.46548 
0.191243 0.0397547 0.492412 
-4.45734 -15.7236 20.1788 
-1.65831 -0.810206 0.588541 
-0.983343 0.395311 0.857102 
-0.790874 -1.52601 2.16206 
-0.735854 -0.555456 1.88309 
4.64885 -4.87231 4.60027 
-0.13975 -4.72735 2.40403 
-0.43404 0.421786 0.953691 
-0.867899 0.467587 1.11772 
0.0166901 0.17257 0.331086 
0.0454824 0.0984049 0.50368 
0.167144 0.0987239 0.474207 
0.257014 -0.0111765 0.372394 
-1.35938 -2.53149 2.53089 
-1.64386 -4.001 3.15881 
-1.94315 -2.39811 0.33634 
0.240478 -0.12823 0.538888 
1.79861 -5.48691 8.99333 
0.013718 -0.0509991 0.52626 
-0.480208 -5.19834 2.91304 
0.377848 -1.95645 2.24715 
-1.06843 0.35865 0.707324 
0.0178817 0.170489 0.527413 
-0.879295 -0.133183 0.572157 
-1.40426 -0.894931 0.864907 
1.23565 -2.18946 0.632618 
12.4441 -16.0661 6.70775 
0.966011 -2.16422 0.933982 
-0.00835244 0.222202 0.318175 
-0.681751 0.389965 1.57087 
-0.0705133 0.200907 0.536058 
-0.86701 0.466677 1.10921 
-0.0517048 0.198074 0.390862 
-0.779624 -1.49654 2.15622 
-0.159379 -5.19214 2.63351 
2.69936 -14.2597 14.9294 
-1.33779 0.33599 0.570581 
-0.981734 0.425789 0.917757 
5.14396 -5.32237 5.00453 
-1.07213 0.424074 0.901936 
-0.0350443 0.190254 0.392704 
0.0928003 0.0494601 0.483158 

-1.2004 -3.35019 2.63549 
3.78732 -10.1035 14.5118 
0.359823 -0.754737 -0.16008 
-1.09913 -6.50658 3.48092 
-4.0794 -10.4328 7.27474 
0.213614 0.0702776 0.139267 
-3.08419 -12.0937 7.55923 
1.8312 -7.13333 6.94622 
-0.416729 0.161239 0.438491 
-1.08472 -1.41516 0.732445 
-0.987085 -0.714319 0.302819 
0.519725 -3.03181 4.60158 
0.377684 -0.0334174 0.272263 
-0.0775305 -1.76954 2.18595 
0.647223 -1.07605 0.0202494 
-0.456936 0.2515 0.744953 
-0.33415 -1.27244 1.45685 
-0.344901 -0.576035 1.35315 
6.45023 -11.4102 14.2754 
0.204288 -3.90892 1.59699 
-0.123334 0.23063 0.624007 
-0.398065 0.225034 0.674858 
0.215135 0.0687418 0.137009 
0.248265 0.0116714 0.273793 
0.338438 0.0154232 0.246644 
0.412991 -0.062995 0.164821 
0.089402 -0.281532 0.434633 
-0.837518 -2.85352 1.90532 
0.0131546 -0.125435 0.114434 
0.403764 -0.159754 0.288021 
1.03586 -2.48868 3.64943 
0.220845 -0.10434 0.282403 
-0.0207058 -4.0061 1.83847 
2.33737 -9.26819 9.05505 
-0.596103 0.179432 0.431526 
0.223295 0.0641867 0.285453 
-0.624372 -0.0927001 0.385343 
-0.767386 -0.497814 0.449368 
1.37073 -1.98019 0.291114 
13.6168 -16.4755 5.67265 
1.2969 -2.02338 0.660664 
0.196915 0.110245 0.133884 
-0.336068 0.203077 1.17359 
0.154937 0.0857755 0.298092 
-0.420997 0.234401 0.698071 
0.167078 0.0901355 0.191068 
-0.349358 -1.32164 1.52668 
0.187489 -3.78151 1.55742 
1.12503 -1.94892 0.562389 
-0.549722 0.200583 0.540525 
-0.516153 0.219286 0.583102 
0.155042 0.121057 0.169075 
-0.121408 0.230149 0.622317 
0.178997 0.0838426 0.190784 
1.72548 -2.1115 -0.556941 
