0.985825 0.102943 0.132481 0.0679903 -0.106809 0.994027 0.0223922 -0.156903 -0.129385 -0.036225 0.990933 -0.0578683 0 0 0 1
0.998003 -0.0606803 -0.0175463 0.0264011 0.0600338 0.997573 -0.0352821 -0.00515243 0.0196447 0.0341583 0.999223 -0.018436 0 0 0 1
###
3.17539 -11.8444 13.7569 
-0.907503 -1.8955 1.47804 
-0.929699 -3.89329 2.60871 
-0.945933 0.300314 0.471607 
1.39224 -4.21248 7.59045 
-1.17236 -0.733443 0.202322 
-0.21013 -0.663532 1.10014 
-0.626968 -1.15841 1.53068 
-0.989166 -0.387386 0.676663 
-0.805107 -0.0753764 0.269445 
-0.814318 -1.69436 1.47776 
1.10282 -3.18668 5.86767 
-0.854127 0.331181 0.559762 
-1.22189 -0.528518 0.848424 
0.0778273 0.136209 0.26698 
-1.03333 0.213845 0.217437 
-0.0920175 0.277468 0.139306 
0.0887697 -3.61876 1.98048 
0.954613 -1.26626 0.764249 
-0.075701 0.246775 0.240452 
-0.660744 -0.357379 1.23781 
-1.36466 -0.263284 0.451955 
0.0787377 -3.70683 2.03579 
-0.638069 -3.7725 2.33345 
-0.0661212 0.222551 0.264419 
-0.327417 -0.433333 0.00136056 
-0.0395507 0.199404 0.268757 
-0.233873 0.514023 0.217673 
1.12733 -1.30565 0.496085 
-0.901496 -0.258106 0.820148 
-0.122998 0.311018 0.136365 
2.8307 -2.13866 2.94455 

-1.59486 -1.88073 1.69635 
0.65108 -0.538916 0.494268 
0.107865 -0.755441 0.502411 
-0.803551 0.375739 0.401596 
0.313958 -0.280307 0.151031 
-0.250268 0.0541796 0.313287 
0.0211712 -0.470003 0.655579 
-0.202659 -0.309665 0.499216 
-0.0820605 0.107791 0.278103 
-0.138486 0.0380766 0.318154 
0.19557 -0.489544 0.665854 
-2.45018 -2.70373 2.53758 
-0.210959 -0.663271 0.910223 
-0.064494 0.133259 0.291765 
0.159139 -0.811646 0.685652 
0.263865 0.221954 0.0361112 
0.303558 0.309649 0.136097 
0.164406 -0.803813 0.426865 
2.40715 -2.16246 0.427255 
-0.173059 -0.151669 0.360863 
0.113452 0.0737879 0.253141 
-0.13286 0.045676 0.31025 
0.225239 -1.13725 0.415982 
0.133955 -0.716029 0.484387 
0.407632 0.373577 0.125538 
-2.56489 -3.22886 0.193873 
-0.0596978 0.353508 0.19881 
-0.342149 0.187953 0.310508 
-0.0469273 0.330901 0.183713 
0.0720574 0.276241 0.531552 
-0.0208923 0.320807 0.17213 
0.422982 0.382302 0.128149 
