0.779658 -0.172097 -0.602093 -0.0342595 0.179154 0.982606 -0.0488709 -0.00617488 0.600031 -0.0697646 0.796929 -0.0968153 0 0 0 1
0.999205 -0.0244882 -0.0314443 -0.00299577 0.0240829 0.999623 -0.0132025 -0.00745498 0.0317558 0.0124348 0.999418 -0.0285216 0 0 0 1
###
0.571998 -2.19196 3.40111 
-0.37098 -0.617042 1.45047 
-0.126093 0.236052 0.638127 
7.245 -8.87334 3.15248 
5.82717 -6.84087 2.26609 
0.176757 -0.111151 -0.0150396 
3.8408 -10.1698 14.6312 
0.571998 -2.19196 3.40111 
-0.0122147 -0.171249 0.14021 
-0.120987 0.230289 0.623367 
0.213148 0.0196048 0.39524 
-4.34954 -11.172 7.79278 
0.0544272 0.117079 0.342706 
-0.330988 -1.26314 1.44861 
-0.344678 -0.987224 1.35746 
0.202414 0.0258956 0.399671 
0.120357 0.0999128 0.381076 
0.1424 0.139627 0.123938 
3.43357 -6.03875 7.63478 
-0.383242 0.242774 0.737928 
-0.126093 0.236052 0.638127 
-0.596066 -3.22727 1.91129 
0.0500527 0.141981 0.266173 
1.12729 -1.74933 0.568612 
1.25269 -1.8125 0.27605 
0.174915 -0.244468 -0.0129736 
0.296293 -0.965706 1.52212 
-0.129378 0.238312 0.643758 
0.397654 -0.197456 0.311805 
0.30478 0.116799 0.0233447 
-0.342817 -0.569602 1.35307 
-0.0610484 -1.54777 1.91214 
0.379758 0.00681553 0.282321 
-0.126927 0.231003 0.624429 
0.240725 0.00364662 0.290439 
1.24099 -1.78637 0.265313 
-0.354636 -1.34418 1.55329 
-0.973151 -3.73045 1.99211 
-0.842795 -2.89672 1.92812 
0.227938 0.0773355 0.139939 
0.233574 0.0700286 0.127495 
0.365324 -0.273733 0.313442 
0.399179 0.0699575 -0.0189661 
1.18264 -2.05072 0.58709 
0.287401 -1.38542 2.12863 
0.448694 -0.106965 0.113738 
0.241509 0.103881 0.102517 
0.235132 0.0709786 0.128808 
0.924985 -1.57603 0.477537 
1.30824 -2.03992 0.666557 
0.161358 -0.106702 -0.00786017 
-0.544286 -3.007 1.72688 
0.142508 -0.209889 -0.00267767 

1.22911 -4.12141 6.77398 
-0.734112 -0.553564 1.87907 
-0.433072 0.420799 0.951289 
9.72458 -12.6184 5.40871 
7.57187 -9.3694 3.93487 
-1.26183 0.361491 0.662154 
1.77205 -5.31859 8.77291 
0.669788 -7.20342 12.7833 
0.189019 0.157431 0.152118 
-0.0175656 0.255729 0.281743 
-2.42818 -3.135 1.53819 
-1.36147 -2.53432 2.53487 
-0.21205 0.23598 0.564438 
-0.786316 -1.51846 2.15077 
-0.616677 -0.799427 1.55991 
-0.0206522 0.12568 0.652558 
-0.117555 0.214719 0.595044 
-0.303809 0.207769 0.126648 
-4.77713 -12.665 15.4147 
-0.773868 0.491594 1.2177 
-0.434397 0.415854 0.943431 
-1.40637 -5.00622 3.48617 
-0.205395 0.275882 0.484338 
0.0654482 0.164513 0.274461 
0.290392 0.138126 0.0788332 
1.53829 -2.08785 0.552002 
0.11767 -6.5936 11.4802 
-1.67476 -0.9133 0.596785 
0.219665 -0.167759 0.562635 
2.37342 -1.11543 0.190366 
-0.737651 -0.553636 1.87797 
-4.48861 -15.7784 20.2768 
0.169146 0.0861268 0.481694 
2.18869 -0.632532 0.310271 
0.0281101 0.089122 0.516092 
1.26664 -2.22674 0.641944 
-0.777617 -1.49227 2.15114 
-1.83372 -5.19491 3.29834 
-1.62292 -3.96109 3.13355 
0.170878 0.17981 0.141359 
0.0315535 0.165952 0.310191 
0.0797686 0.18512 0.252961 
0.222896 0.143624 0.134462 
1.20878 -2.18256 0.626888 
5.00318 -6.56489 7.35352 
0.344249 0.0641859 0.235281 
0.042861 0.204892 0.274367 
0.00523868 0.24933 0.25882 
0.100454 0.108337 0.428868 
1.08807 -2.12675 1.01146 
1.73822 -1.39094 0.0126136 
-1.52692 -5.54017 3.7245 
-2.97861 -4.68806 3.74395 
