-0.165056 -0.304906 -0.937971 0.00652192 0.2322 0.91227 -0.337411 -0.193054 0.958561 -0.273489 -0.0797762 0.192011 0 0 0 1
0.999934 -0.0114664 0.000400426 0.00753327 0.0114665 0.999934 -0.000201357 0.0033869 -0.000398091 0.000205935 1 0.000874139 0 0 0 1
###
0.156038 -0.903351 0.573582 
-0.00249993 -0.306763 -0.373891 
0.113452 0.0737879 0.253141 
0.223021 -0.181577 0.241646 
-0.0598022 0.232345 -0.0307592 
0.046259 -0.371641 0.456882 
-0.121099 -0.320449 -0.127995 
1.67182 -1.3598 0.315361 
-0.14627 0.165642 0.0454334 
1.4338 -1.78141 0.611844 
-0.147232 0.16436 0.0428364 
-0.106808 0.250795 -0.0480813 
-0.0759803 -0.0485371 -0.232901 
-0.144798 0.148417 0.0372732 
0.255611 -1.0063 0.760464 
-0.0878152 0.231481 -0.0844486 
-0.104616 0.2053 -0.1077 
2.32049e-05 -0.216864 -0.140789 
0.135141 -0.840888 0.248645 
-0.1464 0.196165 -0.0547434 
-0.0977519 0.201404 -0.116546 
0.155934 -0.76254 0.625331 
-0.0361613 -0.189554 -0.197204 
0.0511033 -0.910964 -0.0621407 
1.29699 -1.09391 0.234708 
0.0804427 -0.295216 0.419368 
0.000397309 0.0818051 0.0676119 
-0.0381621 0.292218 0.0602477 
-0.0309316 0.296573 0.0671959 
-0.115342 0.242795 -0.0748396 
-0.14807 0.160392 0.0434206 
-0.103581 0.249533 -0.0511275 
-0.0862779 0.205321 -0.0909959 
0.0360452 -0.458496 -0.2973 
0.0566592 -0.718436 0.0788654 
-0.0193386 -0.519475 -0.0467022 
-0.0818809 0.218728 -0.0563308 
-0.112834 0.257752 -0.0489361 
-0.087545 0.203055 -0.0441608 
1.89335 -2.4557 0.845822 
0.124253 -0.130423 0.299886 
0.111558 -0.144071 0.293159 
0.0920006 -0.658409 0.266815 
-0.0625139 0.232074 -0.0330164 
0.0613312 -0.30933 -0.178056 
0.0174897 -0.392395 -0.272967 
0.320073 -0.336539 0.399943 
0.077616 -0.673388 0.205134 
0.0114783 0.103896 0.0376818 

-0.669811 -3.90135 2.4926 
3.76368 -2.90992 4.01646 
-0.676202 -0.3787 1.24604 
-1.03805 -1.92453 1.29335 
-0.00089806 0.0206263 0.397345 
-0.818904 -1.71835 1.53764 
-0.79801 -4.61415 2.91549 
2.07165 -3.60683 6.34173 
-1.07926 -1.37325 0.0218541 
1.89846 -7.41391 8.73519 
-4.05319 -6.24046 0.204481 
-0.158206 0.288603 0.187388 
1.10282 -3.18668 5.86767 
-0.819074 -1.35651 0.456718 
0.682489 -1.50855 0.359393 
0.108614 0.165487 0.209451 
3.2884 -2.0815 1.21432 
0.884942 -1.31542 0.69324 
0.345699 -3.69942 1.86803 
-0.841758 0.360475 0.650674 
0.813857 -0.976756 0.0820232 
-0.929699 -3.89329 2.60871 
1.09699 -1.29041 0.490472 
0.0887697 -3.61876 1.98048 
6.75727 -5.01915 5.25784 
-0.760921 -1.63048 1.53981 
-2.06452 -6.3986 7.11181 
-0.508882 0.388572 0.566049 
-0.515795 0.388486 0.565176 
0.201825 -0.0380925 0.182304 
-3.74197 -5.7456 0.167487 
0.033052 0.267812 0.274353 
0.0782164 0.170402 0.223578 
1.12953 -1.31695 0.499617 
0.32599 -3.61545 1.83756 
0.0827605 -1.43732 0.765892 
-0.011155 0.278083 0.261371 
-0.0150736 0.280483 0.0971508 
0.207087 -0.038411 0.184829 
2.79129 -10.515 11.7846 
-0.589877 -1.06063 1.42816 
-0.626968 -1.15841 1.53068 
0.0787377 -3.70683 2.03579 
-0.939094 0.257889 0.331921 
0.950109 -1.25858 0.749554 
0.0262034 -0.106047 0.398573 
-1.31427 -2.4299 1.64048 
0.26978 -1.52316 0.698764 
0.313399 -4.43325 8.15319 
