-0.185306 -0.285022 -0.940438 -0.00122743 0.179878 0.931005 -0.317607 -0.204227 0.966078 -0.228019 -0.121251 0.187477 0 0 0 1
0.999933 -0.0115403 0.000362073 0.00757379 0.0115403 0.999933 -0.000205275 0.0033912 -0.00035968 0.00020944 1 0.000876547 0 0 0 1
###
0.332031 -0.160896 0.127868 
0.200622 -1.07666 0.678484 
-0.110261 0.0604271 -0.0225443 
0.255611 -1.0063 0.760464 
-0.0706588 0.231578 -0.0325583 
-0.00249993 -0.306763 -0.373891 
-0.110737 0.245512 -0.0640354 
0.723448 -0.488555 0.360061 
0.0610633 0.0989775 0.208559 
0.259311 -0.989397 0.757353 
-0.108408 -0.580787 -0.163735 
0.0256545 -0.422696 -0.277029 
-0.146111 0.182832 -0.0757131 
-0.0515996 0.285026 0.0478452 
-0.144609 0.210272 -0.0216906 
0.126829 -0.723717 0.586524 
-0.134212 -0.146198 -0.101209 
-0.121099 -0.320449 -0.127995 
-0.0417449 0.285538 0.0216373 
-0.145653 0.211825 -0.0187478 
-0.088023 0.22782 -0.0704266 
0.145242 -0.727295 0.510139 
-0.112246 0.259636 -0.0495872 
-0.0361613 -0.189554 -0.197204 
0.0637279 -0.319986 -0.181167 
-0.12885 0.229321 -0.165247 
-0.145653 0.211825 -0.0187478 
0.125174 -0.131807 0.302219 
0.174326 -0.0583033 0.360783 
0.0437857 -0.629403 0.508202 
0.0421819 -0.479293 -0.302752 
0.0995778 -0.906971 0.0713416 
0.119802 0.0755116 0.259255 
-0.0381621 0.292218 0.0602477 
-0.115342 0.242795 -0.0748396 
-0.0309316 0.296573 0.0671959 
-0.113707 0.266202 -0.0405371 
0.0014899 -0.220592 -0.141892 
0.0360452 -0.458496 -0.2973 
0.111558 -0.144071 0.293159 
-0.0888102 0.203859 -0.0439175 
0.530938 -0.301494 0.28282 
0.698088 -0.496604 0.40897 
-0.103581 0.249533 -0.0511275 
-0.108068 0.248469 -0.0551954 
-0.0673294 0.294692 0.109237 
-0.0497817 0.229041 -0.0324349 
0.0174897 -0.392395 -0.272967 
0.0783112 -0.824518 0.0670337 
0.0831223 -0.316716 0.437923 
-0.101923 0.243138 -0.0611735 
-0.0818809 0.218728 -0.0563308 
0.00796496 0.326568 0.182742 
0.00862064 -0.600917 -0.0253917 
-0.0772178 0.230499 -0.0346416 
-0.130179 0.251969 -0.104808 

1.10039 -3.17791 5.85087 
-0.59825 -4.06118 2.38314 
0.345804 -3.70079 1.86864 
-0.930361 -3.89576 2.61071 
-0.000908001 0.0206728 0.398074 
3.09151 -2.37871 0.690539 
-0.100799 0.271549 0.14427 
0.313635 -4.43376 8.15386 
-0.677151 -0.379189 1.248 
0.683185 -1.51032 0.359784 
0.688955 -1.58326 0.282738 
0.0645542 0.157786 0.253619 
0.814917 -0.978169 0.0821195 
-0.511831 0.393564 0.572897 
-0.819668 -1.3573 0.45702 
2.7734 -10.4249 11.6961 
-0.810965 -4.66415 2.95099 
0.176675 0.0665946 0.16883 
0.0193178 -0.0157607 0.358609 
-4.05358 -6.24018 0.204503 
0.00814676 0.245806 0.267609 
-0.685725 -3.89232 2.48508 
-0.0111323 0.178572 0.282079 
1.09869 -1.29318 0.491127 
0.955899 -1.26806 0.765336 
-0.931882 0.356094 0.638915 
-1.17545 -1.54819 0.0597951 
-0.645706 -1.203 1.58282 
-1.01766 0.143632 0.35088 
-1.14685 -4.94913 2.77749 
0.0261938 -0.106146 0.398919 
0.325362 -3.61151 1.83518 
-0.678757 -0.377559 1.24567 
-0.503566 0.383648 0.560067 
0.0623232 -0.0673482 0.342868 
-0.516483 0.38898 0.565888 
-1.17453 -0.740528 0.210474 
0.885644 -1.31675 0.693838 
1.1288 -1.31721 0.49915 
-0.720023 -1.52654 1.87268 
1.71016 -2.83857 5.09085 
0.500939 -7.49229 13.7459 
-2.06509 -6.40077 7.11417 
0.0330855 0.268093 0.274636 
0.109822 0.16616 0.213025 
-0.949274 0.300274 0.466229 
0.171845 -0.0406563 0.215278 
0.0261185 -0.106328 0.39644 
0.0790353 -3.67588 2.01835 
-0.761038 -1.63052 1.53992 
-1.05952 -4.05343 2.61608 
-0.124419 0.0962045 0.345491 
-0.843233 0.359763 0.646611 
0.804063 -3.99791 1.78281 
0.107874 0.16758 0.175529 
-0.596907 -3.50304 2.17374 
