-0.984432 -0.130483 -0.117762 0.0116738 -0.0853276 0.940526 -0.32883 -0.0758899 0.153665 -0.313663 -0.937018 0.0660573 0 0 0 1
0.999453 -0.012929 -0.0304407 0.0369309 0.0132167 0.99987 0.00926969 -0.00334804 0.0303169 -0.00966695 0.999494 0.00315297 0 0 0 1
###
0.0030878 0.109173 0.0229266 
0.132064 -0.111751 0.0466297 
-0.171164 -0.355801 -0.190528 
0.526127 -0.902585 -0.709581 
-0.146643 -0.11895 -0.0442194 
0.13172 0.00410011 -0.00963893 
0.0735191 -0.246529 0.0273529 
0.0142606 0.087126 0.001411 
0.0619384 0.108972 0.00529394 
-0.0102696 0.0863088 -0.000150754 
-0.011502 0.0788786 0.0079795 
0.445817 -1.30561 -1.02812 
-0.056394 -0.118655 -0.0241383 
-0.074083 -0.15728 0.033992 
0.515639 -0.893546 -0.712125 
0.0645839 0.10969 0.00363978 
0.14259 -0.0909209 -0.00244663 
0.19383 -0.192888 -0.0785752 
0.224354 -0.311042 0.0482495 
-0.0636041 -0.136044 -0.0431122 
0.0684425 -0.31897 0.0185512 
0.224096 -0.25544 -0.210677 
0.129939 -0.073325 0.00291531 
0.0947213 0.111945 0.0231289 
0.00392637 -0.415545 -9.66843e-05 
0.557009 -1.412 -0.695566 
0.290841 -0.753635 -0.355205 
0.09921 0.112135 0.0154484 
-0.104514 -0.148724 -0.0331546 
0.00254027 -0.322832 0.00891828 
-0.0621415 0.0203793 0.0171798 
0.515639 -0.893546 -0.712125 
0.241223 -0.269242 -0.195706 
-0.00817514 0.103524 0.0207776 
-0.00244295 0.0872149 0.00663397 
-0.000589388 0.107178 0.0223256 
-0.055403 -0.116978 -0.0241541 
-0.0954832 -0.121941 -0.0245503 
0.0902167 -0.431912 0.00886227 
0.285614 -0.767605 -0.617372 
-0.0154587 0.0750136 0.00440379 
0.101931 0.112739 0.0142057 
-0.000520147 0.107263 0.0221699 
0.101584 -0.344441 0.0194227 
0.133247 0.00367625 -0.0131083 
0.25232 -0.66446 -0.531766 
0.00356471 0.100211 0.0176262 
-0.0101658 0.0752793 0.00087414 
-0.00193043 0.0838574 0.00894434 
0.0135046 0.0860107 0.000755326 

-0.119126 0.0336819 0.251013 
-2.61233 -4.31665 4.25139 
9.65105 -8.85491 5.75289 
-2.29028 -3.26206 2.23679 
-0.0841505 -0.0664293 0.270482 
-1.73388 -0.65374 2.20918 
0.911029 -6.14372 2.37833 
-0.616583 0.165575 0.574069 
3.12444 1.35565 0.855533 
0.473264 -0.822007 0.0581492 
0.168798 0.344713 0.494061 
4.34892 -8.44527 14.2758 
1.21421 -2.51024 1.3148 
-1.7543 -7.203 4.48493 
1.84855 -7.14808 13.3501 
-2.0071 0.682847 1.07198 
-0.621641 -3.02033 5.42125 
-1.7873 -2.56937 1.76889 
-0.213787 -1.40671 0.716596 
1.254 -2.29006 1.36586 
0.905594 -5.69645 2.43827 
-0.541081 -5.3334 9.79288 
-1.62697 -1.99685 2.62203 
-3.20195 -4.30472 1.64593 
0.0924259 -6.58492 3.37997 
2.92574 -14.1564 17.0892 
3.06601 -14.1614 16.3535 
0.431517 0.830401 0.673156 
-0.0194012 0.132632 0.549344 
0.564132 -6.30383 2.99914 
-0.0237898 0.138587 0.602335 
2.19116 -8.25097 15.4889 
-6.63911 -18.1767 20.7233 
-1.42191 0.736199 0.948626 
-0.344302 0.501264 0.206529 
0.263382 0.77049 0.149513 
0.757124 -2.77381 0.443284 
-0.139831 0.364775 0.160051 
0.0668579 -6.5462 3.38086 
3.94056 -7.82817 13.1643 
0.835723 -3.06754 0.493281 
-0.0432235 0.0351518 0.333787 
-2.03714 0.630373 0.930058 
0.682526 -6.04571 2.78537 
-1.72239 -0.629458 2.2275 
3.71896 -7.49465 12.6244 
-2.21119 0.495628 0.515951 
-0.0780903 -0.0669842 0.277351 
-0.982941 0.550146 0.419864 
-0.119348 -0.0269629 0.265211 
