0.979106 0.0922998 0.181198 0.616665 -0.0895762 0.99571 -0.0231752 -0.332906 -0.18256 0.0064599 0.983174 -0.129524 0 0 0 1
0.2765 -0.155554 -0.948341 -0.0053883 0.131831 0.983624 -0.122905 0.00251888 0.951929 -0.0910372 0.292479 -0.021227 0 0 0 1
###
-2.09093 0.640158 0.954669 
-1.8271 -2.62829 1.81825 
-2.23587 -5.25975 3.68666 
-1.41762 0.74389 0.960165 
1.85957 -7.64354 14.0933 
-3.7126 -7.29523 4.9164 
2.73798 -12.7353 15.3105 
-1.1348 0.599297 0.258485 
-1.47824 -1.28832 0.0168704 
-2.66698 -1.36047 0.299097 
-4.11488 -6.7273 1.74638 
-2.43047 -4.03021 3.06323 
-1.5012 -1.33309 0.0111812 
-2.34955 -0.334501 0.541217 
-0.910748 -1.26429 2.03209 
-1.63585 -2.00929 2.63914 
-2.31495 -0.692946 1.16783 
-1.76127 -7.23266 4.50383 
-3.09995 -4.32523 0.0129579 
1.85872 -7.17068 13.3908 
1.25866 -2.29924 1.3706 
-0.172133 -0.297258 0.752546 
-1.99093 0.763928 1.30656 
-2.37851 -0.16329 0.5348 
-2.88957 -3.9428 -0.00588588 
-0.627284 0.219755 0.471119 
2.15153 -8.12305 15.2459 
1.28761 -2.33149 1.40395 
0.066811 -6.56098 3.38818 
-2.55073 0.391775 0.286321 
-0.604685 0.373916 0.440381 
-0.621337 0.520582 0.169335 
-2.36655 -2.28957 0.928078 
1.1396 -2.41441 1.27644 
-1.99839 0.732642 1.19795 
-3.6287 -5.12341 0.574074 
-0.573525 0.513509 0.140939 
-1.48138 -3.15821 4.42203 
-1.75577 -0.136736 0.358444 
-1.54986 -1.87123 -0.135724 

0.13384 0.106573 -0.0870567 
0.271117 -0.32737 0.0891827 
0.276519 -0.283661 0.090624 
-0.0287721 -0.131907 0.15578 
0.499973 -0.858061 -0.692413 
0.134896 -0.117699 0.0668051 
0.0916234 -0.207913 0.238382 
0.0554582 0.108615 -0.00064369 
0.134448 0.10183 -0.14611 
0.104733 0.0139383 0.134054 
-1.15191 -1.71133 1.14462 
0.228847 -0.213342 0.073506 
0.0987636 0.115106 0.0357977 
0.117957 0.00953739 0.0869483 
0.218115 -0.208241 0.0899681 
0.121457 -0.0786103 0.120885 
0.118596 0.0296115 0.0657219 
0.181379 -0.377543 0.0453883 
-0.412538 -1.1538 1.4029 
0.204342 -0.189601 0.081921 
0.393113 -1.11079 -0.869028 
0.0521532 -0.347174 0.430398 
0.151304 -0.166609 0.148585 
0.0994752 0.0658975 0.087024 
-0.0766412 -0.315903 0.373293 
0.523528 -0.898866 -0.706258 
0.13639 -0.118069 0.0671272 
0.0474017 -0.0848325 -0.0617506 
0.0850499 -0.427614 0.00744902 
0.127597 0.108498 -0.0415046 
0.126835 0.100844 -0.129114 
0.104034 0.112629 0.00871288 
0.115372 -0.0310492 0.113559 
0.23052 -0.325508 0.0582279 
0.102078 0.115269 0.0288356 
0.133121 -1.3648 1.72978 
0.127076 -0.0242441 -0.000779016 
0.165696 -0.151945 -0.0504585 
0.11908 0.0323744 0.0610521 
0.0356495 -1.11412 -0.461574 
