0.788852 -0.208227 -0.578234 -0.0365776 0.252376 0.96762 -0.00414571 -0.0149107 0.560374 -0.142662 0.815861 -0.146567 0 0 0 1
0.999201 -0.024546 -0.0315352 -0.0029643 0.0241391 0.999621 -0.0132213 -0.00746884 0.0318477 0.0124496 0.999415 -0.0286141 0 0 0 1
###
0.428083 -1.61983 2.52356 
3.7455 -10.0024 14.3552 
-0.895007 -5.3546 2.85152 
0.20588 0.0184481 0.381859 
-0.123575 0.230906 0.624224 
-3.41393 -9.87691 6.40081 
6.6385 -7.80302 2.58328 
0.202847 0.0164915 0.370201 
-0.120713 0.228829 0.618661 
-0.912166 -2.11554 1.40118 
1.67502 -2.05247 -0.541128 
-0.609495 -3.29535 1.94501 
-1.28668 0.753516 2.12503 
-0.297135 -0.627209 0.344616 
0.153916 0.0852068 0.296522 
0.522085 -1.20279 -0.294172 
1.14896 -1.78643 0.580102 
1.31198 -1.89932 0.286527 
0.838522 -2.36203 0.11175 
-0.378132 0.2394 0.72689 
1.14896 -1.78643 0.580102 
0.201593 0.128402 0.106378 
0.336175 -1.12065 1.76637 
-0.331036 -1.26006 1.44327 
-0.124002 0.225224 0.609254 
0.165323 0.0891003 0.18905 
0.235354 0.00348558 0.284089 
1.117 -1.93523 0.557973 
-0.140502 -2.50295 3.0762 
0.258922 -0.235567 -0.0107905 
0.228483 0.0687111 0.124852 
-0.426162 0.23706 0.705142 
0.251858 -0.244803 0.16102 
1.33012 -1.91471 0.282645 
1.7966 -7.16694 6.71191 
-0.612885 -3.3474 1.97717 
0.21131 -4.08229 1.66834 
-0.987848 -1.68591 0.756699 
-0.335042 -0.556472 1.32092 
0.038398 0.15706 0.246336 
0.186864 -0.329324 -0.00491537 
0.547673 -1.09685 -0.268506 
13.853 -16.7626 5.7656 
-0.340655 -1.29087 1.49144 
-0.318585 -0.541346 1.32219 
0.222191 -0.104252 0.282041 
0.398301 -1.9367 2.9756 
0.362564 0.026761 0.153229 
0.346374 0.00561523 0.256809 
0.0343973 0.155692 0.247036 
1.27057 -1.98225 0.647467 
1.14252 -1.61452 0.256507 
-0.42577 -1.80184 1.78288 
0.11562 -4.34218 1.65158 
0.375769 -0.185184 0.297602 

0.866828 -2.77038 4.64768 
1.22202 -4.0794 6.69981 
-1.13663 -4.34145 2.80322 
-2.43594 -3.14855 1.54195 
-0.43404 0.421786 0.953691 
-1.48689 -3.55652 2.82892 
9.61735 -12.488 5.34953 
-0.0199368 0.125155 0.654663 
-0.43574 0.417032 0.946187 
-3.00711 -4.73284 3.77798 
0.231124 0.0261928 0.385988 
-1.40835 -5.01341 3.49014 
-1.25733 0.360382 0.659001 
0.189395 0.157779 0.152432 
-0.0705133 0.200907 0.536058 
1.54015 -2.09046 0.552656 
1.09567 -2.15677 1.00733 
1.22329 -2.18453 0.62835 
-1.39027 -5.07103 3.39771 
0.118486 0.191159 0.196082 
0.0655981 0.164917 0.275134 
0.123251 0.210752 0.177752 
0.0913476 -1.7779 3.07186 
-0.790874 -1.52601 2.16206 
2.1719 -0.627876 0.309058 
-0.0487433 0.175927 0.641573 
0.0282403 0.0893602 0.517319 
0.316196 0.0726756 0.272096 
-4.45734 -15.7236 20.1788 
2.41647 -2.51862 0.292625 
0.00526356 0.250057 0.259509 
-1.24982 0.33211 0.569944 
1.09876 -2.14927 1.01536 
1.23565 -2.18946 0.632618 
2.69936 -14.2597 14.9294 
-1.43304 -5.19852 3.61175 
-0.480208 -5.19834 2.91304 
-1.7501 -2.11588 0.274142 
-0.739146 -0.555082 1.88185 
-0.304944 0.208548 0.127113 
-4.85281 -12.7194 15.5225 
-3.45085 -4.75587 1.8165 
12.4441 -16.0661 6.70775 
-0.779624 -1.49654 2.15622 
-0.722496 -0.539832 1.89475 
0.013718 -0.0509991 0.52626 
-1.74705 -2.81792 2.41768 
0.157687 0.159204 0.186351 
0.169762 0.0861582 0.482518 
-1.44767 -1.70292 0.225422 
1.08815 -2.12728 1.01163 
1.26918 -2.231 0.642164 
-2.34119 -3.86098 3.18687 
0.42388 -5.05197 1.85235 
0.219676 -0.166554 0.566803 
