-0.200259 -0.293711 -0.934682 -0.00198251 0.203161 0.920822 -0.332884 -0.200111 0.958448 -0.256554 -0.124733 0.176361 0 0 0 1
0.999935 -0.0113916 0.000453171 0.00752229 0.0113917 0.999935 -0.000126864 0.003374 -0.000451697 0.000132018 1 0.000889063 0 0 0 1
###
0.156038 -0.903351 0.573582 
-0.135729 0.100034 0.1258 
-0.0596582 0.230149 -0.0333554 
-0.0515996 0.285026 0.0478452 
0.146064 -1.07956 0.192853 
-0.121099 -0.320449 -0.127995 
-0.0831586 0.249814 -0.0342781 
-0.106808 0.250795 -0.0480813 
-0.157303 -0.361141 -0.421419 
0.255611 -1.0063 0.760464 
-0.000355483 -0.668999 -0.113703 
-0.0361613 -0.189554 -0.197204 
-0.145294 -0.307783 0.477071 
0.171971 -0.798005 0.556578 
2.32053e-05 -0.216864 -0.140789 
0.530938 -0.301494 0.28282 
-0.0795759 0.226728 -0.074866 
-0.112619 0.256263 -0.0564568 
0.0831223 -0.316716 0.437923 
0.0421819 -0.479293 -0.302752 
1.89335 -2.4557 0.845822 
-0.137397 0.11022 0.0951691 
-0.0818809 0.218728 -0.0563308 
-0.0292355 0.312144 0.14896 
-0.0420059 0.290821 0.0580169 
0.0452984 -0.270394 -0.167876 
0.0360452 -0.458496 -0.2973 
0.00787304 -0.66084 -0.0860702 
-0.0968448 0.238951 -0.0764737 
-0.0850894 0.219464 -0.0557427 
-0.195251 -0.302983 -0.393937 
0.0920006 -0.658409 0.266815 
0.0156336 -0.291414 0.421222 
0.698088 -0.496604 0.40897 
-0.0917974 0.209947 -0.097291 
-0.11802 0.250883 -0.0760412 
-0.112901 0.244628 -0.0684018 
-0.0557322 0.229683 -0.0322315 
-0.112369 0.267731 -0.0404226 
1.83867 -2.38668 0.817825 
0.077616 -0.673388 0.205134 
-0.113768 0.256154 -0.0602623 

-0.608724 -4.07844 2.39775 
-4.05284 -6.24072 0.203612 
-0.0266024 0.225419 0.261765 
-0.509893 0.391665 0.570453 
0.345747 -3.69817 1.86679 
2.77238 -10.4273 11.6957 
0.688413 -1.58151 0.282306 
-0.157629 0.288111 0.186945 
0.814363 -0.977223 0.0819686 
-0.929166 -3.89216 2.60741 
0.689431 -3.69057 1.6724 
1.09773 -1.29102 0.490656 
-0.81842 -1.35542 0.456324 
-0.685446 -3.89243 2.48468 
0.885389 -1.31584 0.693396 
0.31308 -4.43407 8.15241 
0.0084945 0.245741 0.267096 
0.07434 0.137756 0.262548 
-0.671017 -1.43838 1.36349 
0.0261924 -0.106092 0.398738 
2.79131 -10.5169 11.7849 
-1.17456 -1.54743 0.059541 
-0.131963 0.105944 0.362838 
-0.957925 0.258996 0.338288 
1.78209 -0.0248676 0.372615 
0.955343 -1.26706 0.764678 
1.13072 -1.31807 0.500016 
-0.22751 -3.72181 2.20143 
-0.0284334 0.266703 0.178127 
-0.139916 0.121438 0.389435 
0.201729 -0.0321807 0.389512 
0.473316 -3.38128 1.64647 
-0.549104 -1.55331 1.90485 
-1.31475 -2.43113 1.64076 
0.188262 -0.0387858 0.185651 
-0.810686 0.376595 0.692134 
0.0674845 0.210655 0.19532 
0.134423 0.0402054 0.200592 
1.89468 -1.48173 2.02069 
3.17619 -11.8514 13.7503 
0.326031 -3.61421 1.83639 
-0.965076 0.277424 0.417403 
