-0.976011 -0.169275 -0.136923 0.0160547 -0.100487 0.908141 -0.406426 -0.0699467 0.193143 -0.382917 -0.903366 0.06606 0 0 0 1
0.999452 -0.0129265 -0.0304692 0.0370908 0.0132143 0.99987 0.00926344 -0.00336453 0.0303455 -0.009661 0.999493 0.00318728 0 0 0 1
###
0.10105 -0.0698216 -0.0779243 
0.13934 -0.0525549 -0.00259639 
0.178899 -0.168818 0.0386935 
-0.176681 -0.369386 -0.197945 
0.0345864 0.0478586 0.0586801 
0.0143956 0.0871651 0.00133135 
0.0616448 0.108818 0.00510861 
-0.0741692 -0.157303 0.0338288 
0.0349761 0.0480142 0.058625 
0.101882 0.112815 0.0151923 
0.0308629 0.0405704 0.0564253 
0.512998 -0.888278 -0.707734 
-0.10471 -0.26165 0.0330154 
0.0036394 -0.402047 0.00139688 
0.101495 0.112872 0.0151283 
0.219055 -0.246952 -0.204273 
0.523528 -0.898866 -0.706258 
0.00157414 0.0750804 0.0124226 
0.00118097 0.0847229 0.00918508 
-0.0585243 -0.127059 -0.0271533 
-0.0404608 -0.412343 -0.00285797 
0.12892 -0.0251236 -0.00296236 
0.0971923 0.112327 0.0225462 
-0.00664686 0.103332 0.019849 
-0.0549762 -0.115359 -0.0236884 
0.0016739 0.103537 0.0208944 
0.556302 -1.40993 -0.694224 
0.0167951 0.101967 0.020359 
0.202534 -0.195178 -0.0745905 
0.131757 0.00445508 -0.0095186 
0.131088 0.00587858 -0.0113473 
0.0949916 0.112162 0.0233825 
0.0104705 0.104035 0.0202315 
0.0138471 0.0858271 -0.000157531 
0.0756367 -0.404827 0.00871084 
0.157209 -0.139438 0.0347486 
0.100672 -0.339851 0.0198389 
0.0284825 0.0435256 0.0555946 
0.300092 -0.368779 0.0581901 
0.0637556 0.109636 0.00487391 
-0.0821317 -0.0907884 -0.0151433 
0.646709 -0.863971 -0.615314 

0.0369742 -0.389603 0.724611 
-1.63585 -2.00929 2.63914 
-2.62105 -4.33101 4.26545 
10.0219 -9.18775 5.96656 
-7.85145 -9.07317 0.610177 
-0.619341 0.166321 0.576638 
3.14842 1.36592 0.862051 
2.99921 -13.8581 16.0149 
-0.50739 -0.0244492 0.689565 
-1.99277 0.725454 1.18796 
-5.24224 -8.75018 0.824133 
2.15153 -8.12305 15.2459 
-0.132957 0.128066 0.245216 
0.54215 -5.86946 2.75923 
3.65836 1.3892 0.683686 
-0.624482 -3.03564 5.44797 
-2.2998 -3.27578 2.24621 
3.38724 -6.55085 12.0364 
-0.615034 0.192303 0.556956 
0.839165 -3.08019 0.495309 
0.0927482 -6.60938 3.39183 
-1.6851 -1.27382 2.31973 
-2.04054 0.691731 1.10403 
0.135548 0.369479 0.615686 
-0.369459 0.375094 0.341342 
-1.79644 -7.02954 4.53155 
2.94909 -14.2638 17.2181 
-0.387087 -0.0999991 0.582086 
7.67706 -8.41677 12.5765 
-1.76597 -0.671266 2.2458 
-1.72996 -0.632445 2.23718 
2.14878 1.55236 1.9305 
-0.413923 0.508815 0.199618 
3.59157 1.32068 0.456023 
0.69657 -6.10519 2.80111 
-2.7611 -4.33043 3.64646 
0.066811 -6.56098 3.38818 
2.73798 -12.7353 15.3105 
7.35475 -5.75647 6.311 
-0.436012 -0.0168285 0.585434 
-2.90763 -3.90225 1.47696 
3.98054 -3.21244 4.2179 
