0.979431 0.00731504 0.201645 0.717929 0.00773916 0.997245 -0.0737678 -0.277649 -0.201629 0.073811 0.976677 -0.150997 0 0 0 1
0.276462 -0.155573 -0.948349 -0.0053806 0.131821 0.983621 -0.122931 0.00253041 0.951941 -0.0910266 0.292441 -0.0211945 0 0 0 1
###
-0.422031 -0.176361 0.66359 
2.73765 -12.7407 15.315 
10.0248 -9.18875 5.96249 
-4.08116 -6.67055 1.69213 
-2.26636 -7.12616 4.82004 
-0.385388 -4.74962 2.63806 
2.67641 -12.993 15.6799 
0.0659781 -10.2477 19.3224 
-0.322053 -6.96183 3.81912 
-4.11998 -6.73631 1.74793 
-3.19799 -5.93899 4.27246 
1.86155 -7.63946 14.0964 
-2.07897 -0.558192 0.996816 
1.86061 -7.17509 13.404 
-0.340898 0.394785 0.298555 
-2.1612 -0.373033 0.492011 
-2.65276 -1.36626 0.310433 
-0.620929 0.519859 0.169028 
-1.56779 -1.86634 2.51947 
-2.35543 -0.157842 0.530972 
2.1534 -8.11654 15.242 
-0.164461 -0.308509 0.759681 
-1.66552 -3.2601 4.00749 
-0.944736 -6.53727 3.9178 
-0.689029 0.584599 0.170539 
1.82832 -2.6741 1.03604 
0.471918 0.992753 0.19784 

0.215191 -0.197713 -0.0328173 
0.26084 -0.601656 0.707141 
0.0132961 -0.0102775 -4.81108e-05 
0.158013 -0.143199 0.0486696 
0.229421 -0.366445 0.0424702 
0.259587 -0.735203 0.114563 
-0.00512852 -0.152895 0.180292 
0.00206651 -0.219081 0.268977 
0.129261 -0.384121 0.0371707 
-1.15184 -1.71111 1.1445 
0.429761 -0.418583 0.145836 
0.503973 -0.871441 -0.693931 
0.118922 0.0323282 0.0609743 
0.136313 -0.118042 0.0670603 
0.0856187 0.118319 0.0940687 
0.0533676 0.0303968 -0.0486071 
0.104605 0.0139197 0.133879 
0.103884 0.112464 0.00870374 
0.132975 -0.075497 -8.29274e-05 
0.0936573 0.0772154 0.0806942 
0.138716 0.103202 -0.120587 
0.244483 -0.346563 0.267118 
0.165552 -0.15182 -0.0503887 
0.104699 -0.428906 0.0106866 
0.0966001 0.111358 0.0315642 
0.0982682 0.114326 0.0361971 
0.111069 -0.133262 -0.0950783 
