0.987103 -0.136702 0.0833089 0.050108 0.141286 0.988611 -0.0518376 0.0115065 -0.0752738 0.0629394 0.995175 -0.197717 0 0 0 1
1 0 0 0 0 1 0 0 0 0 1 0 0 0 0 1
###
1.40358 -4.66344 7.61559 
-0.0205299 0.126035 0.654874 
7.77966 -9.62477 4.03014 
-1.75293 -5.13089 3.79484 
-0.435792 0.423509 0.957409 
1.89251 -9.93643 10.9003 
-1.04298 0.416039 0.897455 
-1.69183 -0.921667 0.600783 
-0.139818 -4.71809 2.40004 
-0.870671 0.469218 1.12178 
0.181837 0.0714859 0.491262 
-1.54047 -1.84427 0.4029 
1.75111 -5.35978 8.78271 
0.175621 -0.135921 0.571282 
0.231771 -0.0188019 0.407365 
0.0456408 0.0988429 0.505665 
0.123609 -0.226769 0.588957 
-1.64372 -4.00055 3.15897 
-0.79783 -1.53764 2.17934 
-1.6915 -2.77689 2.29631 
0.0460374 -0.941502 1.81457 
-0.989314 0.397643 0.861339 
0.16783 0.0991781 0.47606 
0.0177537 0.169743 0.524421 
0.232841 -0.0180166 0.407683 
-0.741192 -0.559067 1.89433 
-1.11399 -0.081371 0.673598 
-2.34354 -3.0088 1.48329 
-2.16376 -3.56923 2.95348 
-0.911168 -5.4221 3.35406 
-0.907496 0.44183 1.01341 
-0.0423886 0.198907 0.519797 
-0.171383 0.24558 0.495572 
-0.0355832 0.195199 0.398486 
0.0457943 0.204377 0.275119 
0.0591301 0.0477933 0.497254 
0.969337 -2.17285 0.937355 
-1.32493 0.32972 0.568257 
0.388952 0.330006 0.215064 
-0.0325971 0.194805 0.391822 
0.283529 -0.133666 0.311516 
-0.00939194 0.11042 0.635164 
-0.0519487 0.198936 0.392344 
0.0599265 0.158287 0.286332 
-0.783525 -1.50314 2.16588 

3.6706 -9.83146 14.0892 
0.208269 0.0184807 0.386559 
0.463994 -1.76915 2.75652 
-2.49559 -9.78277 6.11201 
-0.1207 0.229499 0.620526 
2.0939 -8.16504 7.94672 
-0.4168 0.161413 0.438772 
-0.980031 -0.70914 0.300814 
1.4148 -4.9028 1.00438 
-0.425334 0.239765 0.710918 
0.361664 -0.00780283 0.266044 
-0.388789 -0.832 0.491613 
1.1942 -2.91523 4.27505 
0.353604 -0.169702 0.311631 
0.394374 -0.0706009 0.191173 
0.247636 0.0116459 0.273011 
0.312167 -0.238603 0.320074 
-1.01076 -3.37421 2.23432 
-0.34062 -1.29265 1.48027 
-1.23859 -3.09283 2.13164 
0.730397 -2.86889 4.49356 
-0.395093 0.149853 0.407235 
0.339369 0.0154497 0.247318 
0.223536 0.0642124 0.285865 
0.391898 -0.0697541 0.190035 
-0.362093 -0.591441 1.40327 
-0.625434 -0.0927598 0.386019 
-0.873712 -1.40248 0.494948 
0.700342 -3.47466 5.32481 
0.185984 -3.75631 1.5464 
-0.382 0.241907 0.734395 
0.176091 0.0853314 0.286639 
0.0761857 0.116467 0.267183 
0.179709 0.0843185 0.19165 
0.235253 0.0987141 0.0986632 
0.261025 -0.0279234 0.267706 
1.24933 -1.94853 0.636963 
-0.552754 0.201825 0.543519 
0.370085 -1.25065 1.9702 
0.182049 0.0864018 0.189078 
0.0193768 0.21307 0.524653 
0.221289 0.0116117 0.402098 
0.166388 0.08924 0.190604 
0.6427 -1.06758 0.0188527 
-0.340725 -1.29172 1.49218 
