0.765063 -0.189315 -0.615499 -0.0346899 0.182993 0.98032 -0.0740676 -0.0104698 0.617408 -0.0559655 0.78465 -0.190755 0 0 0 1
0.999199 -0.0246847 -0.0314887 -0.00296165 0.0242801 0.999618 -0.0131692 -0.00754064 0.0318018 0.0123941 0.999417 -0.0286876 0 0 0 1
###
-0.34597 -0.578447 1.35716 
1.26981 -1.83656 0.278188 
-2.11189 -3.86816 2.17708 
0.956481 -2.68897 0.124925 
-0.124534 0.232941 0.630002 
0.115758 0.0924846 0.356385 
-1.74217 -3.18722 1.77112 
1.75711 -2.15349 -0.57507 
0.349278 -0.00756069 0.256721 
0.197387 0.0736209 0.197393 
-2.54634 -7.36144 4.75445 
-1.93092 -7.60134 4.74807 
0.250911 0.0639379 0.105224 
1.14881 -1.786 0.579626 
0.207292 -3.71129 1.51111 
-0.333385 -1.26894 1.45296 
0.256343 0.032208 0.239401 
0.341092 0.0155258 0.248579 
-0.628774 -3.39288 2.00077 
0.99507 -2.82538 0.126257 
0.230972 0.0694575 0.126301 
0.213277 0.0173432 0.401946 
-0.12515 0.227318 0.61554 
-0.335386 -0.557992 1.32357 
0.180759 0.0851277 0.193594 
0.260929 -0.0279391 0.267503 
0.213277 0.0173432 0.401946 
-0.321291 -0.546456 1.33345 
0.200964 -3.87939 1.58736 
-0.339421 -1.28807 1.48742 
0.344823 0.00551865 0.254739 
14.6152 -17.675 6.06975 
0.383562 -0.174422 0.308345 
0.0301836 -1.14195 1.49131 
-0.580216 -3.22926 1.84743 
0.605882 -1.57121 2.41199 
0.251596 0.0648703 0.105598 
-0.364935 0.258639 0.798584 
0.679313 -3.45557 5.28444 

-0.741192 -0.559067 1.89433 
1.21218 -2.18662 0.628916 
0.189999 0.158301 0.152917 
-1.14051 -4.35429 2.8115 
-1.69183 -0.921667 0.600783 
-0.118123 0.215878 0.59815 
0.199801 0.0727648 0.369059 
0.232043 0.0262925 0.387453 
0.181837 0.0714859 0.491262 
0.171804 0.180824 0.14214 
-1.52963 -3.64668 2.89965 
-1.75293 -5.13089 3.79484 
0.238217 0.17285 0.0880499 
1.10327 -2.15906 1.01992 
-0.139818 -4.71809 2.40004 
-0.614034 -0.795623 1.55304 
0.0842541 0.169654 0.273032 
0.16783 0.0991781 0.47606 
-1.41561 -5.03618 3.50612 
-1.37648 -5.01926 3.3641 
0.00530102 0.250878 0.260319 
-0.0215316 0.184513 0.525713 
2.18091 -0.630846 0.310296 
-0.74179 -0.556878 1.88924 
-2.34354 -3.0088 1.48329 
0.608501 -0.0632484 0.438009 
0.0317614 0.166689 0.311632 
-0.724906 -0.541527 1.90088 
-0.482489 -5.214 2.92186 
-0.783525 -1.50314 2.16588 
0.170455 0.0865206 0.484409 
12.1906 -15.7483 6.57739 
0.217188 -0.145987 0.570047 
-2.98461 -3.47653 0.96746 
-1.43973 -5.2106 3.5188 
-4.94668 -12.9599 15.8144 
-0.0209176 0.223872 0.522979 
0.312934 0.0785787 0.239725 
5.38939 -7.05943 7.90304 
