0.773647 -0.198941 -0.601575 -0.0361959 0.227157 0.973403 -0.0297724 -0.0146666 0.591498 -0.113618 0.798262 -0.174147 0 0 0 1
0.999201 -0.024546 -0.0315352 -0.0029643 0.0241391 0.999621 -0.0132213 -0.00746884 0.0318477 0.0124496 0.999415 -0.0286141 0 0 0 1
###
0.463994 -1.76915 2.75652 
0.642842 -1.67869 0.102987 
0.328609 -0.366791 0.412695 
0.208269 0.0184807 0.386559 
-0.124557 0.232696 0.629479 
-1.09442 -3.1026 2.46089 
0.15731 0.0872246 0.302678 
3.6706 -9.83146 14.0892 
8.40481 -10.2966 3.65082 
1.30783 -1.89362 0.285954 
2.0478 -2.14191 0.0483924 
1.15922 -1.80308 0.585289 
0.254539 0.0997643 0.0635269 
-1.08823 -1.94476 0.994713 
0.280164 -0.0109977 0.264119 
0.370085 -1.25065 1.9702 
-0.702951 -4.23646 2.2601 
0.237123 0.00352393 0.286206 
0.166388 0.08924 0.190604 
-1.156 -4.00875 2.32974 
-1.10086 -3.98729 2.22621 
0.677231 -2.08694 0.112824 
1.13332 -1.96412 0.56538 
1.15922 -1.80308 0.585289 
-1.15999 -1.55892 0.925908 
0.730397 -2.86889 4.49356 
1.81787 -2.3368 -0.806366 
-0.353631 0.254869 0.785979 
0.182049 0.0864018 0.189078 
1.4639 -2.12111 0.309926 
1.21379 -1.89094 0.623715 
1.13627 -4.68326 1.15953 
-0.340725 -1.29172 1.49218 
-0.38532 0.248505 0.750683 
-0.124769 0.226758 0.613659 
1.63187 -5.44203 1.05224 
-0.311654 -1.29834 1.41532 
-0.614303 -3.41811 1.95155 
0.251405 0.0649625 0.105213 
1.59631 -2.27046 -0.632539 
0.109753 -4.15545 1.58462 
-0.902135 -1.64712 0.839305 
0.493738 -1.97037 3.13576 
0.343453 0.00559102 0.253735 

0.866828 -2.77038 4.64768 
-1.39027 -5.07103 3.39771 
1.93074 -10.1286 11.0947 
-0.0199368 0.125155 0.654663 
-0.0176225 0.25643 0.282498 
-1.13603 -2.23196 2.31899 
-0.0698689 0.203134 0.537165 
1.78854 -5.37045 8.85301 
9.61735 -12.488 5.34953 
1.20796 -2.17814 0.626693 
-9.67257 -11.9783 1.57184 
1.09567 -2.15677 1.00733 
0.118486 0.191159 0.196082 
0.189395 0.157779 0.152432 
0.0741929 0.0700061 0.481705 
0.631494 -6.91029 12.2649 
0.123829 -0.225652 0.587734 
0.0282403 0.0893602 0.517319 
-0.0487433 0.175927 0.641573 
-2.14907 -5.64998 3.87727 
0.291151 0.138488 0.0790346 
-1.66641 -4.71418 3.00036 
0.316196 0.0726756 0.272096 
1.09876 -2.14927 1.01536 
-0.10106 0.277725 0.360695 
0.114266 -6.41941 11.1753 
0.0512764 0.224904 0.167848 
-0.774065 0.491941 1.21894 
0.236104 0.0240593 0.372764 
1.23565 -2.18946 0.632618 
1.08815 -2.12728 1.01163 
-0.480208 -5.19834 2.91304 
-0.779624 -1.49654 2.15622 
0.00488353 0.247156 0.257692 
2.1719 -0.627876 0.309058 
-0.159379 -5.19214 2.63351 
-0.790874 -1.52601 2.16206 
-1.44648 -5.23666 3.53546 
7.66985 -9.49416 3.97994 
5.15012 -6.75264 7.5615 
0.42388 -5.05197 1.85235 
0.167144 0.0987239 0.474207 
0.0913476 -1.7779 3.07186 
0.169762 0.0861582 0.482518 
