-0.22496 -0.277592 -0.933989 -0.00925403 0.121036 0.943173 -0.309475 -0.216888 0.966821 -0.182666 -0.178578 0.152737 0 0 0 1
0.999887 -0.0150445 0.000409689 0.010816 0.0150437 0.999885 0.00191622 0.00532718 -0.000438471 -0.00190984 0.999998 0.00135157 0 0 0 1
###
0.255611 -1.0063 0.760464 
-0.0596582 0.230149 -0.0333554 
-0.0515996 0.285026 0.0478452 
-0.221768 -0.462671 -0.486778 
-0.121099 -0.320449 -0.127995 
-0.0808884 0.221651 -0.0735521 
0.0637279 -0.319986 -0.181167 
1.4338 -1.78141 0.611844 
-0.0381621 0.292218 0.0602477 
-0.0709144 0.250687 -0.0184534 
-0.126846 0.237159 -0.114946 
-0.0831454 0.242398 -0.0469992 
0.176929 -0.839158 0.794045 
0.0256545 -0.422696 -0.277029 
0.0494523 0.112295 0.185991 
-0.0477686 -0.573878 0.715096 
0.0699176 0.0585265 0.226406 
-0.157303 -0.361141 -0.421419 
-0.04641 -0.192682 0.00440166 
-0.0795759 0.226728 -0.074866 
2.32058e-05 -0.216864 -0.140789 
-0.0361613 -0.189554 -0.197204 
0.0804427 -0.295216 0.419368 
-0.112619 0.256263 -0.0564568 
0.0421819 -0.479293 -0.302752 
-0.0818809 0.218728 -0.0563308 
-0.0730463 -0.305943 -0.40096 
-0.112901 0.244628 -0.0684018 
-0.122433 -0.357367 -0.103841 
0.530938 -0.301494 0.28282 
-0.115472 0.242785 -0.0747235 
-0.0451485 0.288716 0.0544879 
0.0452984 -0.270394 -0.167876 
0.00787304 -0.66084 -0.0860702 
0.0566592 -0.718436 0.0788654 
0.0257223 -0.771073 -0.084781 
1.83867 -2.38668 0.817825 
0.114978 0.0717285 0.260168 
-0.0420059 0.290821 0.0580169 
-0.0557322 0.229683 -0.0322315 
0.0620238 -0.995923 -0.0819213 
0.470393 -0.446429 0.45831 
-0.112244 0.16802 -0.49239 
0.00547908 -0.646352 -0.0869542 
-0.0684341 0.160662 -0.0947074 
-0.0148456 0.0757558 -0.108157 

-0.928327 -3.88705 2.60415 
-0.0267869 0.22676 0.263313 
-0.513723 0.394452 0.574257 
8.95983 -8.3266 5.13399 
-0.60961 -3.57995 2.21908 
-0.157342 0.261251 0.314726 
0.957181 -1.26825 0.75493 
2.13953 -8.3323 9.80846 
-0.512444 0.391214 0.569995 
0.107871 -0.0610206 0.386293 
-0.859723 0.333437 0.563628 
-0.123407 0.275361 0.284962 
-0.989761 -3.1123 2.1724 
1.10341 -1.29807 0.492964 
-0.681429 -0.379033 1.24969 
-0.82239 -1.36144 0.458293 
3.76373 -2.91065 4.01588 
1.13709 -1.32578 0.502602 
0.347027 -3.71282 1.87335 
0.00853361 0.247211 0.268699 
0.890141 -1.32381 0.697188 
3.6531 -3.36518 5.23846 
-0.772096 -1.65303 1.55842 
0.165071 0.00842201 0.254057 
0.0263294 -0.106774 0.401199 
2.47705 -1.21351 1.33086 
1.79275 -0.0251821 0.374809 
0.0166347 -0.0163367 0.351265 
-1.07292 -4.60913 2.57473 
0.295399 -4.16843 7.67604 
0.969117 -1.3485 0.225313 
-0.519394 0.391204 0.568989 
0.959855 -1.27334 0.768023 
-0.231689 -3.78321 2.23571 
0.328597 -3.64742 1.85205 
0.0831719 -1.44587 0.770194 
2.76221 -10.4084 11.6596 
-0.664524 -0.359538 1.24434 
-0.00459815 -0.00745384 0.0880974 
0.172579 -0.0408172 0.216225 
0.475558 -3.39985 1.65498 
-0.7949 -1.75293 1.722 
-0.00315899 0.0280312 0.378631 
0.0911684 -3.65422 1.99725 
-1.00339 -0.354405 0.742045 
-0.478132 0.405883 0.537832 
