0.979106 0.0922998 0.181198 0.616665 -0.0895762 0.99571 -0.0231752 -0.332906 -0.18256 0.0064599 0.983174 -0.129524 0 0 0 1
0.234869 -0.213567 -0.948275 0.0358964 0.0524836 0.976928 -0.207021 -0.0130697 0.970609 -0.00114606 0.240658 -0.0264254 0 0 0 1
###
-2.09093 0.640158 0.954669 
-2.67742 -0.914703 0.240747 
-1.8271 -2.62829 1.81825 
-2.23587 -5.25975 3.68666 
-1.41762 0.74389 0.960165 
1.85957 -7.64354 14.0933 
-3.7126 -7.29523 4.9164 
2.73798 -12.7353 15.3105 
-1.1348 0.599297 0.258485 
-1.47824 -1.28832 0.0168704 
-2.66698 -1.36047 0.299097 
1.21865 -2.51931 1.31945 
-4.11488 -6.7273 1.74638 
-2.43047 -4.03021 3.06323 
-0.910748 -1.26429 2.03209 
-1.63585 -2.00929 2.63914 
-2.31495 -0.692946 1.16783 
-1.76127 -7.23266 4.50383 
-3.09995 -4.32523 0.0129579 
1.85872 -7.17068 13.3908 
1.25866 -2.29924 1.3706 
-0.172133 -0.297258 0.752546 
-2.37851 -0.16329 0.5348 
-2.88957 -3.9428 -0.00588588 
-0.627284 0.219755 0.471119 
-1.72996 -0.632445 2.23718 
-2.13729 -0.0904887 0.477354 
2.15153 -8.12305 15.2459 
1.28761 -2.33149 1.40395 
0.066811 -6.56098 3.38818 
-0.604685 0.373916 0.440381 
-0.621337 0.520582 0.169335 
-0.948266 -6.56689 3.93445 
-2.36655 -2.28957 0.928078 
-1.99839 0.732642 1.19795 
-3.6287 -5.12341 0.574074 
-0.573525 0.513509 0.140939 
-1.48138 -3.15821 4.42203 
-1.75577 -0.136736 0.358444 
-0.604868 0.374714 0.442616 
-1.54986 -1.87123 -0.135724 

0.105825 0.0960027 -0.152513 
0.100251 0.0454509 0.123394 
0.271117 -0.32737 0.0891827 
0.532602 -0.566136 0.191166 
0.0984026 0.114486 0.0362483 
0.499973 -0.858061 -0.692413 
0.134896 -0.117699 0.0668051 
0.37501 -0.867407 1.02031 
0.0618667 0.110835 0.0282102 
0.0885559 0.115556 0.0622194 
0.105028 0.0131812 0.137557 
0.172624 -1.75072 2.19121 
0.206072 -0.266901 0.237683 
0.158666 -0.153995 0.0568545 
0.145604 -0.134634 0.0141708 
0.14553 -0.116665 0.00302585 
0.116928 0.00945098 0.0864742 
0.181379 -0.377543 0.0453883 
0.00999288 -0.0408324 0.0432034 
0.542944 -1.20108 1.53464 
0.393113 -1.11079 -0.869028 
0.0521532 -0.347174 0.430398 
0.096643 0.0634208 0.0865264 
-0.0766412 -0.315903 0.373293 
0.523528 -0.898866 -0.706258 
0.131088 0.00587858 -0.0113473 
0.0945177 0.0737512 0.0824804 
0.13639 -0.118069 0.0671272 
0.0474017 -0.0848325 -0.0617506 
0.0850499 -0.427614 0.00744902 
0.126835 0.100844 -0.129114 
0.0859403 0.0669246 0.195084 
0.100672 -0.339851 0.0198389 
0.115372 -0.0310492 0.113559 
0.102078 0.115269 0.0288356 
0.282375 -0.412829 0.415305 
0.127076 -0.0242441 -0.000779016 
0.165696 -0.151945 -0.0504585 
0.117741 0.0188572 0.0785048 
0.113183 0.123616 0.0184683 
0.0356495 -1.11412 -0.461574 
