0.999312 -0.0315065 0.0195439 0.194023 0.0308377 0.998959 0.0336269 -0.142552 -0.0205831 -0.0330011 0.999243 -0.025128 0 0 0 1
0.996393 -0.0767156 -0.0362637 -0.00328948 0.0765157 0.997045 -0.00687128 0.000539314 0.0366836 0.00407176 0.999319 -0.00902735 0 0 0 1
###
-0.36747 0.323713 0.190462 
-0.386812 -2.45846 3.8829 
0.0644536 0.214278 0.190341 
-0.852811 -1.575 1.10419 
0.35028 -3.74047 1.88776 
0.0522587 0.157845 0.286718 
-2.44236 -4.42735 1.35481 
-2.82559 -4.78262 0.486558 
-0.964962 0.306163 0.480717 
-0.938425 -3.92682 2.63178 
-0.296496 -2.06435 3.33733 
-1.00193 -1.90863 1.37614 
-0.797244 -0.965015 0.0110238 
-2.02625 -1.29727 0.816161 
2.65816 -10.0036 11.2206 
-0.827283 -1.72097 1.50156 
-0.68409 -2.57 3.13273 
-1.93904 -3.63613 0.962364 
-2.45599 -1.4469 0.976964 
0.901542 -1.34057 0.706094 
0.092584 -3.70709 2.02578 
-0.999597 -4.19067 5.04118 
-1.48563 -0.623854 1.94747 
-0.673719 -0.364449 1.26092 
-1.18876 -0.093015 0.399026 
-1.00088 -3.2407 2.26158 
1.20083 -3.48024 6.39444 
0.901542 -1.34057 0.706094 
-1.93349 -3.65118 0.977214 
-1.20186 -0.757973 0.215447 
-0.0856981 0.288696 0.0933999 
-0.0695864 0.312602 0.105091 
-0.968328 0.30532 0.475225 
-0.935125 -2.70486 1.96561 
0.0752621 -3.60463 1.98005 
0.143303 0.0962489 0.162224 
-0.527937 0.39765 0.578096 

-0.122279 0.305243 0.178546 
0.19339 -0.217033 0.266434 
0.466368 0.394066 0.0932253 
0.104074 -0.785898 0.979065 
0.125581 -0.852971 0.440165 
0.0481087 0.0095782 0.200994 
-0.165079 -0.507986 0.658251 
-2.64981 -2.63676 0.691322 
0.162364 0.350665 0.197338 
0.255611 -1.0063 0.760464 
-1.08602 -1.28009 1.47565 
-0.0177009 -0.240538 0.373382 
0.393107 0.378774 0.163794 
-0.167303 -0.122679 0.340874 
0.0824095 -0.861894 0.737815 
0.24066 -0.49037 0.654622 
0.0653675 -0.471677 0.66003 
-0.252989 -0.445403 0.557076 
-0.00423065 0.316053 0.172523 
0.159139 -0.811646 0.685652 
0.135141 -0.840888 0.248645 
-1.48441 -1.44509 0.953008 
0.203414 0.219304 0.499915 
0.113452 0.0737879 0.253141 
-0.11306 0.0775078 0.297102 
0.126673 -0.588602 0.542725 
3.84212 -3.02003 1.36385 
0.981026 -0.794406 0.191392 
-4.65093 -4.8906 2.78142 
-0.250268 0.0541796 0.313287 
-0.0469273 0.330901 0.183713 
-0.0474482 0.331515 0.184838 
-0.803551 0.375739 0.401596 
0.090794 -0.716314 0.47764 
0.12161 -0.725657 0.277694 
-0.0468186 0.317829 0.174027 
-0.00946543 0.295112 0.0734103 
