0.753905 -0.197203 -0.626688 -0.0338548 0.166217 0.980107 -0.108456 -0.0123929 0.635609 -0.0224011 0.771686 -0.216899 0 0 0 1
0.999193 -0.0246971 -0.0316828 -0.00294745 0.0242875 0.999617 -0.0132487 -0.00762206 0.0319979 0.0124685 0.99941 -0.0291207 0 0 0 1
###
0.503312 -1.93013 3.00731 
-0.335925 -0.564239 1.32462 
2.38574 -4.51883 -0.0558361 
-0.12111 0.230094 0.623596 
0.715158 -1.82081 0.0578777 
1.07858 -1.83947 0.523638 
0.201977 -0.22379 0.47764 
0.176297 0.0645556 0.393813 
1.14855 -1.78492 0.579707 
1.41555 -2.06776 0.303655 
0.238646 0.00325386 0.287989 
0.152339 0.120457 0.259956 
-0.125519 0.23155 0.627364 
1.14855 -1.78492 0.579707 
-1.32863 -5.28318 3.30946 
0.127261 0.0835147 0.351123 
0.344648 0.0358288 0.194517 
0.181581 0.0850267 0.193938 
-0.646798 -3.59328 2.04 
1.72866 -2.11148 0.365509 
0.289967 0.130211 0.111444 
0.17854 0.0823538 0.229535 
0.23193 0.0696948 0.127115 
-0.635008 -3.42658 2.02158 
1.12717 -1.95666 0.564066 
-0.125552 0.228134 0.617986 
1.19344 -1.85799 0.612022 
0.329316 -0.364152 0.413517 
0.719817 -3.96619 1.20266 
-0.330863 -1.26056 1.45672 
0.251283 0.0639976 0.106683 
1.14073 -4.09457 0.419111 
0.324577 -0.377417 0.00732929 
0.19281 -3.73887 1.53616 
-1.2847 -3.21037 2.46508 
-0.34436 -0.566583 1.34506 
0.339253 0.0508509 0.0922955 
-0.618591 -3.41745 2.01698 
0.321074 -0.583987 0.00401289 

1.29682 -2.28081 0.655411 
-0.753508 -0.568135 1.9246 
0.984946 -2.20826 0.952396 
-0.442801 0.423973 0.961508 
2.59872 -2.69257 0.334441 
1.01631 -2.24003 0.944344 
1.26111 -2.23464 0.645262 
-0.0495435 0.183958 0.664677 
1.11365 -2.19153 1.02358 
1.24717 -2.2277 0.639595 
0.0287219 0.0907607 0.525826 
0.170209 0.100675 0.482789 
2.25568 -0.660517 0.318159 
1.11906 -2.18878 1.03418 
-1.78543 -5.22658 3.86698 
-0.127111 0.215655 0.667195 
0.0782227 0.22982 0.180616 
-1.77212 -0.91107 0.529006 
-2.20699 -5.80105 3.98021 
1.56882 -2.12963 0.563052 
0.00496868 0.251176 0.26187 
0.0772223 0.185285 0.260308 
0.130711 0.212092 0.129146 
-1.43487 -5.10615 3.55618 
1.23469 -2.22727 0.637648 
2.21206 -0.639664 0.314753 
1.10838 -2.16717 1.03031 
0.296522 0.140922 0.0812824 
-0.490157 -5.30019 2.97065 
-0.795772 -1.52644 2.19962 
9.53879 -12.3864 5.31213 
0.435618 -5.19469 1.90491 
-1.31081 -2.44419 2.34748 
-0.162642 -5.28422 2.68082 
-4.97896 -13.0446 15.9193 
-0.752841 -0.564998 1.91661 
0.00455559 0.252244 0.262599 
-1.43824 -5.21793 3.62943 
-2.94365 -4.63384 3.7031 
