0.986951 -0.0294997 0.158295 0.796854 0.0321188 0.999386 -0.0140125 -0.251786 -0.157784 0.0189139 0.987292 -0.0932332 0 0 0 1
0.276602 -0.155588 -0.948306 -0.00539458 0.131659 0.983637 -0.122982 0.00255362 0.951923 -0.0908363 0.29256 -0.0212169 0 0 0 1
###
-3.79552 -7.47105 5.03658 
2.78413 -12.9315 15.5435 
-4.12633 -6.747 1.74867 
-2.25385 -7.07677 4.78722 
1.85022 -7.5983 14.0237 
-1.6272 -7.01297 4.25737 
-1.42143 -0.0682119 -0.0753003 
-1.38904 0.727506 0.911803 
-2.40913 -0.0356685 0.547362 
-1.38012 -2.70807 3.54547 
-1.71061 -0.112508 0.311276 
-2.56737 -0.0800304 0.614783 
-4.17321 -6.88902 1.82045 
-1.79633 -7.02499 4.53126 
-3.65166 -4.71361 -0.12156 
-2.65794 -1.36912 0.310765 
1.88888 -7.26727 13.5755 
-2.47343 0.40498 0.293955 
-2.08634 0.0219918 0.4363 
-3.27464 -6.11886 4.39314 
-2.15973 -0.0983199 0.476331 
-0.930946 -6.40205 3.84562 
-0.894776 0.567424 0.750437 
-0.0800349 -6.2388 2.97417 
-1.01289 0.642322 0.333492 
-2.53922 0.389679 0.282955 
-2.04009 0.502885 0.57922 
-2.35466 -0.553249 1.62175 
-2.96467 -0.374333 0.757502 
-1.01183 0.641651 0.332751 
0.545216 1.69854 0.19132 
1.87592 -2.71533 1.01385 
-1.43342 0.742124 0.956756 

0.136286 -0.117926 0.0670555 
-0.00515613 -0.153255 0.180727 
-1.15184 -1.71111 1.1445 
0.230162 -0.367312 0.0425592 
0.204432 -0.189692 0.081968 
0.181292 -0.377265 0.045404 
-0.177776 -0.0046803 0.248278 
0.0909876 0.111952 0.0449815 
0.135773 0.0268684 0.0872607 
0.693517 -0.93047 -0.662836 
-0.0375391 0.114471 0.212033 
0.125273 0.016186 0.0881582 
0.206257 -0.26715 0.237917 
0.206055 -0.376526 0.0370358 
0.0884331 0.11539 0.0621363 
0.104611 0.0139203 0.133876 
0.138745 0.103217 -0.120611 
0.0956357 0.114705 0.0471358 
0.117365 0.0158245 0.0813382 
0.134575 -0.112971 0.059756 
0.131002 -0.00490867 -0.00638244 
0.154244 -0.374111 0.02288 
0.0849265 0.0732029 -0.120554 
0.0833778 -0.248651 0.0351512 
-0.0366976 0.109945 0.204627 
0.127433 0.10835 -0.0414401 
0.0886095 0.11457 0.081843 
0.130444 0.0342133 0.0210854 
0.0965169 0.0633277 0.086407 
0.0989806 0.112362 0.0212098 
0.723626 -0.725322 -0.267644 
0.103684 0.112207 0.00877612 
0.0862411 0.117157 0.0804096 
