0.984189 -0.0252118 0.175317 0.172581 0.0288126 0.999422 -0.0180233 -0.144081 -0.174761 0.0227896 0.984347 -0.056968 0 0 0 1
0.998003 -0.0606803 -0.0175463 0.0264011 0.0600338 0.997573 -0.0352821 -0.00515243 0.0196447 0.0341583 0.999223 -0.018436 0 0 0 1
###
1.5045 -4.55149 8.17794 
-1.90575 -3.57281 0.946344 
-0.544183 -2.20993 2.97903 
3.12432 -11.6462 13.5263 
-0.921585 -1.92496 1.49662 
-2.20827 -0.393784 0.76782 
-0.138495 -2.63275 4.53311 
-1.82543 -3.40036 0.888473 
-0.929756 -3.89113 2.60766 
-0.951087 0.301088 0.471463 
-0.635087 -4.28876 2.51742 
-0.448209 -1.3662 1.78349 
-0.964292 -0.0963456 0.322265 
-0.988222 -0.0608372 0.327013 
-0.890978 -1.11459 0.00382811 
-1.18489 -0.74719 0.212335 
0.961019 -1.2746 0.768819 
-1.16168 -0.136408 0.38572 
-0.687537 -3.90382 2.4923 
-0.854407 -1.06354 0.0069568 
0.983698 -1.19156 0.38641 
0.891042 -1.32495 0.697902 
2.14234 -8.32892 9.80982 
-0.0911917 0.334726 0.0782792 
-0.80394 -1.54525 1.16045 
-0.593415 -1.06611 1.4357 
-0.832115 -0.260732 1.05367 
-0.999128 0.0403671 0.339007 
-0.645215 -3.82142 2.36315 
-1.30245 -2.92007 2.08883 
-0.66912 -3.89861 2.49144 
-0.975569 0.103911 0.34216 
-1.36117 -6.20634 3.48648 
-0.171892 0.321437 0.167401 
-0.123787 0.313487 0.137154 
-0.107368 0.271053 0.286199 
-1.26652 -2.56324 1.77151 
-0.520979 0.392443 0.570538 

3.84212 -3.02003 1.36385 
0.197048 -0.668743 0.865475 
0.0946369 -0.127981 0.176105 
-1.59486 -1.88073 1.69635 
0.65108 -0.538916 0.494268 
-0.134116 0.159694 0.159109 
0.664309 -0.544446 0.452738 
0.212152 -0.220246 0.265534 
0.255611 -1.0063 0.760464 
0.450594 0.373422 0.125557 
0.156038 -0.903351 0.573582 
0.15008 -0.20161 0.269788 
-0.16754 0.0929974 0.276856 
-0.145392 0.015867 0.321706 
-0.165435 0.122508 0.265899 
-0.250268 0.0541796 0.313287 
2.40715 -2.16246 0.427255 
0.109469 -0.059161 0.287384 
0.132429 -0.722678 0.477453 
-0.117647 0.323089 0.193037 
-0.0636377 0.325111 0.1838 
0.159139 -0.811646 0.685652 
1.17796 -1.46582 0.540658 
-0.626612 0.323992 0.334579 
-2.15606 -2.20801 1.33106 
0.125174 -0.131807 0.302219 
0.0889348 0.145205 0.323602 
-0.150244 0.250684 0.220452 
0.133955 -0.716029 0.484387 
0.0653675 -0.471677 0.66003 
0.181265 -0.808892 0.553027 
-0.120886 0.0713796 0.323788 
0.136037 -0.992963 0.716275 
-0.0822651 0.3159 0.177947 
-0.0208923 0.320807 0.17213 
0.183157 -0.91545 0.680919 
0.0245955 -0.438263 0.621537 
-0.0650233 0.300261 0.0921451 
