0.755733 -0.186844 -0.62766 -0.0326479 0.153597 0.982272 -0.107467 -0.00711649 0.636613 -0.0151906 0.771034 -0.202012 0 0 0 1
0.999781 -0.0135824 -0.0159241 -0.00193544 0.0134224 0.999859 -0.0101103 -0.00456414 0.0160591 0.00989431 0.999822 -0.0174548 0 0 0 1
###
0.533158 -2.04378 3.18291 
0.196498 0.0732648 0.196475 
0.247628 0.011484 0.273117 
0.40666 -0.403702 0.377004 
0.254538 0.0319596 0.237702 
0.284037 0.0300906 0.231345 
0.125973 0.0827081 0.347564 
0.049227 0.139155 0.260803 
-0.327612 -1.24948 1.43206 
0.342389 0.0158321 0.250168 
0.230175 0.0692098 0.125841 
-0.633395 -3.42264 2.02009 
0.265516 0.00482461 0.261802 
0.229805 0.069125 0.125912 
1.96575 -2.36841 -0.667771 
1.38372 -4.80238 0.985109 
0.163271 0.0869965 0.187012 
0.259026 0.00350233 0.252692 
0.4501 -2.78675 4.20135 
0.741658 -4.09715 1.24137 
-0.332976 -0.63313 1.30161 
-0.319067 -0.543306 1.32631 
14.6223 -17.6747 6.07231 
2.25292 -3.94124 0.0693006 
-0.33375 -1.26907 1.46687 
-0.327954 -0.546965 1.29868 
0.493168 -1.96039 3.12293 
0.341966 0.00538655 0.252658 
0.25003 0.0643099 0.10516 
0.189501 0.0406445 0.404644 
1.21539 -1.89363 0.620027 
1.19666 -4.19472 0.89342 
0.326779 -0.461263 -0.012032 

1.27705 -2.24606 0.645383 
0.171647 0.180656 0.142016 
0.0455911 0.0987525 0.505409 
0.277988 -0.264063 0.354489 
0.0842441 0.169634 0.272983 
0.202635 0.252764 0.182411 
-0.125268 0.212521 0.65768 
-2.48058 -3.20778 1.56505 
-0.797254 -1.53674 2.17817 
0.167769 0.0991895 0.475861 
0.00533544 0.25003 0.259663 
-1.41255 -5.02755 3.50071 
-0.312611 0.214918 0.130864 
0.00489506 0.247756 0.258294 
1.24243 -2.20125 0.635724 
-0.138727 -4.72082 2.40126 
1.09998 -2.16546 1.01124 
0.228535 0.16948 0.562716 
-4.94654 -12.9609 15.8158 
-0.481944 -5.21336 2.92179 
-0.845259 -0.873292 2.1045 
-0.724812 -0.541319 1.9006 
12.1922 -15.7461 6.57881 
-1.32266 -2.13298 1.8143 
-0.783083 -1.50248 2.16508 
-0.74126 -0.556554 1.88733 
-4.43287 -15.6192 20.037 
0.17039 0.0864977 0.484223 
7.78585 -9.61919 4.02821 
-0.0196763 0.125021 0.654318 
1.10193 -2.15531 1.01823 
-0.160153 -5.20754 2.6414 
2.14787 -9.87323 2.80633 
