0.765053 -0.227847 -0.602311 -0.0388983 0.219001 0.971622 -0.0893797 -0.0289089 0.605584 -0.0635264 0.793242 -0.226807 0 0 0 1
0.999199 -0.0245964 -0.0315523 -0.00301672 0.0241927 0.999621 -0.0131124 -0.00768682 0.0318629 0.0123386 0.999416 -0.0292559 0 0 0 1
###
0.188141 -0.174908 0.403804 
0.0217985 -0.139543 0.266907 
-0.508747 -2.92985 1.6586 
-0.325298 -0.546644 1.28498 
1.31405 -1.91651 0.283708 
0.173003 0.0671608 0.392509 
1.0209 -2.9072 0.130924 
-0.122629 0.226645 0.613826 
0.125168 0.0823021 0.345804 
0.213512 0.0636732 0.163606 
0.304201 -0.324781 0.34696 
-0.617459 -3.43919 1.95401 
0.520476 -3.81968 1.29343 
0.455403 -0.205859 0.193117 
1.30835 -4.47329 0.901056 
1.39589 -2.02257 0.295427 
1.07063 -1.85304 0.53577 
12.7083 -15.4419 5.34144 
1.52379 -0.707761 -0.360521 
-0.063501 -0.866311 1.04173 
-0.123297 0.224154 0.60694 
0.57293 -4.21892 1.42699 
0.304075 -0.215728 0.374362 
0.401233 -0.0483531 0.155889 
-0.333445 -0.715026 1.29546 
-2.30647 -3.09156 1.95418 
-0.322345 -1.22909 1.42063 
-0.634604 -3.4181 2.01667 
0.190628 -3.79801 1.56275 
0.25068 0.000241654 0.264464 
1.18041 -1.83873 0.602543 
15.1097 -18.2703 6.27355 
-0.0882024 -0.981236 1.15927 
-0.61341 -3.38088 1.99669 
-1.1549 -4.13854 2.4871 
0.233738 0.0536203 0.234613 
0.2354 0.0674208 0.186742 
0.380803 0.0139961 0.151421 
-0.593665 -3.29247 1.88459 
0.247832 -0.0223323 0.270864 

1.30573 -2.29567 0.65912 
-1.80331 -2.14425 0.224877 
0.16117 0.162725 0.190478 
-0.757319 -0.568227 1.92562 
1.25274 -2.2366 0.642555 
-0.0505716 0.185663 0.67239 
-1.37596 -5.01854 3.36693 
0.298416 -0.183065 0.417359 
-0.110063 0.204266 0.606678 
-0.33254 0.22728 0.137081 
-1.72177 -4.87989 3.11025 
0.327657 -0.220238 0.321635 
-0.487824 -5.39963 3.00062 
0.190679 0.0612683 0.390704 
-0.14156 -4.80951 2.4456 
1.26709 -2.24431 0.648542 
1.239 -2.23379 0.640246 
9.5508 -12.398 5.31677 
0.288023 -5.53312 2.41497 
-1.5751 -2.60293 2.25286 
2.2434 -0.648532 0.319021 
-0.489733 -5.29653 2.96819 
7.79207 -9.62675 4.03693 
0.167525 0.135081 0.32129 
-1.27853 -0.128636 0.739019 
-1.04099 0.416164 0.893907 
-0.796928 -1.52844 2.20191 
-1.4197 -5.05431 3.52063 
0.0364204 -2.4327 1.19512 
0.0820838 0.190373 0.260078 
1.12455 -2.19879 1.03984 
12.3173 -15.9056 6.65746 
-4.9916 -13.077 15.9544 
-1.4303 -5.18986 3.60967 
-1.70134 -4.11179 3.23239 
0.144935 0.146598 0.264943 
0.183491 0.154371 0.228353 
-0.0179944 0.26185 0.288495 
-1.30501 -4.71285 3.19304 
0.486422 0.137808 0.248771 
