-0.97952 -0.180356 -0.0895095 0.0145212 -0.142313 0.93464 -0.325875 -0.0784206 0.142433 -0.306463 -0.941166 0.049308 0 0 0 1
0.999566 -0.0176156 -0.0236253 0.0702136 0.0177451 0.999829 0.0052836 -0.00664948 0.0235282 -0.00570054 0.999707 0.00903213 0 0 0 1
###
0.181287 -0.376279 0.0454204 
-0.0593905 -0.121033 -0.0381939 
-0.0910499 -0.118333 -0.0229179 
0.132017 0.00373392 -0.00991648 
0.0671932 -0.328157 0.0161402 
0.114853 -0.188116 0.0368302 
0.0132968 0.0658791 0.00728837 
-0.0607043 -0.133882 -0.0291327 
-0.00234707 0.0871316 0.00655252 
0.0721761 -0.341337 0.0160322 
-0.0589973 -0.130455 -0.0287062 
-0.0336513 0.0902573 0.0069091 
0.0162704 0.0618555 0.0319734 
-0.000341787 0.0362262 0.00101989 
-0.0263415 0.0664293 0.00460949 
-0.0918686 -0.116872 -0.0235998 
-0.056244 -0.121358 -0.0259276 
0.295393 -0.336737 -0.236916 
0.0885337 -0.0370906 -0.0113501 
0.00203544 0.0743473 0.0108397 
-0.0582681 -0.119192 -0.0387054 
0.00345347 -0.370484 0.00434254 
0.546492 -0.593471 -0.296666 
0.101245 0.111841 0.00875788 
-0.00586057 0.0971954 0.0172017 
0.0627612 0.108991 0.00479403 
0.0834944 -0.0298541 -0.00453321 
0.153058 -0.126154 -0.0840567 
0.0986423 -0.479518 0.00819931 
-0.00638259 0.0902041 0.00426403 
0.106019 0.112794 0.0117285 
0.0766641 -0.399608 0.0118354 
0.171362 -0.163486 0.10482 
0.00161523 0.0840201 0.00735241 

-1.75508 -7.19044 4.47893 
1.26391 -2.30864 1.37655 
0.954284 -3.3678 0.801836 
-1.76673 -0.67103 2.24537 
0.917721 -6.18854 2.39621 
-2.46301 -7.10465 4.34174 
-2.00566 0.734794 1.2019 
1.22294 -2.52799 1.32426 
-0.347436 0.505805 0.208401 
0.0922139 -6.62038 3.39854 
-0.371101 0.376667 0.342787 
-0.32902 0.264198 0.41697 
-0.0093892 0.339175 0.353569 
-2.39804 -7.84992 4.45061 
0.314342 0.800726 0.2264 
1.59018 -2.40574 0.917343 
0.763876 -2.79815 0.447238 
0.583405 -0.8915 0.341463 
-5.69315 -9.23435 7.42925 
-0.630002 0.220865 0.473209 
1.29299 -2.3412 1.40964 
0.567413 -6.34258 3.01792 
0.038934 -9.81676 18.5267 
-2.04769 0.693999 1.10761 
0.312833 0.702495 0.492411 
0.481578 0.852034 0.35596 
-2.22351 -3.25481 2.35656 
-2.03898 -3.13881 2.77296 
0.0663641 -6.57389 3.39569 
1.1476 -2.42982 1.28491 
-0.1654 0.216867 0.225335 
1.05447 -6.15419 2.61103 
2.76045 -12.8319 15.4168 
0.270189 0.781236 0.151358 
