0.963819 -0.0436166 -0.262965 0.214904 0.0526275 0.99824 0.0273175 -0.140058 0.261311 -0.0401684 0.964419 0.0303672 0 0 0 1
0.998003 -0.0606803 -0.0175463 0.0264011 0.0600338 0.997573 -0.0352821 -0.00515243 0.0196447 0.0341583 0.999223 -0.018436 0 0 0 1
###
3.1391 -2.41758 0.695327 
-0.939934 -1.96419 1.52542 
3.10772 -11.5911 13.4606 
0.267683 -3.71963 6.87564 
-0.140874 0.231771 0.369416 
-0.523864 0.40251 0.585656 
-0.938588 -3.92753 2.63242 
-0.969467 -4.08418 2.72147 
0.804166 -1.84509 0.322439 
0.972668 -1.29011 0.777969 
8.96623 -8.3345 5.14367 
-0.0916688 0.341997 0.0797507 
1.16229 -1.35507 0.515645 
-1.0501 -4.51056 2.5263 
0.0768434 0.140884 0.269902 
1.15292 -1.34407 0.509638 
0.15168 -0.0468609 0.401196 
-0.523794 0.396085 0.574631 
0.0416372 0.0755505 0.347762 
1.15783 -1.34097 0.508847 
-0.314526 0.346173 0.234551 
-0.86794 -0.307822 1.17856 
-0.827827 0.384531 0.706831 
-0.527464 0.397279 0.577683 
9.84775 -9.11189 5.55274 
-0.572524 -1.16206 1.46001 

-0.489058 0.102994 0.591485 
0.0944308 -0.128418 0.176022 
-1.65373 -1.96089 1.76533 
1.22243 -0.933101 0.505266 
-0.0125742 0.326643 0.185597 
-0.0559984 0.323324 0.185413 
0.180088 -0.784413 0.619322 
0.112742 -0.792162 0.522766 
0.140774 -0.836064 0.52587 
2.58007 -2.31356 0.454029 
-0.217614 -0.754874 0.941791 
-0.076142 0.299978 0.115894 
-0.410087 0.102239 0.302735 
1.95653 -2.53837 0.867271 
0.163495 -0.826237 0.698273 
-0.456269 0.18039 0.332499 
0.406842 0.314749 0.0573114 
-0.0087953 0.297826 0.0744701 
-0.0198302 0.323957 0.181191 
-0.045752 0.321593 0.17811 
-0.0822662 0.316939 0.17846 
0.0727164 0.115909 0.263406 
-0.0461133 0.319837 0.178317 
-0.251573 0.0452966 0.32452 
2.2898 -3.18295 0.316993 
-0.229402 -0.389648 0.609763 
