0.90355 -0.222796 -0.366005 0.234139 0.243163 0.969935 0.00987154 0.016766 0.352802 -0.0979184 0.930561 -0.117936 0 0 0 1
0.995052 -0.0118591 -0.0986434 -0.00921351 0.0101286 0.999786 -0.0180254 -0.00140546 0.0988361 0.0169371 0.99496 -0.00583557 0 0 0 1
###
-0.926452 0.441828 1.01999 
-0.120888 0.216804 0.668667 
0.530528 -5.52611 9.82376 
0.113975 0.122873 0.478206 
-0.0270099 0.248229 0.310158 
0.0557272 0.204419 0.270936 
-0.0705661 0.228159 0.484677 
12.0925 -12.7119 4.69642 
-1.55089 -3.69933 2.94414 
-1.78085 -5.21194 3.85879 
-0.122597 0.210509 0.658008 
-0.365296 0.315197 0.755673 
0.284731 -0.267975 0.364698 
-0.755005 -0.569484 1.92761 
-1.70134 -4.11179 3.23239 
0.992924 -3.87849 0.587348 
0.990745 -2.20893 0.948909 
-0.188005 0.276971 0.471136 
-0.067898 0.234327 0.495433 
-0.172718 0.228237 0.475479 
-0.445075 0.432323 0.977722 
0.06072 0.0889987 0.479788 
0.311659 -0.264957 0.437203 
0.223912 -0.17278 0.577118 
2.66458 -3.13224 0.433314 
-0.14156 -4.80951 2.4456 
0.659319 -2.3706 0.507707 
-0.188022 0.275867 0.471644 
-0.011834 0.113075 0.653549 
-0.888797 0.478534 1.14342 
-0.354376 0.409128 0.941226 
0.0463368 0.100484 0.514765 
-0.0535048 0.203335 0.400359 
-2.2924 -8.77714 5.71104 
-1.66707 -4.05763 3.2048 
-1.4197 -5.05431 3.52063 
9.5508 -12.398 5.31677 
1.12455 -2.19879 1.03984 
-0.174303 0.249606 0.504017 
0.163799 0.132494 0.319799 
0.0577439 0.203838 0.270312 
0.237976 -0.0182654 0.415863 
0.18519 0.0728484 0.500562 
0.170865 0.101078 0.484973 
-0.0532095 0.203051 0.39994 
0.0496579 -0.164287 0.645062 
0.130715 -0.254003 0.609804 
0.0108732 -0.0522495 0.53237 
-0.0721229 0.205287 0.547681 
-0.185761 0.272032 0.505524 
1.26709 -2.24431 0.648542 
-0.755005 -0.569484 1.92761 
-2.03316 -5.38026 3.678 
0.0364204 -2.4327 1.19512 
0.637322 -2.30066 0.493021 
-0.0100626 0.111643 0.646352 
-1.08892 0.423122 0.913282 
-0.789795 0.501681 1.24377 
-0.446566 0.426863 0.968005 
0.117885 0.00624928 0.533582 
0.0647871 0.0904016 0.493786 
0.204808 -0.0352915 0.500913 
-0.0723694 0.204832 0.547463 
0.105564 0.152807 0.411286 
0.262158 -0.0107047 0.380364 
0.95053 -2.11806 0.288469 
-1.72177 -4.87989 3.11025 
0.23209 -0.0623499 0.471143 
-0.024712 0.187652 0.363042 
0.200827 0.0752596 0.381199 
0.128464 -0.232538 0.602729 
-0.0432332 0.202481 0.529291 
-0.0530461 0.202743 0.399745 
0.149711 0.168026 0.20658 
0.129356 0.218311 0.182116 
0.0439303 0.210215 0.281292 
0.0775699 0.185938 0.26152 
0.0288 0.0908349 0.527214 
0.307189 -0.259408 0.437906 
0.0486915 0.22103 0.256984 
-0.164182 0.237512 0.520452 
-1.89424 -2.38512 1.17117 
-0.160169 -5.2161 2.64969 
-0.0923868 0.241594 0.503254 
0.0487417 0.05662 0.516419 
0.203507 0.0741353 0.375992 
0.245612 0.138867 0.129284 
-0.73139 -1.60292 1.9795 

-0.425922 0.20844 0.597819 
0.113231 0.0951912 0.396107 
1.09598 -2.6683 3.91353 
0.294514 0.0333077 0.239771 
0.183212 0.130941 0.126007 
0.242577 0.0965986 0.0914436 
0.153632 0.10707 0.256876 
10.0529 -9.90668 2.77951 
-0.800238 -2.54753 1.74049 
-1.09773 -4.39521 2.75864 
0.117726 0.0844432 0.378731 
-0.121759 0.228408 0.617728 
0.436504 -0.255277 0.145031 
-0.325298 -0.546644 1.28498 
-1.1549 -4.13854 2.4871 
1.0209 -2.9072 0.130924 
1.09121 -1.89355 0.546226 
0.0639196 0.133492 0.237918 
0.153818 0.108216 0.259562 
0.0759857 0.115837 0.267639 
-0.122629 0.226645 0.613826 
0.268345 0.00545638 0.258418 
0.463099 -0.264389 0.200395 
0.372333 -0.184456 0.293284 
1.89749 -1.98069 0.0293514 
0.206467 -3.67561 1.49559 
0.0974752 0.113321 0.270433 
0.0637799 0.136353 0.242692 
0.206293 0.0183039 0.382877 
-0.396963 0.224683 0.673068 
-0.057375 0.217362 0.594801 
0.245368 0.011333 0.270623 
0.164159 0.0890202 0.188549 
-0.508747 -2.92985 1.6586 
-0.785045 -2.69919 1.79584 
-0.634604 -3.4181 2.01667 
15.1097 -18.2703 6.27355 
1.18041 -1.83873 0.602543 
0.0754893 0.115435 0.264757 
0.330042 0.0455212 0.123829 
0.241775 0.0951034 0.0905891 
0.38845 -0.0698111 0.188844 
0.353712 -0.0078571 0.260211 
0.335498 0.0153043 0.245148 
0.165522 0.0892905 0.189233 
0.240253 -0.182113 0.338736 
0.313702 -0.253607 0.322439 
0.222268 -0.105387 0.284434 
0.153933 0.0849226 0.297141 
0.0672546 0.127748 0.262447 
0.19624 -0.24519 0.0505241 
-0.325831 -0.54269 1.2889 
-1.07283 -3.88526 2.16997 
0.605295 -4.26653 1.40983 
0.689106 -1.6994 0.144632 
0.210402 0.017137 0.396477 
-0.452779 0.249636 0.738862 
-0.357053 0.256401 0.791777 
-0.123297 0.224154 0.60694 
0.301985 -0.0593331 0.28213 
0.261947 0.00465169 0.258199 
0.365387 -0.0870253 0.251669 
0.153182 0.0851328 0.299151 
0.286625 0.055394 0.194608 
0.409074 -0.0624327 0.163271 
0.915847 -1.55843 0.00677546 
-1.16763 -4.41609 2.34934 
0.380695 -0.104188 0.225546 
0.186139 0.0793892 0.160841 
0.360089 0.000535809 0.167134 
0.311072 -0.237943 0.319013 
0.174499 0.084653 0.285265 
0.164851 0.0884163 0.188802 
0.314824 0.0752463 0.0390119 
0.293891 0.112563 0.0228679 
0.231808 0.0994262 0.0987434 
0.264398 0.0853741 0.084854 
0.233024 0.00306606 0.281041 
0.451955 -0.253812 0.197234 
0.234514 0.108288 0.0805057 
0.0830992 0.107437 0.277965 
-0.872228 -1.39964 0.494147 
-0.0181094 -3.6958 1.69856 
0.135829 0.111726 0.264621 
0.249254 -0.0225475 0.271835 
0.366004 0.000283461 0.164312 
0.369699 0.0563125 -0.0177575 
-0.063501 -0.866311 1.04173 
