-0.213195 -0.310406 -0.926389 -0.00247748 0.118518 0.932969 -0.339886 -0.219775 0.969795 -0.182256 -0.162115 0.137384 0 0 0 1
0.999935 -0.0113825 0.000365471 0.00770882 0.0113826 0.999935 -0.000249638 0.00348573 -0.000362606 0.000253781 1 0.000878113 0 0 0 1
###
1.23036 -0.992505 0.75994 
-0.0478122 0.121274 -0.0501006 
-0.0751534 0.229608 -0.0926806 
-0.0636512 0.22107 -0.0831446 
0.150985 -0.806392 0.532179 
-0.103294 0.153676 0.0356955 
-0.0728969 0.249266 -0.0353987 
0.00127723 -0.312289 -0.238943 
0.126605 -0.149944 0.307319 
-0.0625541 0.188852 -0.0280386 
-0.0247376 0.296572 0.0684616 
-0.0539344 0.132865 -0.0503041 
0.0153275 -0.245076 -0.146205 
-0.0884544 0.150241 -0.00947221 
0.088158 -0.781072 0.142914 
-0.10534 0.200409 -0.0270371 
0.179002 -0.82243 0.570368 
0.115678 0.0722418 0.260265 
-0.06521 0.230171 -0.0594352 
-0.0500574 0.178521 -0.0211997 
0.0648702 -0.307704 -0.177186 
-0.0736803 0.173212 -0.00735402 
-0.0704498 0.220824 -0.0460878 
1.01613 -0.825579 0.195783 
-0.103743 0.161789 -0.0554692 
0.0303615 -0.767648 -0.0922006 
-0.00152879 0.317801 0.159055 
0.0862927 0.088924 0.227209 
-0.0278575 0.295096 0.0665203 
0.0265525 -0.271958 -0.150942 
0.0538622 -0.776446 0.00303725 
1.95653 -2.53837 0.867271 
0.120037 -0.12675 0.293337 
0.264539 -0.268804 0.348478 
0.721859 -0.714045 0.654838 
0.120443 -0.82717 0.242645 
0.0779476 -0.302296 0.424025 
-0.100971 0.161881 -0.530923 
-0.130519 0.140828 -0.0965433 
-0.0165017 -0.191437 0.32871 
0.000736824 -0.18572 0.324843 
-0.0512828 0.228281 -0.03485 

1.14741 -1.32902 0.504348 
-1.26182 -5.07876 2.9551 
0.113966 0.172639 0.21579 
0.0170885 0.255159 0.290516 
-0.612064 -3.59481 2.22864 
-1.06859 -1.35925 0.0207246 
-0.187159 0.291879 0.297822 
1.12194 -1.31992 0.500459 
-0.650797 -1.37367 1.68855 
1.15231 -1.34337 0.509289 
-0.520371 0.397327 0.578797 
-1.08414 -4.65717 2.60191 
0.901542 -1.34057 0.706094 
-0.757944 -4.34187 2.75604 
0.092584 -3.70709 2.02578 
-0.834212 -1.38122 0.464656 
-0.689268 -3.91002 2.49683 
-0.673719 -0.364449 1.26092 
-0.184512 0.310955 0.257958 
0.0252097 -0.0410687 0.374186 
0.971562 -1.28844 0.777136 
-0.827283 -1.72097 1.50156 
-0.984424 0.310302 0.489598 
0.209057 -0.0391567 0.188317 
-1.09256 -4.69926 2.63322 
-0.235608 -3.85015 2.27545 
-0.858239 0.366664 0.658277 
-0.690831 -0.384195 1.26681 
-0.527937 0.39765 0.578096 
3.10889 -11.5915 13.4638 
0.480775 -3.43749 1.67364 
2.67748 -10.0828 11.3013 
-0.600617 -1.07908 1.45311 
0.435996 -6.04003 11.1318 
-0.806826 -1.79533 1.77436 
0.332263 -3.68647 1.87188 
-1.14232 -2.12645 1.51161 
0.0221997 0.15828 0.311548 
1.00424 -3.93143 1.60657 
-1.01154 -1.87191 1.29975 
-0.683323 -1.46398 1.38772 
-0.000915826 0.0211155 0.406666 
