0.75995 -0.213104 -0.614054 -0.0356552 0.185506 0.976543 -0.109322 -0.0183721 0.622947 -0.0308316 0.781656 -0.220077 0 0 0 1
0.999783 -0.0134741 -0.0158775 -0.00201244 0.0133138 0.99986 -0.0101612 -0.00462117 0.0160122 0.00994757 0.999822 -0.0178346 0 0 0 1
###
0.190033 -0.104 0.323632 
0.19758 0.0250809 0.390217 
0.190896 -0.185131 0.418302 
-0.329064 -0.552565 1.29851 
1.34679 -1.96557 0.290087 
-0.12011 0.228009 0.617039 
0.331197 -0.386113 0.386206 
1.23192 -1.5403 -0.54569 
-0.12195 0.228767 0.6188 
0.17388 0.0640591 0.38902 
0.302157 0.0362263 0.197068 
0.356164 0.0309989 0.1852 
0.171479 0.0978034 0.175181 
-2.54693 -4.64468 2.62567 
0.252764 0.0317361 0.236064 
1.34651 -1.96137 0.293869 
0.233754 0.00314468 0.28198 
0.125294 0.08234 0.345917 
0.341616 0.038407 0.199486 
-0.633567 -3.41444 2.01492 
1.15122 -1.79091 0.581186 
-0.326269 -0.543623 1.29117 
1.32698 -4.55 0.917952 
0.500809 -4.10635 1.45529 
15.0917 -18.2449 6.26587 
0.436383 -0.103097 0.102897 
-0.311221 -1.29501 1.41172 
0.115018 0.0862012 0.384442 
0.132601 0.121783 0.257741 
1.49459 -4.93753 0.948462 
0.381688 -0.173724 0.306963 
-0.185029 -0.513634 0.954029 
-0.324398 -1.2365 1.4293 
0.298718 0.0319849 0.243046 
0.226988 0.0676581 0.125067 
-0.134939 0.229864 0.622961 
0.236463 -0.0185069 0.27662 
0.35971 -0.554496 -0.0199705 

-0.053916 0.214787 0.386287 
-0.0204809 0.127229 0.662447 
1.30498 -2.29428 0.658673 
-0.756681 -0.570998 1.9327 
1.23983 -2.23535 0.640596 
-1.72916 -0.942191 0.61286 
-1.70008 -4.81011 3.06077 
0.0875 0.230074 0.177561 
-0.449689 0.429651 0.973764 
-0.0506669 0.186119 0.674035 
0.238589 -0.0187932 0.417761 
0.228767 0.147814 0.137746 
-0.010556 0.246482 0.22023 
0.203906 0.0742738 0.376642 
0.0054583 0.25526 0.26512 
1.25414 -2.23914 0.643077 
0.0289022 0.0911889 0.528691 
-0.12796 0.216917 0.671369 
7.79165 -9.62534 4.03558 
-1.37722 -5.02523 3.37155 
1.11922 -2.20165 1.02858 
-0.758425 -0.569314 1.92959 
-0.138332 -4.74288 2.41451 
-0.48979 -5.30219 2.97116 
12.312 -15.8976 6.64697 
-1.27824 0.339399 0.582714 
-1.62926 -1.80457 1.1073 
-2.28608 -2.4883 0.314803 
0.193911 0.161553 0.156072 
-0.159773 -5.22045 2.65095 
0.221658 -0.148949 0.581784 
-0.859649 -0.888213 2.14039 
-0.798683 -1.53249 2.20752 
0.989136 -2.21664 0.956587 
-2.5358 -3.2816 1.59621 
-0.332455 0.227201 0.137053 
2.24218 -0.6482 0.318808 
-4.9894 -13.0748 15.9504 
