0.977398 -0.0692055 -0.19976 0.258298 0.0646331 0.997478 -0.0293288 -0.142864 0.201286 0.0157548 0.979406 0.0250174 0 0 0 1
0.998003 -0.0606803 -0.0175463 0.0264011 0.0600338 0.997573 -0.0352821 -0.00515243 0.0196447 0.0341583 0.999223 -0.018436 0 0 0 1
###
-0.0680372 -0.347749 0.934056 
3.18421 -2.45423 0.705957 
3.10822 -11.59 13.4572 
0.0158696 0.241791 0.27636 
1.3532 -1.89981 0.290057 
-1.03059 -6.06054 7.32655 
-0.823655 -1.71278 1.49458 
1.5793 -4.76852 8.55943 
0.705308 -1.62069 0.287663 
-0.369818 0.324855 0.190979 
-0.690881 -0.384257 1.26668 
-1.22869 -0.865849 0.509426 
-0.291865 0.327732 0.245167 
3.64861 -3.04767 1.72422 
-0.0154319 0.287259 0.09969 
-0.967615 0.306441 0.481491 
-0.85867 -0.246174 0.967045 
1.22346 -3.54761 6.51442 
0.0756909 0.140717 0.26807 
3.36714 -5.69642 1.25058 
-0.527051 0.39705 0.577308 
-0.127474 -0.773995 1.61023 
0.0723978 -3.5113 1.92965 
4.29612 -4.67136 4.80055 
1.14698 -1.33529 0.507309 
-0.363798 0.328103 0.199128 

0.31339 -0.280217 0.155673 
2.57608 -2.003 0.898683 
-1.65373 -1.96089 1.76533 
-0.061564 0.320125 0.181591 
1.01613 -0.825579 0.195783 
-0.306389 -0.845498 0.97303 
0.259931 -0.530032 0.700499 
-2.43028 -2.66049 2.50723 
0.140774 -0.836064 0.52587 
-0.169228 0.311826 0.190134 
0.114662 0.0733848 0.256142 
-0.0007988 0.324165 0.175042 
0.0140001 0.325192 0.175013 
-1.86626 -1.90356 1.15542 
0.407282 0.369502 0.124266 
-0.764602 0.35885 0.383472 
0.0682836 0.0986874 0.236991 
0.389403 0.374459 0.161311 
0.163495 -0.826237 0.698273 
-1.86676 -2.21728 1.99834 
-0.0087953 0.297826 0.0744701 
0.2182 -0.351675 0.466524 
0.195864 -1.02022 0.383495 
-0.422132 0.30099 0.202 
-0.0599121 0.350757 0.198058 
-0.0206933 0.289448 0.0506125 
