0.736886 -0.22673 -0.636862 -0.0377471 0.23342 0.969474 -0.0750642 -0.0419357 0.63444 -0.0933424 0.767315 -0.246816 0 0 0 1
0.999198 -0.0246127 -0.031585 -0.00304123 0.0242077 0.999621 -0.0131419 -0.00778521 0.0318965 0.0123667 0.999415 -0.029637 0 0 0 1
###
0.199423 0.0249972 0.394006 
0.185711 -0.12238 0.331774 
-0.468613 -0.615432 0.654864 
-0.335837 -0.56203 1.32034 
1.31181 -1.91329 0.284425 
2.37969 -2.97599 -0.836349 
0.248058 0.0301982 0.230189 
0.2352 0.00303612 0.283633 
1.05367 -3.00543 0.134885 
0.17556 0.0675053 0.396198 
0.430745 0.00897798 0.0679863 
0.255951 0.0321512 0.239164 
1.34152 -1.95351 0.292627 
-0.944198 -2.62135 2.13757 
0.206295 0.065804 0.225664 
-0.581779 -3.31373 1.86969 
1.91393 -2.3629 -0.630302 
-0.661882 -3.55609 2.09511 
0.176542 0.081165 0.226801 
1.23967 -4.20652 0.850699 
0.265273 -0.000557267 0.253317 
0.251219 0.0313369 0.234368 
12.9818 -15.7648 5.44265 
0.225443 0.0585649 0.155502 
0.714468 -3.94988 1.19893 
-0.315235 -0.537404 1.31068 
0.34446 0.00567281 0.254333 
1.66397 -2.05838 0.364028 
-0.325582 -1.24027 1.43282 
0.194987 -3.91502 1.60867 
-0.327499 -0.545402 1.29496 
0.116907 0.0839698 0.395332 
0.71127 -3.86898 1.17349 
-0.629034 -3.45822 2.04088 
-1.41953 -3.16468 2.18612 
0.30173 0.0322565 0.245552 
0.318989 -0.360277 0.369173 
1.86521 -2.38938 -0.82365 
0.40396 -0.0714172 0.19057 

-0.0209259 0.129215 0.672019 
1.33022 -2.34002 0.671 
-1.49607 -1.76053 0.232699 
-0.767836 -0.57852 1.95816 
-1.79595 -5.2597 3.86693 
-2.56418 -3.31617 1.61762 
0.0771547 0.229461 0.181067 
0.0291939 0.0920262 0.533819 
-1.18675 -4.52673 2.91969 
-0.0512797 0.187729 0.680133 
0.357426 0.0666955 0.244271 
0.00556225 0.258129 0.268097 
1.274 -2.27524 0.652697 
-1.29072 -2.48649 2.58903 
0.193131 0.154598 0.168938 
-1.39774 -5.09979 3.42137 
0.239525 0.0272401 0.399996 
-1.42871 -5.0863 3.54596 
0.327559 0.0752875 0.281879 
-0.146872 -5.12656 2.59453 
0.208171 -0.0356011 0.506541 
-0.344121 0.234588 0.142659 
5.0467 -6.53347 7.36328 
-2.81244 -3.42773 0.305759 
-0.473419 -5.13622 2.88779 
-0.748285 -0.558148 1.96052 
0.175737 0.0893508 0.499888 
1.61 -2.18522 0.577556 
-0.808692 -1.54996 2.2342 
0.190345 -4.73468 2.16242 
-0.769801 -0.576826 1.95571 
0.923869 -2.04464 0.311618 
-0.273634 -3.18594 1.77885 
-1.43003 -5.19142 3.61426 
-1.60674 -2.65089 2.29461 
1.01649 -2.27888 0.982025 
-1.78136 -5.0478 3.21532 
-0.00316042 0.0644239 0.596469 
-0.45322 0.439279 0.992718 
