-0.239401 -0.316389 -0.917924 -0.0051691 0.154539 0.920947 -0.357735 -0.215761 0.958543 -0.227497 -0.171582 0.14166 0 0 0 1
0.999934 -0.011487 0.000406083 0.00772309 0.011487 0.999934 -0.000159748 0.00345097 -0.000404221 0.000164402 1 0.000892986 0 0 0 1
###
-0.0829837 0.0659402 0.221132 
-0.0938031 0.053112 0.18466 
0.180088 -0.784413 0.619322 
-0.0594748 -0.673497 -0.338296 
-0.071731 0.249747 -0.0349307 
0.00127723 -0.312289 -0.238943 
-0.078734 0.231937 -0.0636869 
0.150985 -0.806392 0.532179 
-0.0600595 0.186391 -0.0268351 
-0.0987925 0.141657 0.0632426 
-0.15049 -0.421309 -0.462645 
0.141561 -0.920686 0.25905 
-0.0670573 0.224151 -0.0810544 
-0.0741618 0.23049 -0.09 
0.179002 -0.82243 0.570368 
-0.0584817 0.13921 -0.0509908 
0.118678 0.0752755 0.256792 
-0.0247376 0.296572 0.0684616 
-0.0976644 0.103549 0.0658366 
-0.0539344 0.132865 -0.0503041 
-0.210327 -0.49021 -0.512903 
-0.0602239 -0.334872 -0.422142 
-0.0988346 0.241228 -0.0686099 
0.0417985 -0.491146 0.151863 
0.0648702 -0.307704 -0.177186 
-0.185737 -0.279438 -0.257053 
0.0628998 -0.713258 0.0800868 
0.168197 -0.840342 0.440544 
0.120443 -0.82717 0.242645 
-0.0770289 0.234026 -0.0671029 
0.0801449 -0.825882 0.0675396 
-0.0973161 0.240299 -0.0713996 
-0.0522228 0.164075 -0.0713938 
0.120037 -0.12675 0.293337 
0.264539 -0.268804 0.348478 
0.144167 -0.897356 0.262178 
-0.108516 0.222386 -0.244592 
-0.0953525 0.249301 -0.0569479 
0.0882513 -0.696931 0.213234 

-1.06789 -1.35819 0.0202689 
-0.86302 -1.17312 0.0444918 
-0.934599 -3.91125 2.62132 
0.0554081 0.212308 0.222041 
-0.187537 0.292348 0.298405 
1.1298 -1.32939 0.503656 
-0.527051 0.39705 0.577308 
-0.751825 -4.30584 2.7324 
1.14698 -1.33529 0.507309 
0.90837 -2.29426 0.401605 
0.835429 -1.0027 0.0840808 
0.350653 -3.74964 1.89227 
0.0086933 0.251372 0.273304 
-0.886167 0.313141 0.484515 
-0.687354 -3.89973 2.48968 
-1.06009 -4.5507 2.54493 
-0.674074 -0.364716 1.26139 
-0.519207 0.396143 0.577471 
-0.832095 -1.37724 0.463585 
-1.04956 -4.50872 2.51446 
0.0195998 -0.0159185 0.365094 
1.84413 -0.0274155 0.388269 
0.437539 0.449571 0.169514 
0.083768 -1.45691 0.776215 
0.977089 -1.29593 0.781376 
0.784478 -2.03306 0.364024 
0.332916 -3.69143 1.87377 
-0.235205 -3.8467 2.27262 
0.480235 -3.434 1.67175 
0.145857 0.0222929 0.186651 
0.0723978 -3.5113 1.92965 
-0.0892778 0.108679 0.335767 
0.0136921 0.275668 0.151179 
-0.600573 -1.07902 1.45276 
-1.05694 -1.95951 1.31594 
0.270658 -1.52991 0.701432 
0.0267223 -0.108437 0.407452 
0.160003 0.147191 0.144736 
0.819163 -4.07347 1.81538 
