-0.983213 -0.172494 -0.0594859 0.012471 -0.142094 0.928365 -0.343436 -0.0780832 0.114465 -0.329218 -0.93729 0.0498573 0 0 0 1
0.999565 -0.017647 -0.0236136 0.0703157 0.017777 0.999828 0.00530561 -0.00666312 0.0235159 -0.00572308 0.999707 0.00904728 0 0 0 1
###
0.180964 -0.375884 0.0453475 
0.00847513 0.0727697 0.0117382 
-0.0861314 -0.17006 0.0359075 
-0.00947259 0.092511 0.00826627 
-0.0912349 -0.118652 -0.023069 
-0.0031441 0.0910123 0.00892916 
-0.267473 -0.222015 -0.0254955 
-0.000818274 0.039443 0.00232331 
0.0130748 -0.241799 0.0125285 
0.129853 -0.0733355 0.002793 
0.129085 0.00589225 -0.0120629 
0.115237 -0.187941 0.0371746 
0.0300417 -0.294701 0.0142728 
-0.00768131 0.0940752 0.00949225 
0.00161228 0.0585793 0.000559235 
-0.00580096 0.0970068 0.0165604 
-0.0679215 -0.405344 -0.00543387 
-0.0244941 0.067443 0.00453538 
0.00312225 0.0558133 -0.00191631 
-0.238289 -0.203481 -0.0486952 
-0.0725307 -0.136799 0.0375216 
-0.0567882 -0.123535 -0.0266453 
-0.0944247 -0.122359 -0.0251521 
-0.252896 -0.608113 -0.322594 
0.0910433 -0.0406555 -0.0128702 
0.0731993 -0.349435 0.0152303 
-0.0124257 0.0939564 0.00899002 
-0.00629758 0.0902323 0.00443784 
-0.197177 -0.158529 0.0269871 
-0.00911998 0.0952714 0.00926441 
-0.000915588 0.0431247 0.00401237 
0.0843853 -0.424838 0.00788639 
0.0312563 0.0421511 0.00716804 
-0.00422288 0.0920663 0.00829359 
-0.0580384 -0.127502 -0.0279179 
-0.0972935 -0.127531 -0.026705 
0.0382761 -0.366156 0.00776013 
-0.252265 -0.22018 0.0976497 
0.0981298 -0.478877 0.00838806 
0.173629 -0.16645 0.109339 
0.166646 -0.153462 0.0613745 
0.131567 0.00440726 -0.00957904 
-0.00480466 0.0892573 0.00737753 
-0.0328054 0.0898981 0.00742025 
0.0147026 0.0966805 0.0102802 
-0.0604433 -0.127811 -0.0417252 
0.00236626 -0.315381 0.00620973 
0.198762 -0.0687588 -0.0166271 
0.00852255 0.0729931 0.0112966 
0.166931 -0.317889 0.0438049 

-1.73931 -7.10033 4.42363 
-0.129336 0.279159 0.192203 
-1.79845 -7.02866 4.53369 
-2.57344 -7.11381 4.63777 
0.95485 -3.37022 0.802341 
-0.47485 0.217791 0.524885 
-0.141305 0.368651 0.161746 
-2.31656 -7.07441 4.88887 
0.918951 -6.19842 2.39966 
-1.62797 -1.99047 2.6176 
-1.738 -0.634761 2.24673 
-2.54173 -7.33958 4.49596 
0.0954254 -6.68108 3.43004 
0.166008 0.128825 0.585665 
-0.389591 -0.101709 0.58922 
0.148197 0.176922 0.627739 
0.930287 -5.82305 2.48688 
-0.14245 0.369137 0.162807 
-0.43855 -0.0167781 0.58894 
-0.0240367 0.140041 0.60862 
-1.77491 -7.07981 4.57799 
-0.371617 0.377192 0.343273 
1.59404 -2.41081 0.919277 
16.7914 -16.0455 10.3058 
-5.69326 -9.23394 7.42868 
0.0664885 -6.57796 3.3975 
0.765555 0.838843 0.152998 
1.15766 -2.44742 1.29427 
7.82452 -8.58739 12.8177 
-0.329491 0.264533 0.417498 
-2.42414 -7.94328 4.49925 
0.568213 -6.3528 3.02226 
-0.5207 -5.20572 9.58822 
-0.0604692 0.0477414 0.313603 
0.765418 -2.80374 0.448036 
-5.27127 -8.79803 0.828013 
0.467517 -0.656899 -0.0116672 
0.280016 -0.359009 -0.0132172 
0.835646 -5.68317 2.48028 
0.167868 0.376194 0.623797 
-2.22697 -3.25987 2.3598 
-1.76729 -0.670989 2.24522 
-0.0949176 -0.0585667 0.265306 
3.08119 -1.13847 1.59712 
-0.13376 0.128834 0.246715 
1.30041 -2.35307 1.41648 
0.700908 -6.14257 2.81849 
-2.42492 -0.227698 0.548069 
-0.00577371 0.19942 0.599277 
-2.25327 -7.06842 4.78238 
