0.984281 -0.082135 -0.156346 0.951038 0.0727315 0.995234 -0.0649539 -0.232613 0.160936 0.0525616 0.985564 0.183621 0 0 0 1
-0.984157 -0.1296 -0.120988 0.0117144 -0.0833529 0.940496 -0.329423 -0.0758886 0.156482 -0.314119 -0.936399 0.06566 0 0 0 1
###
0.295577 -5.74882 10.8743 
-0.674102 -0.460679 1.3447 
-2.25327 -7.06842 4.78238 
-1.4286 0.742745 0.963949 
-0.255206 0.307512 0.32499 
4.1708 -3.59946 1.02823 
-3.77891 -7.43558 5.00496 
2.70568 -13.1089 15.8231 
-1.42332 0.746852 0.957723 
-1.74996 -0.659611 2.22872 
-0.743569 0.453951 0.633307 
1.84433 -7.56846 13.9821 
1.22918 -2.53871 1.32982 
-0.695884 0.594244 0.175021 
-2.88881 -3.87394 1.15327 
-0.896722 0.535866 0.587487 
-0.606783 -1.21916 2.76431 
-2.17223 0.292931 0.51595 
-2.24552 -5.34587 3.79521 
-1.62797 -1.99047 2.6176 
0.0954254 -6.68108 3.43004 
-1.42734 0.748166 0.966953 
-0.971511 0.609862 0.337646 
-2.63265 0.652045 1.02325 
-0.745508 0.455203 0.641183 
-0.380294 0.319042 0.452875 
-0.703901 0.522155 0.459219 
-0.525463 0.520151 0.218939 
-1.738 -0.634761 2.24673 
-2.56866 -0.47873 0.621288 
-2.17077 -0.824803 0.544368 
2.79782 -2.57883 0.732137 
-2.02828 0.689454 1.08323 
-0.125988 0.271736 0.197051 
-0.630991 0.221032 0.474022 
-0.873357 0.578648 0.405555 
-1.00124 0.609038 0.360614 
-0.198394 -0.074908 0.668272 
-2.10356 -0.423768 1.6149 
3.07131 -14.1856 16.3822 
-2.24026 0.577603 0.771358 
-0.807737 0.586659 0.394434 
-0.761123 0.546386 0.267048 
-0.966996 0.597615 0.376711 
-0.321007 0.324876 0.344513 
-0.645434 0.417255 0.455261 
-0.724668 0.543454 0.223289 
-0.607921 0.468503 0.371045 
-0.428541 0.433128 0.446521 
-0.564416 0.539955 0.114362 
1.30041 -2.35307 1.41648 
-2.37037 -0.385951 0.547821 
-1.43651 0.743415 0.958434 
-0.899779 0.540851 0.616719 
-0.812152 0.544379 0.462409 
-0.876482 0.578911 0.404559 
-1.00246 0.609851 0.362515 
-0.915114 0.596028 0.327833 
-0.445195 0.0120754 0.58238 
-0.393539 0.147559 0.563944 
-0.507144 0.327805 0.481249 
-0.377463 0.292839 0.450674 
-0.592213 0.424891 0.415855 
-0.451626 0.46773 0.421861 
-0.312382 0.326143 0.35193 
-0.279506 0.34125 0.304023 
-0.605453 0.596681 0.0902992 
-0.161456 0.0212503 0.396696 
-0.721745 0.216888 0.604533 
-1.73931 -7.10033 4.42363 
-0.401801 -6.47921 3.61371 
-0.712909 0.533139 0.222597 
-0.452545 0.334293 0.462368 
-0.400782 0.412357 0.340643 
-0.694154 0.589064 0.171949 
-0.329491 0.264533 0.417498 
-0.816277 0.593034 0.250115 
-2.20519 0.685164 1.0824 
-1.57906 -1.8803 2.53854 

0.162553 -0.152944 -0.109577 
0.510765 -0.874286 -0.686695 
0.166931 -0.317889 0.0438049 
0.0910677 0.114156 0.0489118 
-0.0231449 0.0770642 0.00268567 
-0.168464 -0.151768 -0.0584416 
0.133812 -0.113833 0.075285 
0.554679 -1.40232 -0.690637 
0.0619118 0.108792 0.00522869 
0.132116 0.0036256 -0.0100087 
0.0135135 0.0859646 0.000578643 
-0.138191 -0.0822484 -0.0360516 
-0.0580384 -0.127502 -0.0279179 
-0.00644183 0.10337 0.0196194 
0.240672 -0.300802 0.233792 
0.0209315 0.0950548 0.00668432 
0.343658 -0.435601 -0.335811 
0.0915703 0.0862029 0.0762561 
0.210424 -0.285735 0.0495881 
0.142117 -0.0904046 -0.00229557 
0.0731993 -0.349435 0.0152303 
0.0629181 0.109182 0.00454943 
0.0138038 0.105399 0.0210492 
0.100804 0.115548 0.0462637 
0.0146033 0.0869019 0.00102023 
-0.0118541 0.0773385 0.00120623 
0.00521137 0.0939766 0.00711772 
-0.013387 0.0958321 0.0125298 
0.129085 0.00589225 -0.0120629 
0.0902501 0.0816404 0.0783782 
-0.210861 -0.155265 0.00486251 
-0.166132 -0.145639 -0.0548139 
0.0959491 0.112143 0.0230685 
-0.0332587 0.0766874 0.0074053 
0.00211402 0.0745372 0.0109343 
0.011676 0.100838 0.0147997 
0.016426 0.105384 0.0210049 
-0.0125772 0.0483176 -0.00492948 
0.124614 0.0358206 0.0268143 
0.455627 -1.2054 -0.562759 
0.095599 0.114765 0.0483895 
0.00798106 0.100605 0.012751 
0.000576226 0.0999456 0.0179912 
0.0154439 0.10394 0.0191829 
-0.0197806 0.0781351 0.00219391 
0.00202655 0.0867915 0.00733457 
-0.00302846 0.0999387 0.0188978 
-0.0031441 0.0910123 0.00892916 
-0.00979648 0.0845892 -0.000793724 
-0.0154955 0.0996007 0.0183714 
-0.0604433 -0.127811 -0.0417252 
0.100721 0.0534165 0.0908633 
0.062957 0.109042 0.00442619 
0.0197142 0.100579 0.0183755 
0.0110019 0.0968827 0.0103967 
0.0118034 0.100939 0.0150347 
0.0161724 0.105218 0.0213914 
0.0107493 0.103998 0.0197311 
-0.00342916 0.0581599 0.00527892 
-0.00680974 0.064909 2.59797e-05 
-0.00418882 0.0784496 0.00241253 
-0.0120926 0.0757918 0.00135404 
-0.00229235 0.0871902 0.00675668 
-0.00949357 0.0876182 0.000190586 
-0.0191719 0.0786831 0.0035418 
-0.0230459 0.079834 0.00343757 
-0.0141185 0.103948 0.0200808 
-0.0247204 0.0576949 0.00362479 
0.0125517 0.0725744 0.007263 
0.192132 -0.362717 0.0420047 
0.106934 -0.359364 0.0185796 
-0.00365985 0.099225 0.0187695 
-0.00775899 0.078963 0.0026369 
-0.0151692 0.0851673 0.00461248 
-0.00653469 0.103281 0.0193427 
-0.0157449 0.0739822 0.00224391 
0.00269461 0.10383 0.0199224 
0.00640253 0.094768 0.00724243 
0.136355 -0.0794741 -0.00159129 
