0.927559 -0.261042 -0.267377 0.312666 0.2483 0.965288 -0.0810378 0.0231898 0.27925 0.00877766 0.960178 -0.109588 0 0 0 1
1 0 0 0 0 1 0 0 0 0 1 0 0 0 0 1
###
-0.937056 0.446996 1.03156 
1.1738 -2.67234 0.30658 
-0.0199206 0.114383 0.637772 
-0.169368 -0.225838 0.65708 
1.42982 -4.74967 7.77243 
0.294698 -0.265273 0.43353 
-1.62567 -3.8751 3.07897 
-1.11719 -1.77574 2.95084 
-0.853381 0.499373 1.2073 
-0.0119627 0.115255 0.661665 
0.111031 0.122453 0.480136 
0.108177 0.153835 0.349937 
1.18183 -2.54559 0.350858 
-0.720243 -0.936045 1.79123 
0.0565811 0.207157 0.275228 
-1.07068 0.426541 0.914158 
0.0676292 -0.173375 0.691557 
-1.70313 -4.14399 3.27287 
-0.0402237 -0.0476869 0.65066 
0.962634 -2.13219 0.289165 
-0.898849 0.484033 1.15681 
-0.176127 0.252352 0.509727 
-0.190241 0.27901 0.477498 
0.271808 -0.0127077 0.389209 
-0.0706453 0.20813 0.552682 
-0.0687011 0.237521 0.500907 
-0.0610732 0.200093 0.397269 
0.181356 0.0888333 0.4973 
-0.767836 -0.57852 1.95816 
-0.305179 -4.21628 2.31761 
-0.449243 0.429602 0.975083 
-0.117004 0.202669 0.601924 
-1.10553 0.370329 0.732135 
0.0576518 0.207351 0.274782 
0.000676924 0.176023 0.539233 
-0.211004 0.283707 0.498555 
-0.162797 0.25721 0.499173 
0.341288 -0.281337 0.457394 
-0.0897548 0.246356 0.394449 
1.01302 -2.26004 0.97001 
-0.769801 -0.576826 1.95571 
-1.33928 0.0930495 0.812477 
-1.33467 -2.15139 1.82171 
-0.897857 0.482661 1.14767 
-0.186756 0.26999 0.504649 
-0.0728958 0.207749 0.554402 
-0.00048937 0.117999 0.688037 
0.205947 -0.0162375 0.505343 
0.173086 0.102408 0.491268 
0.13271 -0.255395 0.618071 
0.0863945 0.236748 0.218967 
0.0399193 0.164082 0.517816 
1.15582 -2.26022 1.06778 
0.263887 -0.225671 0.558855 
0.24722 -0.067067 0.470963 
0.131404 -2.69958 4.72808 
0.393332 -0.36781 0.359996 
-0.273634 -3.18594 1.77885 
-0.45322 0.439279 0.992718 
-1.13662 0.443955 0.953066 
0.181534 -0.141023 0.589309 
0.0428371 0.165539 0.521261 
0.121436 0.127392 0.421285 
-0.032459 0.199486 0.367976 
0.0291939 0.0920262 0.533819 
0.150678 0.169786 0.208607 
0.231455 0.149332 0.139268 
0.129669 -0.235253 0.609515 
0.0441464 0.155245 0.335155 
-0.00863214 0.229844 0.329239 
-2.93923 -2.68307 1.80925 
-1.35149 -4.88037 3.30406 
-1.50372 -2.46862 2.04827 
-0.280619 -4.39872 2.37114 
-0.0537539 0.205384 0.404922 
-0.00947333 0.108807 0.651516 
0.206971 -0.0368665 0.507801 
-0.0890822 0.247089 0.396776 
0.0327782 0.171574 0.32118 
0.145021 0.158502 0.294946 
0.312012 -0.263016 0.444415 
-1.51786 -0.222967 0.866809 

-0.0944087 0.0576782 0.174524 
0.619324 -1.04811 0.0157001 
0.208333 0.0184502 0.386723 
3.51538 -9.42286 13.4853 
1.08435 -2.6418 3.87361 
0.478264 -0.274096 0.203951 
-0.866115 -2.73582 1.86119 
-0.324849 -1.23809 1.41842 
-0.400169 0.226415 0.678436 
0.199423 0.0249972 0.394006 
0.297754 0.0336894 0.242478 
0.269942 0.0525377 0.138087 
1.10706 -1.88015 0.0303928 
-0.311403 -1.29567 1.41181 
0.245209 0.0976645 0.0924638 
-0.395619 0.150126 0.40774 
0.248592 -0.192779 0.35705 
-0.82156 -2.81754 1.87261 
0.186614 -0.106269 0.360899 
0.979616 -1.66648 0.0170631 
-0.425097 0.239705 0.710543 
0.0762866 0.116641 0.267507 
0.0644674 0.137792 0.24522 
0.41417 -0.0644688 0.165345 
1.30513 -3.76323 0.155793 
0.155274 0.10915 0.261984 
0.16592 0.0899805 0.190557 
0.354857 0.00556727 0.256465 
-0.327499 -0.545402 1.29496 
0.352226 -3.8918 1.49292 
-0.122957 0.230492 0.623567 
0.126277 0.0838376 0.350374 
-0.598786 0.180492 0.433481 
0.244424 0.0961698 0.0916114 
0.211702 0.0653937 0.292779 
0.0493729 0.139388 0.261093 
0.0867592 0.128038 0.264245 
0.464533 -0.262479 0.20094 
0.138438 0.120044 0.185728 
1.07418 -1.85873 0.537377 
-0.337043 -0.555024 1.31756 
-0.644803 -0.0772871 0.399102 
-0.0640098 -0.871925 1.0481 
-0.430154 0.239408 0.7118 
0.0679691 0.129087 0.265177 
0.154693 0.0859188 0.302081 
0.212499 0.0172751 0.400506 
0.370251 -0.0744543 0.255208 
0.339111 0.0154252 0.247136 
0.316842 -0.256186 0.325697 
0.262802 0.120241 0.0520126 
0.23652 0.0561274 0.269584 
1.1928 -1.85845 0.608773 
0.413736 -0.227971 0.280952 
0.403644 -0.107565 0.227431 
0.0876879 -0.513029 0.763658 
0.461447 -0.292702 0.118245 
0.564152 -4.15451 1.40655 
-0.124812 0.226717 0.613749 
-0.121111 0.229717 0.621798 
0.356144 -0.171169 0.313999 
0.237495 0.0571468 0.271348 
0.3001 0.0352435 0.197674 
0.183178 0.0874616 0.164531 
0.2352 0.00303612 0.283633 
0.318331 0.0761238 0.0394999 
0.376398 0.0660546 -0.0158567 
0.311282 -0.237827 0.319055 
0.239953 0.057023 0.135857 
0.19743 0.111518 0.134772 
-0.765087 -0.861608 0.480905 
-0.593177 -3.28894 1.88195 
-0.9136 -2.11831 1.40226 
-0.292679 -3.72332 1.92263 
0.166584 0.0893397 0.190767 
0.221273 0.0115982 0.402075 
0.370323 -0.0882063 0.255014 
0.138159 0.119264 0.185157 
0.2303 0.0692287 0.125958 
0.304185 0.0627054 0.102059 
0.457435 -0.25692 0.199629 
-0.626668 -0.092904 0.386795 
