0.977398 -0.0692055 -0.19976 0.258298 0.0646331 0.997478 -0.0293288 -0.142864 0.201286 0.0157548 0.979406 0.0250174 0 0 0 1
0.250281 -0.247438 -0.93602 0.0618845 0.198276 0.959399 -0.200602 -0.20082 0.947653 -0.135384 0.28918 0.186466 0 0 0 1
###
-0.140465 0.233508 0.376712 
-0.189203 0.304274 0.237036 
-0.0680372 -0.347749 0.934056 
3.18421 -2.45423 0.705957 
-0.934599 -3.91125 2.62132 
3.10822 -11.59 13.4572 
-0.143041 0.231121 0.367356 
0.0158696 0.241791 0.27636 
1.3532 -1.89981 0.290057 
1.33341 -1.04203 0.30398 
0.135539 0.0156718 0.23478 
-1.03059 -6.06054 7.32655 
-0.14158 0.293603 0.167111 
-0.524091 0.402207 0.58578 
-0.689817 -0.38618 1.26977 
-0.0742902 0.311622 0.105992 
1.1298 -1.32939 0.503656 
0.169349 0.00295029 0.254296 
-0.0714557 0.312751 0.105214 
0.00820441 0.300253 0.0657586 
-1.2393 -1.97373 0.659591 
-0.823655 -1.71278 1.49458 
-0.185087 0.293345 0.301827 
-0.0643413 -1.34871 0.795157 
0.905469 -1.3462 0.708853 
0.0458651 -1.34398 2.72565 
1.5793 -4.76852 8.55943 
-0.133543 0.110374 0.383151 
-0.275596 0.328787 0.232352 
-0.858512 0.366732 0.658547 
-0.028378 0.28652 0.167693 
-0.187537 0.292348 0.298405 
-0.117282 0.27921 0.289912 
-0.161253 0.293954 0.189646 
0.0772991 0.14294 0.259392 
-0.0653853 0.228884 0.266258 
0.181593 -1.86597 3.67896 
-1.47453 0.236364 0.609199 
0.982009 -1.3656 0.227827 
0.0270554 0.145201 0.326274 
0.00840826 0.251373 0.273862 
-0.0671137 0.27247 0.237144 
-0.262387 0.309506 0.256256 
-0.186214 0.313691 0.259854 
0.0826418 0.301599 0.0220951 
0.079511 0.174131 0.22866 
-0.690881 -0.384257 1.26668 
-0.176814 0.299588 0.455762 
-0.291865 0.327732 0.245167 
-0.856546 0.366048 0.652985 
-0.126827 0.277968 0.286814 
0.0086933 0.251372 0.273304 
0.0133607 0.00105503 0.356168 
0.0412324 0.0761324 0.347246 
3.64861 -3.04767 1.72422 
-0.077848 0.324268 0.0943125 
-0.014636 0.334231 0.0461979 
-0.07946 0.315921 0.112246 
-0.137059 0.112883 0.374597 
-0.967615 0.306441 0.481491 
-0.85867 -0.246174 0.967045 
1.22346 -3.54761 6.51442 
2.65805 -10.0003 11.2054 
-0.18742 0.292401 0.299334 
-0.229494 0.319382 0.222699 
-0.126007 0.318879 0.139654 
-0.0911484 0.344352 0.0808384 
-0.140753 0.231432 0.372879 
0.0756909 0.140717 0.26807 
0.131654 0.155195 0.213289 
0.089087 0.0932264 0.328422 
0.0197548 -0.0143671 0.364893 
0.164465 0.00765265 0.252846 
-0.527051 0.39705 0.577308 
-0.0131715 0.288861 0.101053 
-0.968748 0.305582 0.479363 
-0.651107 -3.85614 2.38459 
0.0723978 -3.5113 1.92965 
0.977089 -1.29593 0.781376 
-0.164559 0.294087 0.286845 
-0.0294363 0.273759 0.183285 
-0.06772 0.227722 0.270592 
0.108886 0.0248126 0.342474 
0.0969889 0.0732046 0.342561 
-0.924394 0.29517 0.448645 
1.14698 -1.33529 0.507309 

-0.0681385 0.230061 -0.0334421 
-0.0796451 0.256571 -0.0407032 
0.100651 0.00813203 0.0659786 
-0.00520521 -0.270753 -0.351353 
0.399058 -1.49517 0.937844 
1.95653 -2.53837 0.867271 
-0.0475549 0.23054 -0.0316362 
-0.0636512 0.22107 -0.0831446 
-0.0594748 -0.673497 -0.338296 
-0.00391464 -0.288713 -0.36363 
-0.0702165 0.146702 -0.107756 
0.686752 -0.486621 0.40741 
-0.101549 0.250145 -0.0584351 
-0.016039 0.299543 0.0742798 
0.114662 0.0733848 0.256142 
-0.109906 0.25151 -0.0822485 
-0.00663381 -0.275775 -0.227136 
-0.070047 0.14702 -0.107545 
-0.110622 0.251132 -0.0817705 
-0.114357 0.242994 -0.104556 
-0.257137 -0.583956 0.713914 
0.0751013 -0.291356 0.413137 
-0.0722764 0.249746 -0.0354384 
0.0527541 -0.911931 -0.0921859 
0.0153275 -0.245076 -0.146205 
0.234465 -0.0717492 0.140138 
1.31027 -1.02285 0.239408 
-0.0589535 0.197105 -0.0275312 
-0.0946703 0.267884 -0.0223894 
-0.0340302 0.316181 0.164485 
-0.096003 0.238248 -0.0826892 
-0.071731 0.249747 -0.0349307 
-0.0673675 0.241224 -0.0518604 
-0.0971368 0.251525 -0.0513623 
-0.0693384 0.191581 -0.0937176 
-0.0705793 0.224184 -0.0643208 
0.640111 -0.414525 0.331153 
-0.12239 0.291287 0.181253 
-0.103984 -0.166908 -0.182229 
-0.0576974 0.194445 -0.0741845 
-0.0648846 0.224013 -0.0820517 
-0.0766195 0.236166 -0.0703085 
-0.0887563 0.261443 -0.0215415 
-0.0800713 0.256616 -0.0400975 
-0.117831 0.23921 -0.132415 
-0.0748373 0.200161 -0.0984297 
0.115678 0.0722418 0.260265 
-0.0490605 0.243556 -0.0254563 
-0.0931978 0.268667 -0.0170081 
-0.0523404 0.303064 0.132348 
-0.0689545 0.242136 -0.049878 
-0.0670573 0.224151 -0.0810544 
-0.0720747 0.167756 -0.0558859 
-0.0549063 0.174968 -0.0710671 
0.502761 -1.03764 -0.542533 
-0.113428 0.254847 -0.0820454 
-0.119363 0.254181 -0.103567 
-0.109953 0.252172 -0.0790627 
-0.0712681 0.202278 -0.0274556 
-0.0942707 0.316135 0.1828 
0.278108 0.0113045 0.48486 
-0.269178 0.137948 0.0591347 
0.0265525 -0.271958 -0.150942 
-0.0751565 0.248751 -0.0352862 
-0.0934355 0.262327 -0.0333409 
-0.105762 0.256239 -0.0664502 
-0.118551 0.259913 -0.0792481 
-0.0462688 0.227687 -0.0340489 
-0.0680129 0.191026 -0.09107 
-0.0685715 0.187684 -0.118822 
-0.054678 0.175958 -0.0858426 
-0.0587514 0.153925 -0.0582875 
-0.0693323 0.147648 -0.107457 
-0.0285482 0.294638 0.0655828 
0.456144 0.380933 0.0859069 
-0.0912627 0.316458 0.179437 
0.175499 -0.8752 0.586986 
0.0882513 -0.696931 0.213234 
0.0636345 -0.300039 -0.174298 
-0.072212 0.248902 -0.0413503 
-0.0876748 0.235827 -0.0837439 
-0.0720459 0.224205 -0.0625753 
-0.0538761 0.156837 -0.084562 
-0.0508621 0.169179 -0.0854571 
-0.0174306 0.298701 0.0732088 
-0.0014559 -0.295931 -0.238426 
