-0.267664 -0.306893 -0.91333 -0.0114523 0.146803 0.923861 -0.353455 -0.218483 0.952263 -0.228687 -0.202232 0.137136 0 0 0 1
0.999934 -0.0114571 0.000472486 0.00783812 0.0114573 0.999934 -0.0002155 0.00352877 -0.000469986 0.000220899 1 0.000905722 0 0 0 1
###
0.102603 0.0775542 0.24772 
0.0609754 -0.446922 0.393943 
-0.150508 -0.421316 -0.462634 
-0.0869045 0.238034 -0.0825994 
0.0184196 -0.251157 -0.148751 
-0.041675 -0.624387 1.0346 
-0.00680288 -0.275891 -0.226993 
0.126556 -0.149605 0.307669 
0.0551999 -0.89636 -0.0727289 
-0.0565035 0.137602 -0.0511777 
0.129304 -1.111 0.115863 
-0.0782976 0.234514 -0.0795118 
-0.094714 0.141188 0.0267258 
-0.0610345 -1.44492 -0.278265 
0.000812783 -0.306564 -0.240112 
-0.190564 -0.450469 -0.418124 
-0.0602004 -0.335077 -0.421878 
0.0858733 -0.744889 0.142923 
0.106214 -0.876851 0.137198 
0.0773847 0.0255812 0.239858 
0.167952 -0.840505 0.440333 
0.143652 -0.897544 0.261934 
-0.0850748 0.24015 -0.0629087 
-0.190015 -0.339365 -0.418734 
-0.0522979 0.164124 -0.0713757 
0.143607 -0.761895 0.516758 
0.110591 -0.613129 0.719383 
-0.0669112 0.219897 -0.0454799 
0.0634683 -0.300048 -0.174478 
0.427427 -0.474075 0.514051 
-0.0678912 0.193842 -0.0324063 
0.189023 -0.849329 0.578763 
-0.0358624 -0.743414 0.873679 
-0.0710032 0.215504 -0.0599892 

-0.703336 -0.394264 1.2943 
-1.05376 -3.96118 2.40768 
0.850049 -1.02019 0.0855556 
-0.0295785 0.278467 0.186006 
0.92252 -1.37204 0.722303 
0.806389 -2.07199 0.364598 
1.14618 -1.34877 0.510874 
-0.623617 -1.14082 1.51405 
0.657964 -3.53231 1.60682 
-1.92884 -7.86324 5.40928 
0.359204 -3.83399 1.93387 
0.0234917 0.284519 0.23944 
-0.846269 -1.40073 0.471448 
-0.627045 -4.21503 2.47509 
1.16272 -1.35365 0.514421 
3.37684 -3.1283 4.7709 
1.87844 -0.0280121 0.395633 
0.341321 -3.7808 1.91821 
0.0852776 -1.48282 0.790076 
2.55376 -1.25089 1.37232 
-0.238566 -3.90111 2.30471 
0.0658841 -3.34612 1.84334 
0.137869 0.0805072 0.212388 
0.0200436 -0.0146022 0.371103 
0.0139367 0.280599 0.153876 
-0.659765 -3.90742 2.41598 
-0.798652 -1.71649 1.61155 
0.148623 -0.0636816 0.425797 
0.997535 -1.32316 0.7974 
-1.2419 -2.28698 1.54332 
0.0553293 -0.113487 0.401609 
-0.67681 -3.93778 2.51754 
2.90207 -10.8175 12.5815 
-0.622564 0.352076 0.427783 
