0.984281 -0.082135 -0.156346 0.951038 0.0727315 0.995234 -0.0649539 -0.232613 0.160936 0.0525616 0.985564 0.183621 0 0 0 1
0.276452 -0.155589 -0.948349 -0.0053656 0.131866 0.983615 -0.122935 0.00252081 0.951938 -0.0910695 0.292439 -0.021192 0 0 0 1
###
0.295577 -5.74882 10.8743 
-0.674102 -0.460679 1.3447 
4.1708 -3.59946 1.02823 
-3.77891 -7.43558 5.00496 
-1.42332 0.746852 0.957723 
1.84433 -7.56846 13.9821 
-2.88881 -3.87394 1.15327 
-2.17223 0.292931 0.51595 
-2.24552 -5.34587 3.79521 
-1.62797 -1.99047 2.6176 
-2.17077 -0.824803 0.544368 
2.14124 -8.07469 15.1716 
-0.342923 0.397424 0.300523 
-1.41697 0.736532 0.93835 
-2.24026 0.577603 0.771358 
1.30041 -2.35307 1.41648 
-2.21044 -0.469275 1.538 
-0.899779 0.540851 0.616719 
-1.00246 0.609851 0.362515 
-1.04085 0.641375 0.339174 
-1.73931 -7.10033 4.42363 
-0.401801 -6.47921 3.61371 
-0.722586 0.428464 0.595645 
-1.13253 0.60972 0.275712 
-2.20519 0.685164 1.0824 

-0.0924227 -0.560058 0.721447 
0.510765 -0.874286 -0.686695 
0.280024 -0.68293 -0.585322 
0.217859 -0.207977 0.0898638 
0.0885897 0.114539 0.0818236 
0.545244 -1.20622 1.54097 
0.272855 -0.282026 0.21422 
0.104553 0.013916 0.133808 
0.179801 -0.354167 0.0547003 
0.15752 -0.165943 0.168616 
0.0966383 0.11538 0.0350061 
-0.0287477 -0.131718 0.155587 
-0.0359961 0.114186 0.210846 
0.126633 0.100677 -0.128884 
0.0870771 0.117386 0.0992084 
0.394737 -1.115 -0.872303 
0.12155 0.0376318 0.0443669 
-0.261751 -0.0666912 0.371746 
0.122079 0.112377 -0.00283717 
0.0909703 0.111925 0.0449762 
0.195822 -0.371882 0.0412536 
0.104549 -0.428277 0.0106631 
0.104214 0.114002 0.0299426 
0.0504071 0.103407 0.00577394 
-0.0366919 0.109927 0.204587 
