0.985254 -0.0769406 -0.152819 0.302434 0.0672988 0.99546 -0.0673006 -0.141998 0.157304 0.0560236 0.98596 0.0191576 0 0 0 1
0.998003 -0.0606803 -0.0175463 0.0264011 0.0600338 0.997573 -0.0352821 -0.00515243 0.0196447 0.0341583 0.999223 -0.018436 0 0 0 1
###
2.51559 -1.99434 1.84083 
2.90207 -10.8175 12.5815 
1.4482 -4.41278 7.92998 
0.16988 0.00252512 0.257462 
-0.942002 -3.93427 2.63814 
-0.62717 -0.653112 1.20496 
-0.623617 -1.14082 1.51405 
1.98879 -1.55291 0.434578 
-0.481965 0.407578 0.543568 
-1.06874 -6.33405 7.65632 
1.28189 -3.71684 6.82088 
-0.137864 0.113993 0.383785 
-0.072745 0.31838 0.107284 
-0.267119 0.315045 0.260608 
0.131627 -0.859683 1.83097 
-0.151809 0.245966 0.396798 
-0.689794 -3.91196 2.49951 
-1.13554 -0.274246 0.387001 
-1.10024 -0.517434 0.409101 
-1.19044 -0.619115 0.455523 
-0.53973 0.409605 0.600995 
-0.644732 -3.80203 2.35347 
-1.23667 -0.24136 0.432782 
-0.986648 -1.87738 1.32587 
-0.108313 0.207963 0.303708 
-0.127915 0.324212 0.141913 
-0.997025 0.311446 0.489981 
-0.370786 0.33449 0.20323 
0.813727 -2.10973 0.378143 
-0.889395 0.37386 0.679971 

0.714578 -0.576682 0.443097 
-1.65373 -1.96089 1.76533 
0.31339 -0.280217 0.155673 
1.24457 -1.71184 0.180639 
0.180088 -0.784413 0.619322 
-1.59808 -1.56107 1.03196 
0.2182 -0.351675 0.466524 
-0.259193 0.0541529 0.323176 
-0.0822662 0.316939 0.17846 
0.186733 -0.234669 0.297833 
-2.38383 -2.62764 2.4271 
-0.171618 -0.1388 0.356773 
-0.0228085 0.32286 0.172527 
0.164911 -0.795942 0.645873 
3.69771 -2.91825 1.30483 
-0.072188 0.318235 0.173645 
0.179002 -0.82243 0.570368 
-0.150319 0.00168189 0.325849 
0.498682 0.382167 0.0853901 
-0.16653 -0.0866868 0.331183 
-0.0651065 0.300752 0.0925762 
0.143822 -0.76204 0.516334 
-0.0926487 0.103943 0.289922 
0.018257 -0.447545 0.621845 
-0.116297 0.31762 0.189613 
-0.0761356 0.302341 0.11585 
0.438547 0.36368 0.122965 
-0.0198302 0.323957 0.181191 
0.0977748 -0.746238 0.93241 
-0.0719018 0.32493 0.180896 
