0.985089 -0.0747835 -0.154943 0.356761 0.065131 0.99566 -0.0664712 -0.129948 0.159241 0.0553885 0.985685 0.0293261 0 0 0 1
0.997997 -0.0608096 -0.0174283 0.0264138 0.0601707 0.997571 -0.0350962 -0.0050906 0.0195201 0.0339773 0.999232 -0.0182329 0 0 0 1
###
3.42067 -2.64287 0.760731 
-0.35095 0.0986851 0.0795379 
-0.5382 0.415519 0.61341 
2.87631 -10.7142 12.4628 
5.72088 -6.00644 6.23347 
1.67513 -2.92934 5.15589 
3.56544 -3.30399 5.03519 
-0.92971 -3.87906 2.60256 
-0.317159 -1.23905 1.89468 
1.38037 -4.18535 7.5472 
4.36548 -4.47359 6.45569 
-0.88037 0.376387 0.679974 
-0.693357 -3.93511 2.51366 
0.509085 -1.91949 3.67574 
4.93956 -5.02257 7.19405 
-1.03916 0.316727 0.510687 
-0.138269 0.241294 0.399545 
-0.971101 0.300787 0.457311 
0.107174 0.148155 0.141917 
-0.297958 0.334611 0.250196 
2.4393 -9.17152 10.3017 
1.00605 -1.33455 0.803775 
-0.462298 0.407566 0.579054 
-0.30788 0.334222 0.162383 
0.0999089 0.493903 1.95445 
1.17941 -1.37362 0.520925 
4.23723 -3.89671 6.04977 

3.69771 -2.91825 1.3048 
-0.247259 -0.76053 0.888838 
-0.216705 0.317261 0.215179 
-1.65374 -1.96089 1.76532 
0.714781 -0.576368 0.443176 
-0.269309 -0.734177 0.830971 
-2.25886 -2.304 1.38338 
0.179979 -0.784365 0.619422 
0.0766379 -0.512322 0.70951 
0.313372 -0.280241 0.155671 
-1.86647 -1.90345 1.15529 
-0.249837 -0.828861 1.11895 
0.17899 -0.822435 0.570365 
-2.38383 -2.62764 2.4271 
-4.62292 -4.87188 2.80208 
-0.116307 0.317615 0.189605 
-0.046123 0.319835 0.178309 
0.438551 0.363641 0.122952 
0.428792 0.334109 0.0515873 
0.0139671 0.325128 0.17497 
0.0847406 -0.885086 0.757557 
2.58017 -2.31348 0.453963 
-0.0776757 0.322346 0.196189 
-0.055109 0.321986 0.179081 
0.0410407 0.151353 0.295254 
-0.0457606 0.321584 0.178103 
-2.22193 -2.1386 1.39644 
