0.929272 -0.257716 -0.264645 0.382232 0.243061 0.966075 -0.0872993 0.0421757 0.278165 0.0168001 0.960386 -0.104855 0 0 0 1
1 0 0 0 0 1 0 0 0 0 1 0 0 0 0 1
###
1.13891 -2.36421 0.188253 
-36.7684 -124.997 86.6614 
7.23728 -10.0631 7.94421 
-1.23361 -0.616284 0.529612 
1.44671 -4.80218 7.8642 
1.10696 -2.43966 1.02848 
-1.82433 -5.3416 3.96309 
-0.759043 -0.988763 1.87909 
-1.12761 0.4493 0.969122 
1.78567 -9.40508 10.3442 
-0.220386 0.296699 0.521715 
-1.04198 0.247646 0.705397 
0.153669 -1.25257 2.31931 
3.61771 -4.27157 0.562013 
-0.101017 0.267855 0.421853 
-0.473181 0.458786 1.03762 
-0.378609 0.440072 1.01148 
-3.48644 -3.14615 1.32874 
-0.471985 -5.23521 2.92581 
-0.804334 -0.606079 2.0516 
0.223045 0.0656329 0.468821 
0.268768 0.0100481 0.382097 
0.146818 -0.0746976 0.586424 
-0.072194 0.247841 0.52387 
-0.199128 0.292794 0.499934 
-1.15941 0.388675 0.767478 
0.0591394 0.216785 0.288355 
-0.0740079 0.218214 0.579913 
0.00291637 0.183741 0.56653 
-0.0344948 0.20782 0.386497 
-1.7733 -4.31474 3.40932 
-1.49976 -5.33825 3.7215 
1.06712 -2.38132 1.02057 
1.21539 -2.62075 0.361211 
0.146939 -2.71687 4.71659 
-0.323526 -4.65246 2.53117 
-0.468965 0.448695 1.01888 
0.0604695 0.217442 0.287965 
0.224635 -0.0368963 0.537385 
0.166922 0.144468 0.331255 
0.00213625 0.18532 0.567494 
0.340326 -0.284447 0.470451 
-1.23134 0.449783 0.932744 
-1.12371 0.447411 0.958954 
0.0690413 0.0964581 0.515625 
-0.805647 -0.603757 2.04741 
0.273853 -3.36597 6.01154 
-1.38184 0.0942456 0.840988 
0.387895 -0.366467 0.37222 
1.74018 -7.97 13.8869 
-1.04152 0.451292 0.978099 
-0.170607 0.270113 0.522573 
0.133413 -0.244837 0.635924 
0.153792 0.168483 0.310503 
-0.0330042 0.209844 0.387036 
0.181259 0.107229 0.514445 
-0.0701623 0.262304 0.38486 
0.138401 -0.269358 0.646299 
1.06819 -2.39527 1.03101 
1.09088 -2.42685 0.329094 
1.22179 -2.39017 1.12699 
-0.939092 0.50498 1.201 
0.136133 -2.7472 4.8207 
-1.54407 -2.53057 2.10171 
-0.503343 -5.4514 3.0625 
-0.473861 0.451058 1.02475 
-0.0766253 0.216953 0.580265 
0.138936 -0.26747 0.647174 
0.071964 0.0975074 0.526613 
0.25258 -0.0193161 0.441406 
0.0612676 0.216721 0.287256 
-0.939983 0.500985 1.19973 
-1.42907 -5.16165 3.49434 
-1.42699 -0.215229 0.822667 
-0.302785 -4.7417 2.54128 
-0.0927123 0.260056 0.416896 
-0.0562917 0.215107 0.424099 
-0.0262505 0.199021 0.385095 
0.124852 0.00725079 0.565606 
0.134525 -0.244844 0.636686 
0.138058 -0.0833163 0.592826 
0.213198 0.079918 0.404627 
0.046558 0.222514 0.298176 
0.267162 -0.167489 0.602503 
0.155087 -0.309825 0.638559 
-0.403619 0.445906 0.966404 
-0.866773 -1.08631 2.20486 

0.194416 -0.285996 0.0160042 
-0.6449 -3.85238 2.05496 
0.425861 -0.400582 0.274099 
-1.54086 -2.03266 1.15482 
3.49508 -9.35471 13.3967 
1.0616 -1.81495 0.519274 
-0.818753 -3.35107 2.13898 
-0.321089 -1.22379 1.40248 
-0.389109 0.147639 0.401023 
2.29386 -9.16078 8.94911 
0.0478407 0.135782 0.254966 
-0.526306 0.120072 0.41307 
1.0808 -2.63119 3.86008 
1.82884 -1.90892 0.0465741 
0.129206 0.12058 0.184497 
-0.120703 0.226442 0.612364 
-0.503061 0.180913 0.481041 
-0.0925182 -0.210274 0.175387 
0.211849 -3.82946 1.55968 
-0.329658 -0.551455 1.29708 
0.37142 -0.0153921 0.214385 
0.389365 -0.0451492 0.145124 
0.275745 -0.0993136 0.257161 
0.152465 0.107172 0.257229 
0.0632996 0.135318 0.240834 
-0.588862 0.177473 0.426324 
0.24079 0.0958806 0.0907776 
1.25681 -3.61868 0.151195 
0.21016 0.0641377 0.28729 
0.180685 0.0859001 0.162729 
-0.811063 -2.78212 1.85027 
-0.583369 -3.25841 1.86071 
1.05997 -1.83384 0.530312 
1.1108 -1.88678 0.0292759 
0.0865079 -0.505962 0.753353 
0.347607 -3.84332 1.47515 
-0.0724092 0.239094 0.627104 
0.240554 0.0952071 0.0901553 
0.370063 -0.0876147 0.261602 
0.325495 0.0486969 0.11821 
0.207855 0.0642113 0.287426 
0.456521 -0.257947 0.197491 
-0.41306 0.128759 0.340727 
-0.448933 0.247507 0.732521 
0.266081 0.0054243 0.25625 
-0.331716 -0.545997 1.29727 
-0.366716 -5.12937 6.25976 
-0.617693 -0.0915731 0.381256 
0.45449 -0.287901 0.115326 
0.532225 -1.91954 3.03039 
-0.39072 0.251253 0.758396 
0.0849637 0.123163 0.257107 
0.305773 -0.233566 0.313431 
0.304045 0.0632499 0.103033 
0.179883 0.0858771 0.16158 
0.334854 0.0153959 0.244724 
0.150277 0.119883 0.159885 
0.311631 -0.251964 0.320389 
1.06476 -1.84586 0.533562 
0.889626 -1.51356 0.00908113 
1.17503 -1.83041 0.599954 
-0.423083 0.235574 0.700116 
-0.0627878 -0.856883 1.03047 
-2.42099 -6.23256 4.35693 
0.578941 -4.25553 1.43021 
-0.122447 0.222625 0.602461 
0.151878 0.0843637 0.296481 
0.320544 -0.259793 0.33098 
0.425795 -0.153561 0.109541 
0.40227 -0.0721576 0.194309 
0.240033 0.094416 0.089942 
-0.118892 0.225712 0.610683 
-0.602453 -3.33511 1.90842 
-0.682517 -0.241247 0.400889 
-0.288279 -3.67316 1.89835 
0.135671 0.11712 0.181847 
0.164255 0.0885922 0.187775 
0.234401 -0.120844 0.289951 
0.302553 -0.0585867 0.281722 
0.310241 -0.237032 0.317969 
0.311097 -0.121856 0.293232 
0.357131 0.000504407 0.165824 
0.233053 0.0978359 0.0975301 
0.405536 -0.180128 0.296609 
0.326171 -0.281186 0.315164 
0.185753 0.0728081 0.235613 
-0.330141 -0.707856 1.28257 
