-0.295702 -0.328792 -0.896915 -0.00989294 0.191821 0.899342 -0.392923 -0.195636 0.935823 -0.288235 -0.202868 0.142268 0 0 0 1
0.999935 -0.0114082 0.000355758 0.00788631 0.0114083 0.999935 -0.000222004 0.00354725 -0.000353202 0.000226048 1 0.00090296 0 0 0 1
###
0.150836 -0.806279 0.532526 
-0.0863193 -0.0434842 0.314036 
0.102603 0.0775543 0.24772 
-0.0521288 0.17821 -0.0516651 
0.126556 -0.149604 0.30767 
-0.155907 -0.506801 -0.519238 
-0.0579552 0.139313 -0.0511796 
-0.0924602 -0.0207854 0.259663 
0.0948331 -0.824776 0.131666 
-0.0727205 0.224157 -0.0625675 
-0.0654037 0.212032 -0.0522673 
0.113875 -0.609871 0.603957 
-0.0565036 0.137602 -0.0511777 
-0.053779 0.22753 -0.0356207 
1.48084 -1.91901 0.604944 
-0.105522 -0.0986767 0.304088 
-0.0416367 0.146741 -0.0892576 
-0.070209 0.217279 -0.05726 
-0.0717077 0.215786 -0.0599962 
-0.0602003 -0.335077 -0.421878 
-0.0711606 0.21563 -0.0600172 
0.000812556 -0.306564 -0.240112 
-0.0573266 0.177362 -0.0325271 
-0.0719421 0.195714 -0.0469802 
0.0858733 -0.744889 0.142923 
-0.281725 -0.384001 -0.247782 
0.424687 -0.381137 0.40581 
0.502848 -1.03746 -0.542886 
-0.0510205 0.167013 -0.0792319 
0.0649552 -0.307625 -0.177267 
-0.0379991 0.228291 -0.03011 
-0.0900482 0.174271 -0.119716 
0.0184197 -0.251157 -0.148751 
0.0690727 -0.999005 -0.0892657 
0.106213 -0.876851 0.137198 
-0.224702 -0.362336 -0.420512 
1.95665 -2.53835 0.867088 
0.11136 -0.864069 0.166009 
-0.055553 0.151408 -0.0588893 
0.53616 -0.461212 0.465423 
0.115459 0.069614 0.267601 

-0.776055 -4.45204 2.82397 
-0.88069 -1.1973 0.0454134 
-0.704719 -0.394944 1.29687 
1.98232 -3.26751 5.86106 
-0.624137 -1.14169 1.51547 
0.854577 -1.02554 0.0859838 
-1.9356 -7.89355 5.43039 
-4.18383 -6.44193 0.209485 
0.357725 -3.8172 1.92676 
1.93179 -0.0462701 0.419463 
0.0976142 0.0940655 0.327857 
-1.03298 -3.31145 2.30398 
-1.08167 -4.64652 2.59812 
0.0269276 -0.110423 0.415199 
-0.626527 -4.21251 2.47347 
-1.22406 -1.61237 0.0620157 
0.99739 -1.32079 0.785839 
0.179914 -0.0425605 0.225351 
-0.130054 0.100454 0.360744 
-0.123583 0.0914678 0.346992 
0.0811697 0.0624263 0.360295 
1.17941 -1.37362 0.520925 
0.0200558 -0.0162327 0.372631 
-1.22732 -0.774216 0.219514 
0.0857401 -1.48944 0.793611 
-0.88037 0.376387 0.679974 
-0.81741 -1.81811 1.79602 
9.17217 -8.51976 5.25643 
0.144677 0.0983834 0.166859 
1.00605 -1.33455 0.803775 
-0.000933475 0.0215799 0.415597 
0.056805 -0.115703 0.410216 
2.4393 -9.17152 10.3017 
0.487744 -3.48642 1.69755 
-0.233876 -3.80787 2.25161 
1.18549 -1.4491 0.482425 
2.3785 -8.9542 10.0496 
0.0800584 -3.43025 1.87877 
-0.890685 0.34524 0.58396 
-1.06719 -1.97877 1.33202 
-0.703697 -0.39116 1.28975 
