0.718936 -0.224309 -0.657888 -0.0356819 0.226573 0.970428 -0.083273 -0.041325 0.657111 -0.0891918 0.748498 -0.252755 0 0 0 1
0.999187 -0.0247539 -0.0318061 -0.00308784 0.0243438 0.999616 -0.013217 -0.00815201 0.0321211 0.012432 0.999407 -0.0310734 0 0 0 1
###
0.19529 0.0245798 0.38543 
0.23073 0.00296032 0.278166 
0.265821 -0.0107638 0.250216 
2.35672 -2.94806 -0.829233 
0.17227 0.0661819 0.388658 
1.0627 -3.57015 0.74677 
-2.45588 -4.47089 2.53391 
1.32336 -1.92689 0.288813 
0.183489 -0.118348 0.319083 
0.196227 0.022761 0.377049 
0.553617 -4.42145 1.52371 
1.06476 -1.84586 0.533562 
0.312551 -0.348333 0.359716 
0.336606 0.0054482 0.249428 
1.14541 -1.78147 0.58786 
13.2167 -16.0435 5.53669 
-0.310385 -0.528792 1.29096 
0.295765 0.0316514 0.240737 
0.305441 -0.0836608 0.53813 
-0.660877 -3.55048 2.09231 
-0.319859 -1.21914 1.40929 
-0.299267 -3.71262 1.92702 
0.191186 -3.83438 1.57849 
-0.323519 -0.538016 1.27884 
0.845432 -4.54478 1.35368 
0.681493 -1.06882 -0.36645 
1.81487 -2.32364 -0.799476 
15.4336 -18.6586 6.40517 
-0.602453 -3.33511 1.90842 
0.294059 0.0311921 0.239624 
0.394956 -0.0694201 0.186955 

-0.0216264 0.135653 0.709476 
0.0305872 0.0963765 0.558994 
0.0855739 0.199263 0.273412 
12.2376 -12.8803 4.76224 
-0.0536248 0.196545 0.712073 
0.465529 -5.55543 2.03684 
0.215905 0.0787275 0.398884 
1.3341 -2.38302 0.683318 
1.39266 -2.45037 0.702346 
-0.020653 0.133699 0.703378 
-0.471985 -5.23521 2.92581 
1.31866 -2.37751 0.680561 
-1.86634 -5.28821 3.36879 
0.184019 0.0935602 0.52342 
1.19186 -2.33027 1.10687 
11.0341 -14.3325 6.14251 
-0.785984 -0.586257 2.05835 
1.06819 -2.39527 1.03101 
0.242716 0.0396336 0.412628 
-1.49976 -5.33825 3.7215 
-0.845335 -1.62034 2.33638 
-0.503343 -5.4514 3.0625 
-0.175001 -5.70304 2.892 
-0.805647 -0.603757 2.04741 
-0.291324 -3.36882 1.874 
-3.68839 -10.0114 12.2191 
1.34603 -2.38537 0.68919 
13.6187 -17.5886 7.3582 
-1.42907 -5.16165 3.49434 
0.0823188 0.19741 0.277576 
0.187545 0.193207 0.152526 
