0.703972 -0.239849 -0.668503 -0.0344532 0.254452 0.963943 -0.0778954 -0.0232091 0.663082 -0.115266 0.739619 -0.262959 0 0 0 1
0.999187 -0.0247539 -0.0318061 -0.00308784 0.0243438 0.999616 -0.013217 -0.00815201 0.0321211 0.012432 0.999407 -0.0310734 0 0 0 1
###
0.322246 -0.245875 0.443496 
0.20751 -0.0214747 0.326621 
1.27625 -1.86077 0.277748 
0.19427 0.0236789 0.382136 
0.343764 -0.00593589 0.252446 
1.09533 -3.68022 0.762778 
1.31994 -1.92179 0.287882 
0.24095 -0.0442132 0.293296 
-0.842534 -2.69267 1.82432 
2.12108 -2.29944 -0.317138 
-0.586789 -3.27499 1.86999 
-0.322066 -1.22556 1.40455 
13.4625 -16.3317 5.6322 
-0.669545 -3.59248 2.11669 
-0.315304 0.190527 1.10724 
-1.16175 -1.62488 1.24121 
0.216135 0.0587176 0.202837 
0.941865 -1.25914 -0.510449 
-0.310424 -1.28771 1.40354 
-0.310087 -0.527672 1.28825 
0.293112 0.0313448 0.238616 
1.17554 -1.8315 0.600211 
2.27869 -2.456 -0.332888 
15.6046 -18.8571 6.47297 
-0.318752 -1.21372 1.40353 
0.19116 -3.90271 1.60629 
-0.933496 -3.45987 2.11488 
0.291672 0.0309744 0.237825 
0.290896 0.0266917 0.24175 

-1.82546 -0.994434 0.648071 
-0.00328186 0.0674847 0.624605 
1.31866 -2.37751 0.680561 
-0.020653 0.133699 0.703378 
0.196563 0.0773735 0.531127 
0.465529 -5.55543 2.03684 
1.3341 -2.38302 0.683318 
-0.0565633 0.215301 0.424322 
-1.80392 -4.35996 3.4293 
-0.0132387 0.256945 0.23236 
-2.33509 -6.13721 4.21174 
-0.759043 -0.988763 1.87909 
11.0341 -14.3325 6.14251 
-1.49976 -5.33825 3.7215 
-0.798692 0.437521 1.79677 
0.185684 0.195437 0.153649 
0.0127557 -0.179439 0.698344 
1.13847 -2.28862 0.198513 
-0.862049 -1.65894 2.35298 
-0.785984 -0.586257 2.05835 
1.06712 -2.38132 1.02057 
1.22179 -2.39017 1.12699 
8.07317 -9.97324 4.18217 
13.6187 -17.5886 7.3582 
-0.845335 -1.62034 2.33638 
-0.503343 -5.4514 3.0625 
-0.0457251 0.214527 0.560823 
0.0823188 0.19741 0.277576 
0.176072 0.179311 0.197071 
