0.919375 -0.304487 -0.249072 0.499695 0.302834 0.951937 -0.0459088 0.0902448 0.251079 -0.0332199 0.967396 -0.087712 0 0 0 1
0.995056 -0.0116886 -0.0986238 -0.00879559 0.00994797 0.999786 -0.018123 -0.00128563 0.0988146 0.0170523 0.99496 -0.00556643 0 0 0 1
###
9.82815 -12.147 5.07099 
-4.01816 -2.30637 1.23277 
0.540338 -2.24389 0.500756 
-0.817603 -1.57609 2.23748 
-1.41897 -0.341194 0.815119 
0.198003 -2.15649 3.96451 
-1.11188 0.3553 0.718368 
-0.745631 0.346294 0.844036 
-0.0341188 -1.24225 2.43013 
-1.37101 -0.234958 0.787701 
-1.61229 -3.3197 2.96498 
-1.13989 0.381933 0.753899 
-0.918375 0.49442 1.18359 
-0.463332 0.448866 1.0162 
11.656 -15.1343 6.47726 
-0.996597 -0.326396 1.48509 
-0.78911 -0.594321 2.01192 
3.44196 -4.07855 0.567416 
-1.1635 0.448721 0.972967 
0.057951 0.215126 0.284646 
-0.0747881 0.213282 0.569407 
-1.50455 -0.276872 0.869207 
-1.10973 0.440939 0.945147 
-0.177452 0.269083 0.516186 
-0.0726913 0.21449 0.570246 
0.236783 0.160975 0.260298 
-0.369498 0.42789 0.982605 
-1.4331 -5.10126 3.56346 
-1.42509 -0.336408 0.819506 
2.19944 -11.633 12.2229 
-1.14778 0.449781 0.955993 
-0.921058 0.494728 1.1779 
0.131136 -0.240371 0.624967 
0.207423 0.0555929 0.439425 
-0.0330527 0.20559 0.379778 
0.0582062 0.21293 0.282956 
-1.37046 -4.94706 3.35567 
-0.474551 -5.13934 2.89565 
0.133083 0.227901 0.191012 
-0.0554061 0.211942 0.417293 
0.213311 -0.0367532 0.521953 
0.211641 -0.0166452 0.519458 
1.10591 -2.44697 0.328173 
1.18955 -2.37788 0.485517 
-1.97975 -5.67042 3.62922 
-0.781689 0.42719 1.75791 
-0.0449468 0.210686 0.550713 
-0.0553056 0.211316 0.416532 
0.0146295 -0.0547199 0.561571 
0.0483729 0.103881 0.536353 
0.303618 -0.168004 0.404169 
0.0706913 0.0956033 0.517327 
0.136435 -0.262739 0.635666 
0.1321 -0.24048 0.625515 
1.18828 -2.32302 1.10141 
1.93876 -5.82827 9.61737 
-0.81924 -1.17999 2.05849 

8.58238 -10.1003 3.36793 
-0.0140433 -0.0514814 0.029231 
0.610301 -1.49721 0.124993 
-0.301399 -1.32525 1.3192 
-0.870249 -0.703772 0.517513 
0.387529 -1.42315 2.24627 
-0.529377 0.158293 0.379269 
-0.378203 0.214053 0.641211 
1.13776 -2.77705 4.06951 
-0.608764 -0.073092 0.376981 
-0.497389 -1.41978 1.08756 
-0.566322 0.17064 0.409995 
-0.40174 0.226604 0.671524 
-0.116016 0.217691 0.588564 
10.9883 -13.397 4.73268 
-0.26518 -0.257425 0.717686 
-0.321812 -0.528728 1.25712 
1.79228 -1.87204 0.0452399 
-0.431413 0.237843 0.703925 
0.237923 0.0963262 0.0902747 
0.73141 -1.96384 0.0532286 
-0.655634 -0.231834 0.385205 
-0.523866 0.191364 0.515074 
0.0757472 0.119132 0.252268 
0.146615 0.080753 0.282911 
0.31616 0.0553546 0.0667186 
-0.0548675 0.207611 0.567769 
-0.576756 -3.21713 1.83715 
-0.594571 -0.0881703 0.36698 
1.02802 -1.78144 0.515061 
-0.114269 0.216983 0.586923 
-0.406626 0.2264 0.672874 
0.294315 -0.224799 0.301718 
0.341915 -0.0177501 0.187252 
0.172887 0.082535 0.155302 
0.231401 0.0921399 0.0872449 
-0.597116 -3.30044 1.88862 
0.671934 -3.94207 1.23167 
0.28558 0.110576 0.0227443 
0.156609 0.0849269 0.179882 
0.349872 -0.0831909 0.240895 
0.350951 -0.0704379 0.241946 
0.900834 -1.53711 0.0087309 
1.05254 -1.65568 0.119489 
-1.10129 -4.16672 2.21843 
-0.338542 0.18774 1.13692 
0.166519 0.080869 0.272203 
0.15785 0.0851293 0.180454 
0.214219 -0.100989 0.272108 
0.234073 0.00993545 0.258963 
0.414678 -0.167793 0.153542 
0.247663 0.00437792 0.24397 
0.307816 -0.249448 0.317851 
0.298828 -0.228343 0.306274 
1.14109 -1.77735 0.582152 
-0.315665 0.176819 0.426602 
-0.390527 -1.10272 1.50973 
