0.977052 -0.147147 -0.154003 0.472724 0.14816 0.988951 -0.00494566 -0.0616288 0.153029 -0.0179849 0.988058 0.0590095 0 0 0 1
0.997997 -0.0608095 -0.0174283 0.0264138 0.0601707 0.997571 -0.0350961 -0.00509058 0.0195202 0.0339771 0.999232 -0.0182328 0 0 0 1
###
-0.619782 -1.13094 1.50193 
2.52204 -9.40163 10.9569 
-0.454188 -2.6523 1.58703 
3.60386 -2.78748 0.804973 
4.36658 -4.47616 6.45718 
-0.969279 0.138747 0.339457 
7.32855 -6.56071 5.62159 
7.0854 -6.0178 3.31903 
-0.992333 0.271531 0.349359 
-1.11242 -1.66139 0.54728 
-0.597374 -4.01436 2.35966 
4.36658 -4.47616 6.45718 
-0.900406 -0.253729 0.958485 
-1.11101 -0.173569 0.372343 
-0.935876 0.168938 0.332453 
-1.30848 -0.431556 0.488939 
3.4385 -2.67678 0.747243 
-0.00263797 0.177507 0.619229 
-1.56856 -2.78289 0.734435 
-1.05292 -0.19451 0.350183 
-1.13178 -0.271254 0.386847 
4.72474 -4.80542 6.88463 
-0.468041 0.410493 0.584952 
0.748139 -1.56583 0.364897 
-1.0728 -0.20691 0.35989 
-1.00295 0.314149 0.495779 
-0.347973 0.269569 0.370559 
-0.467352 0.411008 0.584791 
-0.483169 -1.4624 1.92096 
-1.01018 0.0485628 0.339256 
-0.465945 0.409762 0.581747 
-0.610309 -1.28056 1.60352 
-1.04316 -0.328503 0.354857 
-1.06366 -0.212317 0.355894 
2.61176 -4.54376 7.45481 
-1.96547 -3.7108 0.991058 
-1.02054 -0.136642 0.330324 
1.03035 -1.36723 0.822286 
0.238167 0.571271 -0.0655761 
-0.987291 0.161799 0.360041 

0.0995553 -0.125743 0.165247 
-1.65374 -1.96089 1.76532 
0.0847406 -0.885086 0.757557 
2.57596 -2.00315 0.898681 
-1.88536 -1.91359 1.12887 
-0.171388 0.0947746 0.284845 
-0.0461105 -0.0516987 0.0263605 
-0.0213204 0.322899 0.173423 
-0.350417 0.308802 0.227409 
1.623 -1.73651 1.75361 
0.140719 -0.836034 0.525942 
0.732184 -0.612566 0.449231 
0.0715468 0.11562 0.262501 
0.099841 -0.041298 0.264941 
-0.146918 0.234848 0.212588 
-0.150323 0.00169788 0.325848 
-0.249237 0.055809 0.313199 
-0.456275 0.180399 0.332481 
0.177869 -0.610022 0.791702 
-0.136785 0.0380703 0.3151 
-0.145691 0.0159859 0.323299 
-4.62292 -4.87188 2.80208 
-0.0718981 0.324929 0.180899 
-0.325264 -0.795764 0.854093 
-0.134522 0.160118 0.160702 
0.375108 0.32255 0.112653 
1.23036 -0.99251 0.759941 
-2.50136 -2.56319 0.34692 
0.0944601 -0.128446 0.176003 
-0.107776 0.0859285 0.296643 
-0.149135 0.248676 0.218529 
0.124337 -0.191783 0.307202 
0.109688 -0.0596159 0.287802 
-0.154559 0.202492 0.228733 
-1.86676 -2.2173 1.99833 
-0.0537908 -0.830588 1.18173 
-0.0837208 0.111952 0.285791 
2.58017 -2.31348 0.453963 
0.218512 -0.351777 0.466259 
-0.161612 0.166352 0.248936 
