0.708964 -0.269794 -0.651599 -0.0351383 0.31295 0.948336 -0.0521564 0.0328786 0.632007 -0.166941 0.756768 -0.265219 0 0 0 1
0.999194 -0.0246979 -0.0316522 -0.00312652 0.0242897 0.999618 -0.0132163 -0.00808526 0.0319665 0.0124368 0.999412 -0.0308205 0 0 0 1
###
3.44839 -9.22783 13.2132 
-0.501439 -0.751472 0.642492 
0.324025 -0.298876 0.415487 
0.505657 -1.95062 3.03831 
0.194809 -0.10106 0.284068 
0.354442 -0.284868 0.290453 
-0.620523 -1.75742 1.38906 
-0.351402 -0.540101 1.33579 
-0.314122 -1.1949 1.36925 
0.214219 -0.100989 0.272108 
0.24481 -0.0262065 0.25103 
-0.326369 -0.843632 1.2645 
0.766183 -2.03923 -0.555645 
0.206816 -3.74649 1.52707 
-1.33309 -4.60226 2.67554 
0.369007 -0.101116 0.218583 
1.30671 -1.89004 0.276775 
1.02802 -1.78144 0.515061 
0.704366 -3.89019 1.17857 
0.718088 -1.82435 0.175759 
1.14109 -1.77735 0.582152 
-0.311512 -1.18515 1.37054 
0.172627 -0.161844 0.206865 
-0.616803 -3.38674 2.00025 
0.387529 -1.42315 2.24627 
-0.31949 -0.684387 1.24091 
0.244814 -0.0262904 0.251313 
1.18313 -1.67838 0.261666 
0.189059 -3.87111 1.59279 
2.37324 -9.63604 9.02823 
0.0928103 -1.14094 1.59499 
-1.10129 -4.16672 2.21843 
0.0388393 -1.39687 1.88213 

1.43781 -4.77511 7.82089 
-1.55197 -1.82592 0.241984 
2.49544 -2.5994 0.30542 
0.216599 -2.34372 4.28533 
0.00521428 0.26605 0.277355 
0.175002 -0.33764 0.521927 
-1.40636 -2.61876 2.62601 
-0.799612 -0.599146 2.0309 
-0.845706 -1.63198 2.31131 
0.0147762 -0.0552164 0.567193 
-0.335834 0.312372 0.453873 
-1.32902 -0.234476 0.759654 
-2.65327 -3.43103 1.67451 
-0.153521 -5.34148 2.70213 
-1.4549 -5.30561 3.56176 
1.06657 -2.39113 1.02836 
1.34296 -2.37977 0.685296 
1.31801 -2.37626 0.678585 
-0.490531 -5.31364 2.98871 
0.172601 0.139559 0.33693 
1.22213 -2.39071 1.12595 
-0.837729 -1.60521 2.31477 
-2.04363 -5.78621 3.67106 
-1.44745 -5.15314 3.59896 
0.115543 -6.44089 11.2346 
0.051218 0.059243 0.542791 
2.39166 -0.691707 0.339108 
1.39091 -2.44727 0.699468 
-0.175048 -5.69636 2.88712 
2.25008 -11.8985 12.4987 
-3.5891 -9.78402 11.9148 
-1.85351 -5.25145 3.3449 
-3.23107 -5.08362 4.05854 
