0.977052 -0.147147 -0.154003 0.472724 0.14816 0.988951 -0.00494566 -0.0616288 0.153029 -0.0179849 0.988058 0.0590095 0 0 0 1
0.924117 0.336994 -0.18012 0.0508136 -0.350894 0.935031 -0.0508972 -0.17976 0.151265 0.110238 0.982327 -0.0132838 0 0 0 1
###
-0.619782 -1.13094 1.50193 
2.52204 -9.40163 10.9569 
-1.09724 -0.169435 0.366418 
-1.07644 0.157093 0.398302 
-0.615232 -0.226338 0.876794 
3.60386 -2.78748 0.804973 
-1.15727 -0.251886 0.403279 
4.36658 -4.47616 6.45718 
-0.712992 -0.400843 1.31219 
-0.533405 0.407146 0.590134 
7.0854 -6.0178 3.31903 
-0.936831 -2.82777 2.00005 
-0.597374 -4.01436 2.35966 
4.36658 -4.47616 6.45718 
-0.985216 -0.160846 0.313859 
-0.935876 0.168938 0.332453 
-1.30848 -0.431556 0.488939 
3.4385 -2.67678 0.747243 
-1.56856 -2.78289 0.734435 
-0.639663 -3.76959 2.33496 
-1.05292 -0.19451 0.350183 
-1.13178 -0.271254 0.386847 
4.72474 -4.80542 6.88463 
-0.468041 0.410493 0.584952 
-1.0728 -0.20691 0.35989 
-1.00295 0.314149 0.495779 
-0.609405 -1.09318 1.47247 
-0.889311 -0.280446 1.0857 
-0.483169 -1.4624 1.92096 
-1.01018 0.0485628 0.339256 
-0.465945 0.409762 0.581747 
-0.610309 -1.28056 1.60352 
0.145689 0.0814117 0.220113 
-1.04316 -0.328503 0.354857 
-1.06366 -0.212317 0.355894 
2.61176 -4.54376 7.45481 
-1.96547 -3.7108 0.991058 
-1.02054 -0.136642 0.330324 
-0.30896 0.340855 0.166699 
-0.539903 0.40666 0.591102 
0.238167 0.571271 -0.0655761 
-0.987291 0.161799 0.360041 

-0.168575 -0.221152 0.362083 
-1.65374 -1.96089 1.76532 
-0.132907 0.0450736 0.308325 
-0.137481 0.267291 0.194051 
0.102603 0.0775545 0.24772 
1.31029 -1.02283 0.239412 
-0.140045 0.0276714 0.312447 
0.720059 -0.578628 0.437029 
0.11462 0.073433 0.256165 
0.368197 0.348956 0.15582 
-0.0519223 0.317717 0.173832 
0.139005 -0.635274 0.598181 
0.140719 -0.836034 0.525942 
-2.25886 -2.304 1.38338 
-0.162357 0.154008 0.242113 
-0.137409 0.266845 0.194449 
-0.151985 -0.00447236 0.317282 
-0.248306 0.0589782 0.307976 
-0.465208 -0.316164 0.476501 
0.150836 -0.806279 0.532526 
-0.161807 0.210397 0.256168 
-0.168002 0.113846 0.267948 
-2.94133 -2.97533 1.76675 
0.461026 0.370058 0.131259 
-0.156348 0.210679 0.237423 
-0.0190331 0.323458 0.181516 
0.126557 -0.149604 0.30767 
0.0734105 0.131986 0.288123 
0.186184 -0.304719 0.409266 
-0.0765286 0.118458 0.280909 
0.375324 0.347955 0.152638 
0.070979 -0.0835666 0.24233 
0.375108 0.32255 0.112653 
-0.0656284 0.300137 0.0925077 
-0.152508 0.218023 0.216585 
1.56808 -1.34078 0.276938 
-0.804422 -1.03858 1.08683 
-0.142825 0.258805 0.205539 
-0.0213204 0.322899 0.173423 
-0.00892629 0.297935 0.0747465 
-0.702506 -1.09614 1.18003 
-0.149135 0.248676 0.218529 
