0.704213 -0.320938 -0.63331 -0.0415561 0.318249 0.940058 -0.122508 0.103691 0.634666 -0.115279 0.76414 -0.262636 0 0 0 1
0.999779 -0.0136292 -0.0159791 -0.00204168 0.01347 0.999859 -0.0100276 -0.00488364 0.0161135 0.00981012 0.999822 -0.0185723 0 0 0 1
###
3.43184 -9.18056 13.1404 
-0.575588 -1.58462 1.21654 
0.461978 -1.77055 2.76252 
6.3657 -11.2584 14.0877 
2.49693 -3.14674 -0.897595 
1.24964 -1.81851 0.271747 
-0.804592 -2.57031 1.74562 
1.10239 -1.71681 0.557141 
-0.122116 -1.35128 1.59452 
13.9411 -16.8948 5.8232 
-1.03828 -3.39311 2.19331 
0.325187 -1.95375 0.530065 
-0.308048 -1.17116 1.35471 
0.2152 -1.27994 1.91366 
1.84743 -3.48269 -0.201119 
1.28187 -1.8527 0.271481 
2.45211 -9.96784 9.33762 
-0.318617 -0.597261 1.23028 
-0.541406 -0.956636 1.6949 
0.55034 -4.05586 1.37319 
0.334091 -0.0144344 0.184586 
1.12589 -1.75426 0.574282 
1.16879 -1.65862 0.25821 
0.231018 -3.7807 1.08427 
0.66818 -3.92683 1.22709 
15.9479 -19.2438 6.60144 
-0.613674 -3.36525 1.98837 
-0.854941 -1.69755 0.993299 
0.474004 -1.92538 3.0538 

1.90777 -5.85762 9.60728 
-1.27442 -2.3846 2.31189 
0.116838 -6.53422 11.3973 
-3.32317 -9.06057 11.0477 
-2.6169 -3.3841 1.65248 
1.31376 -2.34614 0.672677 
-1.7052 -4.12152 3.25058 
0.0698613 0.175499 0.29291 
-3.19617 -5.02849 4.01518 
11.656 -15.1343 6.47726 
0.336732 0.0773965 0.289777 
-2.0286 -5.74411 3.64482 
-0.826945 -1.58446 2.28551 
0.141633 -2.75694 4.77146 
0.0546097 0.239478 0.178739 
1.32648 -2.35011 0.678842 
2.19944 -11.633 12.2229 
-1.30019 -0.129858 0.75591 
-1.28391 -0.0918461 0.753546 
-0.474551 -5.13934 2.89565 
-1.78429 -0.622823 0.595353 
1.21665 -2.37979 1.11994 
1.37307 -2.41538 0.692088 
-0.152645 -5.30906 2.68563 
-0.172029 -5.59351 2.83763 
13.9641 -18.0307 7.5413 
-1.41752 -5.14399 3.59136 
1.73108 -9.12367 10.0385 
0.264871 -3.26488 5.83388 
