0.977052 -0.147147 -0.154003 0.472724 0.14816 0.988951 -0.00494566 -0.0616288 0.153029 -0.0179849 0.988058 0.0590095 0 0 0 1
0.993847 0.0174158 -0.109385 0.186232 -0.025106 0.997278 -0.0693245 -0.259024 0.10788 0.0716441 0.991579 0.025258 0 0 0 1
###
-0.619782 -1.13094 1.50193 
2.52204 -9.40163 10.9569 
-1.02157 0.271635 0.359574 
-1.07644 0.157093 0.398302 
-0.615232 -0.226338 0.876794 
3.60386 -2.78748 0.804973 
-1.15727 -0.251886 0.403279 
4.36658 -4.47616 6.45718 
-0.533405 0.407146 0.590134 
-0.969279 0.138747 0.339457 
7.0854 -6.0178 3.31903 
0.199441 -0.317215 0.442974 
-0.887539 0.379083 0.68537 
-1.11242 -1.66139 0.54728 
-0.936831 -2.82777 2.00005 
-0.597374 -4.01436 2.35966 
4.36658 -4.47616 6.45718 
1.04863 -1.43777 0.254375 
-0.540814 0.4121 0.602386 
-0.469396 0.409514 0.583463 
-0.70876 -0.394279 1.29876 
-0.935876 0.168938 0.332453 
-1.30848 -0.431556 0.488939 
3.4385 -2.67678 0.747243 
-0.46324 0.412074 0.572987 
-1.56856 -2.78289 0.734435 
-0.639663 -3.76959 2.33496 
-1.05292 -0.19451 0.350183 
-1.13178 -0.271254 0.386847 
1.97081 -7.65751 9.03092 
4.72474 -4.80542 6.88463 
-0.468041 0.410493 0.584952 
1.20441 -1.46663 0.478235 
-1.0728 -0.20691 0.35989 
-1.00295 0.314149 0.495779 
-0.609405 -1.09318 1.47247 
-0.889311 -0.280446 1.0857 
-0.483169 -1.4624 1.92096 
-1.01018 0.0485628 0.339256 
-1.0462 -4.4849 2.51098 
-0.465945 0.409762 0.581747 
-0.610309 -1.28056 1.60352 
4.53882 -4.17668 6.47108 
-1.04316 -0.328503 0.354857 
-1.06366 -0.212317 0.355894 
1.36341 -3.94433 7.23796 
2.61176 -4.54376 7.45481 
-1.96547 -3.7108 0.991058 
-1.02054 -0.136642 0.330324 
-0.580943 -3.92218 2.29897 
0.00814253 0.309364 0.0677896 
-0.987291 0.161799 0.360041 

-0.167248 -0.510251 0.661773 
1.65808 -2.04497 0.715185 
-0.237744 0.296262 0.143004 
-0.134333 0.273971 0.180844 
0.102603 0.0775545 0.24772 
2.57596 -2.00315 0.898681 
-0.13839 0.0340839 0.311553 
0.575572 -0.40103 0.368356 
-0.017415 0.298797 0.073144 
-0.121129 0.281278 0.227412 
-0.0153635 0.290062 0.0278294 
-0.320621 -0.753823 0.818868 
0.00864554 0.321289 0.16675 
-0.393945 -0.0909581 0.298487 
0.139005 -0.635274 0.598181 
0.140719 -0.836034 0.525942 
-0.79125 -0.460682 0.368986 
12.8544 -10.1013 5.58323 
-0.0160205 0.299552 0.0742461 
-0.0983029 0.291768 0.0816886 
0.11462 0.073433 0.256165 
-0.162948 0.178856 0.221209 
-0.163342 0.160999 0.244897 
-0.249237 0.055809 0.313199 
-0.0722779 0.306366 0.119188 
-0.843581 -0.6949 0.799942 
0.150836 -0.806279 0.532526 
-0.168947 0.232149 0.120535 
-0.152886 0.259363 0.13677 
0.821076 -0.999063 0.401711 
1.71424 -1.70693 -0.264311 
-0.0214498 0.295131 0.0529709 
-0.967933 -0.553803 0.503922 
-0.156348 0.210679 0.237423 
-0.082801 0.322525 0.197367 
0.120977 -0.12926 0.296552 
0.0446286 0.130789 0.261244 
0.440845 -0.350015 0.369981 
-0.103248 0.0914519 0.293767 
0.143651 -0.897544 0.261934 
-0.00600383 0.295335 0.0543299 
-0.18044 -0.134309 0.356677 
-0.544824 -0.108665 0.206348 
-0.164531 0.149472 0.2511 
-0.138751 0.257146 0.221576 
0.0322436 -0.507505 0.586209 
1.56808 -1.34078 0.276938 
-1.86676 -2.2173 1.99833 
-0.127597 0.279274 0.206333 
-0.422449 0.124246 0.296841 
0.0609753 -0.446922 0.393943 
-0.153831 0.251443 0.143891 
