0.984669 -0.102593 -0.141076 0.416614 0.0988577 0.994546 -0.033253 -0.106738 0.143718 0.0187968 0.98944 0.0404559 0 0 0 1
0.997997 -0.0608096 -0.0174283 0.0264138 0.0601707 0.997571 -0.0350962 -0.00509062 0.0195201 0.0339772 0.999232 -0.0182329 0 0 0 1
###
2.90885 -2.25026 0.622183 
2.60241 -9.69934 11.2977 
-1.00754 -3.0742 2.16107 
-1.31715 -4.93744 5.93383 
0.662778 -1.46407 0.342595 
3.53883 -2.73557 0.787355 
0.554633 -2.06904 3.94413 
4.45696 -4.5688 6.59028 
-1.19113 -1.19705 0.579052 
-0.62478 -1.13959 1.51415 
-1.2022 -0.216086 0.419204 
0.881167 -1.77049 0.40506 
-1.31564 -2.08631 0.619312 
1.68705 -2.95602 5.1878 
4.28826 -3.97117 6.03801 
-1.09573 -0.169098 0.364895 
-0.929104 -3.87271 2.60033 
-1.12918 -0.177394 0.376909 
-1.05991 -2.63435 2.05916 
-2.40256 -0.899349 1.02492 
1.19044 -1.40175 0.529785 
-1.13215 -0.865489 0.48464 
-1.04635 0.320626 0.514993 
-0.270525 0.331323 0.265211 
-1.02265 0.135253 0.364289 
-1.06174 -0.296683 0.361467 
-1.01251 0.31718 0.500597 
9.19389 -8.53565 5.26811 
4.87972 -4.9635 7.10745 
-0.651665 -3.84552 2.38058 
-1.18888 -0.211025 0.413001 
0.0789051 -3.66554 2.0106 
-0.544874 0.41045 0.596643 
-0.312882 0.340314 0.165448 
0.209936 0.150068 0.170344 
0.764348 -1.54259 0.344473 
1.03109 -1.36793 0.823234 
10.5549 -9.76075 5.94472 
2.27054 -3.73193 6.69221 

2.57596 -2.00315 0.898681 
0.210742 -0.528565 0.67968 
0.0879832 -0.570815 0.734749 
1.43981 -2.64239 0.00805692 
0.0934891 -0.740584 0.491885 
-0.237297 0.136349 0.285329 
0.313372 -0.280241 0.155671 
-2.25886 -2.304 1.38338 
-0.229425 -0.389635 0.609767 
0.18671 -0.234697 0.297832 
0.108899 -0.0597993 0.287324 
-0.325264 -0.795764 0.854093 
0.25186 -0.506404 0.685435 
-1.19201 -1.60181 1.64898 
-1.59808 -1.56107 1.03196 
-0.169496 0.0930345 0.277516 
0.179979 -0.784365 0.619422 
-0.118448 0.0708335 0.299353 
0.192764 -0.53633 0.670991 
-0.150323 0.00169787 0.325848 
-0.0457606 0.321584 0.178103 
-0.141502 0.0354978 0.200985 
0.389409 0.374446 0.161306 
0.140719 -0.836034 0.525942 
-0.101758 0.0946314 0.295745 
-0.145691 0.0159859 0.323299 
0.375108 0.32255 0.112653 
-0.217631 -0.754876 0.941787 
-1.86647 -1.90345 1.15529 
0.150836 -0.806279 0.532526 
-0.107776 0.0859285 0.296643 
0.15348 -0.854807 0.322932 
-0.0828339 0.319481 0.177407 
-0.0150044 0.242339 0.131912 
0.428792 0.334109 0.0515872 
-0.337514 -0.817111 0.868936 
2.58017 -2.31348 0.453963 
0.0175652 -0.225059 0.292017 
-2.43035 -2.66049 2.50716 
