0.984669 -0.102593 -0.141076 0.416614 0.0988577 0.994546 -0.033253 -0.106738 0.143718 0.0187968 0.98944 0.0404559 0 0 0 1
0.924117 0.336993 -0.18012 0.0508137 -0.350894 0.935031 -0.050897 -0.179759 0.151266 0.110238 0.982327 -0.0132836 0 0 0 1
###
2.90885 -2.25026 0.622183 
-0.241552 0.30089 0.389441 
-1.00754 -3.0742 2.16107 
-1.31715 -4.93744 5.93383 
-0.953632 -0.17606 0.29738 
0.662778 -1.46407 0.342595 
0.554633 -2.06904 3.94413 
4.45696 -4.5688 6.59028 
-0.62478 -1.13959 1.51415 
-1.00246 0.31715 0.498879 
-0.539569 0.411734 0.598676 
-1.2022 -0.216086 0.419204 
4.28826 -3.97117 6.03801 
-1.1912 -0.497926 0.43577 
-0.340326 -1.35861 2.07306 
-1.09573 -0.169098 0.364895 
-0.893582 -2.60197 1.84637 
-0.929104 -3.87271 2.60033 
-1.12918 -0.177394 0.376909 
-1.05991 -2.63435 2.05916 
-2.40256 -0.899349 1.02492 
2.97752 -5.15171 8.40468 
-0.825187 -0.498398 1.59368 
-0.920219 -2.8328 1.99082 
-1.13215 -0.865489 0.48464 
-1.35096 -0.451219 0.505202 
-0.471994 0.413665 0.589746 
-1.04635 0.320626 0.514993 
-1.06174 -0.296683 0.361467 
-1.01251 0.31718 0.500597 
-0.320687 0.413203 0.492349 
0.14724 0.0820034 0.222233 
1.02859 -1.42916 0.238426 
1.15104 -1.39944 0.454016 
-1.18888 -0.211025 0.413001 
0.0789051 -3.66554 2.0106 
-0.212376 0.358596 0.169855 
-0.714642 -0.397361 1.30975 
1.03109 -1.36793 0.823234 
-0.614755 -1.10263 1.48563 
10.5549 -9.76075 5.94472 
2.23388 -8.89721 10.4224 
2.27054 -3.73193 6.69221 

1.8459 -1.48078 0.331542 
0.0838217 0.33497 0.200276 
0.112087 -0.665335 0.728147 
-0.168575 -0.221152 0.362083 
-0.59018 -0.158449 0.397209 
0.0934891 -0.740584 0.491885 
3.69771 -2.91825 1.3048 
-0.320621 -0.753823 0.818868 
-0.264818 -0.775969 0.976617 
-0.216705 0.317261 0.215179 
0.368198 0.348954 0.15582 
-0.16584 0.136259 0.260178 
-1.95796 -1.92183 1.25957 
-0.169496 0.0930345 0.277516 
0.0977711 -0.746236 0.932412 
-0.125619 0.0596471 0.303145 
0.139005 -0.635274 0.598181 
0.179979 -0.784365 0.619422 
-0.161373 0.176806 0.245623 
0.0471564 -0.187337 0.306856 
-0.162357 0.154008 0.242113 
-1.88198 -2.23914 2.02184 
0.106103 0.0851111 0.259065 
0.110716 -0.554182 0.532379 
-0.175713 -0.000552698 0.321268 
-0.172804 0.0034792 0.312513 
-0.0190331 0.323458 0.181516 
-0.13815 0.317213 0.195723 
-0.164534 0.200709 0.257143 
-0.216904 0.315346 0.210226 
0.000244631 0.298862 0.0571038 
0.375108 0.32255 0.112653 
12.8544 -10.1013 5.58323 
-4.9778 -4.92365 3.83392 
-0.142825 0.258805 0.205539 
0.195846 -1.02022 0.383498 
-0.113687 0.320857 0.19259 
0.115442 0.0723243 0.260333 
2.58017 -2.31348 0.453963 
0.120978 -0.12926 0.296552 
0.129193 -0.577333 0.572148 
1.21199 -1.50673 0.548945 
2.57596 -2.00315 0.898681 
