0.901586 -0.336536 -0.271821 0.564612 0.338276 0.940112 -0.0419304 0.134083 0.269653 -0.0541466 0.961434 -0.0647974 0 0 0 1
1 0 0 0 0 1 0 0 0 0 1 0 0 0 0 1
###
1.69998 -8.95842 9.86127 
-0.45766 0.431634 0.984345 
3.90635 -4.58296 0.620757 
-1.14445 0.383292 0.755735 
1.0915 -2.5298 0.312317 
-0.462455 0.44798 1.01448 
-0.462861 0.223634 0.551204 
3.42239 -4.50899 2.91563 
0.211304 -0.00672715 0.984331 
-0.917856 0.494137 1.18299 
-1.45395 -0.344874 0.841419 
-0.213407 -0.715751 1.49817 
-1.43204 -5.21876 3.50864 
-0.789374 -0.594438 2.01241 
-1.69012 -0.574116 0.585891 
-0.460697 0.440585 1.00036 
11.8224 -15.3543 6.57277 
-1.01173 0.439973 0.954892 
-0.19544 0.287963 0.490317 
-0.79012 -1.10589 1.88611 
1.23287 -2.65703 0.352542 
-0.369283 0.427572 0.982092 
0.000468767 0.180014 0.55293 
-0.0727083 0.214354 0.570083 
1.0901 -2.42978 1.03527 
-0.812836 -1.56656 2.22684 
-1.30868 -0.211714 0.756122 
-1.24348 -4.64203 3.0068 
-0.919513 0.493813 1.17632 
0.192947 0.0556312 0.434134 
-0.815744 -1.56378 2.25799 
0.0582757 0.21312 0.282912 
0.232575 0.159883 0.259168 
0.020897 -0.159895 0.74863 
-1.39444 -0.188275 0.812391 
-0.0752527 0.212904 0.569517 
1.22518 -2.39612 1.12685 
-0.822433 -1.73536 2.32744 
1.1134 -2.46272 0.329838 
2.18511 -11.5572 12.1479 
-0.387285 -1.96937 3.07503 
0.0351236 0.148956 0.493469 
0.341497 -0.0782471 0.308631 
-0.359355 0.446123 1.02149 

2.33012 -9.27697 9.07687 
-0.112405 0.213658 0.577787 
1.17055 -2.86186 4.19073 
-0.557629 0.168139 0.403815 
0.33822 -0.0827989 0.254465 
-0.114133 0.214368 0.579428 
-0.425388 0.23465 0.694094 
0.403763 -0.379836 0.259887 
0.198225 0.060247 0.184878 
-0.395652 0.22331 0.661524 
-0.599273 -0.0718105 0.371249 
3.43184 -9.18056 13.1404 
-0.558028 -3.17443 1.79286 
-0.310298 -0.514572 1.22603 
0.105505 0.136708 0.163096 
-0.114937 0.212678 0.575713 
11.2271 -13.6989 4.84592 
-0.370014 0.23809 0.718329 
0.0598778 0.127987 0.227797 
-0.385545 -1.08842 1.49035 
0.888274 -1.51639 0.00848647 
-0.0651139 0.223273 0.584298 
0.198781 0.060685 0.271703 
1.22702 -3.53423 0.144544 
1.01775 -1.7643 0.509792 
-0.299199 -1.23968 1.35159 
-0.321917 -0.80492 1.23591 
-0.626112 -3.73796 1.99469 
-0.400357 0.223052 0.662702 
0.334897 -0.0173655 0.183557 
-0.311543 -1.18388 1.3569 
0.227652 0.0906416 0.0858321 
0.311143 0.0544712 0.0656486 
0.40536 -0.146414 0.103885 
-0.644806 -0.227875 0.378993 
0.143589 0.0797336 0.280146 
0.305726 -0.341451 0.384673 
-0.319876 -1.00707 1.27407 
1.22151 -2.08336 0.029121 
1.01031 -1.748 0.505599 
0.401288 -2.36952 3.53299 
0.219526 0.0410927 0.226634 
0.411832 -0.0982509 0.0933129 
0.107763 0.0808015 0.360065 
