0.71223 -0.27212 -0.647054 -0.0336476 0.226883 0.961565 -0.154652 0.157252 0.664269 -0.0366577 0.746594 -0.249684 0 0 0 1
0.999777 -0.0136668 -0.0160713 -0.00199882 0.0135031 0.999856 -0.0102508 -0.00481233 0.016209 0.0100315 0.999818 -0.0185947 0 0 0 1
###
4.87138 -8.79721 11.6566 
0.937157 -1.57477 0.0719012 
11.462 -13.9807 4.93863 
-0.305233 -1.16031 1.32954 
8.81071 -11.624 7.94616 
0.897372 -1.24016 1.39563 
-0.638275 -3.42625 2.02375 
-1.64927 -3.14065 2.02094 
1.71834 -3.55594 -0.597532 
1.20833 -4.11264 0.832827 
-0.56295 -3.13522 1.78993 
-0.0107281 -3.32136 1.52089 
1.21004 -2.96677 4.34049 
-0.293718 -0.498661 1.2182 
0.9991 -1.73146 0.500206 
2.40115 -4.75153 -1.55294 
-0.30373 -1.15368 1.33405 
0.388647 -2.3904 3.58312 
0.27443 0.0332542 0.178346 
16.0844 -19.404 6.65888 
1.21257 -4.24454 0.891073 
0.282236 -0.112219 0.282637 
0.389293 -0.195765 0.14245 
0.327769 -0.0139491 0.181225 
1.10906 -1.72859 0.565181 
0.415732 -0.281131 0.158977 
-0.968508 -3.56373 2.16995 
0.413782 -0.177865 0.0994253 
0.203861 0.0605363 0.256055 
0.853894 -4.16055 0.945581 
0.305542 -0.137499 0.284558 

0.173385 -0.334453 0.517101 
0.0146568 -0.0548225 0.562533 
11.8224 -15.3543 6.57277 
-0.741206 -0.965306 1.8363 
7.38084 -10.2516 8.08927 
5.17755 -6.80463 7.62506 
-1.42743 -5.08028 3.55075 
0.201804 0.168102 0.162416 
0.199167 0.16413 0.168214 
-0.15268 -5.31139 2.68724 
-0.0727083 0.214354 0.570083 
-0.474709 -5.25892 2.9368 
1.90647 -5.85528 9.60511 
-0.76668 -0.571479 2.0089 
1.30885 -2.35939 0.673512 
-1.33339 0.382059 0.698697 
-0.815744 -1.56378 2.25799 
-3.18398 -5.00912 4.00067 
-0.0109915 0.256393 0.229085 
14.015 -18.0964 7.57012 
-0.172328 -5.59596 2.83921 
-0.01876 0.272767 0.300525 
0.256206 0.148318 0.205489 
-1.78272 -0.62232 0.595013 
1.22518 -2.39612 1.12685 
0.294195 -0.136531 0.329722 
0.0808727 0.19388 0.272642 
0.00572237 0.265453 0.275726 
-2.86768 -3.49476 0.31322 
0.454425 -5.4165 1.99452 
-2.60998 -3.37517 1.64888 
