0.921488 -0.178399 -0.345013 0.48941 0.182612 0.982971 -0.0205415 -0.0346766 0.342802 -0.0440746 0.938373 0.156585 0 0 0 1
0.997997 -0.0608097 -0.0174283 0.0264138 0.0601708 0.997571 -0.035096 -0.00509052 0.0195201 0.033977 0.999232 -0.0182327 0 0 0 1
###
4.34351 -4.45343 6.42183 
0.774076 -0.758838 0.855212 
1.197 -1.10727 0.688404 
0.640954 -0.655599 0.76136 
-0.938231 0.292665 0.432368 
1.00972 -3.24909 6.02766 
-1.01619 0.314441 0.497717 
1.39851 -4.04439 7.42055 
0.00479849 0.177423 0.629457 
-0.578809 0.347905 0.412146 
1.26053 -3.82479 6.92833 
-1.03041 -0.0171079 0.345459 
-1.00627 0.11438 0.351297 
-1.04833 -0.404119 0.36961 
-1.07344 -0.164051 0.359933 
-1.04406 -0.400599 0.36786 
2.36587 -4.12562 6.76834 
-1.00212 0.312455 0.49356 
-0.902422 0.136243 0.292035 
-0.645595 -3.80285 2.35472 
-1.11726 -0.564332 0.427073 
-0.669223 -0.735368 1.34243 
-0.263012 -1.07797 1.88196 
-1.93271 -3.64585 0.974017 
1.03545 -1.37426 0.825631 
1.06489 -2.87956 3.00787 
-0.94253 0.207849 0.358431 
-0.121316 -1.77815 3.02022 

-2.25886 -2.304 1.38338 
0.20699 -0.216542 0.26198 
1.2223 -0.933241 0.505301 
-0.0461105 -0.0516987 0.0263606 
-0.00258032 0.292714 0.0535344 
-2.65774 -2.63009 0.703629 
-0.0551177 0.323584 0.18425 
0.313372 -0.280241 0.155671 
-0.456275 0.180399 0.332481 
-0.146918 0.234848 0.212588 
3.69771 -2.91825 1.3048 
-0.132907 0.0450732 0.308325 
-0.161797 0.18621 0.248896 
-0.00362626 0.322996 0.175339 
-0.14688 0.0112039 0.321418 
-0.16656 -0.0866999 0.331165 
-1.86676 -2.2173 1.99833 
0.375108 0.32255 0.112654 
-0.039149 0.137467 0.272059 
0.150836 -0.806279 0.532526 
-0.239707 -0.0542075 0.354239 
0.110438 -0.0311726 0.282939 
0.0944601 -0.128446 0.176003 
-0.034021 -0.418317 0.600878 
2.58017 -2.31348 0.453963 
0.0995553 -0.125743 0.165247 
-0.149011 0.232753 0.21677 
0.14723 -0.201275 0.267699 
