-0.281947 -0.381151 -0.880472 0.0038623 0.101224 0.900764 -0.422349 -0.172798 0.954075 -0.208204 -0.215386 0.125067 0 0 0 1
0.999886 -0.0150889 0.000222452 0.0113632 0.0150885 0.999885 0.00161028 0.00568259 -0.000246724 -0.00160674 0.999999 0.00135607 0 0 0 1
###
3.69771 -2.91825 1.3048 
0.102603 0.0775547 0.24772 
0.141518 -0.920664 0.259152 
0.761716 -0.524768 0.255666 
0.11462 0.0734331 0.256166 
0.0184198 -0.251157 -0.148751 
0.126557 -0.149603 0.307671 
0.00632562 -0.590862 -0.0678976 
-0.0820693 -0.107295 -0.158281 
-0.00680322 -0.275891 -0.226993 
0.00300712 -0.235182 0.199133 
0.164954 -0.796006 0.645799 
0.0140718 -0.236109 -0.144483 
0.0686766 -0.786933 0.0411072 
0.54275 -0.332201 0.21419 
0.118435 0.0752397 0.256741 
0.0858732 -0.744889 0.142922 
2.37831 -1.81381 0.979195 
1.56201 -1.35491 0.249276 
2.05008 -2.65728 0.905544 
-0.110413 -0.287094 -0.258273 
-0.0510238 0.16701 -0.0792346 
-0.0796674 0.229231 -0.0925792 
-0.0711944 0.196726 -0.0951629 
0.0649551 -0.307625 -0.177267 
-0.0852978 0.0720839 -0.0472617 
0.127893 -0.105279 -0.306751 
0.11999 -0.126717 0.293377 
0.170754 -0.215065 0.313144 
1.29323 -0.969238 0.719721 
-0.0720646 0.194314 -0.0404377 
-0.0546983 0.166701 -0.0706206 
-0.0710964 0.196758 -0.0952694 
-0.018787 0.305399 0.0786795 
0.00126011 0.200155 -0.0188737 
0.033663 -0.776342 -0.0953647 
-0.089241 0.0850868 -0.0558004 
0.0886506 -0.696929 0.212971 
0.320226 -0.329273 0.395261 
0.162303 -0.831899 0.432985 
2.28771 -1.75793 0.950885 

3.60386 -2.78748 0.804973 
-0.712992 -0.400843 1.31219 
0.270373 -3.75281 1.7618 
0.5523 -2.05988 3.92565 
-0.70876 -0.394279 1.29876 
0.958761 -1.42621 0.748598 
-0.619782 -1.13094 1.50193 
0.659653 -3.53801 1.60875 
1.04863 -1.43777 0.254375 
0.0274786 -0.110445 0.417411 
-0.639663 -3.76959 2.33496 
2.11879 -0.758659 0.417607 
0.930287 -2.13522 0.395741 
0.360982 -3.84477 1.94037 
0.458988 -6.74309 12.3968 
-0.690099 -0.373027 1.29079 
0.086422 -1.50137 0.800072 
-0.802151 -1.72353 1.61828 
2.61176 -4.54376 7.45481 
2.21989 -8.36081 9.39184 
4.00727 -3.098 4.27423 
0.0817682 0.0628918 0.362975 
1.18085 -1.39018 0.525534 
-0.165962 0.303165 0.196595 
1.03035 -1.36723 0.822286 
0.339407 -3.75399 1.90557 
4.32662 -3.09275 3.86593 
-0.609405 -1.09318 1.47247 
-0.579025 -1.63575 2.00319 
4.36658 -4.47616 6.45718 
-0.124478 0.0921319 0.349546 
-0.229614 0.311675 0.290921 
0.113234 0.173214 0.220133 
1.91298 -0.0288234 0.403848 
-0.000940239 0.0217534 0.418828 
0.846544 -4.19309 1.86816 
0.0782905 -3.63162 1.99186 
0.267249 -1.51284 0.693728 
-1.15685 -2.15445 1.53309 
-0.23239 -3.7805 2.23641 
7.20543 -5.3566 5.60793 
