0.834308 -0.348947 -0.42681 0.599921 0.360232 0.931114 -0.0570856 0.157703 0.417329 -0.106124 0.902538 0.0340554 0 0 0 1
1 0 0 0 0 1 0 0 0 0 1 0 0 0 0 1
###
-1.11856 0.444701 0.956584 
-0.458953 0.268451 0.645801 
1.3217 -2.38213 0.678284 
0.665969 -2.59803 0.537651 
-0.455835 0.444038 1.00735 
1.61651 -8.52939 9.3932 
1.67048 -5.5315 9.05996 
-0.836797 -3.01911 3.8981 
-1.11043 0.440949 0.945358 
-0.916769 0.493207 1.1817 
-1.15694 0.287462 0.801921 
-0.787327 -0.593323 2.00719 
4.11529 -4.8124 0.666249 
0.288166 -0.0413056 0.413487 
-0.117696 -1.02431 2.00173 
1.09358 -2.43689 1.03737 
-0.251574 0.419566 0.913584 
1.98231 -6.07773 9.97256 
-1.32236 -0.088868 0.774119 
-1.40405 -5.11831 3.44469 
-0.242854 0.627078 1.31754 
0.00209757 0.180767 0.554992 
0.219474 0.0649341 0.461033 
-0.195569 0.288125 0.490524 
-0.787744 -0.5904 2.00125 
-0.919917 0.493676 1.17663 
1.09131 -2.42501 0.324976 
0.058632 0.21358 0.283238 
0.19944 0.22228 0.1822 
-1.30841 -0.0893242 0.767901 
-1.23848 0.0203295 0.740651 
-1.25606 -2.02536 1.764 
-1.35162 -4.87751 3.31145 
-0.785081 -1.08489 1.85223 
-0.237448 -1.98207 3.26099 
0.264613 -2.20718 4.08795 
-1.33153 -2.14549 1.82625 
-0.00500588 0.160172 0.620556 
0.24668 -0.0193493 0.433046 
0.69182 -2.49883 0.533959 
1.11588 -2.46658 0.330934 
1.23145 -2.40781 1.13129 
1.38554 -2.43656 0.697295 
-1.12149 0.438295 0.946342 
-0.0324253 0.206002 0.380343 
0.0592703 0.213278 0.282679 
-0.464732 0.442706 1.00629 
-0.80987 -1.04773 2.03761 
0.228839 -2.11688 3.94508 
-0.85267 0.50246 1.22553 
-1.41933 -0.699259 1.16848 

-0.110213 0.209477 0.566379 
-2.40729 -3.20937 2.01972 
1.19325 -1.73984 0.258576 
0.412369 0.00830548 0.0552286 
-0.111848 0.210188 0.568252 
2.36539 -9.41465 9.20754 
3.41254 -9.13048 13.0717 
0.388647 -2.3904 3.58312 
-0.417997 0.230518 0.681836 
-0.390354 0.220375 0.652372 
-0.489088 0.111626 0.383923 
-0.306429 -0.512758 1.20982 
-0.89282 -0.646039 0.274453 
0.389763 -0.078542 0.159528 
1.21004 -2.96677 4.34049 
0.988196 -1.70829 0.494071 
-0.362864 0.23366 0.704615 
1.13648 -2.74912 3.99019 
-0.316979 -0.78875 1.21065 
-0.527183 -3.004 1.70663 
-0.112705 0.208726 0.564859 
0.194951 0.0595195 0.266453 
0.34453 -0.014305 0.199009 
0.0587217 0.125487 0.223357 
-0.303824 -0.504182 1.20197 
-0.394923 0.220069 0.653406 
0.894186 -1.5285 0.00778494 
0.223266 0.0888819 0.0842072 
0.27966 0.0907217 0.0181528 
0.31476 -0.0787075 0.229376 
0.0177177 0.19441 0.478507 
-1.80057 -4.66346 3.26494 
-0.583134 -3.22366 1.84584 
-0.31345 -0.988104 1.24862 
-0.0835224 -1.0519 1.26133 
0.434674 -1.67146 2.60639 
-1.12888 -2.81929 1.94336 
0.187605 0.0429928 0.304159 
0.373106 -0.0671891 0.180422 
1.10906 -1.72859 0.565181 
1.20073 -2.04757 0.0285678 
1.08632 -1.69153 0.548398 
1.18611 -1.691 0.258309 
-0.0640187 0.218968 0.573159 
0.166785 0.0795327 0.149863 
0.222998 0.088278 0.0835647 
-0.113317 0.20637 0.558242 
-0.327938 -0.855415 1.27509 
0.374795 -1.37792 2.17419 
0.189815 0.0169579 0.352289 
-0.60257 -0.165471 0.359735 
