0.447687 -0.212226 -0.868641 0.259634 0.261994 0.959926 -0.0995003 0.029204 0.854948 -0.183034 0.485348 0.410351 0 0 0 1
0.996476 -0.0760533 -0.0353667 -0.00361651 0.0758705 0.997097 -0.00648325 0.000250629 0.0357571 0.00377712 0.999353 -0.00877936 0 0 0 1
###
2.21936 -8.28643 9.67265 
0.965852 -1.97643 0.434722 
1.2752 -3.8671 7.00569 
-0.280901 -0.403854 0.952606 
0.0134611 -0.00313103 0.469807 
-0.203595 -1.6825 2.73896 
4.26125 -4.36865 6.30048 
-0.906676 -3.77305 2.53693 
-0.535018 0.407966 0.59497 
0.10654 -1.46868 2.95406 
-0.263607 -1.28986 2.119 
2.5186 -1.8859 1.95487 
-0.538956 0.408956 0.595884 
3.67589 -2.8442 0.828076 
2.34383 -3.83957 6.89407 
-0.605689 -1.26934 1.58699 
-0.324421 0.426874 0.519512 
-0.466198 0.408673 0.57967 
-0.591838 -1.34846 1.5359 
-0.711173 -0.400192 1.30464 
1.03937 -1.37975 0.828688 
-0.579122 -1.19728 1.37514 
-0.540416 0.406786 0.591955 
-0.465341 0.408793 0.579245 

-1.65374 -1.96089 1.76532 
1.01612 -0.825596 0.195773 
0.313372 -0.280241 0.155671 
-0.125577 0.315907 0.183726 
0.110434 -0.111946 0.297347 
0.0995553 -0.125743 0.165247 
-1.88536 -1.91359 1.12887 
0.179979 -0.784365 0.619422 
0.0373845 0.0115011 0.188146 
1.2223 -0.933241 0.505301 
-0.300581 -0.291492 0.34436 
0.870389 -0.751385 0.684594 
-0.169216 0.31182 0.190134 
-0.249237 0.055809 0.313199 
2.57596 -2.00315 0.898681 
-1.45398 -1.48246 0.648069 
-0.0213204 0.322899 0.173423 
0.461026 0.370058 0.131259 
0.257276 -0.207987 0.172037 
0.11462 0.0734333 0.256166 
-1.69136 -1.97876 1.80396 
0.218512 -0.351777 0.466259 
-0.0089263 0.297935 0.0747466 
-0.116307 0.317615 0.189605 
