-0.294713 -0.263433 -0.918557 -0.0201091 0.0968176 0.948072 -0.302961 -0.163538 0.950669 -0.178219 -0.253904 0.116181 0 0 0 1
0.999825 -0.0180557 -0.00499525 0.0213084 0.0181085 0.999778 0.0107381 0.0139923 0.00480026 -0.0108267 0.99993 0.00177019 0 0 0 1
###
-0.0530612 0.174228 -0.0301799 
0.497307 -1.04778 -0.558116 
0.0184198 -0.251157 -0.148751 
3.69771 -2.91825 1.3048 
2.39127 -2.12663 0.39622 
0.141517 -0.920664 0.259152 
-0.0852803 0.17555 -0.110829 
0.0595636 -0.294684 -0.173715 
0.00120276 -0.312307 -0.238927 
0.0705465 -0.434344 -0.154983 
0.150836 -0.806278 0.532526 
1.8268 -1.48561 0.350279 
-0.072892 0.0121046 -0.0294762 
-0.00680334 -0.275891 -0.226994 
2.08133 -2.06962 -0.299293 
-0.0509771 0.172456 -0.0313336 
0.058647 -0.58584 -0.531739 
-0.0839849 0.0361614 -0.0584644 
-0.0510252 0.167009 -0.0792357 
0.0779637 -0.302273 0.424045 
0.440845 -0.350015 0.369981 
0.000812043 -0.306564 -0.240113 
-0.0613023 0.182566 -0.0908666 
0.0563748 -0.756359 0.0247926 
-0.060381 0.185539 -0.0397737 
0.167202 -0.862613 0.44175 
1.56201 -1.35491 0.249276 
0.68678 -0.486592 0.407406 
-0.0600924 0.19712 -0.0750407 
0.0475388 -0.83357 -0.0677317 
-0.0677029 0.139179 -0.106854 
0.362859 0.340881 0.118949 
0.118616 -0.0191383 0.104642 
0.0886507 -0.696929 0.212971 
0.0894319 0.0498364 0.241549 
-0.0711943 0.196725 -0.0951634 

-0.105205 0.0431648 0.4229 
8.36742 -7.339 4.55428 
0.961326 -1.43011 0.749855 
1.39851 -4.04439 7.42055 
-1.06934 -1.98289 1.33464 
0.388433 -3.86328 1.95426 
-0.894069 0.350528 0.594537 
1.04328 -1.38401 0.820456 
0.0257037 0.279003 0.210558 
-1.04148 -4.4645 2.499 
-0.631617 -3.73719 2.31001 
1.55997 -2.7336 4.80004 
0.25058 -5.13489 2.71581 
0.0274487 -0.11041 0.417179 
4.34351 -4.45343 6.42183 
-0.0851493 0.032975 0.394031 
-0.608353 -1.09132 1.46979 
0.359594 -3.83079 1.93273 
0.0809514 0.0611837 0.358479 
-0.938427 -1.8043 1.38107 
-0.895736 -1.6591 1.15733 
1.19919 -1.39709 0.529057 
0.0959739 0.122005 0.301565 
0.0859971 -1.49512 0.796656 
0.169725 0.0318645 0.17408 
-0.242998 -3.89609 2.29754 
2.36587 -4.12562 6.76834 
0.112879 -3.53149 6.20179 
0.0229039 0.163117 0.320982 
0.486519 -3.4777 1.69309 
0.0211919 -0.0686455 0.391479 
-0.848676 -1.40396 0.472779 
-0.800314 -1.71972 1.61434 
0.338735 -3.74547 1.90038 
-0.629331 0.35585 0.432487 
0.113205 0.173215 0.220101 
