0.716321 -0.161561 -0.678809 -0.00569335 0.172365 0.983648 -0.0522239 0.205083 0.676146 -0.079594 0.732455 -0.261878 0 0 0 1
0.999779 -0.0136061 -0.0160148 -0.00203615 0.013445 0.999858 -0.0101241 -0.0048595 0.0161503 0.00990651 0.99982 -0.0185971 0 0 0 1
###
3.33532 -8.90049 12.7773 
1.88142 -15.7528 5.21232 
0.96217 -2.71386 0.102444 
6.35384 -11.2305 14.0583 
-0.297592 -1.13083 1.29544 
-0.102547 0.185778 0.543335 
1.18103 -1.71576 0.257002 
-0.529027 -3.01111 1.70006 
-0.593373 -1.37838 0.938321 
2.20797 -2.33647 0.0351215 
0.300241 -0.270056 0.297219 
1.05218 -1.63785 0.531117 
1.29499 -2.20041 0.0247944 
-0.010155 -3.19927 1.46634 
14.4453 -17.5132 6.0274 
0.887609 0.0924415 -0.254866 
-0.120189 0.215301 0.571735 
0.293164 -0.263244 0.310666 
0.970632 -1.68179 0.485958 
0.939129 -4.17792 1.09176 
-0.29618 -1.12434 1.29976 
-0.285002 -0.484066 1.18286 
0.347137 -0.172071 0.275184 
0.433354 -0.239949 0.242197 
0.294731 0.467492 1.70193 
0.283209 -0.284753 0.317669 
0.010008 -0.383494 0.495368 
-0.581706 -3.21209 1.83514 
1.22806 -1.7699 0.23987 
1.07144 -1.66872 0.545955 
2.62043 -10.6921 10.0047 
0.177516 -3.63125 1.49563 
-0.302075 -0.496135 1.18058 
0.287428 -0.209085 0.379507 
0.179701 0.435535 1.6472 
1.9323 -0.566475 0.0739129 
-1.02672 -3.88102 2.07714 
-0.587412 -3.22035 1.90369 

1.97861 -6.05722 9.94218 
1.19572 -5.65044 1.41056 
-0.0742998 0.215565 0.570947 
3.08409 -6.12009 8.60043 
-1.68115 -1.86182 1.14388 
-0.953874 0.455074 1.05263 
1.31493 -2.34773 0.672983 
-2.27051 -5.96791 4.0959 
0.201883 0.168181 0.162493 
-1.78538 -0.973025 0.634234 
0.182557 0.1921 0.151038 
1.79589 -9.61952 10.6208 
0.611727 -0.0627235 0.440831 
-0.47336 -5.24912 2.93445 
-2.4659 -8.46644 10.9488 
2.37973 -0.687861 0.337464 
0.0793993 0.236124 0.186329 
0.0124656 -0.176175 0.685894 
1.33059 -2.39829 0.682121 
-0.478319 -5.17953 2.91628 
-0.819446 -1.57114 2.26665 
-0.766918 -0.571979 2.00943 
0.186727 -0.144972 0.606206 
-1.7832 -0.622672 0.59497 
-0.461167 0.44082 1.00111 
-1.72514 -0.843065 0.614703 
-0.881423 -0.911646 2.1967 
-1.40465 -5.12136 3.44662 
1.38726 -2.43989 0.69766 
-3.24903 -4.51796 1.77214 
2.03446 -10.7684 11.3226 
-0.168258 -5.47499 2.78271 
-0.788619 -0.591398 2.00322 
-0.022835 0.195497 0.557054 
-1.53065 -1.8012 0.239469 
2.51504 -0.841183 0.360412 
-1.83181 -5.19131 3.3072 
-1.42313 -5.06661 3.54074 
