0.152938 -0.302258 -0.940877 0.317503 0.397181 0.890598 -0.221545 0.246906 0.904907 -0.339816 0.256257 0.440507 0 0 0 1
1 0 0 0 0 1 0 0 0 0 1 0 0 0 0 1
###
3.08328 -6.11986 8.60022 
-0.49113 -0.123602 0.490635 
0.161018 -1.89457 3.49475 
2.7732 -5.58664 7.88657 
1.64387 -5.42213 8.88606 
-0.368878 0.427969 0.982656 
1.04019 -2.29201 0.34 
1.15117 -4.99992 1.17582 
-1.72195 -5.04115 3.75198 
-0.473687 -5.25057 2.93514 
1.21202 -2.60865 0.353609 
4.00174 -4.67698 0.682402 
1.97881 -6.05931 9.94573 
2.03478 -10.7708 11.3257 
-0.788533 -0.591274 2.00308 
0.138396 -2.72109 4.69512 
1.09623 -2.43453 0.328068 
0.236687 -0.181075 0.602517 
-0.363361 0.437557 1.00118 
0.195076 -0.0354636 0.930188 
-0.264866 -0.329983 0.15142 
2.78274 -5.72628 7.95926 
-0.216845 0.291726 0.512196 
0.633098 0.380747 2.79175 
14.1141 -18.2226 7.61589 
-0.848366 -1.90916 2.33302 
3.158 -6.46166 9.03342 
-0.253337 0.415196 0.906114 
-0.0556171 0.211618 0.416926 
0.0146599 -0.0548439 0.56254 
0.365392 -0.351177 0.359442 
-0.463588 0.450035 1.0241 

6.35358 -11.2259 14.0607 
0.480585 -1.86197 2.89791 
0.371773 -1.367 2.15629 
3.53462 -6.23559 7.85261 
1.13885 -2.78853 4.0816 
-0.0660337 0.219288 0.573568 
0.825192 -1.39498 0.0148116 
0.089965 0.103634 0.248015 
-0.79851 -3.2627 2.07788 
-0.0105979 -3.30637 1.51344 
0.884675 -1.51186 0.00748728 
0.102987 0.13237 0.158284 
1.12607 -2.70693 3.98428 
0.977473 -1.68894 0.488268 
-0.304183 -0.503836 1.19951 
0.0796955 -0.465844 0.693557 
11.6102 -14.1475 4.98698 
0.358745 -0.180036 0.281505 
0.12595 0.123439 0.10973 
0.191517 0.0156158 0.360902 
0.179046 -0.223698 0.0460928 
1.07381 -1.86262 2.28359 
0.0443632 0.125806 0.235308 
0.650399 0.144839 1.77141 
16.1838 -19.5219 6.68865 
-0.0828498 -1.04342 1.25075 
-1.31845 -4.54905 2.64334 
2.30334 -1.32026 0.0426794 
0.149564 0.0811073 0.171785 
0.203115 -0.0962906 0.259938 
0.427803 -0.173186 0.0914096 
-0.0147341 0.128451 0.164221 
