0.454931 -0.301956 -0.837771 0.468409 0.420191 0.902235 -0.0970162 0.229072 0.78516 -0.307888 0.537334 0.311861 0 0 0 1
1 0 0 0 0 1 0 0 0 0 1 0 0 0 0 1
###
-0.0448066 -1.23361 2.36068 
1.2532 -2.61627 0.183186 
-1.71414 -5.02092 3.73551 
1.61499 -8.51304 9.37057 
-0.462259 0.447542 1.01398 
-0.371285 0.43055 0.987321 
1.66869 -5.5062 9.01638 
-0.756556 -0.995295 1.716 
4.12619 -4.82482 0.678169 
-0.333923 -0.459761 0.291556 
-0.368562 0.427635 0.981554 
-1.40236 -5.11323 3.44199 
-0.195659 0.288251 0.490709 
3.90835 -4.57412 0.660094 
0.096081 0.184638 0.281965 
-0.0731021 0.213768 0.568799 
1.09298 -2.42825 0.326227 
1.09647 -2.44321 1.03935 
-0.369537 0.437871 0.976406 
-0.283961 -3.43291 1.84608 
-0.216828 0.291666 0.51226 
-0.465349 0.440821 1.0017 
-0.0748088 0.213249 0.56943 
0.0585821 0.213585 0.283412 
1.12783 -2.49681 1.04772 
1.23128 -2.40751 1.13092 
0.295638 0.224277 0.205091 
-0.261279 -0.343282 0.168681 
-1.35615 -4.89448 3.32364 
-0.00746006 0.238462 0.341999 
0.236635 0.152511 0.144174 
-0.3644 0.433936 0.993897 
-0.0753045 0.213052 0.569654 

3.41254 -9.13048 13.0717 
1.09713 -1.7899 -0.116031 
0.12048 0.0790546 0.297303 
2.36539 -9.41465 9.20754 
-0.112705 0.208726 0.564859 
-0.0640187 0.218968 0.573159 
1.21004 -2.96677 4.34049 
-0.378001 -1.06734 1.46142 
-0.89282 -0.646039 0.274453 
0.301276 -0.749711 0.0865947 
-0.417997 0.230518 0.681836 
-0.527183 -3.004 1.70663 
0.0587217 0.125487 0.223357 
0.0177177 0.19441 0.478507 
0.241679 0.0696166 0.0817733 
0.728763 -1.97882 0.0493828 
0.894186 -1.5285 0.00778494 
0.9991 -1.73146 0.500206 
0.00574556 0.111887 0.0796606 
1.33892 -4.40565 0.851457 
0.0450059 0.127022 0.237916 
0.317928 0.00258131 0.231175 
0.141505 0.0778342 0.272769 
0.223266 0.0888819 0.0842072 
0.988196 -1.70829 0.494071 
0.162856 0.090248 0.152629 
0.282577 0.0814197 0.0338699 
2.60682 -3.29749 -0.949068 
-0.583134 -3.22366 1.84584 
0.138175 0.0748379 0.0930549 
0.359014 0.0629511 -0.0162927 
0.105702 0.0791962 0.353045 
0.140773 0.0781526 0.274596 
