0.715963 -0.183036 -0.673717 -0.0127768 0.156665 0.982531 -0.100446 0.194634 0.680333 -0.033632 0.732131 -0.251237 0 0 0 1
0.999778 -0.0135976 -0.0160826 -0.00200772 0.0134342 0.999857 -0.0102264 -0.00481381 0.0162193 0.0100081 0.999818 -0.0186096 0 0 0 1
###
0.480585 -1.86197 2.89791 
6.35358 -11.2259 14.0607 
2.79866 -3.55544 -1.03497 
0.224247 -0.58497 0.282459 
1.04522 -2.01949 0.603337 
0.931577 -1.56403 0.0721845 
3.37663 -9.02075 12.9389 
0.28046 -1.63412 2.45616 
-0.29315 -1.21397 1.32285 
0.289491 -0.205027 0.301095 
0.344155 -0.10245 0.256095 
-0.539968 -3.07486 1.73655 
0.305374 -0.274444 0.302406 
1.21694 -1.76906 0.26412 
14.2799 -17.3007 5.95417 
1.21857 -2.07306 0.0302032 
0.200248 -0.103632 0.273169 
-0.563453 -3.1379 1.78961 
0.684029 -3.76924 1.14018 
0.183566 -1.62354 2.35463 
0.39505 -0.1427 0.101013 
-0.324945 -0.833727 1.24456 
1.13885 -2.78853 4.0816 
-0.300168 0.179786 1.04689 
-0.679404 -1.85785 1.51815 
-0.304183 -0.503836 1.19951 
0.390462 -2.41406 3.61495 
0.287145 0.425668 1.61412 
0.991559 -1.71787 0.496092 
0.531343 -3.91348 1.32386 
-0.301502 -1.14527 1.32385 
-0.318485 -0.700387 1.22379 
-0.601688 -3.29848 1.94896 
0.292541 -0.200006 0.29379 
0.286961 0.426589 1.61416 
16.1838 -19.5219 6.68865 
1.15924 -4.16117 0.889198 
0.210257 -1.85724 2.70223 
0.393551 -0.140847 0.100447 
-0.0452207 0.401066 1.41187 
0.18322 0.455261 1.71619 
-0.207205 0.565536 0.666656 
1.09366 -1.70315 0.556918 
0.530915 -2.38745 0.603899 
1.21182 -4.24945 0.890598 
0.206862 -1.83311 2.66439 

0.182549 -2.07366 3.81518 
3.08646 -6.15723 8.55665 
-2.60742 -3.37262 1.64721 
0.454513 -5.41517 1.99279 
-1.82872 -5.18281 3.30237 
-1.78481 -0.972732 0.634151 
1.98407 -6.08177 9.9773 
0.264367 -3.25959 5.82419 
-1.68035 -1.86095 1.14351 
0.368186 0.0687058 0.251583 
0.249451 0.025887 0.394427 
-0.0731021 0.213768 0.568799 
0.182542 0.192083 0.151023 
1.32824 -2.35279 0.679378 
12.1755 -15.8079 6.7578 
-1.8619 -2.21344 0.23464 
0.212266 0.0767684 0.392537 
0.131212 -0.240579 0.6254 
-0.152107 -5.32047 2.69073 
-3.19273 -8.70844 10.6221 
0.00572455 0.265452 0.275756 
-1.34726 -0.231356 0.773838 
0.89826 -2.88835 4.85243 
-2.01379 -5.70369 3.62049 
-1.38661 -2.58235 2.59038 
-0.787056 -0.590167 1.99991 
-3.1773 -4.99958 3.99312 
0.369667 -0.352636 0.360312 
1.3297 -2.39661 0.681835 
-0.474702 -5.14395 2.89735 
-0.814924 -1.56284 2.25607 
-0.87978 -0.909934 2.19315 
-1.40739 -5.0111 3.50264 
0.0685877 0.176576 0.318357 
0.201868 0.168161 0.162477 
14.1179 -18.2268 7.62148 
1.88789 -1.5107 0.0131589 
5.10426 -6.71206 7.51968 
-0.131334 0.242198 0.167988 
-1.33341 0.381948 0.698698 
-1.52938 -1.79988 0.239552 
0.322501 0.116751 0.244372 
1.2119 -2.36846 1.11906 
1.19567 -5.64927 1.41056 
-0.167761 -5.45842 2.77507 
0.141642 -2.75494 4.76798 
