0.302855 -0.406911 -0.861802 0.255853 0.114537 0.913256 -0.390955 -0.0430031 0.946129 0.0196949 0.323191 0.461154 0 0 0 1
0.997997 -0.06081 -0.0174281 0.0264139 0.0601712 0.997571 -0.0350958 -0.00509035 0.01952 0.0339768 0.999232 -0.0182326 0 0 0 1
###
0.286301 0.298312 -0.271475 
2.14071 -7.99372 9.3359 
1.03233 0.40499 -0.94383 
0.954328 -1.95604 0.420499 
3.77981 -2.92712 0.853932 
0.23182 -1.72084 3.33692 
0.00413429 0.176179 0.62686 
-0.141942 -0.725489 1.55294 
4.15535 -4.26159 6.14526 
4.71962 -3.62408 1.01189 
-0.463317 0.41156 0.573435 
0.224631 0.298317 -0.232309 
-0.538131 0.407935 0.594619 
-0.32977 0.414392 0.499729 
4.01956 -4.1135 5.88607 
-0.399992 -1.32269 -0.1651 
2.81497 -2.03193 2.40116 
0.216485 0.219636 -0.525689 
0.22527 0.245968 -0.471043 
-0.234542 -3.8322 2.26417 
-0.204894 0.362028 0.173535 
4.14926 -3.82524 5.92549 
0.849042 -3.72983 1.46463 
0.348421 0.323908 -0.287152 
-0.239924 -3.75814 2.21829 
0.0610998 -0.0765319 0.378597 
-0.293639 0.330506 0.53694 
1.40853 -4.06377 7.47796 

0.176788 0.345225 0.183964 
-1.65374 -1.96089 1.76532 
-0.216705 0.317261 0.215179 
0.164954 -0.796006 0.645799 
-2.43035 -2.66049 2.50716 
-1.41524 -1.42164 0.284861 
-0.456275 0.180399 0.332481 
3.69771 -2.91825 1.3048 
-0.0392286 -0.0440285 0.033146 
-0.249237 0.055809 0.313199 
0.11 -0.0754772 0.290893 
-0.0617209 0.320088 0.181676 
-0.153214 0.31743 0.195707 
-0.000824966 0.324139 0.175048 
-4.62292 -4.87188 2.80208 
0.811064 -1.81381 -0.00214655 
0.124337 -0.191783 0.307202 
-0.0198287 0.323949 0.181225 
-0.198929 0.31533 0.196151 
0.167951 -0.840505 0.440333 
-0.117173 0.323763 0.19818 
-2.22193 -2.1386 1.39644 
0.0841318 -0.776115 0.241631 
0.083153 0.334555 0.200254 
0.162304 -0.831899 0.432985 
0.399285 0.359206 0.121374 
0.732184 -0.612566 0.449231 
2.57596 -2.00315 0.898681 
