0.699248 -0.193676 -0.688143 -0.0106749 0.18436 0.978896 -0.0881722 0.223544 0.690698 -0.0652116 0.720197 -0.264158 0 0 0 1
0.999778 -0.0136131 -0.0160773 -0.00201797 0.0134525 0.999859 -0.0100511 -0.00488873 0.0162118 0.00983256 0.99982 -0.0186011 0 0 0 1
###
3.28504 -8.76149 12.5881 
4.73906 -8.5597 11.356 
0.179227 -0.0129274 0.400608 
0.944046 -2.64817 0.102682 
6.36455 -11.2377 14.0649 
-0.291319 -1.10783 1.26974 
-0.101164 0.18563 0.538326 
0.256843 -0.297836 0.301074 
0.926218 -1.56314 0.0690918 
0.854637 -2.40926 0.113276 
-0.732778 -1.5971 1.08068 
1.77278 -15.1943 5.01419 
1.37322 -2.3306 0.0172729 
-0.53996 -3.0109 1.7166 
3.93872 -4.94743 -1.5349 
-0.274991 -0.877309 1.1153 
-0.0320406 -0.477994 0.588075 
2.90023 -7.89747 -2.32337 
14.588 -17.6891 6.08762 
-0.614255 -3.29535 1.9455 
-0.122024 0.221727 0.573585 
-0.291724 -1.10703 1.27992 
0.24167 -0.17145 0.338061 
0.20974 -0.169834 0.335735 
0.948786 -1.6408 0.474589 
0.376517 -0.257259 0.289867 
-0.203515 -0.663569 0.962168 
0.172822 0.41999 1.59045 
0.39455 -0.205026 0.171025 
0.672867 0.872943 1.75581 
1.21535 -1.753 0.237048 
16.272 -19.6301 6.72097 
0.185533 -0.494895 0.241541 
0.980768 -4.0425 0.998831 
-0.231989 -0.576704 0.994559 
0.674491 -1.72921 0.16069 
0.373724 -0.187412 0.135763 
0.376818 -0.211851 0.131475 
1.88779 -0.552916 0.0735863 
0.207615 -0.12501 0.304294 
2.64955 -10.8215 10.1245 
0.450783 -1.78502 2.71633 
2.42145 -2.33506 1.86823 
0.473771 -0.269515 0.108672 
0.685123 -3.58442 5.48705 
0.284984 -0.206221 0.376673 
0.384695 -0.202293 0.166924 

1.93148 -5.9197 9.71872 
0.173377 -0.334423 0.516995 
-0.365209 0.239532 0.111626 
-1.20651 -4.62698 2.98996 
3.11313 -6.17516 8.67716 
-1.68094 -1.86158 1.14375 
-0.952772 0.454562 1.05173 
1.32947 -2.3551 0.679763 
-1.78488 -0.972735 0.634088 
-1.40498 -5.12209 3.44715 
0.201889 0.168198 0.162502 
0.453173 -5.41106 1.99918 
0.0507058 0.0586535 0.537392 
-2.27673 -5.98433 4.10672 
-0.815781 -0.472492 1.81806 
-0.74202 -0.966644 1.8374 
-1.34826 -0.231334 0.774666 
0.126215 0.203579 0.208888 
12.8502 -16.6841 7.11806 
-1.42453 -5.0713 3.54379 
0.0794005 0.236145 0.186347 
-0.818939 -1.57008 2.26553 
-0.0215745 0.132857 0.690984 
-1.5301 -1.80052 0.239467 
1.33299 -2.40232 0.684482 
0.214167 0.186581 0.124721 
-0.881402 -0.911728 2.19669 
-0.132914 0.225288 0.697359 
-0.0187522 0.272803 0.300598 
-0.321628 0.239515 0.139796 
1.38864 -2.44235 0.69807 
14.1349 -18.2511 7.62562 
1.19587 -5.65179 1.41086 
-0.482983 -5.23294 2.944 
-1.28283 -0.091891 0.753049 
0.170936 0.138222 0.333679 
0.256285 0.1484 0.20558 
-0.0541182 0.191435 0.698197 
2.61953 -0.877567 0.370206 
0.215197 0.187329 0.12504 
1.96556 -10.4156 10.9536 
-0.872953 -1.86806 2.51865 
-0.460877 0.440554 1.00062 
0.133829 0.224245 0.143413 
4.9571 -5.99448 6.81961 
0.0337414 0.176617 0.330506 
0.137042 0.222363 0.135412 
