0.0263976 -0.365031 -0.930621 0.266889 0.292571 0.893003 -0.341977 0.210245 0.955879 -0.263246 0.130371 0.513455 0 0 0 1
1 0 0 0 0 1 0 0 0 0 1 0 0 0 0 1
###
1.27079 -2.64446 0.199696 
-0.663259 -0.941826 -0.346783 
1.60167 -8.44421 9.29608 
-0.513116 -0.084217 0.473281 
-0.514969 -0.0811757 0.466525 
1.09926 -2.44935 1.04148 
0.16728 0.043345 0.852023 
4.00976 -4.68635 0.690404 
2.53225 -13.1028 13.6938 
2.77511 -5.5948 7.89754 
1.09377 -2.42923 0.328125 
0.630005 0.378642 2.78068 
0.245471 -2.19059 4.05383 
-0.361281 0.443485 1.01495 
-0.0730702 0.213802 0.569128 
14.1137 -18.2235 7.61523 
1.15636 -2.54776 1.06366 
0.311998 0.296959 1.09662 
0.280242 -0.0138269 0.399999 
0.0587249 0.213823 0.283602 
0.0146638 -0.0549061 0.562716 
1.22927 -2.40362 1.12976 
0.292106 -0.318793 0.348512 
0.452817 -5.40309 1.99924 
-1.68112 -4.86638 3.72203 

1.02649 -1.66637 -0.104216 
2.1787 -5.88913 -1.72066 
2.4357 -9.69035 9.47242 
3.33532 -8.90049 12.7773 
0.364246 -1.33898 2.11269 
0.979827 -1.67809 0.477124 
0.102618 0.0769 0.342826 
-0.81205 -0.594543 0.259668 
0.962399 -1.6641 0.48113 
3.59382 -6.34399 7.98223 
0.866839 -1.48137 0.00761342 
0.63479 0.142552 1.7375 
11.7791 -14.372 5.06865 
0.100478 0.130029 0.155218 
0.137371 0.0755695 0.264814 
16.2413 -19.5886 6.70946 
0.970632 -1.68179 0.485958 
1.18103 -1.71576 0.257002 
0.366371 -0.0568518 0.146276 
0.21669 0.0862627 0.0817243 
0.199172 -0.0944058 0.25492 
0.0255752 0.145337 0.241139 
0.416893 -0.167992 0.0892671 
0.399016 -1.86608 0.431105 
-0.95087 -3.81606 2.39627 
