-0.296369 -0.24412 -0.923347 -0.0232968 0.151323 0.942567 -0.297772 -0.146837 0.943009 -0.227974 -0.242407 0.121392 0 0 0 1
0.999934 -0.0115071 0.000347353 0.00797082 0.0115072 0.999934 -0.000183851 0.00356281 -0.000345215 0.000187836 1 0.00092498 0 0 0 1
###
3.69771 -2.91825 1.3048 
1.8268 -1.48561 0.350279 
0.497307 -1.04778 -0.558116 
0.0182492 -0.447548 0.621843 
1.77923 -1.78485 -0.27127 
0.126557 -0.149602 0.307671 
-0.00680343 -0.275891 -0.226994 
0.280172 -0.262911 -0.197217 
0.015646 -0.244983 -0.146372 
-0.663608 -2.20668 -0.832614 
-0.0573388 -0.450592 -0.286379 
0.058647 -0.58584 -0.531739 
0.113061 -1.03246 0.0946644 
0.116218 0.0838737 0.258318 
-0.0300004 -0.299547 0.455399 
0.104593 -0.843732 -0.701236 
0.0215642 0.371554 0.128537 
-0.0717899 0.155306 -0.106113 
0.000811924 -0.306564 -0.240113 
0.0649551 -0.307625 -0.177267 
0.0766741 -0.846942 0.0268784 
-0.0300335 -0.254717 -0.0275286 
1.56201 -1.35491 0.249277 
-0.0159715 0.309095 0.0779859 
-0.0236837 0.290451 0.048571 
0.377884 -0.298684 0.342133 
-0.1173 0.0498056 -0.109855 
0.162304 -0.831899 0.432985 
0.143607 -0.761895 0.516759 
0.18782 -0.777276 0.625256 
0.843671 -0.573479 0.42921 
-0.0600921 0.197119 -0.0750407 
-0.0255208 -0.849812 0.00440006 
0.090287 -0.87696 0.0732617 
2.20735 -2.0957 -0.406381 
0.430236 -0.345424 0.371802 
0.088651 -0.696929 0.21297 
0.136962 -0.810018 0.519478 
0.439557 -0.258376 0.229271 
-0.0623809 0.19964 -0.0809764 
-0.0281764 0.285998 0.0208167 
-0.0705031 0.21693 -0.0482804 
0.0799691 -0.825903 0.0676076 
1.16123 -0.947748 0.81385 

1.38953 -4.02066 7.39092 
2.60821 -4.45127 7.26604 
9.60634 -8.93954 5.53706 
4.01739 -3.10587 4.28483 
4.2586 -4.36804 6.29479 
-0.674433 -1.42402 1.76025 
1.18157 -1.39103 0.525367 
2.06782 -1.6343 2.24825 
0.963771 -1.43381 0.751761 
4.04355 -2.75265 1.4271 
1.06285 -1.45755 0.257622 
4.13655 -3.18963 0.895921 
0.356196 -3.79986 1.9189 
-0.707823 -0.393883 1.297 
-0.848427 -1.40323 0.472829 
-0.608053 -1.09052 1.46919 
-1.00778 0.272112 0.355872 
0.136898 0.291738 0.105763 
1.20036 -1.39849 0.529562 
1.04121 -1.38219 0.830049 
0.34335 -3.79054 1.92287 
0.086263 -1.50025 0.799369 
2.33651 -4.07086 6.68064 
-0.896389 0.347273 0.587709 
-0.500208 0.437028 0.613627 
-1.06966 -1.98334 1.33514 
-0.884627 0.378091 0.683281 
0.486797 -3.4805 1.69452 
-0.636378 -3.74948 2.32361 
-0.907212 -3.77584 2.53895 
4.2736 -3.95813 6.01465 
0.0229012 0.163122 0.320982 
0.244834 -5.03986 2.68096 
-0.235247 -3.84904 2.27492 
4.44867 -4.09507 6.34272 
-0.800112 -1.71881 1.61388 
0.0748312 -3.54646 1.94599 
-0.762898 -4.37037 2.77318 
0.113402 -3.53858 6.21522 
0.0372182 0.175087 0.302537 
0.143351 0.150996 0.164841 
-0.011769 0.0855758 0.435722 
0.844921 -4.18498 1.86431 
-11.5524 -30.5777 33.108 
