0.143188 -0.463915 -0.874231 0.372242 0.233876 0.874176 -0.42558 0.188385 0.961665 -0.143524 0.233671 0.507654 0 0 0 1
1 0 0 0 0 1 0 0 0 0 1 0 0 0 0 1
###
1.53383 -8.10546 8.92896 
0.177076 -2.02173 3.72743 
5.22425 -6.26164 7.19139 
1.28308 -2.66267 0.20329 
12.7426 -13.4258 4.92099 
5.02909 -6.61736 7.41375 
0.29634 0.00827194 -0.620046 
0.733915 -2.79384 0.554569 
0.561839 -1.7725 0.345113 
4.41665 -5.12287 0.733973 
0.215534 -0.0091871 0.989064 
0.572381 -2.43157 0.53383 
0.325674 0.00776615 -0.651555 
0.322708 0.0900639 -0.212789 
12.8502 -16.6841 7.11806 
0.322571 0.00575949 -0.635541 
-0.11456 0.291426 0.38664 
1.20195 -2.36317 1.10132 
-0.46387 0.440548 1.00364 
-0.205393 0.30167 0.518403 
1.14784 -1.72686 0.431582 
-0.484364 -5.3813 3.00533 
-0.878756 -5.16173 3.20959 
-0.463432 0.447811 1.0209 
0.604784 0.369609 2.7182 
1.21952 -2.38314 1.12505 
0.225332 0.063354 0.467419 
0.0146746 -0.0549474 0.562919 
-0.19217 0.278696 0.520331 
0.262533 -0.0220612 1.0338 
-0.482983 -5.23294 2.944 
0.14228 0.813194 2.60671 
-0.910436 -5.42925 3.36671 
0.0383487 0.161555 0.538329 
1.54948 -0.0665375 -0.42807 

2.4763 -9.72969 9.46053 
0.364246 -1.33898 2.11269 
0.69214 -3.57472 5.45709 
1.02649 -1.66637 -0.104216 
9.64754 -11.3404 3.75221 
-0.627304 -1.03533 0.315314 
-0.0528516 0.196391 0.536879 
0.204257 0.0599026 0.165185 
0.540546 -0.196149 0.23472 
-0.81205 -0.594543 0.259668 
0.17575 -0.219583 0.0452553 
-0.654915 -2.20242 1.48904 
-0.407875 0.224761 0.664648 
0.226894 0.108341 0.0222847 
11.7791 -14.372 5.06865 
-0.453398 0.163019 0.433542 
0.29209 0.0820223 -0.00410202 
1.06111 -1.66319 0.532942 
-0.110155 0.200488 0.542305 
0.0436739 0.123327 0.230996 
0.200768 -0.0945914 0.25499 
0.987655 -4.0498 1.00019 
-0.277063 -3.42472 1.78094 
1.9323 -0.566475 0.0739129 
0.63479 0.142552 1.7375 
0.0255752 0.145337 0.241139 
0.331106 -0.0165414 0.192041 
0.199172 -0.0944058 0.25492 
0.06012 0.114242 0.234601 
0.282149 -0.110741 0.266148 
0.54267 -3.97152 1.33917 
-0.384358 0.214063 0.635593 
-0.275129 -3.48025 1.7959 
0.197367 0.0422904 0.228851 
1.68353 -0.0284908 -0.623091 
