-0.994344 -0.105125 -0.0151479 0.00652572 -0.0956149 0.948094 -0.303276 -0.0472982 0.0462435 -0.300112 -0.952782 0.0403589 0 0 0 1
1 0 0 0 0 1 0 0 0 0 1 0 0 0 0 1
###
-0.00133461 0.0427043 0.00268025 
0.0396347 -0.790028 -0.699884 
-0.130117 -0.120785 -0.0484384 
0.129137 0.00511391 -0.0102251 
-0.0618815 -0.137134 -0.0375714 
0.0370681 -0.754188 -0.645603 
0.193135 -0.353102 0.0319423 
-0.0434528 -0.465768 -0.0156656 
0.0633742 -0.0127946 0.0107004 
0.0166496 -0.00824744 0.0226114 
-0.0495034 -0.17086 -0.174591 
0.151937 -0.152947 -0.0602298 
-0.308803 -0.350101 -0.133249 
0.108506 -0.269989 -0.238071 
0.0132215 -0.38746 -0.340947 
-0.0622732 -0.140979 -0.0354495 
-0.0671685 -0.146478 -0.0514644 
0.0367094 -0.366352 0.0012119 
0.0263782 -0.0689149 -0.07753 
-0.202799 -0.0896854 -0.118613 
0.0556326 0.10737 0.00074311 
0.00432424 0.0611884 0.00141315 
-0.0757242 -0.163144 0.0200643 
-0.211463 -0.432164 -0.0335122 
-0.174913 -0.533972 -0.437673 
0.136824 0.103645 -0.119252 
-0.0638389 -0.146363 -0.0372607 
0.0389345 -0.386074 -0.000667722 
0.125257 0.101637 -0.127982 
0.026646 -0.736396 -0.623948 
-0.201592 -0.0973548 -0.11723 
0.131555 0.101589 -0.143823 
0.1184 0.10165 -0.15784 
-0.253987 -0.273774 0.108661 
-0.209274 0.0383274 -0.0134249 
-0.194068 -0.0119124 -0.136963 
-0.0759319 -0.177211 -0.0633193 
0.170472 -0.159004 -0.104602 

-0.290603 0.124828 0.661592 
-1.39903 -1.48812 1.28918 
1.15067 -1.30058 3.16066 
-1.10917 -0.686783 0.471202 
0.775255 -1.47751 1.67503 
-1.3085 -1.545 1.14576 
-1.33544 -3.99575 1.62453 
-1.01984 -4.04768 2.01108 
-1.08735 -1.42003 0.79281 
-0.838249 -4.9564 2.84126 
-0.467584 -1.28597 3.56079 
-0.231049 0.155475 -0.0460228 
-2.16655 -1.83988 2.34451 
-0.323261 -0.187802 0.297448 
-2.64638 -4.07464 8.54651 
0.315697 -1.24829 1.95088 
1.08638 -2.23021 2.66909 
-0.427937 -3.4075 2.10695 
0.0325413 -1.55422 4.31781 
1.16604 -0.232962 3.26367 
-0.512033 0.218803 0.181777 
0.270046 -1.14252 1.99999 
0.608332 -1.111 2.08518 
-13.9393 -21.6903 45.7512 
0.971976 -1.1472 1.80172 
0.548215 0.500158 0.594217 
0.287133 -1.15883 1.81305 
-0.601162 -3.21317 1.80516 
0.09042 0.21752 0.0415291 
-1.62741 -2.40933 5.10533 
0.99386 -0.25572 2.80412 
0.643143 0.487311 0.556591 
0.57725 0.475263 0.538989 
0.276788 -0.424224 -9.33576e-05 
1.65032 0.497119 1.82947 
-0.62696 0.225437 0.161716 
0.789501 -1.6592 2.0092 
0.287851 -0.617367 0.0267477 
