-0.3347 -0.28321 -0.898759 -0.0214053 0.104678 0.936691 -0.334144 -0.14207 0.936493 -0.205918 -0.283865 0.111341 0 0 0 1
0.999933 -0.0115559 0.000403422 0.00796472 0.0115559 0.999933 -0.000234293 0.00357294 -0.000400688 0.00023894 1 0.000913118 0 0 0 1
###
0.102604 0.0775554 0.24772 
3.69771 -2.91825 1.3048 
-0.0471755 0.169679 -0.0438882 
-0.0682525 -0.256617 -0.204062 
-0.0509304 0.156153 -0.0856443 
0.497307 -1.04778 -0.558116 
0.314547 -0.384172 -0.260481 
0.120976 -0.129261 0.296551 
-0.0068035 -0.275891 -0.226994 
0.00120265 -0.312307 -0.238927 
-0.109406 -0.379055 -0.135946 
2.08133 -2.06962 -0.299293 
0.204178 -0.271162 -0.248688 
0.168596 -1.11995 0.164515 
0.420058 -0.24511 0.222815 
-0.0505726 0.126698 -0.0511843 
0.0595636 -0.294684 -0.173715 
0.104593 -0.843732 -0.701236 
-0.0699477 -0.0455059 -0.0537197 
0.423025 -0.421829 -0.252858 
-0.0623498 0.138095 -0.114297 
0.179979 -0.784365 0.619422 
-0.0841246 0.0719953 -0.0333726 
0.0156462 -0.244983 -0.146372 
0.058647 -0.58584 -0.531739 
-0.663608 -2.20668 -0.832614 
0.399285 0.359206 0.121374 
1.8459 -1.48078 0.331542 
0.0766741 -0.846942 0.0268784 
0.0930051 0.0350964 0.251635 
0.843671 -0.573479 0.42921 
0.0931838 -0.0146804 -0.495989 
-0.0704312 0.196846 -0.0966047 
-0.0509743 -0.0272139 0.041532 
0.122914 -0.573772 0.562461 
-0.0370227 -0.364562 -0.116465 
-0.0917523 0.086956 -0.0313327 
0.162304 -0.831899 0.432985 
1.56201 -1.35491 0.249277 
0.280878 0.362415 0.171925 
-0.026253 -0.454208 -0.128506 
0.126497 -0.13138 0.30163 
-0.0498041 -0.0310888 0.0426748 
-0.0720361 0.195588 -0.0935601 

-0.710576 -0.399431 1.30735 
1.40586 -4.06284 7.46544 
1.20063 -1.39891 0.529685 
0.144936 0.100625 0.169512 
0.109326 0.025351 0.35246 
8.39724 -7.36553 4.57095 
7.42218 -5.51989 5.77547 
-0.617577 -1.12633 1.49622 
0.0257048 0.279005 0.210556 
1.18138 -1.39085 0.525308 
0.725531 -1.66603 0.295329 
4.2362 -3.9274 5.97186 
-0.799546 -1.71735 1.61263 
0.243869 -5.02979 2.67542 
0.464568 -6.80661 12.5108 
0.0270322 -0.111162 0.417892 
1.04718 -1.3905 0.825498 
2.17206 -3.56632 6.40603 
0.359199 -3.82803 1.93275 
2.10373 -1.6639 2.28594 
0.169763 -0.040306 0.236786 
0.63622 -1.40515 0.329878 
0.0862989 -3.57952 1.95441 
0.976892 -1.45388 0.761431 
-0.147306 0.12789 0.410003 
-0.883972 0.377897 0.682788 
-1.00062 0.31373 0.494949 
2.27938 -1.75713 2.42046 
0.0860288 -1.49801 0.798235 
2.57142 -1.25982 1.38183 
-0.649144 -1.36908 1.68749 
1.95432 -0.110452 0.407865 
0.115608 0.174873 0.22434 
0.349394 -3.84908 1.95233 
-0.906125 -3.77045 2.53551 
0.0776963 -3.6169 1.98069 
-1.13182 -4.87924 2.72735 
0.803917 -3.99081 1.78252 
2.53928 -4.42956 7.2136 
-1.00752 0.272093 0.355787 
1.0549 -9.77146 4.94698 
-0.607226 -1.08865 1.46693 
-0.234448 -3.82672 2.26065 
0.0168274 -0.0179149 0.365538 
