0.253097 -0.485106 -0.837027 0.487598 0.245574 0.869074 -0.429423 0.195381 0.935754 -0.0968663 0.339089 0.476413 0 0 0 1
0.995056 -0.0115539 -0.0986425 -0.00811567 0.00978398 0.999783 -0.018408 -0.001104 0.0988338 0.0173518 0.994953 -0.00513822 0 0 0 1
###
0.181461 -2.52726 0.943977 
1.30279 -2.69265 0.206884 
1.56528 -8.26562 9.10357 
5.1764 -6.2082 7.12826 
-0.462318 0.447454 1.01425 
0.944901 -2.02308 0.982639 
0.412255 -1.0916 1.5391 
13.1444 -17.0602 7.2772 
0.603235 0.0954147 -0.363785 
0.272411 0.00900913 -0.59399 
0.185218 -2.0783 3.82905 
-0.788156 -0.59443 2.00875 
0.730864 -2.78164 0.556229 
0.328117 0.00541303 -0.640673 
3.85546 -4.52805 0.601285 
1.15923 -2.55368 1.06575 
-0.447176 -1.77837 2.81638 
1.10345 -2.45841 1.04443 
-0.46403 0.440654 1.00394 
-0.0731552 0.213655 0.568781 
-0.19573 0.288113 0.490788 
-0.378511 -2.30733 3.53007 
0.883957 0.713585 2.20308 
4.25226 -4.95454 0.707738 
0.528607 0.114495 -0.284245 
0.207921 0.0553017 0.439532 
13.6224 -17.5882 7.35871 
-0.365076 0.432196 0.993717 
-0.210818 0.389854 0.833118 
-0.916685 -5.46598 3.38673 
0.207345 0.0553839 0.440388 
-0.258091 -0.322577 0.223808 
-0.360894 0.434469 1.00125 
2.4981 -0.286887 -1.21872 
-0.410916 -2.07107 3.19351 
-0.175146 -2.36741 3.84865 
2.92697 -5.57882 8.50421 

0.20107 0.0589668 0.162615 
1.00429 -1.63066 -0.101909 
2.46075 -9.79184 9.57266 
-0.303979 -4.37289 5.34252 
-0.108003 0.199787 0.540572 
1.04313 -1.63488 0.52412 
0.218835 -1.38321 2.05016 
9.77493 -11.4941 3.80082 
-0.0130742 -0.0476896 0.0269786 
-0.344028 0.13046 0.354583 
0.464678 -1.80093 2.8039 
-0.290607 -0.487315 1.15131 
0.0857664 0.0997309 0.23792 
-0.48209 0.176073 0.474001 
-0.852305 -0.616917 0.261997 
0.948786 -1.6408 0.474589 
0.195301 -1.78397 2.58778 
0.962733 -1.66935 0.482281 
-0.108559 0.197521 0.534153 
1.14827 -1.67267 0.249617 
0.0561062 0.119966 0.213511 
-0.056419 -0.767815 0.923626 
-0.0672149 0.350255 1.27082 
2.2315 -2.36579 0.0321156 
0.200333 0.0602056 0.109591 
0.313352 -0.0162002 0.171901 
16.272 -19.6301 6.72097 
0.101024 0.0757328 0.337564 
0.303873 0.00247978 0.220973 
-0.27152 -3.35827 1.7477 
0.317656 -0.0156875 0.174036 
-0.777123 -1.24688 0.440101 
0.0338026 0.138374 0.216941 
-0.402407 0.161384 0.423822 
0.358478 -1.31802 2.07994 
0.741583 -2.64568 4.02841 
1.81541 -1.75421 -0.0352698 
