0.202126 -0.430682 -0.879578 0.509418 0.297176 0.882742 -0.36394 0.219579 0.933183 -0.187828 0.306414 0.499064 0 0 0 1
0.995047 -0.0116306 -0.0987188 -0.00801541 0.00985558 0.999781 -0.0184489 -0.0011004 0.0989118 0.0173846 0.994944 -0.00510307 0 0 0 1
###
1.35274 -2.77338 0.208596 
1.21984 -2.39778 1.11471 
0.228883 -0.0155972 0.99936 
1.56238 -8.25153 9.08765 
0.18478 -2.07187 3.81919 
4.82829 -6.35751 7.13145 
2.89062 -0.34244 -1.39718 
0.252554 0.010577 -0.577011 
13.1713 -17.0987 7.29172 
-0.813757 -1.56866 2.22715 
-0.368958 0.428368 0.983856 
-0.168794 0.393981 0.812764 
0.595886 0.0950326 -0.360745 
-0.0667502 0.0513794 -0.234646 
-0.847091 -1.764 2.37165 
-0.889201 -5.22367 3.24692 
1.10768 -2.46765 1.04765 
-0.463772 0.444339 1.0147 
0.317658 0.00633432 -0.633005 
1.32897 -2.37254 0.679782 
4.1971 -4.90381 0.69371 
1.16593 -2.56794 1.0704 
-0.365888 0.429044 0.987389 
-0.534723 0.108313 0.269561 
0.553578 0.112716 -0.301158 
1.53216 -2.13491 0.472096 
-0.17466 0.406928 0.865357 
-0.0730939 0.21371 0.56897 
0.0410795 0.162453 0.539736 
2.89482 -3.07187 2.4951 
-0.478911 -5.18099 2.91481 
-1.68711 -4.8809 3.73153 
-0.791948 -0.595518 2.00437 
-0.346831 0.222873 0.107509 
0.51866 0.113056 -0.277062 
0.514054 0.208937 -0.0467094 
0.606998 -5.61456 2.19318 
1.22204 -2.38806 1.12691 
2.3494 -0.848561 -0.951025 
2.79989 -1.92193 0.436499 
-0.411398 -2.07297 3.20291 

1.00836 -1.6412 -0.104738 
1.03147 -1.61635 0.518298 
0.171186 -0.213879 0.0441029 
2.49821 -9.92789 9.70193 
0.401781 -1.48397 2.32954 
16.2254 -19.5731 6.68995 
-0.298179 -0.853079 1.17113 
0.221314 0.105099 0.0217898 
11.9831 -14.626 5.15183 
1.72656 -5.29396 8.09192 
-0.0631328 0.210112 0.548979 
-0.791685 -0.579583 0.253287 
-0.516664 0.155667 0.374077 
-0.478075 0.174622 0.470049 
-0.291129 -1.10555 1.26683 
-0.00984158 -3.11661 1.42873 
0.950194 -1.6475 0.475883 
1.86884 -0.547203 0.0732429 
-0.441801 0.15886 0.422447 
1.18576 -1.7273 0.256567 
1.25927 -3.10212 4.53453 
1.33258 -2.16576 0.645624 
0.0980438 0.127078 0.15148 
-0.0360084 0.0930581 0.2568 
-0.521359 0.157312 0.382275 
0.195592 -0.0921345 0.248418 
-0.0240532 0.217361 0.537364 
1.0261 -2.91629 0.128049 
0.192361 0.041223 0.223051 
0.176878 -0.0981678 0.257748 
0.502785 -3.69229 1.24884 
-0.760206 -3.10766 1.9839 
-0.291094 -0.482022 1.14889 
0.301617 0.0313152 0.165684 
0.198243 0.0595765 0.108454 
0.265489 0.0875956 -0.009787 
1.40162 -4.01508 0.623324 
1.0368 -1.61421 0.528448 
0.176635 0.0123091 0.324483 
2.00658 -1.2287 0.0609619 
-0.302334 -4.35701 5.32341 
