0.686228 -0.234965 -0.688392 -0.022498 0.299048 0.953843 -0.0274619 0.306246 0.66307 -0.187017 0.724819 -0.318126 0 0 0 1
0.999193 -0.0245647 -0.0317666 -0.00308213 0.0241533 0.99962 -0.0132682 -0.00796805 0.0320805 0.0124903 0.999407 -0.0305416 0 0 0 1
###
-0.281803 -0.472633 1.11713 
-0.288106 -1.09122 1.24972 
1.64245 -3.85894 0.35335 
3.1283 -8.33386 11.9963 
0.102371 -1.81175 2.50468 
-0.312073 -0.479457 1.2054 
9.92332 -11.6693 3.84391 
0.281122 -0.243782 0.289073 
0.924989 -1.58193 0.450122 
0.771116 -2.11593 0.0500219 
-0.293756 -1.07807 1.20993 
6.39754 -11.3004 14.1282 
2.07821 -1.20717 0.046305 
-0.51733 -3.13312 1.67863 
-0.607675 -3.25198 1.91625 
0.52846 -1.32283 0.143463 
-0.909718 -1.35939 2.45447 
0.925498 -1.60224 0.462561 
0.283445 0.444091 1.61629 
-0.558913 -1.63662 1.44331 
0.17921 -0.167508 0.323039 
3.52425 0.478352 3.35259 
0.309482 -3.45223 1.32466 
-0.266798 -0.457289 1.12384 
0.470523 0.464829 1.68222 
1.28872 -0.925821 -0.289745 
-0.946884 -3.58807 1.9091 
-0.277465 -0.619794 1.09245 
2.00653 -3.39561 4.55258 
0.171682 0.41349 1.56243 
0.277674 0.429353 1.58329 
0.81287 -3.55657 0.944113 
1.06962 -1.76076 -0.153565 
1.01996 -1.58886 0.519524 
0.475603 -3.10084 4.64674 
0.361693 -1.45142 0.416316 
-2.22339 -3.38049 5.51438 
0.53483 -3.54884 5.38129 
-0.555097 -3.06411 1.75107 

-0.791948 -0.595518 2.00437 
-1.68054 -1.86111 1.14357 
3.71757 -13.7673 3.40645 
1.56567 -5.17403 8.48963 
0.18478 -2.07187 3.81919 
-0.766238 -0.571464 2.00794 
11.2275 -13.8776 5.76046 
0.00573469 0.26542 0.275739 
1.16593 -2.56794 1.0704 
-1.4072 -5.13009 3.45281 
-0.742081 -0.966719 1.83786 
3.12143 -6.19119 8.69884 
-0.79051 -0.460672 1.76481 
-1.21869 -4.64564 2.99304 
0.233429 0.162138 0.149185 
0.0848593 0.196971 0.269446 
-1.28231 -0.0917909 0.752868 
-1.20919 -4.63724 2.99664 
-2.36642 -2.57362 0.325803 
-1.85129 -2.38103 1.26259 
0.222015 -0.352202 0.632662 
-0.0350763 -0.0772276 0.609087 
-0.478911 -5.18099 2.91481 
0.186746 -0.144989 0.606242 
0.00515569 0.2634 0.274616 
-0.246339 0.248642 0.207743 
-1.83781 -5.20837 3.31748 
-1.25903 0.0889743 0.76905 
0.0146823 -0.0549132 0.56294 
-0.132878 0.225255 0.697272 
-0.111781 0.240219 0.17718 
-0.172229 -5.60984 2.84703 
-1.83575 -0.944684 0.548783 
1.22204 -2.38806 1.12691 
-2.25974 -7.75926 10.0454 
0.457146 -5.47504 2.02813 
-1.2887 -0.129878 0.749878 
-1.44432 -2.34381 1.95684 
-1.36418 -4.92427 3.3435 
