0.381461 -0.374724 -0.845026 0.371157 0.16122 0.927109 -0.338346 -0.0160288 0.910218 -0.0071693 0.414068 0.46315 0 0 0 1
0.996476 -0.0760534 -0.0353667 -0.00361692 0.0758706 0.997097 -0.00648349 0.000250171 0.0357571 0.00377735 0.999353 -0.0087792 0 0 0 1
###
2.10139 -7.85142 9.17225 
0.962215 -1.97159 0.423147 
0.208148 -0.896596 0.253904 
0.183765 0.213949 -0.521699 
5.09332 -5.35642 5.53472 
-0.0102864 0.173176 0.609921 
4.085 -4.18889 6.04277 
-0.325624 -1.57783 2.41744 
-0.539345 0.405902 0.590788 
0.381095 0.174216 0.9679 
0.479808 -0.590085 0.27107 
-0.539078 0.409011 0.599199 
-0.329749 0.411767 0.498201 
-0.519289 0.160272 0.0801001 
3.68453 -2.89049 0.759152 
-0.204453 -1.67094 2.72015 
3.91438 -4.00764 5.73579 
-0.666804 -3.87516 2.47864 
-0.332554 0.408621 0.490748 
-0.35369 0.271193 -0.0485627 
0.20169 0.218391 -0.516883 
-0.0266578 0.296644 0.113456 
0.18196 0.29411 -0.205258 
1.20845 -1.40817 0.53346 
1.52549 -1.33719 0.417339 
-0.356251 0.278611 -0.0221132 
-0.185505 -0.207921 0.217981 
-0.355666 0.27852 -0.0222446 
-0.466035 0.407682 0.580844 
-0.33105 0.410444 0.493293 
0.0802172 -1.38028 2.86305 
-0.352003 0.271972 -0.0505793 
0.256285 0.300744 -0.252906 
-0.466955 0.399867 0.567709 
-0.193985 -1.50164 2.53657 
2.20206 -3.61393 6.49058 
-0.944639 -3.95853 2.69051 

-1.65374 -1.96089 1.76532 
1.01612 -0.825596 0.195773 
1.8459 -1.48078 0.331542 
-0.216705 0.317261 0.215179 
0.69862 -0.563313 0.432969 
-0.456275 0.180399 0.332481 
-1.86647 -1.90345 1.15529 
-1.12919 -1.33765 1.5428 
0.000254465 0.327418 0.177015 
0.140719 -0.836034 0.525942 
-0.249237 0.055809 0.313199 
-0.00082497 0.324139 0.175048 
-0.125634 0.319433 0.185458 
0.438551 0.363641 0.122952 
0.407272 0.369499 0.124268 
0.186185 -0.304719 0.409265 
-4.62292 -4.87188 2.80208 
0.131471 -1.01348 0.705923 
0.409517 0.328225 0.0716325 
-0.0237545 0.319943 0.170803 
0.444624 0.351453 0.0768354 
-0.116307 0.317615 0.189605 
0.278957 0.353811 0.169659 
-0.185475 -0.541377 0.727662 
-0.489063 0.102991 0.591478 
0.40664 0.326777 0.0990258 
-1.41524 -1.42164 0.284861 
-0.204427 0.316872 0.203612 
0.461026 0.370058 0.131259 
0.498708 0.382115 0.085384 
0.499996 0.380598 0.136856 
0.0211023 0.325501 0.175979 
-0.0776757 0.322346 0.196189 
-0.0551177 0.323584 0.18425 
0.0766379 -0.512322 0.70951 
-2.43035 -2.66049 2.50716 
0.18782 -0.777276 0.625256 
