0.989015 -0.146441 -0.020088 0.148735 0.141169 0.976086 -0.16531 -0.00337151 0.0438158 0.160658 0.986037 0.0501318 0 0 0 1
0.337531 -0.0992373 -0.936069 -0.00323721 0.0778517 0.993963 -0.0773029 0.00158393 0.938089 -0.0467823 0.34322 -0.0209131 0 0 0 1
###
-2.90703 -4.3326 9.11147 
0.737959 -3.77861 7.3497 
-0.372611 0.142598 0.756924 
-0.775272 -0.412902 0.125452 
-0.630563 0.226052 0.161692 
0.842479 0.391427 0.342796 
-1.16359 -1.51684 0.851759 
-2.21546 -1.88735 2.39356 
0.700476 -1.62377 1.78444 
-0.583044 0.247591 0.218352 
-14.175 -21.9737 46.4259 
0.987531 -1.08246 2.64115 
-0.638776 0.229603 0.164272 
0.895729 0.414417 0.368313 
-0.37565 0.140063 0.765264 
-2.15807 -3.28496 6.88766 
-0.453712 0.30745 0.311 
-0.370709 0.142372 0.75385 
1.56802 -3.24726 2.97825 
-1.42607 -1.51671 1.31363 
-2.85999 -4.61324 4.56532 
-2.28423 -1.95111 2.66141 
-1.18251 -1.75954 0.933809 
-0.58295 0.249437 0.220069 
0.0653679 0.226772 0.05172 
-0.199226 0.000887934 0.575614 
0.867401 0.515289 0.546291 
0.964396 0.443721 0.390417 
-0.499528 0.212544 0.172335 
1.19474 -0.569486 1.86861 
0.677532 -1.22033 2.29919 
-2.09512 -2.12549 2.05676 
-2.7876 -2.43293 3.31854 
-1.50019 -3.84804 1.41364 

0.0473175 -0.309404 0.382751 
-0.0917762 -0.562648 0.721144 
0.0841425 0.064849 0.190506 
0.083815 0.0746282 -0.119763 
0.0758987 -0.0557174 0.269375 
0.0877848 0.116855 0.0993987 
0.0449207 -0.123169 0.158171 
-0.0761942 -0.48449 0.616179 
0.209553 -0.32196 0.0463863 
0.0544698 0.107964 -0.000140358 
0.145459 -1.51142 1.87358 
0.450356 -0.767232 -0.637425 
-0.0584341 0.122962 0.224338 
0.108205 0.0938636 -0.140289 
0.0854457 0.0422122 0.203488 
0.171187 -1.76149 2.16341 
0.118441 0.102096 -0.157323 
0.173615 -0.355935 0.0404183 
0.254701 -0.324143 0.22495 
0.0926797 -0.0860713 -0.0473452 
0.237001 -0.330461 0.0619464 
-0.0763247 -0.316206 0.370938 
0.0138111 -0.170139 0.20573 
0.136825 0.104055 -0.119439 
0.0557803 0.0298756 -0.0480213 
-0.183074 0.0235497 0.238528 
0.0943575 0.112073 0.037877 
0.111053 0.0969984 -0.13264 
0.0602799 0.10852 0.0281321 
0.133021 -0.0119857 -0.00760171 
0.0849168 0.0651924 0.190666 
0.262726 -0.312518 -0.205444 
0.132507 0.10279 -0.14452 
0.226188 -0.359149 0.0352817 
