0.434809 -0.41632 -0.79851 0.368759 0.120881 0.905677 -0.406371 -0.0399762 0.892373 0.0801695 0.444121 0.434179 0 0 0 1
0.997997 -0.06081 -0.0174281 0.0264139 0.0601712 0.997571 -0.0350958 -0.00509035 0.01952 0.0339768 0.999232 -0.0182326 0 0 0 1
###
2.10653 -7.86856 9.19342 
1.25087 -1.7822 0.305625 
3.23264 -2.51396 0.703487 
0.211894 0.217996 -0.544835 
-0.0012666 0.175488 0.619418 
8.8001 -7.43118 4.06778 
-0.649144 -1.36908 1.68749 
-0.537868 0.407492 0.594391 
-0.35054 0.282129 -0.0251333 
-0.0152415 0.172864 0.603683 
3.81779 -2.9586 0.860717 
5.05101 -3.71187 4.64723 
-0.348641 -1.40649 2.17578 
0.114956 -1.5031 3.01752 
-0.496042 -0.041655 0.027662 
-0.539589 0.406097 0.591047 
-0.466473 0.40981 0.585665 
1.98434 -1.60749 2.1397 
0.00091279 -0.229679 0.200727 
0.245128 0.256293 -0.394505 
0.262815 0.226211 -0.564304 
0.0443532 -1.30707 2.67081 
-0.395249 -0.694811 -0.0512208 
-0.496008 -0.0386161 0.0282535 
-0.331117 0.410351 0.493373 
-0.358524 -1.29113 2.01876 
3.89888 -3.99207 5.71394 
-0.332895 0.407982 0.489858 
10.2659 -9.49125 5.77992 
-0.370088 -1.18955 1.87799 
2.17206 -3.56632 6.40603 

-1.65374 -1.96089 1.76532 
1.01612 -0.825596 0.195773 
3.69771 -2.91825 1.3048 
-0.216705 0.317261 0.215179 
-0.410093 0.102252 0.302721 
-0.055109 0.321986 0.179081 
-0.325462 -0.328079 0.382908 
0.395547 0.363311 0.122012 
-0.0776757 0.322346 0.196189 
0.140719 -0.836034 0.525942 
-2.50136 -2.56319 0.34692 
0.21768 -0.481504 0.662937 
1.23036 -0.99251 0.759941 
1.2223 -0.933241 0.505301 
-1.28958 -1.58194 0.108275 
-0.153214 0.31743 0.195707 
-0.125577 0.315907 0.183726 
0.219702 -0.535617 0.690216 
-0.0464522 0.319061 0.174265 
0.000254469 0.327418 0.177015 
-0.168236 0.126547 0.270058 
0.499996 0.380598 0.136856 
0.811064 -1.81381 -0.00214655 
0.28602 -0.39092 0.501987 
-0.113687 0.320857 0.19259 
0.732184 -0.612566 0.449231 
-4.62292 -4.87188 2.80208 
0.421577 0.33387 0.0735359 
-0.217631 -0.754876 0.941787 
0.18671 -0.234697 0.297832 
-2.43035 -2.66049 2.50716 
