-0.326735 -0.300485 -0.896077 -0.018378 0.220639 0.897664 -0.381468 -0.0971303 0.919001 -0.322348 -0.227 0.121103 0 0 0 1
0.999822 -0.0182147 -0.0050053 0.0213499 0.0182678 0.999775 0.0107773 0.0139848 0.00480787 -0.0108668 0.999929 0.00178954 0 0 0 1
###
0.120976 -0.129261 0.296551 
0.497307 -1.04778 -0.558116 
-0.0682307 -0.210577 0.36941 
0.141517 -0.920664 0.259152 
0.058121 -0.293494 -0.174516 
2.08133 -2.06962 -0.299293 
3.69771 -2.91825 1.3048 
2.39127 -2.12663 0.39622 
1.8268 -1.48561 0.350279 
0.357021 -0.371841 0.42055 
-0.0823153 0.0376018 0.12226 
-0.0586333 -0.100924 -0.0313742 
0.106738 -0.117526 0.288471 
0.179244 -0.20461 -0.353075 
1.95202 -1.59739 1.32036 
0.0934891 -0.740584 0.491885 
1.71424 -1.70693 -0.264311 
-0.0793234 -0.0399451 0.232482 
1.56201 -1.35491 0.249277 
-0.00680355 -0.275891 -0.226994 
2.57596 -2.00315 0.898681 
0.440845 -0.350015 0.369981 
2.24617 -1.71395 0.928414 
0.143649 -0.897545 0.261934 
0.0649553 -0.307624 -0.177268 
0.189021 -0.849329 0.578763 
0.355502 0.344422 0.112632 
0.0931838 -0.0146804 -0.495989 
-0.0875904 0.137439 -0.119259 
0.242085 0.340987 0.152657 
-0.0770262 -0.120599 -0.0588699 
0.079969 -0.825903 0.0676077 
0.0301656 -0.743592 -0.0526889 
0.0512905 -0.465271 0.632571 
0.167202 -0.862612 0.441751 
0.108453 -0.911594 0.67467 
0.143606 -0.761895 0.51676 
0.550025 -0.426972 0.327398 
-0.0717895 0.155307 -0.106112 
0.0693009 -0.315353 -0.181438 
0.0429206 -0.798241 -0.054883 
0.0896673 0.0943221 0.213888 
0.133924 0.0086942 0.316391 
1.79991 -1.56983 0.291839 
0.980858 -0.735203 0.564955 
-0.112857 -0.0311997 -0.205653 
0.131401 -0.131795 0.307178 
0.136962 -0.810018 0.519478 
0.0901187 0.0941504 0.214382 
1.16968 -0.909931 0.184737 
-0.0542726 0.17533 -0.0857702 

-0.617495 -1.12617 1.49591 
10.9592 -10.2 6.30644 
2.07761 -1.63093 2.21573 
0.171239 -3.6443 1.95129 
1.05435 -1.40036 0.830871 
0.465001 -6.81367 12.5222 
1.27744 -3.87179 7.01831 
2.59771 -4.43375 7.23795 
1.55304 -2.72181 4.77966 
-0.245062 -1.53253 2.46451 
-4.14583 -6.38173 0.206643 
0.358905 -3.82591 1.9313 
-0.658288 -1.17938 1.52826 
4.15557 -1.83386 2.0009 
0.0909813 -1.60473 3.10754 
-0.460317 -2.73642 1.63098 
3.91438 -4.00764 5.73579 
-3.83166 -5.88191 0.167955 
2.3924 -4.15903 6.81722 
0.0257013 0.279002 0.210551 
1.40666 -4.06552 7.46942 
-0.621346 -1.76004 2.14446 
-11.5541 -30.5735 33.1068 
0.347489 -3.83176 1.94356 
1.04603 -1.38893 0.833667 
-0.69308 -3.93546 2.51307 
-0.535103 0.40789 0.595158 
1.95652 -0.110822 0.408427 
1.20845 -1.40817 0.53346 
-0.896257 0.347262 0.587626 
0.858503 -2.30412 0.655419 
0.523852 -3.72862 1.80998 
0.0860027 -1.49806 0.798219 
-0.849239 -1.78038 1.59299 
0.261621 -1.48298 0.680177 
-1.03421 -4.42963 2.48018 
-0.643073 -3.78215 2.34102 
-1.0685 -1.98074 1.3333 
-0.132063 0.353863 0.110243 
1.0535 -1.49095 0.856403 
0.0781426 -3.63006 1.98659 
-0.125457 0.0958946 0.351099 
0.00761731 -0.00105438 0.455693 
2.10139 -7.85142 9.17225 
0.112796 -3.52993 6.19965 
0.0173552 -0.0170201 0.367022 
0.0200795 -0.0161977 0.374602 
-0.637052 -3.75331 2.32611 
-0.13106 0.101246 0.363511 
2.20206 -3.61393 6.49058 
0.0910533 0.0971354 0.337553 
