0.679997 -0.212473 -0.701755 -0.0128652 0.209431 0.973503 -0.0918136 0.257521 0.702668 -0.0845361 0.706478 -0.276386 0 0 0 1
0.999196 -0.0245994 -0.0316603 -0.00311311 0.0241909 0.99962 -0.0132202 -0.0079947 0.0319734 0.0124437 0.999411 -0.0305362 0 0 0 1
###
3.22171 -8.5829 12.3429 
9.86698 -11.6029 3.82817 
0.722921 -1.93973 -0.358788 
0.97146 -3.26052 0.676036 
0.845128 -2.38316 0.112576 
1.72786 -4.06602 0.367746 
6.37887 -11.259 14.0835 
-0.291129 -1.10555 1.26683 
-0.717052 -1.56582 1.06751 
0.80684 -2.24151 0.0437196 
0.177143 -0.376387 0.225841 
3.23224 -8.81536 -2.60379 
0.304743 -1.31271 1.88123 
-0.300754 -1.10404 1.23947 
3.17368 -3.0842 2.45623 
-0.61312 -3.2892 1.93809 
1.12723 -3.81597 0.769438 
0.220475 -2.0179 2.92776 
1.25927 -3.10212 4.53453 
0.389025 -0.263897 0.151085 
-0.324142 -0.494779 1.24243 
2.4626 -5.05547 -1.94137 
0.172669 0.433917 1.61546 
0.313645 -0.239517 0.395202 
1.35529 -0.971429 -0.311646 
-0.308752 -0.793476 1.18613 
0.761658 -3.68814 1.03126 
0.942156 -1.63017 0.471183 
1.85065 -1.15958 0.589171 
-0.272348 -0.466847 1.14726 
1.86884 -0.547203 0.0732429 
0.369586 -0.185373 0.134315 
0.285935 0.447437 1.63487 
0.643482 -3.51928 1.06626 
-0.445293 -1.39908 1.21143 
16.2254 -19.5731 6.68995 
0.19755 -0.446483 0.225259 
2.65 -10.8141 10.1219 
-0.225145 -1.59097 1.81363 
0.280876 -0.208856 0.283319 
0.247467 -0.791355 0.0591282 

1.50881 -4.99356 8.19109 
11.205 -13.8485 5.75078 
-0.953456 0.454881 1.05232 
0.467585 -5.56425 2.05442 
-1.2068 -4.62799 2.99051 
0.215208 0.187345 0.125057 
3.12397 -6.19473 8.70484 
-1.68311 -1.864 1.14501 
0.201892 0.168203 0.16251 
-1.40695 -5.1301 3.45233 
-0.484931 -5.39036 3.01043 
0.126213 0.203575 0.208891 
0.136863 -2.69831 4.65675 
-0.742058 -0.966632 1.83751 
-1.39135 -2.59108 2.59823 
-1.42743 -5.08211 3.55086 
-0.156803 -5.4821 2.7691 
-3.18305 -5.00882 3.99916 
0.898542 -2.89043 4.85507 
0.293618 -0.136575 0.334986 
-0.766805 -0.571949 2.00927 
-3.67104 -5.05811 1.9295 
-0.132914 0.225273 0.697331 
-0.0215757 0.132857 0.690998 
-0.600157 0.123357 0.402903 
-1.34943 -0.231621 0.775017 
-0.483083 -5.23439 2.94391 
1.33021 -2.39744 0.685805 
0.14327 0.231304 0.13761 
0.18673 -0.144979 0.606217 
2.63329 -0.88247 0.371516 
0.256273 0.148397 0.205581 
-0.111767 0.240212 0.17717 
-0.174687 -5.69961 2.88809 
-0.0321405 -1.2872 1.28077 
13.6224 -17.5882 7.35871 
1.19682 -5.6544 1.41164 
1.97009 -10.4383 10.977 
-1.57761 -2.60022 2.25364 
0.0146753 -0.0549212 0.562928 
-1.21901 -2.2841 2.22353 
