0.734882 -0.211527 -0.644364 -0.0303059 0.168098 0.97728 -0.129102 0.375699 0.657033 -0.0134412 0.753742 -0.288298 0 0 0 1
0.999194 -0.0245715 -0.0317566 -0.00308144 0.0241571 0.999619 -0.0133695 -0.0079339 0.032073 0.0125916 0.999406 -0.0305487 0 0 0 1
###
4.49813 -8.09564 10.7769 
4.19024 -5.86242 -2.59844 
9.9876 -11.75 3.87211 
1.10953 -1.61863 0.240995 
0.335252 -0.0502942 0.517314 
1.54607 -3.62536 0.337338 
2.51771 -9.90291 9.6327 
3.00787 -8.017 11.5523 
6.4086 -11.3335 14.1993 
0.915568 -1.56697 0.445553 
12.1319 -14.8171 5.21306 
-0.674792 -3.61709 2.02676 
0.448047 -2.24109 3.33197 
-0.960435 -1.4074 2.53915 
-0.277662 -0.465621 1.10095 
-0.29077 -1.06551 1.19509 
1.81518 -3.10136 4.13534 
-0.102175 0.190649 0.527783 
0.179163 -3.28188 1.34192 
0.111462 0.0686944 0.34273 
-0.481177 -1.45163 1.22167 
-0.279088 -0.800873 1.10083 
0.276938 0.434435 1.58403 
0.270269 -0.291436 0.300012 
-0.090516 0.173945 0.516063 
0.844195 -3.49885 0.482913 
-0.613919 -3.27473 1.92827 
0.342773 1.07319 2.78325 
-0.281446 -0.465546 1.10968 
-0.262505 -3.23568 1.68368 
-0.265317 -0.452323 1.10762 
1.00426 -1.56475 0.511711 
0.39223 -0.24896 0.168613 
0.16567 0.395207 1.50456 
-0.0575734 0.19907 0.521485 
16.1151 -19.4467 6.64645 
1.79071 -0.524665 0.0716034 
0.164122 0.375845 1.47469 
0.842214 0.419829 1.41993 
0.537771 -0.0711261 0.181816 
-0.576399 -3.14031 1.85321 

0.173435 -0.334491 0.517147 
0.0910873 0.239483 0.184824 
11.2896 -13.9531 5.7902 
1.32925 -2.37296 0.679939 
-1.78525 -0.972953 0.634376 
0.189697 0.160588 0.237543 
-1.83558 -5.20227 3.31404 
1.97785 -5.93551 9.79917 
3.11707 -6.18205 8.68645 
0.336749 0.0774077 0.289786 
13.2302 -17.1738 7.32016 
-1.40466 -5.1217 3.44779 
5.13532 -6.16102 7.07153 
0.0146864 -0.0548939 0.562927 
-0.788491 -0.591707 2.00245 
-0.740881 -0.965087 1.83516 
1.58383 -5.22322 8.57086 
-0.952576 0.454492 1.05163 
-0.156666 -5.49187 2.77483 
0.126214 0.203579 0.208886 
-1.21736 -2.28094 2.22099 
-1.34938 -0.231419 0.775459 
-0.018756 0.272819 0.300613 
-0.246409 0.248682 0.207764 
0.079395 0.236136 0.18634 
0.46421 -5.53093 2.05022 
-1.45389 -5.1785 3.61634 
-2.8606 -3.48655 0.312349 
-0.79308 -0.596624 2.00828 
-0.171869 -5.60338 2.84421 
0.186739 -0.144967 0.606216 
1.23058 -2.40555 1.13134 
-1.7311 -0.611321 0.545842 
-2.36692 -2.5745 0.325999 
-0.460605 0.440356 1.0002 
13.5204 -17.4608 7.2996 
2.62868 -0.880964 0.370659 
-0.114615 0.212708 0.631593 
0.368963 0.166427 0.0624048 
0.00573267 0.265414 0.275735 
-1.42096 -5.15724 3.60021 
