0.186661 -0.427995 -0.884295 0.605814 0.303756 0.881153 -0.362356 0.268054 0.934286 -0.200973 0.294483 0.52228 0 0 0 1
1 0 0 0 0 1 0 0 0 0 1 0 0 0 0 1
###
-0.463115 0.441105 1.00371 
1.10752 -2.46716 1.04733 
0.761692 -2.85879 0.562951 
4.75886 -6.26862 7.03042 
0.353952 0.114782 -0.151247 
0.187248 -2.06322 3.81846 
-0.78832 -0.521809 1.87648 
-0.5719 -0.0103094 0.533421 
-0.934595 -5.48823 3.40282 
-0.788818 -0.592084 2.00287 
0.582309 0.093993 -0.353291 
13.2836 -17.246 7.35079 
1.14465 -2.49485 0.219269 
-0.83902 -1.73414 2.34314 
-0.463743 0.442238 1.01075 
-0.36729 0.426076 0.980471 
0.461547 0.0991876 -0.282605 
-0.176661 0.0664505 -0.109627 
-0.368369 0.426783 0.981176 
0.0560825 0.216418 0.286993 
13.5147 -17.455 7.29638 
-0.177839 -2.25781 3.69645 
3.29242 -6.61611 9.30775 
-0.0321782 0.0808181 -0.0815747 
1.24381 -2.43067 1.13844 
0.0580121 0.216275 0.285841 
12.8646 -16.6368 6.91423 
2.60698 -0.121076 -0.77204 
0.237155 0.184001 0.0570686 

0.290168 0.00235873 0.211013 
0.915568 -1.56697 0.445553 
1.19273 -1.98343 0.572356 
-0.076521 -0.962579 1.15459 
0.212361 0.101562 0.0207271 
3.00787 -8.017 11.5523 
-0.277662 -0.465621 1.10095 
0.447212 -1.73424 2.70018 
1.00541 -4.20628 1.03981 
-0.281446 -0.465546 1.10968 
-0.0575734 0.19907 0.521485 
14.6702 -17.7893 6.10554 
3.90814 -3.79558 3.00912 
-0.28387 -1.07358 1.22905 
1.84209 -0.48109 0.0576887 
0.116135 0.113799 0.101161 
-0.34694 0.134434 0.36528 
-0.034732 0.0897817 0.2477 
0.0965177 0.0723842 0.322486 
0.209348 0.0847255 0.0794315 
16.1151 -19.4467 6.64645 
-0.294916 -4.23113 5.16965 
4.09547 -7.26293 9.12199 
0.261196 -0.0702103 0.454681 
-0.752777 -1.37782 0.706234 
0.203655 0.0810519 0.0768168 
3.01471 -3.68653 3.54772 
1.58666 -0.0274261 -0.588261 
0.256463 0.0845982 -0.00945669 
