-0.262572 -0.297321 -0.917963 -0.013185 0.0939982 0.938937 -0.331001 -0.102873 0.960323 -0.173199 -0.218591 0.0980701 0 0 0 1
0.999931 -0.0117579 0.000274152 0.00804343 0.0117579 0.999931 -9.4465e-05 0.00352506 -0.000273023 9.7682e-05 1 0.000946184 0 0 0 1
###
0.116218 0.0838738 0.258318 
0.0384064 -0.630434 0.0595766 
-0.0146813 0.102795 -0.0721933 
-0.0259479 0.119966 -0.0523009 
-0.0676523 0.0446947 -0.059977 
-0.0536267 0.144388 -0.0585186 
-0.00674683 -0.99765 -0.251464 
0.0587597 -0.386416 -0.141838 
-0.00680357 -0.275891 -0.226994 
-0.019898 -0.234109 -0.255983 
-0.0552232 0.15266 -0.0591596 
0.179979 -0.784365 0.619422 
0.0489806 -0.854781 -0.0544863 
2.08133 -2.06962 -0.299293 
2.39127 -2.12663 0.39622 
0.104593 -0.843732 -0.701236 
0.01842 -0.251157 -0.148751 
0.150836 -0.806278 0.532527 
1.71424 -1.70693 -0.264311 
0.0948331 -0.824776 0.131666 
-0.040902 -0.131063 -0.194242 
-0.0131813 0.143396 -0.141735 
0.373522 -0.538519 -0.349417 
-0.0864034 0.138188 -0.122958 
0.10766 -0.126601 0.295212 
1.89736 -1.44871 0.934752 
-0.0137101 0.143208 -0.141076 
-0.0396808 -0.13652 -0.198326 
-0.143574 -0.340637 -0.19676 
-0.0177186 0.296654 0.0514224 
1.56201 -1.35491 0.249277 
0.389409 0.374446 0.161306 
-0.121114 -0.290346 -0.138412 
0.390728 -0.537485 -0.308672 
0.0649553 -0.307624 -0.177268 
0.0304231 -0.767644 -0.0921282 
-0.0537437 -0.0971404 -0.0200998 
2.57596 -2.00315 0.898681 
0.053244 -0.00416532 0.0548109 
-0.0468969 0.159444 -0.0547343 
0.0140116 0.191559 -0.0477291 
0.172803 0.294705 0.115892 
0.183713 0.372129 0.199452 
0.167202 -0.862612 0.441751 
0.0901188 0.0941505 0.214382 
1.11623 -2.36742 -1.03939 
0.0697878 -0.850849 0.00225026 
0.28602 -0.39092 0.501987 
0.162304 -0.831899 0.432985 
0.18782 -0.777276 0.625256 
1.14352 -0.861026 0.555234 

-0.709003 -0.39523 1.29907 
0.358533 -3.82243 1.9298 
-0.133652 0.101285 0.36034 
-0.124663 0.0945242 0.337966 
1.05446 -1.40055 0.830922 
-0.89351 0.350429 0.594175 
2.12771 -0.762276 0.419112 
-0.992774 -4.24598 2.37353 
0.0257004 0.279003 0.210552 
-0.140002 0.113011 0.38449 
0.0273517 -0.111646 0.416161 
-0.906077 -3.77024 2.53503 
0.353927 -3.74301 1.88878 
4.09533 -4.20008 6.05763 
2.59801 -4.43389 7.23822 
-0.131063 0.101249 0.363522 
-0.192538 0.300126 0.306165 
-0.636612 -3.75041 2.32455 
3.95192 -4.04561 5.78888 
0.0869336 -3.62027 1.97645 
-0.147301 0.127878 0.409968 
-1.23256 -0.77126 0.210416 
11.028 -7.8858 6.95139 
-0.973791 0.371525 0.667905 
-0.658432 -1.17964 1.5286 
4.29033 -3.97832 6.0456 
-1.23894 -0.782032 0.2215 
0.215271 -0.0401374 0.192063 
-4.14156 -6.37433 0.20647 
-1.00737 0.272084 0.355762 
2.16645 -8.09166 9.4519 
-0.883686 -1.2008 0.0454158 
0.628027 -0.367995 0.0571628 
2.27353 -1.75399 2.41662 
1.0481 -1.39176 0.83521 
-0.234785 -3.83387 2.26461 
0.524858 -3.73552 1.81335 
1.27527 -3.86482 7.00662 
-1.06814 -1.97998 1.33281 
1.90973 -0.0401703 0.413952 
-0.539327 0.405902 0.590757 
-0.896226 0.347256 0.587617 
-0.206409 0.318654 0.0103307 
0.778537 -3.86651 1.73105 
-0.132218 0.101271 0.364628 
10.2189 -9.44656 5.75187 
0.340516 -3.76459 1.91037 
-1.23308 -2.26946 1.53164 
0.0780258 -3.61594 1.98007 
-2.15743 -8.79512 6.05105 
-11.5532 -30.574 33.1061 
