0.989919 -0.13756 -0.0337432 0.157229 0.130682 0.978923 -0.156943 0.00166256 0.0546211 0.150951 0.987031 0.0524492 0 0 0 1
0.999307 -0.026972 -0.0256357 -0.00122332 0.0282093 0.998391 0.0491979 0.00350334 0.0242675 -0.0498869 0.99846 -0.00172179 0 0 0 1
###
-3.86793 -5.88409 5.9017 
1.18188 -1.33631 3.25496 
-0.365423 0.138907 0.740813 
0.675391 -1.56799 1.72539 
0.835604 0.388385 0.339913 
-0.0254365 0.158743 -0.0471668 
0.765826 -0.643359 0.0979946 
-1.11012 -1.44535 0.808899 
0.666673 0.506471 0.584571 
0.0316695 -1.55558 4.32244 
-1.08723 -1.41856 0.791837 
-0.234931 0.158094 -0.0465959 
-0.639301 0.229848 0.165133 
-0.451034 0.305679 0.309686 
0.892725 0.412866 0.367283 
-0.629001 0.225928 0.160676 
-1.26304 0.78643 1.4725 
-0.434042 0.293297 0.300191 
0.0661357 0.226914 0.0525327 
0.139417 0.181572 -0.0444017 
0.0279193 0.0852938 0.0265382 
0.858661 0.389454 0.329389 
-0.210667 0.238251 0.24212 
1.25551 -0.972046 3.68428 
-2.6379 -4.05221 8.50324 
1.99518 -1.51954 2.92783 
1.14782 -0.914143 3.35996 
0.0526163 -1.51536 4.23392 
0.280101 -0.429316 -4.28598e-05 
0.679657 0.513806 0.588538 
1.06199 0.482205 0.433202 
2.69655 -2.01747 3.9068 
-1.62813 -2.40805 5.10312 
-1.31879 -1.55697 1.15447 
-2.56042 -2.67495 4.20222 
-0.616131 -3.29709 1.85005 
-0.174329 0.253302 0.136323 
-0.635459 0.227215 0.162559 
-0.00506893 0.317346 0.332049 
0.978911 -1.15634 1.81669 
-1.84537 -2.80342 5.88256 
0.694422 -3.23209 2.81779 
0.870386 0.516559 0.548317 
-0.582513 0.249803 0.221615 

0.0915011 -0.207848 0.237224 
0.532922 -1.18517 1.49256 
0.0841425 0.064849 0.190506 
0.16935 -0.333683 0.0493085 
0.0856231 0.115405 0.0978684 
0.0116857 -0.00776132 0.000104143 
0.0117995 -0.00907444 0.000175976 
0.0314528 -1.1071 -0.46934 
-0.0595911 0.126825 0.233436 
-0.00497432 -0.103863 0.122964 
0.168627 -0.229526 0.274695 
0.124495 0.108247 -0.0482469 
-0.0584341 0.122962 0.224338 
-0.0365963 0.116188 0.215467 
-0.177646 -0.00507888 0.249147 
0.100885 0.112106 0.0143092 
0.0473175 -0.309404 0.382751 
-0.208249 -0.0152298 0.291572 
0.126483 0.101604 -0.15244 
0.100809 0.0473099 0.0929609 
-0.230388 -0.061462 0.330105 
0.111053 0.0969984 -0.13264 
0.0116915 -0.00875215 0.000427718 
0.0114215 -0.00842608 0.000591034 
0.145459 -1.51142 1.87358 
0.258677 -0.267883 0.201183 
0.0967339 0.106994 0.0169199 
-0.207853 -0.681968 0.821425 
-0.189524 -1.32715 1.60269 
0.0872407 0.112956 0.0809183 
-0.0402594 0.124061 0.229792 
0.0132415 -0.00886422 -0.00063209 
0.171187 -1.76149 2.16341 
-0.443642 -0.793593 0.857341 
-0.0392093 -0.445088 0.530219 
0.0779845 -0.394813 0.00418213 
0.097374 0.111124 0.0212253 
-0.0533431 0.112819 0.207462 
0.124776 0.10154 -0.127455 
0.102432 0.0135147 0.130776 
0.331854 -0.395223 0.268377 
0.0160286 -0.0498564 0.00740337 
0.0949509 0.109931 0.0313828 
0.0877848 0.116855 0.0993987 
