0.986782 -0.161574 -0.0124343 0.203607 0.156936 0.971941 -0.175217 0.0248953 0.0403958 0.170949 0.984451 0.0580558 0 0 0 1
-0.784495 -0.272064 -0.557269 -0.0108091 -0.030389 0.914411 -0.403645 -0.0473957 0.61939 -0.299723 -0.725619 0.0568706 0 0 0 1
###
-0.346153 0.131439 0.701694 
4.49792 -3.151 3.06098 
0.717224 -2.07639 2.18933 
1.01084 -1.15137 2.78186 
0.733482 -1.68198 1.85415 
-1.07036 -0.663287 0.454252 
-0.551111 0.234204 0.206423 
-3.96037 -6.02849 6.0451 
0.26026 -1.07447 1.87055 
-2.54022 -3.78915 7.97454 
-0.667596 -3.85165 2.20303 
-0.560464 0.239796 0.201526 
0.741738 0.347405 0.299821 
-13.7384 -21.4779 45.4326 
-1.15617 -4.6148 2.28569 
-0.602542 0.216523 0.155043 
0.792404 0.368834 0.323946 
-0.193377 -0.0164806 -0.0152709 
0.772597 -1.71875 1.89186 
-0.511472 -2.65951 1.50079 
-1.11663 -1.51974 0.848392 
0.135393 0.173401 -0.0424412 
0.615505 0.464419 0.531635 
-1.83508 -1.84265 1.80388 
-2.39442 -2.0155 2.62087 
-4.85049 -5.17819 8.199 
-0.415779 0.307303 0.595231 
-0.605012 0.216446 0.154683 
-3.94248 -3.37595 4.59395 
-1.65124 0.328584 1.42953 
3.46436 -2.47536 4.44587 
-1.63904 -1.31357 1.72424 
-0.568523 -2.9538 1.6611 

-0.0901489 -0.140377 -0.0287959 
0.353664 -0.568813 -0.430277 
-0.0790775 -0.248564 0.0163075 
0.0845433 0.100451 0.0635109 
-0.0523132 -0.142102 -0.030323 
0.136431 0.000667315 -0.0100311 
-0.0571875 0.0948391 -0.0324513 
0.488754 -1.10349 -0.503821 
-0.0546048 -0.138131 -0.0424389 
-0.0303121 -0.0598428 -0.0789568 
-0.000696301 -0.0970881 0.0165377 
-0.168359 -0.00949354 -0.126747 
-0.0280887 0.0940077 0.00841366 
0.0938795 -0.857121 -0.674534 
0.0479231 -0.383806 0.0130121 
-0.0411853 0.0643555 -0.0284769 
0.0986964 0.114114 0.0463086 
-0.056334 -0.356764 -0.306202 
-0.0564605 -0.111612 0.0263924 
0.0983315 -0.420277 0.0195082 
0.184594 -0.167328 -0.0450492 
0.064455 0.10649 0.00157493 
0.0028131 0.10496 0.0176194 
0.222042 -0.208061 0.0957178 
-0.0230258 0.0881776 0.00228634 
0.386688 -0.995847 -0.748908 
-0.0254095 0.046686 0.00319708 
-0.0110829 0.103862 0.0172031 
0.442771 -0.702789 -0.524592 
-0.0317718 0.0500425 0.00471938 
-0.205455 -0.249304 -0.143979 
0.221836 -0.239574 -0.173449 
0.000370826 -0.0649142 0.0178504 
