0.986782 -0.161574 -0.0124343 0.203607 0.156936 0.971941 -0.175217 0.0248953 0.0403958 0.170949 0.984451 0.0580558 0 0 0 1
0.99975 -0.0159805 -0.0156135 -0.00302473 0.0165232 0.999241 0.0352683 0.00669715 0.0150381 -0.0355175 0.999256 -0.00165033 0 0 0 1
###
-0.596126 0.213592 0.152924 
-0.906854 -0.507536 0.15754 
-2.13351 -1.80882 2.3161 
0.733482 -1.68198 1.85415 
-0.551111 0.234204 0.206423 
-3.96037 -6.02849 6.0451 
-2.54022 -3.78915 7.97454 
-0.560464 0.239796 0.201526 
-0.0318639 0.183965 0.00664238 
0.741738 0.347405 0.299821 
-0.197407 -1.20111 3.52712 
-13.7384 -21.4779 45.4326 
-0.349404 0.133449 0.711034 
-0.602542 0.216523 0.155043 
0.792404 0.368834 0.323946 
1.70369 -8.05097 15.676 
-0.193377 -0.0164806 -0.0152709 
2.46575 -1.79071 3.19353 
-0.511472 -2.65951 1.50079 
0.975175 -1.68205 0.203348 
0.615505 0.464419 0.531635 
-2.06418 -3.09375 6.55966 
-0.157854 0.23159 0.118254 
-0.165145 0.23533 0.126175 
-0.605012 0.216446 0.154683 
1.73912 -2.76859 0.37682 
-3.94248 -3.37595 4.59395 
0.796608 0.457243 0.486559 
-2.09963 0.946622 1.80934 
-0.552217 0.236276 0.208897 
1.38852 1.04513 1.82035 
3.46436 -2.47536 4.44587 
-0.568523 -2.9538 1.6611 
0.252493 -4.08448 2.9496 
0.813094 0.380364 0.341128 
-0.165488 0.23683 0.127005 

0.138038 -0.0235552 -0.00264076 
0.0884056 0.0691702 -0.121828 
-0.0778585 -0.489056 0.641191 
0.260408 -0.362205 0.069939 
0.13855 -0.0446051 0.00228823 
0.0929121 -0.205405 0.240617 
-1.37005 -2.17909 1.61886 
-0.0405995 0.119609 0.219572 
-0.0510381 0.105025 0.192645 
0.0872424 0.11764 0.0989282 
-0.117498 -0.260494 0.292994 
0.0487699 -0.130077 0.169367 
0.087283 0.0451409 0.211212 
-0.060751 0.122843 0.221481 
0.0890132 0.118521 0.10002 
0.0156516 -0.0137323 -0.000110317 
0.129781 0.0968244 -0.129527 
-0.28603 -0.430196 0.364846 
0.0983315 -0.420277 0.0195082 
-0.191731 -1.30818 1.64667 
-0.0603585 0.12437 0.226919 
0.147464 -1.48716 1.93929 
0.102471 0.111781 0.0213197 
-0.0477069 0.0975503 0.179292 
0.103448 0.111519 0.0132543 
-0.377347 -1.1771 1.43777 
0.442771 -0.702789 -0.524592 
-0.0373936 0.107521 0.199636 
0.316279 -0.382934 -0.236098 
0.0925573 0.117563 0.0774433 
0.126813 -0.0705597 0.126945 
0.0157724 -0.0141045 -0.000396107 
0.12143 -0.358624 0.0251737 
0.0334364 -0.0942004 0.0143556 
-0.0356598 0.108774 0.200554 
0.100467 0.112069 0.0204061 
