0.988333 -0.150075 -0.0259706 0.188245 0.143788 0.975618 -0.165812 0.018403 0.0502217 0.160144 0.985815 0.0563703 0 0 0 1
0.99975 -0.0159805 -0.0156135 -0.00302473 0.0165232 0.999241 0.0352683 0.00669715 0.0150381 -0.0355175 0.999256 -0.00165033 0 0 0 1
###
-2.19318 -3.168 7.19681 
0.731859 -1.67956 1.85065 
-2.79307 -4.17395 8.77504 
-2.17919 -1.85057 2.36615 
-0.251253 -0.202359 0.24302 
0.736599 -0.619279 0.10113 
-0.603892 0.217053 0.155468 
-0.564377 0.241719 0.203067 
-0.551315 0.234408 0.206354 
0.0444108 -1.82358 5.06064 
0.75643 -1.72669 1.89998 
-13.8388 -21.5911 45.6286 
-1.26592 -3.77496 1.53446 
0.884693 0.676382 0.8116 
0.782528 0.36482 0.319761 
0.794623 -1.13326 1.75336 
-0.350219 0.133719 0.712665 
-1.02115 -1.33115 0.740896 
2.22152 -1.61565 2.88286 
-0.404616 0.271984 0.277103 
0.133077 0.172386 -0.0424152 
0.308571 -1.21902 1.90461 
-0.183106 -0.00665568 -0.0285418 
1.4605 0.442669 1.62907 
0.608633 0.459883 0.525723 
-1.92367 -2.8713 6.0888 
-4.57952 -4.88915 7.72564 
0.0618759 0.213382 0.0488747 
2.48002 -1.33583 0.88823 
-2.80557 -4.33162 9.09664 
-0.604353 0.216231 0.154345 
-0.0400379 -0.0689915 0.660422 
0.451105 0.470419 0.555799 
-0.591467 -3.09289 1.73715 
-0.984951 -0.507862 0.105274 
0.255058 -4.1293 2.98907 
-0.5522 0.236336 0.208702 

0.147464 -1.48716 1.93929 
0.260408 -0.362205 0.069939 
0.0487699 -0.130077 0.169367 
-0.410856 -1.13861 1.41392 
-0.188036 -0.392639 0.442857 
0.0536706 0.117909 0.167033 
0.103448 0.111519 0.0132543 
-0.0405995 0.119609 0.219572 
-0.0356598 0.108774 0.200554 
-0.21001 -0.679974 0.841121 
0.200458 -0.387099 0.0691897 
0.253169 -0.310523 0.226922 
0.142948 -0.403392 0.0462781 
0.102537 0.117389 0.0466624 
-0.179115 -0.00654886 0.247148 
0.0156516 -0.0137323 -0.000110317 
0.087283 0.0451409 0.211212 
-0.328729 -1.51395 1.92427 
-0.28603 -0.430196 0.364846 
0.136372 0.0963422 -0.144988 
0.102471 0.111781 0.0213197 
0.475857 -0.46843 0.180355 
0.10645 0.0132851 0.139683 
0.120342 0.0247002 0.0728133 
0.0889059 0.114718 0.0613843 
-0.4111 -1.61666 1.95859 
-0.0566221 -0.447751 0.54982 
0.131826 0.0961748 -0.154494 
0.0867344 0.118588 0.0992202 
0.173018 -1.7124 2.22266 
-0.0412713 0.113155 0.21025 
0.106229 0.013971 0.136122 
-0.0603585 0.12437 0.226919 
0.0623056 -0.262664 0.0090303 
0.288733 0.521806 -0.534363 
0.105451 -0.244668 0.0421647 
0.0925573 0.117563 0.0774433 
