0.174419 -0.395714 -0.901659 0.542961 0.317396 0.889414 -0.328942 0.242359 0.932115 -0.228809 0.280729 0.518564 0 0 0 1
0.995039 -0.0115837 -0.0988106 -0.00781963 0.00979486 0.99978 -0.0185696 -0.0010389 0.0990039 0.0175096 0.994933 -0.00500569 0 0 0 1
###
0.480314 -0.0521659 1.14786 
3.7574 -14.0072 3.45662 
4.79646 -6.31497 7.084 
0.0105797 0.0428494 -0.315647 
-0.589393 0.0363869 0.456391 
12.8128 -13.5138 4.9308 
4.02943 -4.7337 0.627983 
-0.813965 -1.56913 2.22647 
0.186892 -2.07454 3.82999 
4.22689 -4.93894 0.694708 
1.12614 -3.28756 0.628683 
0.272584 0.00973178 -0.597108 
-1.45389 -5.1785 3.61634 
-0.464203 0.441418 1.00884 
0.57364 0.0937354 -0.348471 
13.2302 -17.1738 7.32016 
0.202878 -0.00841185 0.976096 
0.518617 0.111005 -0.28373 
1.15124 -2.30195 1.09476 
0.0554103 0.216437 0.286724 
1.10246 -2.44658 0.330128 
-0.156666 -5.49187 2.77483 
-0.0732357 0.213543 0.568598 
1.81516 -2.43842 0.498726 
-0.276571 0.0911456 0.0749783 
2.20538 -0.806773 -0.893889 
-0.171869 -5.60338 2.84421 
1.91226 -10.1353 10.6632 
0.632345 0.377364 2.77738 
13.5204 -17.4608 7.2996 
1.61019 -3.10442 0.12028 
-0.305661 -2.15961 3.42873 
2.79878 -5.34548 8.1516 
-0.367363 0.426143 0.980741 
-0.242662 -2.04596 3.37123 
-0.904778 -5.39233 3.34191 

1.12994 -1.64243 0.245788 
0.201802 0.045652 0.230909 
0.223509 -1.44115 2.13603 
0.216582 0.102851 0.0213402 
0.454644 -1.76251 2.74381 
11.1124 -10.9652 3.04383 
2.00653 -3.39561 4.55258 
-0.288106 -1.09122 1.24972 
3.1283 -8.33386 11.9963 
-0.773175 -0.566102 0.247415 
2.22239 -2.46501 1.41566 
-0.467555 0.170771 0.459686 
0.309482 -3.45223 1.32466 
-0.105285 0.191629 0.518104 
-0.0618337 0.205668 0.537378 
12.0278 -14.6756 5.15723 
0.269014 -0.105583 0.253762 
-0.509686 0.153791 0.373704 
0.99663 -1.55961 0.502096 
0.369475 -0.0614607 0.0795965 
0.876494 -1.50544 0.00357462 
1.2723 -4.20071 0.811606 
0.771116 -2.11593 0.0500219 
2.38564 -2.53825 0.0237314 
-0.104763 0.193835 0.524361 
0.172914 0.0120487 0.317668 
0.169662 -3.40858 1.40412 
0.180654 0.0874941 0.108589 
0.611624 0.138001 1.67066 
16.1682 -19.5056 6.66473 
0.151671 0.0711815 0.16184 
-0.298543 -4.29126 5.24237 
1.82241 -1.76347 -0.0343315 
0.0979182 0.073414 0.327164 
0.468421 -3.01633 4.52549 
-0.252089 -3.21754 1.6668 
