-0.980936 -0.183309 -0.0645175 0.012167 -0.154299 0.936513 -0.314856 -0.0215156 0.118137 -0.298899 -0.946944 0.0299376 0 0 0 1
1 0 0 0 0 1 0 0 0 0 1 0 0 0 0 1
###
-0.236207 -1.03013 -0.632929 
-0.399266 -1.20364 -0.602962 
-0.0893562 -0.13572 -0.0281485 
-0.054434 -0.833678 -0.525798 
0.136769 0.000479184 -0.0103683 
-0.102871 -0.811185 -0.514268 
-0.147014 -0.260474 -0.137925 
0.0417909 -0.331557 0.0168427 
0.0825922 -0.805449 -0.639454 
0.125107 0.0962655 -0.162312 
-0.43559 -0.571633 -0.199541 
-0.054419 -0.144505 -0.0314169 
0.0701097 -0.719854 -0.572897 
0.00114097 0.00749432 0.00317324 
-0.020928 -0.0689497 0.0151506 
0.0708675 -0.396436 0.0147597 
0.256173 -0.566531 -0.462264 
-0.00161261 0.0372197 -0.0383085 
-0.0551436 -0.147609 -0.0318778 
-0.0627937 -0.474721 -0.00603895 
-0.00930537 -0.0243771 0.0183147 
-0.199749 0.0638147 -0.194404 
0.394769 -0.63418 -0.483091 
0.0670876 -0.39445 0.012447 
0.129236 0.0965373 -0.129225 
0.648847 -0.76714 -0.493097 
0.180848 -0.179127 -0.0968719 
0.110991 0.0911718 -0.157135 
0.0587495 0.106919 -0.00252898 
0.139486 -0.0414293 -0.000917193 
0.28885 -0.652718 -0.538149 
-0.529734 -1.16359 -0.591419 
-0.0533342 -0.142267 -0.0306834 
-0.196889 -0.0132889 -0.122926 
-0.0247175 -0.134306 0.0099009 
0.00110684 -0.0327442 0.0226736 
-0.194742 -0.112691 -0.121086 
0.145202 -0.0873624 0.00471043 
-0.165218 -0.48146 -0.0239128 
-0.196819 -0.114404 -0.122442 
-0.247727 -0.460645 0.00301458 

-1.6073 -5.61422 10.632 
0.891397 -1.27114 1.96145 
0.65136 -1.19061 2.23099 
-0.156057 -6.91843 14.4006 
-1.20864 -0.752264 0.516051 
-1.28436 -5.95961 11.7174 
0.213007 -0.500408 1.28368 
-1.3649 -4.05769 1.65199 
-3.06432 -4.7309 9.95027 
-3.4685 1.16553 2.25513 
1.22603 -1.35059 3.22889 
0.346186 -1.34036 2.10295 
-2.64214 -4.03811 8.48982 
-0.513979 -1.41353 3.9324 
-0.833707 -4.84885 2.76859 
-1.14475 -4.54088 2.25104 
-1.65331 0.757102 1.43011 
0.868474 0.406343 0.364307 
0.33484 -1.32512 2.07418 
-0.594899 -3.08271 1.74248 
-0.476644 -3.82291 2.36828 
-2.08476 0.583837 1.12654 
-5.07425 -4.50188 6.15149 
-1.03113 -4.11491 2.03983 
-0.645372 0.231362 0.165462 
-1.41346 -1.51161 1.29227 
-1.45841 -1.54797 1.34323 
-0.292451 0.204646 0.652782 
-0.241674 0.161835 -0.0493362 
1.21513 -0.253871 2.0134 
1.19483 -1.35518 3.24267 
2.58135 -5.10374 12.8159 
0.809761 -1.54113 1.74667 
1.07607 0.55927 2.7043 
-0.686612 -3.7065 2.09335 
0.213419 -3.91603 2.82314 
1.15831 -0.293 3.27195 
-0.18569 -0.034915 0.765199 
-0.0960729 -0.897859 0.608545 
0.141971 0.290877 0.180008 
-0.597499 0.254057 0.223838 
