-0.314253 -0.195436 -0.929005 -0.0305393 -0.217707 0.967337 -0.129857 -0.126809 0.924039 0.161443 -0.346537 0.0434909 0 0 0 1
0.999821 -0.0182542 -0.00502923 0.0213637 0.0183073 0.999775 0.0107249 0.013993 0.00483232 -0.010815 0.99993 0.00177613 0 0 0 1
###
2.8853 -2.27084 1.02536 
1.97853 -1.61006 0.373504 
0.330803 -0.402877 -0.270747 
-0.062649 0.136226 -0.111512 
1.0231 -2.13537 -1.01283 
0.12148 -0.321018 -0.244687 
-0.00280126 0.224736 -0.0355784 
-0.0151089 0.100598 -0.0711232 
-0.100709 -4.64077 -3.45654 
-0.0683175 0.0966209 -0.0160308 
-0.0264496 0.117818 -0.0512464 
-0.0609128 0.189278 -0.0433039 
2.07421 -2.06743 -0.307472 
-0.0374482 0.13868 -0.0509841 
-0.00351076 -0.290834 -0.23262 
-0.0228841 -0.215314 -0.246313 
0.144096 -0.0740853 0.112751 
1.7565 -1.75283 -0.278449 
0.178422 -0.202451 -0.31664 
-0.00291437 -0.312626 -0.316449 
2.42181 -2.13519 0.402505 
0.102504 -0.406533 -0.516684 
2.49006 -1.93744 0.868012 
0.23223 0.166594 -0.188 
0.0817802 0.292304 0.191837 
-0.0113693 0.286574 0.00957922 
2.30365 -5.18735 -2.70241 
-0.0163901 0.182376 -0.0516257 
-0.0760244 0.17047 -0.10864 
0.0316389 -0.28975 -0.154521 
-0.0148576 0.142048 -0.139148 
0.481313 -0.353336 0.287366 
-0.0713137 0.15445 -0.107764 
-0.0134516 0.120981 -0.0543085 
0.0930289 0.0919859 0.219234 
-0.0659856 0.189158 -0.0331059 

1.32969 -4.01937 7.2818 
-0.842419 -1.75155 1.52788 
-1.2309 -2.26537 1.52907 
-0.145502 0.124884 0.401834 
8.40012 -7.36847 4.57209 
-0.906534 0.320775 0.496017 
-0.00325613 0.0276673 0.370521 
-0.103979 0.042603 0.42269 
4.04695 -2.7554 1.42814 
-1.23267 -0.771375 0.210455 
-0.124662 0.0945229 0.337974 
0.16353 0.15073 0.148236 
-0.47814 -1.64005 2.24207 
0.055358 0.193172 0.237598 
0.0256987 0.279001 0.210548 
2.06356 -1.62211 2.20137 
-0.799348 -1.71681 1.61202 
3.96411 -4.0592 5.80626 
2.57599 -1.2622 1.38412 
-0.536967 0.411145 0.599241 
2.41375 -4.19296 6.89059 
0.0277475 -0.0443069 0.396944 
1.51172 -4.34696 7.98726 
-0.0159398 0.295732 0.102749 
-1.12755 -4.85945 2.71628 
-0.0445775 0.0399407 0.413985 
-2.21696 -9.41707 10.6125 
0.185125 -0.0427197 0.230665 
0.161888 0.15272 0.147809 
2.05601 -7.74562 8.71839 
-0.147321 0.127927 0.410057 
-1.06815 -1.98002 1.33301 
0.194467 0.0668714 0.161691 
-0.129254 0.0961455 0.345965 
-0.12546 0.0959048 0.351123 
0.0655239 -0.0708307 0.360655 
