0.978265 -0.201976 0.0469404 0.264123 0.207347 0.955277 -0.210838 0.0363126 -0.00225695 0.215988 0.976393 0.0612151 0 0 0 1
-0.790149 -0.268511 -0.550969 -0.0128375 -0.0269713 0.913293 -0.406408 -0.0469697 0.612322 -0.306263 -0.72888 0.0566582 0 0 0 1
###
-0.410704 0.30486 0.585728 
-1.51954 -5.29292 10.0139 
-0.60317 0.216315 0.154601 
2.20554 -1.61703 2.85542 
-4.95024 -7.53826 7.56752 
-12.435 -19.4949 41.2378 
1.79968 -2.20914 3.46678 
0.233734 -0.492145 1.07845 
1.10029 -1.21065 2.9126 
-0.779121 -4.52992 2.58375 
-0.467127 -3.79603 2.35042 
-1.42758 -1.90555 4.31198 
-1.0238 -1.32794 0.737501 
-0.221406 -0.603364 1.69692 
0.322457 -1.25096 1.96129 
-2.89915 -4.47776 9.40562 
-1.11861 -1.51294 0.842919 
-0.642293 -3.46578 1.95541 
-0.174593 -0.0364427 0.733441 
0.27704 -1.16706 2.04029 
3.5256 -2.46393 2.62909 
-1.77684 0.600642 1.1398 
-0.607891 0.217444 0.154475 
-2.89915 -4.47776 9.40562 
-3.30259 1.10854 2.14779 
-0.132239 -2.47578 1.75546 
-2.44164 -3.7562 7.8767 
-1.62765 -4.80197 1.90792 
-2.14429 -1.19917 0.289583 
0.135372 0.174305 -0.0429287 
1.60059 0.482739 1.77392 
0.437141 -1.70818 1.60197 
-0.402567 0.145882 -0.0340341 
0.479326 -0.466196 0.540344 

-9.23878e-05 0.0442964 0.00129947 
-0.053334 -0.822525 -0.520493 
-0.00167818 0.0497914 0.00148156 
0.144802 -0.135352 0.155404 
0.488754 -1.10349 -0.503821 
0.222042 -0.208061 0.0957178 
-0.0951385 -0.123595 0.00674583 
-0.056334 -0.356764 -0.306202 
-0.434246 -0.571682 -0.196373 
0.0981838 -0.427 0.0196553 
-0.00982327 -0.0276739 0.0183031 
0.0635417 -0.767174 -0.639271 
0.344023 -0.370804 -0.213236 
-0.074279 -0.293133 -0.257433 
-0.0543429 -0.147824 -0.0317707 
0.0773571 -0.758384 -0.598599 
0.197085 -0.186549 0.128079 
-0.0245167 -0.0862347 0.0140678 
0.00139226 0.0376278 0.0013703 
-0.0546048 -0.138131 -0.0424389 
0.237773 -0.269027 -0.207651 
-0.0558888 0.0721192 -0.16058 
-0.170247 -0.011694 -0.130252 
0.0594711 -0.757961 -0.596283 
0.12459 0.0961372 -0.161085 
0.0551886 -0.403301 0.0124441 
0.0732894 -0.758617 -0.595336 
-0.0205161 -0.0688819 0.0156012 
0.132756 0.104926 -0.0675878 
-0.0332526 0.0467357 0.00391612 
-0.0335505 0.0470973 0.00444578 
0.0107257 -0.386334 0.0247858 
0.000558958 0.107469 0.0473964 
0.107278 -0.121814 -0.0807405 
