0.978265 -0.201976 0.0469404 0.264123 0.207347 0.955277 -0.210838 0.0363126 -0.00225695 0.215988 0.976393 0.0612151 0 0 0 1
0.291537 -0.16597 -0.942051 -0.00733654 0.11908 0.983469 -0.136415 0.00594121 0.949119 -0.0724094 0.306481 -0.0237092 0 0 0 1
###
-1.51954 -5.29292 10.0139 
-1.40433 -4.91165 9.25999 
-12.435 -19.4949 41.2378 
0.730663 0.343169 0.29461 
-0.30166 -0.0475854 -0.0208723 
-2.55535 -3.80111 8.00251 
-0.48269 -1.32769 3.68908 
0.29244 -1.55295 4.33592 
-2.42696 -2.05353 2.65624 
-0.383651 0.131462 -0.0365788 
-0.225906 0.151771 -0.0461625 
0.901145 0.471377 0.480828 
-1.42758 -1.90555 4.31198 
-1.0238 -1.32794 0.737501 
-2.50128 -2.10302 2.74542 
-0.14394 -0.244863 -0.00793972 
-0.600496 0.214372 0.151376 
0.322457 -1.25096 1.96129 
0.829512 -1.18023 1.82256 
-2.89915 -4.47776 9.40562 
-1.11861 -1.51294 0.842919 
0.0990298 0.192111 -0.0154276 
-0.174593 -0.0364427 0.733441 
-0.0869961 -0.124965 -0.0320702 
3.5256 -2.46393 2.62909 
-2.89915 -4.47776 9.40562 
-1.69632 0.338212 1.46884 
-3.68857 -3.15962 4.27156 
-0.494567 0.161733 0.0200972 
0.745813 0.408576 0.397104 
-1.05364 -4.28541 2.1246 
-2.44164 -3.7562 7.8767 
-1.62765 -4.80197 1.90792 
-2.14429 -1.19917 0.289583 
0.135372 0.174305 -0.0429287 
1.60059 0.482739 1.77392 
-0.402567 0.145882 -0.0340341 
0.479326 -0.466196 0.540344 
0.885333 0.461589 0.460425 
-2.03562 0.648618 1.23491 
-0.167055 0.238165 0.127621 

-0.0412322 -0.470972 0.586016 
-0.21001 -0.679974 0.841121 
0.0976845 -0.0900797 -0.0440327 
0.0890132 0.118521 0.10002 
0.288733 0.521806 -0.534363 
0.0519495 -0.331458 0.42256 
0.118761 -0.137817 -0.0920719 
0.301347 -2.05119 2.78201 
0.353664 -0.568813 -0.430277 
-0.060751 0.122843 0.221481 
0.112743 0.0880412 -0.141896 
0.0815933 0.124122 0.149396 
0.100123 -0.158213 0.21991 
0.061173 -1.12096 -0.442361 
0.442771 -0.702789 -0.524592 
0.0160323 -0.0163243 -0.00129234 
0.103448 0.111519 0.0132543 
0.475857 -0.46843 0.180355 
0.0156065 -0.0136747 -8.15586e-05 
0.173018 -1.7124 2.22266 
0.108733 -0.628263 0.845475 
-0.0361111 0.106261 0.196846 
0.0856479 0.0682446 0.196903 
0.0434784 -0.150651 -0.0740119 
-0.0915502 -0.55437 0.72361 
0.0536704 -0.343466 0.435676 
0.129638 0.0332366 0.0252238 
-0.410856 -1.13861 1.41392 
0.0101254 0.120871 0.363527 
0.0865658 0.11701 0.0798418 
0.150525 -0.419574 0.0276414 
0.33635 -0.390355 0.280171 
0.142948 -0.403392 0.0462781 
0.0496193 0.0450645 -0.0541963 
0.0893682 0.11571 0.0729552 
0.0354828 0.12669 0.257575 
0.0625383 0.108793 0.0267901 
0.125535 -0.0801367 0.125216 
0.0651904 0.106881 0.00199726 
0.0742687 0.134674 0.26028 
0.130389 0.0981782 -0.130146 
