0.976643 -0.206416 0.0596708 0.287704 0.214295 0.95599 -0.200399 0.0422133 -0.0156791 0.208506 0.977895 0.0627138 0 0 0 1
0.291537 -0.16597 -0.942051 -0.00733654 0.11908 0.983469 -0.136415 0.00594121 0.949119 -0.0724094 0.306481 -0.0237092 0 0 0 1
###
-1.70486 -5.97422 11.3118 
-2.43786 -2.06147 2.6691 
-11.8045 -18.4946 39.1245 
-0.606585 0.217602 0.155538 
-0.533503 -0.41899 0.868993 
0.737998 0.346416 0.297182 
-1.65203 -1.31026 1.6968 
-2.60816 -3.87927 8.17304 
-2.44237 -2.04988 2.67697 
0.311022 -1.64662 4.56897 
1.8188 0.987853 1.76852 
-0.352025 0.133878 0.713519 
-1.11972 -1.60652 0.885347 
0.0410865 -0.685378 0.0849525 
1.51569 0.46012 1.69094 
0.760658 0.356517 0.309864 
1.5261 -7.32549 14.2503 
0.323872 -1.25634 1.97055 
0.133032 -0.381332 0.831361 
3.16299 -2.28231 4.02298 
0.0412799 -0.685785 0.0856568 
-0.452301 -1.89361 1.05736 
-0.503504 0.166743 0.0224256 
1.13692 -1.33325 2.08888 
0.568896 0.466681 0.529918 
-2.81989 -4.35006 9.13781 
-5.10966 -4.5397 6.19993 
-0.610046 0.218235 0.154866 
0.755423 0.412991 0.40249 
0.074768 0.178504 -0.0191864 
1.3256 -6.08978 11.9299 
-0.0622398 -0.110582 0.690346 
1.21512 -1.40478 2.20706 
4.34252 -3.58464 4.07217 
-0.61819 0.222764 0.158917 

-0.21001 -0.679974 0.841121 
-0.0778585 -0.489056 0.641191 
0.632424 -0.800284 -0.544743 
0.104908 0.110682 0.0079041 
0.301347 -2.05119 2.78201 
0.0890132 0.118521 0.10002 
0.353664 -0.568813 -0.430277 
0.184494 -0.160823 0.0139949 
-0.410856 -1.13861 1.41392 
-0.0752109 -0.315913 0.377722 
0.17435 -0.259508 0.25967 
0.102842 0.111297 0.0142478 
0.0976845 -0.0900797 -0.0440327 
0.0160323 -0.0163243 -0.00129234 
0.122167 -0.0508198 0.118354 
0.105131 0.048546 0.0968068 
-1.37005 -2.17909 1.61886 
0.475857 -0.46843 0.180355 
0.129781 0.0968244 -0.129527 
-0.110247 -0.171556 0.148755 
-0.0189037 -1.49786 2.01729 
0.170949 -0.398692 0.0317526 
0.0101254 0.120871 0.363527 
0.106229 0.013971 0.136122 
0.136386 0.10349 -0.087533 
0.0536704 -0.343466 0.435676 
0.442771 -0.702789 -0.524592 
-0.0373936 0.107521 0.199636 
-0.0361111 0.106261 0.196846 
0.0924898 0.113383 0.0444265 
0.33635 -0.390355 0.280171 
0.106872 0.012683 0.135891 
-0.0356598 0.108774 0.200554 
0.197635 -0.379658 0.0652749 
0.0651904 0.106881 0.00199726 
