0.984051 -0.17788 0.0017679 0.215631 0.174977 0.966101 -0.189819 0.0300238 0.032057 0.1871 0.981818 0.058924 0 0 0 1
0.991612 -0.0196788 -0.127745 -0.00490949 0.0290203 0.997005 0.0716819 0.00680159 0.125952 -0.0747878 0.989213 -0.00301669 0 0 0 1
###
-1.90454 -2.73468 6.2162 
-0.358572 0.302308 0.38213 
-2.29575 -3.4135 7.17823 
-0.224381 0.103589 0.643653 
-0.542051 0.230433 0.202937 
0.709546 0.333262 0.286284 
-1.01052 -1.07121 1.911 
-0.392018 -1.04849 2.9054 
0.298017 -1.57763 4.38902 
-13.4551 -21.0788 44.6052 
-2.98055 -4.51087 4.52511 
-2.20419 -1.86629 2.40148 
-1.24085 -1.40357 2.50518 
-0.54752 0.233739 0.197454 
-0.341819 0.130062 0.694095 
-1.13323 -1.54561 0.86377 
-1.33409 -1.50285 2.69999 
0.223897 -1.41464 3.91628 
1.10245 -1.20839 2.91125 
-3.0021 -4.65043 9.76967 
-0.521778 -2.71839 1.53594 
0.314233 -1.21646 1.90594 
0.794583 -1.13331 1.75143 
-0.412486 0.280638 0.289515 
2.94169 -2.12819 3.76283 
0.657585 0.365774 0.350974 
-1.07999 -1.54965 0.853956 
-0.593346 0.212227 0.151161 
-0.0431014 0.0773711 0.040835 
-0.543305 0.232669 0.20534 
-2.85571 -4.38801 9.30361 
-0.599252 0.215808 0.154344 
-0.612726 -3.30213 1.86221 
0.603637 0.456379 0.522601 
-1.71893 0.478758 0.921894 
-0.0281068 0.0873631 0.0525792 
-1.89618 -1.05085 0.252947 

0.301347 -2.05119 2.78201 
0.299459 -0.338991 0.0997214 
-0.0915574 -0.178968 0.183284 
0.099409 0.113871 0.0349279 
0.0625383 0.108793 0.0267901 
0.0890132 0.118521 0.10002 
0.230051 -0.207708 -0.0286267 
0.172723 -0.155323 -0.0432866 
-0.0752109 -0.315913 0.377722 
0.253169 -0.310523 0.226922 
-0.16042 -0.254057 0.176899 
0.353664 -0.568813 -0.430277 
0.108733 -0.628263 0.845475 
-0.0356598 0.108774 0.200554 
0.087283 0.0451409 0.211212 
0.12153 -0.131672 -0.0854645 
-0.117498 -0.260494 0.292994 
0.436124 -0.416242 0.156539 
0.131238 0.097518 -0.133113 
-0.4111 -1.61666 1.95859 
0.096885 -0.43999 0.0165236 
0.475857 -0.46843 0.180355 
0.0156516 -0.0137323 -0.000110317 
0.136372 0.0963422 -0.144988 
-0.110247 -0.171556 0.148755 
0.103859 0.0434828 0.0955323 
0.141528 -0.121449 -0.00714795 
0.102842 0.111297 0.0142478 
-0.0373936 0.107521 0.199636 
0.137498 0.0976367 -0.146395 
0.0536704 -0.343466 0.435676 
-0.060751 0.122843 0.221481 
0.0983315 -0.420277 0.0195082 
0.0889059 0.114718 0.0613843 
-0.0603585 0.12437 0.226919 
0.0530739 -0.0930014 -0.0933065 
0.0496193 0.0450645 -0.0541963 
