0.981321 -0.190243 0.0285809 0.24244 0.191986 0.958969 -0.208616 0.0329524 0.0122795 0.210206 0.97758 0.0606494 0 0 0 1
-0.784495 -0.272064 -0.557269 -0.0108091 -0.030389 0.914411 -0.403645 -0.0473957 0.61939 -0.299723 -0.725619 0.0568706 0 0 0 1
###
0.650007 -3.38102 6.63382 
0.781171 -1.78305 1.97138 
-1.07116 -5.02255 9.86 
-4.52535 -6.91184 6.91986 
-2.64005 -2.22536 2.92922 
-2.48795 -3.70099 7.79159 
-2.80472 -4.07505 9.20125 
-0.623403 0.226709 0.0226172 
-2.68457 -4.05477 4.05821 
-0.369362 0.1214 -0.0363775 
-0.552899 0.235056 0.207178 
1.63189 -7.7929 15.1764 
0.680231 -1.49478 1.76744 
-0.448936 -3.63326 2.25176 
0.320259 -1.23962 1.94394 
-0.380354 -2.93616 1.81773 
-2.97177 -4.59518 9.65916 
-2.43154 -2.0417 2.66331 
-0.173104 -0.0357081 0.712466 
0.317087 -1.24896 1.95338 
0.273242 -1.1497 2.01156 
-0.349169 0.130543 0.710168 
1.00242 0.562195 0.608705 
-0.603916 0.215954 0.15387 
-1.91148 -1.551 2.0411 
-1.13285 -0.703856 0.483888 
1.55817 0.470876 1.72859 
-1.22365 -5.11735 2.54309 
-0.36508 -3.39767 1.97094 
-0.610379 0.219855 0.157067 
-0.553044 -2.83788 1.59922 
0.223607 -3.84926 2.77197 

-0.142845 -0.251692 -0.130825 
-0.0523132 -0.142102 -0.030323 
-0.0989539 -0.801028 -0.499368 
0.488754 -1.10349 -0.503821 
0.442771 -0.702789 -0.524592 
0.168239 -0.152235 0.0703053 
-0.0303121 -0.0598428 -0.0789568 
-0.00160307 0.0498745 0.00122986 
0.452978 -1.09265 -0.480079 
0.0112985 0.0569824 0.00134532 
-0.0571488 0.094514 -0.031995 
-0.467762 -1.42294 -0.705079 
-0.0564605 -0.111612 0.0263924 
0.0981838 -0.427 0.0196553 
0.248193 -0.327264 0.263568 
0.0551886 -0.403301 0.0124441 
0.0732894 -0.758617 -0.595336 
-0.164576 -0.167406 -0.0620319 
0.00139226 0.0376278 0.0013703 
-0.066234 -0.133965 0.0343662 
-0.0546048 -0.138131 -0.0424389 
-0.032246 0.0476143 -0.024476 
0.00105416 0.0966857 0.0143618 
-0.168359 -0.00949354 -0.126747 
-0.0369767 0.0704818 -0.0233904 
0.137911 1.75672e-05 -0.00981984 
-0.00195278 0.0365011 0.000257023 
0.096885 -0.43999 0.0165236 
0.087905 -0.388885 0.0367018 
-0.170247 -0.011694 -0.130252 
0.129254 -0.402841 0.0247714 
0.0107257 -0.386334 0.0247858 
