0.710947 -0.121042 -0.692751 0.0145328 -0.128644 0.94607 -0.297327 0.447388 0.691379 0.300502 0.657034 -0.1849 0 0 0 1
0.99978 -0.0135651 -0.0160268 -0.0020449 0.0134054 0.99986 -0.0100287 -0.00488791 0.0161606 0.00981169 0.999821 -0.0185893 0 0 0 1
###
2.51835 -9.90561 9.63855 
2.86484 -7.61883 10.9923 
1.51647 -1.902 1.86074 
10.0302 -11.8015 3.88043 
6.42 -11.3418 14.1975 
0.184417 -0.165837 0.327765 
2.51143 -2.53252 1.3905 
0.418415 -0.250507 0.0938508 
0.280312 0.434664 1.58915 
1.51088 -1.08604 0.545917 
14.6493 -17.7599 6.09438 
0.227193 -2.12539 3.08464 
0.265867 -0.196077 0.309599 
0.915027 -1.58446 0.457469 
1.77722 -1.12426 0.571548 
0.238295 -0.919306 1.13541 
-0.0329057 -2.27 3.09453 
1.19658 -0.112039 0.144548 
0.822285 -0.204915 0.0963897 
0.312192 0.394355 1.5719 
16.0698 -19.3886 6.62542 
0.273379 -0.242482 0.275967 
0.53299 -0.212565 0.272658 
2.68249 -3.78728 -0.717595 
1.78422 -0.522828 0.0720106 
2.02108 -3.62743 4.46395 
0.224418 -2.12539 3.09221 
-0.264215 -0.452585 1.11278 
0.588697 -0.19285 0.281385 
3.04399 -3.70654 3.57488 
0.504811 -3.33026 5.05011 

-1.83419 -5.19843 3.31142 
2.10797 -6.42346 10.5531 
-2.2042 -7.56981 9.80439 
11.4646 -14.1673 5.87601 
3.10512 -6.15858 8.65263 
-0.107847 0.294609 0.384436 
-1.32211 -2.54721 2.65367 
0.00573286 0.265412 0.275735 
-0.0187542 0.272805 0.300603 
0.201896 0.168201 0.162502 
13.5377 -17.5714 7.48402 
-1.68239 -1.86328 1.1448 
2.39397 -0.692158 0.338833 
0.33681 0.0774279 0.289839 
-0.818908 -1.57024 2.26607 
-3.17664 -4.99898 3.99168 
-1.57499 -2.59606 2.25057 
-0.952662 0.454517 1.05172 
1.32912 -2.37271 0.679728 
-1.53004 -1.80062 0.239799 
13.6902 -17.6801 7.389 
12.8208 -13.5231 4.93236 
-1.78557 -0.973157 0.634453 
1.88614 -1.50922 0.0130626 
2.63233 -0.882193 0.370991 
1.88937 -10.093 10.5985 
0.136582 -2.68847 4.63956 
0.186741 -0.144968 0.606215 
0.199229 0.164207 0.168289 
12.9834 -16.7891 6.9748 
-1.21733 -2.28106 2.22099 
