0.981321 -0.190243 0.0285809 0.24244 0.191986 0.958969 -0.208616 0.0329524 0.0122795 0.210206 0.97758 0.0606494 0 0 0 1
0.291537 -0.16597 -0.942051 -0.00733654 0.11908 0.983469 -0.136415 0.00594121 0.949119 -0.0724094 0.306481 -0.0237092 0 0 0 1
###
0.650007 -3.38102 6.63382 
0.781171 -1.78305 1.97138 
-0.560558 0.239698 0.202459 
0.719395 0.337983 0.2903 
-2.64005 -2.22536 2.92922 
-2.48795 -3.70099 7.79159 
-2.80472 -4.07505 9.20125 
0.111751 -0.747316 2.23376 
-0.623403 0.226709 0.0226172 
-2.29259 -1.93905 2.50248 
-12.9936 -20.3592 43.1079 
-3.5969 -3.07903 4.19158 
0.816643 0.626987 0.755593 
0.761857 0.356109 0.310949 
0.320259 -1.23962 1.94394 
-2.97177 -4.59518 9.65916 
-1.10399 -1.58533 0.873802 
0.0840514 0.181444 -0.0172456 
-0.16509 0.235318 0.125522 
0.553266 0.454872 0.515688 
-0.603916 0.215954 0.15387 
-1.91148 -1.551 2.0411 
-1.13285 -0.703856 0.483888 
-1.22365 -5.11735 2.54309 
0.808086 0.480049 0.509149 
-0.164438 0.237183 0.127031 
-0.468148 0.266181 0.257384 
-0.610379 0.219855 0.157067 
1.58608 0.478746 1.75736 
2.78552 -1.99642 3.59524 
-0.479962 0.154179 0.0171476 
-0.553044 -2.83788 1.59922 
0.223607 -3.84926 2.77197 

-0.0915502 -0.55437 0.72361 
0.260408 -0.362205 0.069939 
-0.060751 0.122843 0.221481 
0.0927569 0.118303 0.0856406 
0.353664 -0.568813 -0.430277 
0.632424 -0.800284 -0.544743 
-0.102721 -0.47784 0.600664 
0.344023 -0.370804 -0.213236 
0.0863813 0.116555 0.0791342 
0.138942 -0.0401398 0.000500802 
-0.971529 -1.6074 1.58731 
-0.410856 -1.13861 1.41392 
0.0872424 0.11764 0.0989282 
0.137498 0.0976367 -0.146395 
0.475857 -0.46843 0.180355 
0.0536704 -0.343466 0.435676 
-1.37005 -2.17909 1.61886 
0.0893682 0.11571 0.0729552 
-0.0477069 0.0975503 0.179292 
0.0964295 0.112159 0.0372085 
0.100467 0.112069 0.0204061 
0.129781 0.0968244 -0.129527 
0.135916 0.00246793 -0.00813374 
0.109944 -0.369073 0.0258235 
0.301553 -0.715103 -0.836847 
0.0976034 0.114444 0.0341224 
0.099409 0.113871 0.0349279 
0.103448 0.111519 0.0132543 
0.0712085 0.1106 0.0349712 
-0.328729 -1.51395 1.92427 
0.0101254 0.120871 0.363527 
0.117808 -0.442498 0.0198588 
0.0907144 -0.258229 0.0406413 
