0.399419 -0.423296 -0.813195 0.523207 0.160225 0.905602 -0.392699 0.0332404 0.902659 0.0265577 0.429537 0.474347 0 0 0 1
0.996476 -0.0760534 -0.0353668 -0.00361713 0.0758706 0.997097 -0.00648356 0.000250101 0.0357572 0.00377742 0.999353 -0.00877913 0 0 0 1
###
5.5244 -5.5489 5.42904 
0.60455 -0.923587 1.69038 
-0.08772 0.364986 0.59768 
-0.537424 0.405205 0.590564 
4.25059 -3.94614 5.99174 
3.8775 -4.96047 -1.42056 
2.22307 -8.29127 9.68377 
0.170669 0.213004 -0.514467 
0.458872 -0.798254 1.5201 
2.05914 -1.64052 2.23906 
-0.630857 -1.32663 1.64193 
3.90296 -3.0127 0.834328 
-0.613888 -0.926711 1.25981 
0.0883139 -3.65137 1.99218 
1.53205 -0.0801938 -0.513449 
0.909463 -0.945726 0.388372 
-0.107821 0.571096 1.1636 
-0.466141 0.405767 0.576202 
0.302251 0.316528 -0.259922 
-0.0742271 0.218027 -0.204522 
3.92798 -4.02203 5.75511 
-0.207997 0.358181 0.170907 
1.87536 -1.59966 0.47773 
-0.372642 0.338678 0.204477 
0.450675 0.287771 -0.526078 
0.0829146 -3.67818 2.0115 
-0.538473 0.404673 0.590288 
-0.213384 0.35504 0.170611 
10.2949 -9.51692 5.79475 
2.66914 -2.18105 0.56484 
0.471757 -4.84642 2.20241 
3.92798 -4.02203 5.75511 
-0.53948 0.405902 0.591111 

0.0675208 -0.495622 0.694091 
-1.88536 -1.91359 1.12887 
-0.107768 0.0859364 0.29657 
-0.5525 -0.166561 0.44837 
0.69862 -0.563313 0.432969 
-1.45398 -1.48246 0.648069 
-1.65374 -1.96089 1.76532 
-0.221577 0.330953 0.227976 
0.186185 -0.304719 0.409265 
-2.57624 -2.67876 2.52066 
0.223211 -0.357424 0.472047 
2.49006 -1.93744 0.868012 
0.0995553 -0.125743 0.165247 
0.13727 -0.84426 0.307024 
-0.173276 -0.0944104 0.355213 
-0.237297 0.136349 0.285329 
-0.245372 -0.748256 0.866666 
-0.161612 0.166352 0.248936 
-0.0617209 0.320088 0.181676 
-0.00718932 0.281174 0.0680031 
-0.320621 -0.753823 0.818868 
0.425503 0.336894 0.120258 
-0.153087 0.317691 0.195327 
-0.0213204 0.322899 0.173423 
-0.046123 0.319835 0.178309 
0.179691 -0.962836 0.365829 
-0.169216 0.31182 0.190134 
0.40664 0.326777 0.0990258 
-0.217631 -0.754876 0.941787 
-0.00258031 0.292714 0.0535344 
0.0841318 -0.776115 0.241631 
-1.86647 -1.90345 1.15529 
-0.466465 0.187501 0.343964 
