0.210047 -0.471129 -0.85669 0.674097 0.278608 0.86875 -0.409451 0.278127 0.937154 -0.152677 0.313739 0.522728 0 0 0 1
0.995026 -0.0116471 -0.0989309 -0.00770535 0.00984233 0.999776 -0.0187113 -0.00101153 0.0991268 0.0176445 0.994918 -0.00497612 0 0 0 1
###
0.79861 -1.54112 2.22424 
0.470172 0.111114 -0.216321 
1.59344 -8.40099 9.25233 
0.186684 -2.04995 3.80584 
7.2139 -9.97843 7.83773 
4.98208 -5.98845 6.86894 
-0.813361 -1.56781 2.22326 
4.74461 -6.24777 7.01067 
-0.293494 -2.08796 3.36335 
1.88937 -10.093 10.5985 
-0.368388 0.426606 0.981249 
0.570275 0.0933797 -0.346674 
0.279008 0.0101026 -0.596639 
1.11027 -2.47298 1.04931 
-0.268898 0.130239 0.224789 
1.11055 -2.46148 0.332117 
-0.473348 -5.11604 2.87988 
2.10797 -6.42346 10.5531 
1.9109 -10.1269 10.6541 
-0.00439015 -0.120452 0.726474 
1.22723 -2.40969 1.12093 
2.01577 -5.70278 1.05451 
0.352212 -5.57775 2.41121 
2.19605 -0.799941 -0.887993 
1.22436 -2.39222 1.12845 
-0.281903 -5.38404 2.60138 
-0.796047 -0.599404 2.01399 
12.9834 -16.7891 6.9748 

-0.0767032 -0.966236 1.15906 
-0.32942 0.124963 0.339566 
2.51835 -9.90561 9.63855 
0.448866 -1.73915 2.70829 
8.6721 -11.4167 7.80632 
-0.292621 -4.21623 5.1528 
-0.284291 -1.07722 1.2342 
9.45714 -10.3894 2.67041 
0.187825 -1.71524 2.48871 
0.074758 0.0936565 0.229881 
0.0968305 0.072617 0.323518 
-0.0132973 -0.0466381 0.0260901 
-0.0510064 0.187133 0.510826 
0.924741 -1.60458 0.463146 
0.184314 0.0618121 0.113152 
0.815369 -1.39361 0.00760097 
1.13263 -3.98279 0.828917 
1.37566 -3.4178 4.98852 
0.915027 -1.58446 0.457469 
0.191886 0.0576616 0.104976 
0.2723 -0.300317 0.340909 
1.59082 -3.66784 0.312233 
1.26858 -3.61121 0.567706 
0.177191 0.0145141 0.33388 
0.149074 0.0826155 0.139723 
0.181269 -3.29771 1.34815 
-0.283889 -0.466712 1.11227 
3.04399 -3.70654 3.57488 
