0.984709 -0.173894 0.0104832 0.389497 0.173362 0.972211 -0.157328 0.0739722 0.0171665 0.15674 0.987491 0.090235 0 0 0 1
0.290661 -0.1653 -0.942439 -0.00747209 0.119335 0.983536 -0.135704 0.00590652 0.949355 -0.073022 0.305602 -0.0233823 0 0 0 1
###
-1.63767 -5.70171 10.8125 
0.268372 -2.43844 6.39369 
-6.77401 -10.5554 22.376 
-2.54839 -2.14078 2.78744 
0.803834 0.37829 0.322239 
-0.0674522 -1.24146 3.26421 
0.98536 0.516064 0.525094 
-2.76891 -4.10092 8.67437 
-1.1672 -1.51837 0.846843 
-0.486316 -3.87083 2.402 
-0.672155 0.241186 0.172514 
1.95312 1.06252 1.89798 
-1.30839 -1.78202 1.00039 
-6.83902 -6.65981 11.0063 
-0.443537 -2.56404 1.55162 
-0.39686 0.168018 -0.0379643 
0.782132 0.370991 0.316394 
-0.388825 0.147714 0.788345 
-0.535431 0.189642 0.021429 
-0.382509 0.332396 0.37775 
-0.387321 0.324846 0.320682 
-6.37758 -6.19295 10.3054 
-0.704977 -3.79332 2.14325 
0.0581054 0.355698 0.396195 
-0.388872 0.147781 0.788977 
-0.674249 0.241086 0.171226 
-0.417588 0.0255276 -0.0490969 
-2.49511 -2.08074 2.72006 
-0.506654 0.184931 0.0443469 
1.28949 -1.51018 2.3597 
-0.530275 0.182204 0.0176632 
-0.396731 0.165127 -0.038592 
-0.678299 -3.57813 2.02595 
0.902734 -1.29694 1.98969 
-3.02035 -4.29413 9.90603 
-2.95619 -4.54999 9.57511 

-0.0411744 -0.471694 0.585801 
0.283588 -0.270299 0.0365268 
0.100942 -0.0940258 -0.0466761 
-0.0789315 -0.496473 0.650025 
0.0914888 0.112248 0.0585128 
0.25025 -0.228583 0.037646 
0.0945359 0.117284 0.0750012 
0.123589 -1.21126 1.59495 
0.0156843 -0.0160382 -0.001416 
0.0936126 -0.420968 0.0164307 
0.102554 0.111125 0.0140084 
0.416278 -0.761052 0.894226 
0.245028 -0.251795 -0.111531 
0.394769 -0.63418 -0.483091 
0.11112 -0.373259 0.0247517 
0.135977 -0.0291386 -0.00138528 
0.135856 0.0963903 -0.145238 
0.087045 0.0448571 0.210275 
0.0612684 0.104321 0.0250917 
0.085421 0.0678963 0.196072 
0.0859668 0.0542829 0.207962 
0.377249 -0.596744 -0.463263 
0.0670876 -0.39445 0.012447 
0.4086 -0.448945 0.341814 
0.197341 -0.3892 0.0551593 
0.10003 0.111662 0.0201493 
0.104757 0.110731 0.00760153 
-0.330182 -1.52732 1.93603 
0.104832 0.112909 0.0288832 
0.105886 0.0138367 0.135463 
0.106186 0.112692 0.0186498 
0.104706 0.0401074 0.0964093 
0.064157 -0.272182 0.00899077 
0.0972761 0.114894 0.0533149 
-0.326913 -0.484576 0.412243 
0.176647 -1.73166 2.24204 
