0.977661 -0.203639 0.0520665 0.323258 0.209748 0.961249 -0.1789 0.0535491 -0.0136178 0.185824 0.982489 0.0687907 0 0 0 1
-0.790149 -0.268511 -0.550969 -0.0128375 -0.0269713 0.913293 -0.406408 -0.0469697 0.612322 -0.306263 -0.72888 0.0566582 0 0 0 1
###
-0.158952 -3.14998 2.20236 
1.54429 -3.99135 4.38034 
0.786611 -1.49563 1.69672 
-0.627596 -0.510925 0.930123 
0.668945 -1.36432 1.62904 
-2.80269 -4.18136 8.81086 
-0.469582 -3.79731 2.3507 
0.778208 -1.48297 1.68144 
-1.16039 -1.57058 0.875335 
-6.42107 -9.81633 9.8708 
0.335293 -1.29727 2.03521 
-0.499361 -1.37697 3.82832 
-10.6574 -16.754 35.4551 
-1.06107 -1.37673 0.765026 
-5.14324 -5.4213 8.65822 
-0.579832 0.248433 0.219512 
-0.201779 -1.2058 3.53611 
0.327656 -1.29351 2.02273 
1.73467 -2.14203 3.35221 
-4.39678 -4.66386 7.37995 
-1.14813 -0.713442 0.487522 
0.760301 0.358233 0.308766 
1.48852 -7.14486 13.9297 
0.295924 -1.21105 2.11498 
-0.368843 0.308359 0.302925 
-0.369452 0.156845 -0.0354181 
-2.92275 -4.5149 9.48729 
-3.34853 -2.85847 3.87769 
-6.19601 -10.1398 9.98641 
-0.997992 -3.99029 1.97714 
-0.304744 0.129926 0.731727 
-0.181779 -0.0363947 0.740604 
0.390035 -1.91378 2.65552 
1.18065 -1.38334 2.16572 
-0.370057 0.157593 -0.0353526 
0.668674 0.501927 0.57635 
-2.92275 -4.5149 9.48729 
0.91049 0.403829 0.342557 
0.371508 -1.89382 2.61304 
0.822881 0.490638 0.518973 
-1.95581 0.547826 1.05366 
-0.63613 0.229032 0.163477 
-1.77963 0.354176 1.54405 
-0.0718117 0.317436 0.263972 
-0.0687354 -0.112713 0.696964 
-0.0418805 -0.0723684 0.693343 

0.0137236 -0.369133 0.0101411 
-0.0790775 -0.248564 0.0163075 
-0.0630034 -0.144646 0.0271966 
0.157478 -0.151803 -0.0814538 
0.248193 -0.327264 0.263568 
0.241777 -0.248567 -0.138063 
0.0981838 -0.427 0.0196553 
0.230433 -0.429298 0.0528413 
0.166691 -0.157986 0.0640938 
0.52955 -1.19297 -0.544749 
-0.0534055 -0.141078 -0.0297027 
0.253346 -0.555494 -0.452154 
-0.0303121 -0.0598428 -0.0789568 
0.0560621 -0.0423845 -0.0105057 
0.23115 -0.263741 -0.167848 
-0.035344 0.072727 -0.00369808 
-0.0719667 -0.235663 -0.214899 
-0.0543429 -0.147824 -0.0317707 
-0.0951385 -0.123595 0.00674583 
0.123327 -0.280013 -0.225498 
0.136431 0.000667315 -0.0100311 
-0.0571488 0.094514 -0.031995 
-0.467762 -1.42294 -0.705079 
-0.0546048 -0.138131 -0.0424389 
-0.0359858 0.0780759 -0.00184305 
0.00764139 0.0565008 -0.000831099 
0.0773571 -0.758384 -0.598599 
0.442771 -0.702789 -0.524592 
0.452978 -1.09265 -0.480079 
0.096885 -0.43999 0.0165236 
-0.00242884 0.048677 0.00241649 
0.00139226 0.0376278 0.0013703 
-0.0523132 -0.142102 -0.030323 
0.103601 0.0107277 0.135931 
-0.00269549 0.0662716 -0.000435684 
0.0986964 0.114114 0.0463086 
0.0594711 -0.757961 -0.596283 
0.0883864 0.114167 0.0604314 
-0.0503452 -0.20064 -0.0389189 
-0.0442856 0.0857142 -0.0595478 
0.0986801 0.114136 0.0457941 
-0.00160307 0.0498745 0.00122986 
-0.0317718 0.0500425 0.00471938 
-0.0446137 0.0841444 -0.054363 
0.0110115 0.0676839 0.00717644 
-0.0264201 0.0624412 -0.0228587 
