-0.291856 -0.236542 -0.926751 -0.0235771 0.00885794 0.968227 -0.249918 -0.107547 0.956421 -0.0811491 -0.280488 0.06611 0 0 0 1
0.999932 -0.0116728 0.000345305 0.00800506 0.0116728 0.999932 -0.000120306 0.00352707 -0.000343877 0.000124329 1 0.0009335 0 0 0 1
###
1.0231 -2.13537 -1.01283 
0.747323 -1.09774 -0.53265 
-0.000393808 -0.296367 -0.235655 
-0.0151089 0.100598 -0.0711232 
-0.032139 0.0967294 -0.0778963 
-0.740303 -5.64761 -3.88876 
0.210208 -0.175148 0.248101 
2.8853 -2.27084 1.02536 
-0.0542524 0.14235 -0.0582923 
2.07421 -2.06743 -0.307472 
0.605957 -0.630155 -0.324732 
-0.0188473 0.150238 -0.177797 
-0.0201667 0.100887 -0.0675952 
-0.0653299 0.129326 -0.0965169 
1.7565 -1.75283 -0.278449 
-0.00351074 -0.290834 -0.23262 
0.0806586 0.170577 -0.616854 
0.0705466 -0.0784024 0.232484 
-0.0204211 0.120301 -0.0572134 
0.0923853 0.176077 -0.662441 
2.09771 -1.82646 0.360551 
0.107572 -0.125676 0.294135 
0.105979 0.0852499 0.259144 
0.0580426 -0.288681 -0.172663 
0.173769 0.229296 0.021435 
0.227324 0.331842 0.149438 
0.193441 -0.7967 0.638716 
0.148185 -0.779671 0.527706 
-0.0220889 0.119419 -0.0508841 
-0.12064 -0.000562882 -0.467763 
0.535974 0.431267 0.188883 
0.00706778 -0.766419 -0.184017 
2.15479 -2.7952 0.948347 
0.107396 -0.700464 0.289403 
0.189537 -0.853799 0.581485 
-0.0627422 0.127592 -0.029841 
0.289057 0.312093 0.0933828 
0.21407 0.228548 -0.12729 
0.0732775 -1.0331 -0.0852044 
0.0766494 -0.0871337 0.241794 
-0.017603 -0.632923 -0.0836924 

8.40337 -7.37161 4.5737 
2.61362 -2.08008 1.91029 
1.19764 -1.41105 0.532125 
0.167704 -0.0399098 0.237642 
0.217073 -0.0401724 0.19244 
0.865693 -1.03911 0.0871648 
-0.642373 -1.7916 2.17827 
1.44294 -4.16084 7.64076 
0.0146573 0.2759 0.232052 
3.9511 -4.05502 5.8492 
2.05763 -1.63936 2.23745 
0.111799 0.174201 0.182679 
0.168823 -0.0399924 0.239321 
1.27899 -1.19053 0.745888 
3.92913 -4.02417 5.75649 
0.0256966 0.279 0.210546 
1.97359 0.632863 0.110368 
-0.617289 -1.12574 1.49546 
4.39847 -3.14527 3.92988 
-0.0723614 0.238041 0.233509 
2.34702 -4.07992 6.71125 
-0.658948 -1.18066 1.52996 
-0.710162 -0.396415 1.30111 
1.05269 -1.39839 0.83878 
-0.883775 0.377846 0.682679 
-0.896227 0.347256 0.587637 
-2.23032 -9.09319 6.25626 
2.05673 -7.74804 8.72066 
0.186526 -0.0255773 0.273758 
0.194454 0.0668838 0.161672 
11.816 -10.9976 6.79635 
0.779554 -3.87141 1.73313 
-1.21823 -4.89972 2.85031 
0.330414 -3.6697 1.86285 
-0.692704 -3.93321 2.51177 
-0.539246 0.405748 0.590787 
-0.973681 0.371501 0.667868 
-0.701426 0.652874 1.54109 
0.525572 -3.74093 1.81591 
0.13934 0.0813706 0.214681 
0.352779 -3.77194 1.90554 
