0.728047 -0.221293 -0.648827 -0.0390867 0.202378 0.973663 -0.104997 0.363944 0.654974 -0.0548658 0.753657 -0.391115 0 0 0 1
0.99978 -0.0135835 -0.0160097 -0.0020475 0.0134243 0.99986 -0.0100101 -0.00490191 0.0161435 0.00979296 0.999822 -0.0185883 0 0 0 1
###
1.06175 -1.54378 0.232701 
0.396397 -0.352593 0.38501 
2.32905 -2.84025 2.79772 
0.314475 -0.30832 0.382451 
2.5244 -6.71254 9.68236 
-0.27601 -0.46297 1.09476 
-0.280723 -1.06393 1.21884 
4.6483 -6.57345 -2.96558 
6.37626 -11.2843 14.1369 
0.914958 -1.27423 0.205866 
0.695269 -2.06191 2.98472 
0.179641 -3.276 1.33833 
0.169913 0.398971 1.51874 
1.08866 -1.5664 0.234484 
2.30704 -3.04616 0.597864 
-0.499888 -2.8373 1.61017 
-0.595428 -3.18475 1.8763 
1.54209 -1.10425 0.554036 
2.28215 0.979375 -1.05686 
-0.305702 -0.888954 1.18192 
0.308363 0.383529 1.54327 
0.510343 0.414215 1.55739 
14.5984 -17.71 6.06975 
0.618095 -3.41034 1.03317 
0.200495 -0.592238 0.631227 
-0.704512 -2.31403 1.57827 
-0.262558 -0.449425 1.10481 
-0.283868 -0.533036 1.09962 
2.21492 -3.92901 4.8289 
0.686503 -1.81987 0.0876805 
15.93 -19.2316 6.56584 
1.36762 -1.05913 0.575733 
2.48363 -10.1545 9.50753 
0.586003 -0.189418 0.274966 
1.75611 -0.515004 0.0721439 
0.261257 0.367073 1.45055 
0.318266 -0.0736115 0.495273 
1.15043 -3.78494 0.73591 
0.315824 -0.557958 0.207048 
0.0605854 -3.46416 1.32284 
1.3626 -3.15087 0.312174 
1.90397 -0.228118 -0.147664 
1.79721 -0.463568 0.0639965 
-0.071453 0.329904 1.20329 
-0.268445 -0.855362 1.1132 
0.629872 -1.66461 0.0366457 

1.35099 -2.41236 0.686977 
0.0124763 -0.176174 0.685816 
4.74561 -6.24809 7.01063 
-1.7852 -0.97296 0.634335 
1.59907 -5.2791 8.65098 
-0.789926 -0.592815 2.00651 
-0.811372 -1.55609 2.24588 
0.0910945 0.239502 0.184837 
3.09265 -6.13429 8.6184 
1.22569 -2.39488 1.12917 
4.91735 -5.9254 6.78619 
-0.478615 -5.2945 2.95891 
-2.85998 -3.48582 0.31209 
0.170952 0.138235 0.333702 
1.60845 -9.7586 3.24116 
-1.42215 -5.18738 3.48939 
-1.46071 -5.20381 3.63285 
0.203032 0.169134 0.163055 
0.184393 0.189942 0.149949 
-1.28795 -0.129842 0.74953 
-1.40076 0.348213 0.600082 
0.0337416 0.176647 0.330536 
13.3409 -17.3152 7.37353 
-0.169581 -5.51636 2.80193 
-0.815137 -1.57116 2.22737 
-1.72178 -5.04181 3.75285 
0.186742 -0.144971 0.606207 
-1.34968 -0.231494 0.775518 
3.26025 -6.54091 9.20949 
1.22491 -2.40644 1.11873 
13.5217 -17.4594 7.29893 
-1.3533 -0.532089 1.28025 
-1.83359 -5.19687 3.3102 
-0.4609 0.445818 1.01162 
2.63585 -0.883324 0.371495 
-0.364825 0.23926 0.111521 
2.39429 -0.692204 0.338856 
-0.470527 -5.07889 2.86018 
1.88518 -1.50841 0.0130469 
0.479834 -5.71723 2.12196 
0.603695 -5.58243 2.18213 
-0.321659 0.239527 0.139799 
0.00515474 0.263422 0.274636 
-1.10897 0.44054 0.944683 
0.233998 -0.177453 0.604117 
0.342969 -0.230459 0.33642 
