0.984709 -0.173894 0.0104832 0.389497 0.173362 0.972211 -0.157328 0.0739722 0.0171665 0.15674 0.987491 0.090235 0 0 0 1
0.352908 -0.113963 -0.928692 -0.0053393 0.0624911 0.993209 -0.0981333 0.00628648 0.933569 -0.023403 0.357633 -0.0236739 0 0 0 1
###
-1.63767 -5.70171 10.8125 
0.268372 -2.43844 6.39369 
-6.77401 -10.5554 22.376 
-2.54839 -2.14078 2.78744 
0.803834 0.37829 0.322239 
-0.0674522 -1.24146 3.26421 
0.98536 0.516064 0.525094 
-2.76891 -4.10092 8.67437 
-1.1672 -1.51837 0.846843 
-0.672155 0.241186 0.172514 
1.95312 1.06252 1.89798 
-1.30839 -1.78202 1.00039 
-6.83902 -6.65981 11.0063 
-0.443537 -2.56404 1.55162 
-0.39686 0.168018 -0.0379643 
0.782132 0.370991 0.316394 
-0.388825 0.147714 0.788345 
-0.387321 0.324846 0.320682 
-6.37758 -6.19295 10.3054 
-0.704977 -3.79332 2.14325 
0.914529 0.416156 0.355404 
0.0581054 0.355698 0.396195 
-0.388872 0.147781 0.788977 
-0.674249 0.241086 0.171226 
-0.417588 0.0255276 -0.0490969 
-2.49511 -2.08074 2.72006 
-0.506654 0.184931 0.0443469 
1.28949 -1.51018 2.3597 
-0.530275 0.182204 0.0176632 
-0.396731 0.165127 -0.038592 
-0.674249 0.241086 0.171226 
-0.678299 -3.57813 2.02595 
0.902734 -1.29694 1.98969 
-2.24235 -1.81665 2.40946 
-2.95619 -4.54999 9.57511 

-0.0411744 -0.471694 0.585801 
0.283588 -0.270299 0.0365268 
0.368171 -0.398564 -0.229215 
-0.0789315 -0.496473 0.650025 
0.0869622 0.117262 0.0984964 
0.179533 -0.169221 0.115386 
0.0945359 0.117284 0.0750012 
0.148412 -0.162491 -0.10153 
0.352254 -0.540484 0.557888 
-0.0598279 0.121022 0.218498 
0.416278 -0.761052 0.894226 
0.245028 -0.251795 -0.111531 
0.552583 -1.19037 1.58217 
0.11112 -0.373259 0.0247517 
0.135977 -0.0291386 -0.00138528 
0.104988 0.0484673 0.0965638 
0.087045 0.0448571 0.210275 
0.0859668 0.0542829 0.207962 
0.377249 -0.596744 -0.463263 
0.138683 -0.387721 0.0249611 
0.09501 0.123286 0.0640459 
0.4086 -0.448945 0.341814 
0.197341 -0.3892 0.0551593 
0.10003 0.111662 0.0201493 
0.104757 0.110731 0.00760153 
-0.330182 -1.52732 1.93603 
0.104832 0.112909 0.0288832 
-0.033167 0.101992 0.188944 
0.106186 0.112692 0.0186498 
0.104706 0.0401074 0.0964093 
0.0637132 0.106402 0.00265087 
0.113438 -0.356995 0.0259456 
0.0972761 0.114894 0.0533149 
-0.0134686 -0.883486 1.15417 
0.176647 -1.73166 2.24204 
