0.380948 -0.398386 -0.834366 0.581348 0.193256 0.916787 -0.349504 0.0710446 0.904174 -0.0281029 0.426239 0.496074 0 0 0 1
1 0 0 0 0 1 0 0 0 0 1 0 0 0 0 1
###
-0.598635 0.338462 0.41278 
-0.538745 0.400254 0.582205 
2.07107 -1.65071 2.25114 
1.19382 -1.38044 1.05626 
-0.46657 0.406563 0.574613 
-0.612511 0.324814 0.304543 
3.94687 -4.04984 5.84295 
4.19285 -3.90022 5.91537 
1.28041 -3.87414 7.03122 
0.351348 -3.75915 1.89961 
0.167766 0.213254 -0.513795 
3.92756 -4.02094 5.75413 
-0.830435 0.360884 1.17975 
0.0487907 -1.33698 2.72531 
-0.539334 0.405795 0.590937 
1.9687 -1.72767 0.505732 
1.66117 0.293617 -0.712648 
0.219456 0.243319 -0.430147 
0.088406 -1.38901 2.8927 
-0.628986 0.329453 0.339168 
1.56102 -0.0829485 -0.523373 
0.344159 0.307838 -0.307661 
-0.537207 0.406345 0.592511 
-0.325983 -0.182379 0.236858 
2.02217 -1.59182 2.15991 
1.42719 -1.2649 0.402784 
-0.538223 0.406465 0.593745 
0.0116903 -0.0675483 0.397971 
-0.690484 0.517313 1.17726 
0.891071 1.28919 2.80191 

0.373792 0.347838 0.15234 
0.0211023 0.325501 0.175979 
0.869902 -0.798193 0.808586 
1.2223 -0.933241 0.505301 
-0.046123 0.319835 0.178309 
-0.76461 0.35885 0.383451 
0.14723 -0.201275 0.267699 
0.607608 -0.470527 0.359633 
-1.41524 -1.42164 0.284861 
0.0482536 -0.450156 0.222349 
-0.216705 0.317261 0.215179 
-0.702506 -1.09614 1.18003 
-0.16358 -0.238702 0.0858363 
-2.50136 -2.56319 0.34692 
0.000254462 0.327418 0.177015 
0.393966 0.358918 0.121948 
0.107572 -0.125676 0.294135 
0.375 -0.248612 0.0397292 
-1.13 -1.12585 0.179143 
0.0139491 0.325034 0.174849 
0.0134348 0.0884262 0.182519 
0.23983 0.345937 0.17319 
-0.125634 0.319433 0.185458 
-0.320621 -0.753823 0.818868 
2.49006 -1.93744 0.868012 
3.38923 -2.62682 1.12898 
-0.00892631 0.297935 0.0747467 
-0.0630767 0.299016 0.0884891 
0.17412 0.338365 0.18218 
0.0166519 -0.442835 0.613945 
