0.221975 -0.488781 -0.843695 0.731953 0.298764 0.857757 -0.418322 0.304347 0.928152 -0.159208 0.336431 0.513831 0 0 0 1
1 0 0 0 0 1 0 0 0 0 1 0 0 0 0 1
###
-0.319193 -0.229756 0.705448 
2.21349 -9.33422 2.38251 
-0.47908 -5.30131 2.96249 
4.84545 -5.8346 6.68916 
3.2285 -6.43765 9.08577 
1.35087 -2.41208 0.687062 
1.60205 -5.27681 8.65603 
0.244005 0.0136548 -0.572267 
3.07309 -5.25723 0.165278 
-0.462817 -2.03438 3.06605 
-0.47413 -5.12546 2.88434 
-0.464006 0.440657 1.00424 
0.545404 0.0928373 -0.332579 
1.11549 -2.48395 1.05304 
3.27691 -6.57345 9.25458 
-0.79522 -0.598536 2.0116 
0.32088 -5.35785 2.3374 
0.441979 -0.0138705 -0.828121 
-0.464366 0.439636 1.00592 
0.612377 0.371955 2.73078 
2.07403 -6.20592 10.2431 
-0.474556 0.431138 0.993169 
1.23324 -2.41763 1.13336 
4.17566 -5.60147 6.24936 

12.2397 -14.9472 5.25729 
4.08685 -4.47945 2.61292 
0.930796 -3.1271 0.652223 
0.504811 -3.33026 5.05011 
6.42 -11.3418 14.1975 
1.08821 -1.57822 0.238844 
2.86484 -7.61883 10.9923 
-0.102798 0.193081 0.521625 
0.760091 -1.28494 0.0143177 
0.396682 -2.48834 3.74108 
-0.017611 -3.35232 1.53939 
1.82833 -0.477428 0.0573451 
-0.0575833 0.199519 0.522741 
0.924741 -1.60458 0.463146 
4.20637 -7.45824 9.37317 
-0.281791 -0.466465 1.11215 
1.26858 -3.61121 0.567706 
-0.0348466 0.0900574 0.248493 
0.191358 0.0574232 0.104972 
0.601746 0.135662 1.64249 
1.37566 -3.4178 4.98852 
1.82243 -0.469285 0.0647296 
0.149074 0.0826155 0.139723 
3.04399 -3.70654 3.57488 
