-0.271845 -0.312377 -0.910231 -0.0150328 0.125026 0.926371 -0.355255 -0.0972335 0.954185 -0.210377 -0.212774 0.0695267 0 0 0 1
0.999884 -0.015252 0.000148994 0.0114189 0.0152518 0.999882 0.00164505 0.00566409 -0.000174067 -0.00164258 0.999999 0.00136479 0 0 0 1
###
-0.000393965 -0.296367 -0.235655 
0.00810165 -0.894277 -0.268258 
0.348251 -0.487977 -0.339218 
-0.0262183 0.142192 -0.140864 
-0.0809137 0.00376812 -0.0979049 
0.02889 0.00857662 -0.0468127 
2.8853 -2.27084 1.02536 
3.247 -2.89846 0.528617 
0.0705466 -0.0784024 0.232484 
0.0142627 0.183105 -0.058215 
-0.0805758 0.00783244 -0.0958029 
0.332425 -0.212722 0.180083 
-0.0143192 0.100492 -0.0717268 
0.514007 -0.717366 -0.458117 
-0.0164919 -0.215926 -0.196718 
0.033314 -0.742062 -0.0810132 
0.0474276 -0.943222 -0.139314 
0.107572 -0.125676 0.294135 
1.7565 -1.75283 -0.278449 
0.110221 -0.532646 0.537641 
0.177303 -0.198953 -0.344809 
-0.027407 0.0751329 -0.0850286 
0.0580425 -0.288681 -0.172663 
0.200569 -0.205474 -0.365105 
0.673603 -1.00916 -0.231019 
1.12995 -1.74713 -0.70321 
0.167315 -0.187632 -0.304339 
0.0545617 -0.308788 -0.225117 
-0.0523569 0.132769 -0.061122 
0.0528347 -0.364253 -0.132648 
0.0426804 -0.845868 -0.0954966 
0.0793398 -0.823292 0.0678021 
0.455004 -0.337502 0.349541 
2.09771 -1.82646 0.360551 
0.138363 -0.014745 0.34098 
0.617416 -0.432691 0.255826 
0.859849 -0.719665 0.687388 
-0.0461963 0.12364 -0.0495584 
0.239245 0.294885 0.106376 
0.107088 -0.781202 0.207094 
2.15479 -2.7952 0.948347 
0.0913361 0.0542186 0.241679 
-0.117972 -0.269463 -0.130776 
0.0864394 -0.00908997 -0.481587 
0.289057 0.312093 0.0933828 
0.0510759 -0.898384 -0.0995164 
0.717684 -0.60244 0.613943 
0.11983 -0.0407045 0.0560677 
-0.63574 -1.79696 -0.850505 

1.19766 -1.41106 0.532178 
10.6266 -47.6676 19.8191 
-0.799752 -1.71783 1.61282 
-0.893619 0.350457 0.594259 
4.04747 -2.75576 1.42831 
4.19285 -3.90022 5.91537 
1.35863 -3.94017 7.23638 
1.61554 -2.84231 4.95278 
-0.617277 -1.12572 1.4954 
0.111797 0.174198 0.182676 
0.865652 -1.03908 0.0871527 
0.113269 -3.53622 6.21046 
0.16881 -0.039988 0.239301 
11.4093 -8.15895 7.1867 
3.86744 -3.57985 5.54092 
0.0884732 -3.64613 1.98914 
0.351348 -3.75915 1.89961 
-0.658637 -1.18008 1.52913 
3.92756 -4.02094 5.75413 
-0.906145 -3.7706 2.53534 
-0.0159396 0.295738 0.102756 
0.98422 -1.46519 0.766433 
1.05267 -1.3983 0.8388 
-0.629797 0.356238 0.432835 
5.44757 -6.51733 6.03351 
7.13143 -6.47784 5.54951 
2.57789 -1.26324 1.38504 
2.26839 -2.10353 0.83574 
0.0302218 -0.0435973 0.433689 
-0.991444 -4.23977 2.37018 
0.525993 -3.74327 1.81694 
0.0859613 -1.49831 0.798251 
-0.94414 -1.96767 1.52459 
2.30824 -4.01971 6.60393 
-0.607202 -1.0886 1.46681 
3.94687 -4.04984 5.84295 
-0.97259 -1.84217 1.32588 
-0.206555 0.319899 0.0102217 
-0.994017 -3.11155 2.17683 
0.544891 -3.14728 1.46899 
-1.21597 -4.88987 2.84446 
-1.23913 -0.782176 0.221567 
0.612566 -0.357578 0.0587869 
1.91517 -0.0289841 0.404082 
-0.849562 0.394243 0.725324 
0.779732 -3.87224 1.73346 
-0.895496 -1.65823 1.15678 
2.44541 -4.2405 6.92954 
1.00381 -3.92944 1.60989 
