0.981348 -0.189936 0.0296567 0.359058 0.192222 0.967536 -0.164091 0.0634107 0.00247288 0.166731 0.985999 0.0789456 0 0 0 1
0.290661 -0.1653 -0.942439 -0.00747209 0.119335 0.983536 -0.135704 0.00590652 0.949355 -0.073022 0.305602 -0.0233823 0 0 0 1
###
-0.644129 0.231801 0.164009 
-0.280883 0.296712 0.320821 
-8.9545 -14.037 29.73 
-0.598792 0.256534 0.226526 
0.778425 0.365996 0.312631 
-2.73149 -4.05562 8.56193 
0.346186 -1.34036 2.10295 
-3.06432 -4.7309 9.95027 
-3.6275 -5.29147 5.2709 
-1.13542 0.812764 1.48446 
-1.09185 0.428569 0.773891 
-0.240856 0.165001 -0.0494743 
0.0172079 -1.38828 3.84365 
0.16313 -0.74336 0.0474103 
0.768505 0.363358 0.311546 
-0.649158 0.232091 0.164748 
-0.44953 -3.42822 2.11498 
0.904624 0.410894 0.354686 
0.55284 0.485339 0.565963 
0.822701 0.492897 0.519416 
-3.06432 -4.7309 9.95027 
1.60284 -7.24573 14.1827 
3.87388 -3.63169 5.11255 
-0.653458 0.234947 0.167017 
-2.08476 0.583837 1.12654 
0.646064 0.519382 0.592712 
0.785672 0.431492 0.418408 

0.114703 0.123844 0.0166973 
0.197174 -0.379189 0.0645329 
0.123589 -1.21126 1.59495 
0.118473 -0.00416628 0.0965578 
0.283839 0.513781 -0.525517 
0.100942 -0.0940258 -0.0466761 
0.485591 -0.478341 0.183272 
-0.410122 -1.61488 1.95786 
0.646526 -1.53128 -0.721573 
0.0521783 -0.266787 0.358928 
0.27036 -0.448966 0.525771 
-0.0367661 0.109396 0.202031 
0.25025 -0.228583 0.037646 
-0.128749 -0.244625 0.260303 
0.135856 0.0963903 -0.145238 
0.10003 0.111662 0.0201493 
0.064157 -0.272182 0.00899077 
0.0889591 0.115037 0.0606454 
0.136007 0.103491 -0.0877594 
0.0961348 0.111916 0.0369419 
0.0543486 -0.348314 0.44125 
0.342688 -0.397607 0.285318 
0.259682 -0.359412 0.286548 
-0.0598279 0.121022 0.218498 
0.0869622 0.117262 0.0984964 
0.123297 0.0963665 -0.159713 
-0.0332543 0.101499 0.1881 
