0.995485 -0.0861109 -0.0399253 0.426597 0.0795655 0.986424 -0.143658 0.0736663 0.0517538 0.139832 0.988822 0.107603 0 0 0 1
0.290661 -0.1653 -0.942439 -0.00747209 0.119335 0.983536 -0.135704 0.00590652 0.949355 -0.073022 0.305602 -0.0233823 0 0 0 1
###
-0.648507 -0.415892 0.771839 
0.282031 -2.5974 6.88043 
-0.360479 -0.193461 0.274829 
-0.700655 0.25457 0.181682 
-3.0952 -4.6102 9.75166 
-0.579337 0.237155 0.0390061 
-6.76521 -6.58939 10.8828 
-3.47594 -5.25078 11.1338 
-1.20763 -1.56703 0.874792 
-0.460476 -0.11016 -0.00268562 
-0.459836 -3.50108 2.16959 
-0.700901 0.250711 0.178009 
0.374108 -1.44548 2.26667 
0.74681 -1.65185 1.75731 
-0.505037 -3.79532 2.34334 
-0.70237 0.251924 0.178631 
0.942227 0.428971 0.365064 
-0.550375 0.187428 0.0173341 
0.734015 0.556762 0.641588 
0.91049 0.488295 0.4789 
-4.68372 -4.95777 7.85889 
-1.17926 -1.54761 0.856034 
1.76778 0.53684 1.96031 
1.97449 -2.06788 4.78209 
0.806072 -1.35174 0.0419935 
-1.10897 -4.40859 2.19409 
0.848166 0.511466 0.53541 
1.81438 -8.16469 15.9752 
2.73113 -5.42704 13.7048 
-0.550741 0.187107 0.0161634 
-1.71651 -1.77879 1.61799 
1.26511 -0.482343 1.92015 
-0.68416 -3.55589 2.01271 

0.629273 -0.804932 -0.548903 
0.216403 -0.190546 0.0231977 
0.377249 -0.596744 -0.463263 
0.12862 0.0966902 -0.128234 
0.152341 -1.52193 1.9822 
0.064575 0.114902 0.0253235 
-0.0789315 -0.496473 0.650025 
0.0519411 -0.327022 0.416651 
0.100942 -0.0940258 -0.0466761 
0.120225 -0.16213 0.205331 
0.0670876 -0.39445 0.012447 
0.104367 0.110637 0.00739661 
0.485591 -0.478341 0.183272 
0.260125 -0.403742 0.0834321 
0.0936126 -0.420968 0.0164307 
0.102554 0.111125 0.0140084 
0.111912 0.0876721 -0.141394 
0.104832 0.112909 0.0288832 
0.0565539 0.0153881 -0.0665969 
0.0914414 0.110734 0.0438636 
0.275285 -0.623219 0.757798 
0.119251 -0.138867 -0.0932964 
0.0709617 0.110421 0.0347285 
0.1308 0.097563 -0.133349 
0.0156843 -0.0160382 -0.001416 
0.173455 -0.412024 0.0311985 
-0.0346053 0.100261 0.187109 
0.21173 -1.13247 -0.561165 
0.433406 -0.51105 0.368576 
0.137057 0.103571 -0.088603 
0.121429 -0.131914 -0.0861321 
0.131216 -0.0266774 0.000497116 
0.122791 -0.366344 0.024088 
