0.996823 -0.0317425 -0.0730485 0.434565 0.0203021 0.98812 -0.152335 0.0589143 0.0770162 0.150368 0.985626 0.11739 0 0 0 1
0.352908 -0.113963 -0.928692 -0.0053393 0.0624911 0.993209 -0.0981333 0.00628648 0.933569 -0.023403 0.357633 -0.0236739 0 0 0 1
###
-2.84962 -3.9915 3.96001 
-0.628864 0.242698 0.211649 
0.326072 -1.33424 2.32509 
-0.542651 0.165281 0.00778793 
-3.24277 -4.89085 10.3614 
-1.19923 -1.55532 0.868113 
0.26104 -1.63973 2.25605 
-0.413291 0.17217 -0.0396854 
0.613391 0.632317 0.7613 
-6.15922 -6.51413 10.4366 
-0.403054 0.15341 0.817747 
0.759668 0.575736 0.662953 
0.823393 0.388018 0.329026 
5.5556 -4.63031 5.27042 
-0.550834 0.18958 0.0189384 
0.371824 -1.43641 2.25108 
0.729394 0.554493 0.637366 
0.812398 -1.36334 0.0406355 
-1.96622 0.484627 0.884559 
-0.701903 0.252474 0.179961 
-0.538413 0.213504 0.060655 
0.990891 0.568117 0.597807 
-0.643151 0.274636 0.241259 
-0.714348 -3.82206 2.16008 
-0.610115 -0.171763 -0.0409158 
-1.97285 0.483524 0.880757 
-0.550527 0.188378 0.0178427 
-2.90541 -4.46537 9.40258 
-0.466337 0.168836 -0.0386491 
-0.701065 0.251506 0.178538 
1.74105 -7.83003 15.3011 
-4.66233 -6.94975 7.04307 
0.805337 -3.75385 3.27203 
-0.685071 -3.56315 2.01489 
-3.40735 -2.15259 0.52836 
-0.412447 0.173743 -0.0393257 

-0.132562 -0.418793 0.533671 
0.097765 0.111369 0.0307517 
-0.212081 -0.687785 0.849846 
0.0620628 0.107969 0.0265261 
-0.552952 -0.913475 0.678058 
0.139356 -0.118975 -0.00742531 
0.176647 -1.73166 2.24204 
-0.033167 0.101992 0.188944 
-0.0346053 0.100261 0.187109 
0.422312 -0.955539 1.162 
0.087045 0.0448571 0.210275 
0.0885757 0.114357 0.0610268 
0.135856 0.0963903 -0.145238 
0.0519411 -0.327022 0.416651 
0.106186 0.112692 0.0186498 
0.485591 -0.478341 0.183272 
0.128244 0.106191 -0.0502278 
0.195417 -0.186359 -0.0627404 
0.0884154 0.11373 0.0808052 
0.0637132 0.106402 0.00265087 
0.333127 -1.01443 -1.13087 
0.0525281 -0.0924319 -0.0931575 
0.123297 0.0963665 -0.159713 
0.138683 -0.387721 0.0249611 
0.283839 0.513781 -0.525517 
0.0914414 0.110734 0.0438636 
0.137057 0.103571 -0.088603 
0.0543486 -0.348314 0.44125 
0.0623172 0.108665 0.0265737 
0.0859668 0.0542829 0.207962 
0.342688 -0.397607 0.285318 
0.240266 -0.361719 0.0613279 
0.186476 -0.474782 0.0512125 
0.122791 -0.366344 0.024088 
0.0460367 0.04106 -0.047143 
0.0537941 0.0973099 -0.00166821 
