0.990418 -0.137344 -0.0144624 0.421818 0.133702 0.979806 -0.148672 0.0814109 0.0345896 0.145314 0.988781 0.102316 0 0 0 1
0.352908 -0.113963 -0.928692 -0.0053393 0.0624911 0.993209 -0.0981333 0.00628648 0.933569 -0.023403 0.357633 -0.0236739 0 0 0 1
###
-0.355849 -0.218084 0.32371 
-0.527863 0.223183 0.0935302 
-2.99433 -4.44891 9.41515 
1.58515 -7.75733 15.1543 
-0.500159 -1.93689 5.14414 
-3.63554 -5.50667 11.6767 
-1.22163 -1.5859 0.885213 
-1.13975 -1.79551 2.20975 
-0.654056 0.280385 0.247971 
0.233704 0.161823 0.0800344 
-0.540381 -1.54233 4.31631 
-0.418012 0.174265 -0.0403757 
-0.710763 0.255185 0.181251 
0.83827 0.394783 0.335353 
-1.09334 0.00951299 0.104782 
-0.556296 0.19025 0.0181468 
-0.40865 0.155444 0.829606 
0.902945 0.366136 0.236922 
-0.605953 -0.332653 0.593793 
2.8588 -4.1292 0.418599 
-0.556981 0.190576 0.0182129 
-1.67689 0.340144 0.505203 
-1.77222 0.812338 1.53103 
0.601355 0.31248 0.254336 
0.363926 -1.43987 2.25172 
-0.408816 0.155531 0.829738 
0.890355 0.482303 0.469645 
-2.91006 -4.13425 9.46918 
-0.517059 0.152382 -0.0777599 
-0.709302 0.254885 0.182132 
1.87841 0.571008 2.06799 
0.656935 0.53883 0.61095 
-3.0189 -4.64189 9.77433 
-0.466102 0.174347 -0.0378169 
-0.708207 0.253397 0.180029 
0.111004 0.220991 -0.0189689 
1.77466 0.538891 1.96849 
0.972193 0.511611 0.476301 

-0.0903876 -0.54904 0.716092 
0.0620628 0.107969 0.0265261 
0.368171 -0.398564 -0.229215 
-1.36826 -2.18019 1.61914 
-0.197201 -1.32552 1.66171 
0.171813 -0.156985 -0.0800859 
0.119251 -0.138867 -0.0932964 
0.120225 -0.16213 0.205331 
0.120308 0.0287981 0.0664847 
0.0884154 0.11373 0.0808052 
0.218408 -0.199176 0.090949 
0.0885757 0.114357 0.0610268 
0.102554 0.111125 0.0140084 
0.0914888 0.112248 0.0585128 
0.0389405 -0.440558 0.00412458 
0.137342 -0.0234893 -0.00300634 
0.087045 0.0448571 0.210275 
0.132493 0.105582 -0.174095 
0.0618064 -0.0577085 -0.0331885 
0.0604061 -1.1362 -0.45243 
0.0988796 0.106074 0.0157555 
0.133084 0.104023 -0.0750227 
0.318847 -0.38741 -0.240085 
0.09501 0.123286 0.0640459 
0.485591 -0.478341 0.183272 
0.197341 -0.3892 0.0551593 
0.0890028 0.115251 0.0725411 
0.4086 -0.448945 0.341814 
0.0789336 -0.0560273 0.284527 
0.0637132 0.106402 0.00265087 
0.121686 -0.0507544 0.117639 
0.0961348 0.111916 0.0369419 
0.247637 -0.377122 0.0490845 
0.104757 0.110731 0.00760153 
0.084531 0.0661415 0.204941 
0.0784623 -0.0557725 0.283207 
0.0354595 0.125647 0.255762 
0.14135 0.0995074 -0.121065 
