0.194377 -0.388116 -0.900879 0.816547 0.325073 0.891987 -0.314146 0.321484 0.925497 -0.231789 0.299548 0.555236 0 0 0 1
1 0 0 0 0 1 0 0 0 0 1 0 0 0 0 1
###
-0.722505 0.397146 0.806786 
5.52622 -14.2457 12.9034 
0.52545 0.0175216 -0.663243 
4.77808 -6.28919 7.05619 
1.09559 -2.23193 1.06939 
0.134002 0.271828 0.954709 
2.66463 -3.7781 4.52537 
2.37847 -6.0229 0.301152 
0.546445 0.0926998 -0.332801 
1.36493 -2.43674 0.692704 
-0.60474 0.393292 0.796762 
-0.809968 -1.52617 2.10295 
-0.464721 0.439006 1.0045 
1.11968 -2.493 1.05586 
3.78543 -5.83215 -1.16302 
2.79219 -5.38556 8.17031 
13.1025 -17.001 7.23418 
-0.607489 0.389716 0.794175 
4.82469 -6.31839 7.0138 
2.76477 -5.28918 8.06171 
-0.244519 -4.42769 2.35258 
-0.464215 0.440801 1.00485 
1.40521 -2.47101 0.704087 
1.91639 -10.1547 10.6816 
-0.782828 -0.540717 1.92835 
2.12106 -0.77524 -0.855449 
1.22662 -2.39675 1.12975 
0.219656 -0.0154883 0.986235 
0.595861 0.109976 -0.292499 

0.0601396 0.113166 0.202602 
1.42553 -2.06444 2.30799 
-0.462373 0.138334 0.331286 
-0.0537534 -0.730343 0.878756 
0.967536 -1.51403 0.488189 
0.126681 0.101056 0.134745 
0.218807 -1.41313 2.09436 
1.07177 -3.07652 0.128027 
-0.102858 0.190316 0.514666 
1.06844 -1.54902 0.235068 
0.0200708 0.158396 0.397985 
0.186081 -1.7065 2.47508 
-0.103384 0.188175 0.508579 
0.908726 -1.57655 0.455468 
1.08866 -1.5664 0.234484 
2.5244 -6.71254 9.68236 
15.93 -19.2316 6.56584 
0.190401 0.057224 0.104176 
14.5984 -17.71 6.06975 
1.37264 -3.41469 4.98201 
0.50239 -3.67313 1.23914 
1.79721 -0.463568 0.0639965 
0.164476 -0.20551 0.0424044 
1.02818 -1.6873 -0.117222 
-0.292272 -0.465857 1.14749 
0.175797 0.0143843 0.33129 
0.81059 -2.28722 0.108129 
1.80537 -0.475161 0.0562704 
-0.331592 0.213571 0.643262 
