-0.300874 -0.321135 -0.897969 -0.017639 0.142734 0.915829 -0.375346 -0.0973165 0.942922 -0.241102 -0.229712 0.0555236 0 0 0 1
0.999931 -0.0117454 0.000320555 0.00802632 0.0117455 0.999931 -5.76484e-05 0.0035083 -0.000319856 6.14095e-05 1 0.000947003 0 0 0 1
###
0.0438514 0.041714 0.0351326 
0.330803 -0.402877 -0.270747 
0.0919469 -0.711382 0.976154 
-0.187586 -0.452334 -0.399572 
0.0179092 0.138228 -0.0717002 
0.065505 -0.823914 0.0101678 
2.8853 -2.27084 1.02536 
3.247 -2.89846 0.528617 
0.118653 0.183664 -0.752089 
-0.00351068 -0.290834 -0.23262 
0.0675053 -0.32287 -0.218574 
0.0186963 0.190049 -0.0461376 
0.177303 -0.198953 -0.344809 
3.247 -2.89846 0.528617 
2.07421 -2.06743 -0.307472 
-0.159362 -0.276886 -0.294645 
0.0859241 -0.0102338 0.0454839 
0.514007 -0.717366 -0.458117 
0.673603 -1.00916 -0.231019 
-0.00334066 -0.255395 -0.28037 
0.0137395 0.18286 -0.0574861 
2.49006 -1.93744 0.868012 
0.168656 -0.84623 0.442769 
-0.0256065 0.117382 -0.0535336 
1.07809 -0.77934 0.421136 
0.137746 0.326465 0.158183 
0.200569 -0.205474 -0.365105 
-0.0277447 0.1463 -0.16035 
0.0440135 -0.246859 -0.157492 
0.083466 -0.848127 0.070979 
1.16977 -0.868225 0.396877 
0.9209 -1.90505 -0.870727 
2.99251 -2.68162 0.520109 
0.19175 -0.195582 -0.35602 
0.0766496 -0.0871337 0.241794 
2.45945 -3.19011 1.07322 
0.434848 -0.606111 -0.333029 
0.322431 0.34467 0.141461 
-0.0216654 -0.887343 0.00951825 
-0.0939029 -0.114618 -0.403002 
0.260776 -0.376082 0.494703 
0.0673646 0.0610502 0.197672 
-0.0724994 0.00511623 -0.0670125 
-0.169991 -0.349434 -0.103617 
0.113914 -0.940832 0.695614 
0.0510759 -0.898384 -0.0995163 
0.0335151 -0.308786 -0.159747 

-0.617258 -1.12569 1.49537 
8.63454 -6.43217 6.73404 
2.02006 -1.59033 2.15774 
0.84316 -1.00968 0.0898269 
-1.23886 -0.781978 0.221501 
-1.12975 -4.86942 2.7217 
1.23352 -3.74968 6.79388 
1.60235 -2.81763 4.92208 
0.0274001 -0.110412 0.417182 
1.20882 -1.4247 0.536959 
0.0688401 0.216256 0.227887 
1.91536 -0.0289677 0.404135 
4.17867 -1.84453 2.01151 
2.44478 -4.23877 6.92677 
3.85584 -3.94735 5.65278 
-0.893577 0.350446 0.594238 
0.113287 -3.5366 6.21108 
-0.79952 -1.71728 1.61233 
5.44403 -6.51451 6.0286 
-0.147266 0.127825 0.409863 
0.111798 0.174198 0.182676 
0.0511154 -1.34921 2.75058 
0.0883703 -3.64272 1.98728 
-4.12424 -6.34769 0.205445 
3.95137 -4.05446 5.84928 
0.110975 0.24405 0.0348309 
-0.13206 0.353874 0.110257 
0.0270231 -0.111163 0.417836 
1.05206 -1.39747 0.838314 
0.526322 -3.74545 1.81791 
2.23044 -3.6591 6.5702 
10.39 -9.60131 5.84879 
2.30578 -4.01531 6.59705 
0.194439 0.0668803 0.16166 
0.13933 0.0813659 0.214667 
-0.991455 -4.23981 2.37017 
0.656092 -1.44528 0.34312 
-0.88343 -1.20041 0.0454006 
0.347319 -3.7257 1.88318 
0.0817051 0.0628496 0.362799 
2.89593 -2.12286 2.63515 
-0.180596 -0.0379247 0.0521954 
1.01486 -3.96649 1.62633 
-1.06739 -1.97862 1.33198 
-1.03321 -4.42477 2.47756 
0.326347 -3.63158 1.84449 
2.04829 -7.71582 8.68534 
