0.342585 -0.223676 -0.912472 0.581211 0.126563 0.973379 -0.191088 0.0123893 0.930923 -0.0500208 0.361774 0.538473 0 0 0 1
0.996476 -0.0760527 -0.035367 -0.00361774 0.0758699 0.997097 -0.00648373 0.000249813 0.0357575 0.00377759 0.999353 -0.00877859 0 0 0 1
###
-1.1174 -0.935976 1.43155 
8.01161 -7.18551 6.12113 
-0.607357 0.376827 0.440041 
1.2717 -1.82796 0.299324 
4.00808 -4.11161 5.93084 
9.40967 -7.94018 4.32353 
2.98647 -7.65018 12.7065 
-0.594255 0.281131 0.397885 
1.73222 0.644756 -0.83358 
4.534 -5.76935 -1.64219 
2.4695 -4.25659 6.98976 
-0.612861 0.324604 0.304693 
0.159968 0.212295 -0.507469 
2.42839 -1.89094 1.89047 
-0.0473555 -0.413086 1.0794 
2.0456 -1.66389 2.19509 
0.692054 -1.38717 0.338136 
-0.619514 0.345497 0.423028 
-0.538231 0.404469 0.590566 
0.00381563 0.175878 0.625927 
-0.612806 0.323807 0.304143 
-0.203462 -0.276537 0.903096 
0.388221 0.315225 -0.329902 
-0.507417 -0.901929 -0.285051 
-0.61207 0.325542 0.303966 
1.58093 -0.0831903 -0.528635 
9.54083 -8.86286 5.4599 
2.57426 -2.16733 0.556283 
3.09816 -3.22688 4.76105 
0.00828588 0.174007 0.63085 
2.30874 -2.00377 0.541663 
0.734807 -1.69324 1.81864 
-0.616843 0.35221 0.426376 

0.0879832 -0.570815 0.734749 
-1.65374 -1.96089 1.76532 
-0.0651507 0.300697 0.092734 
1.83918 -1.4751 0.329482 
0.186185 -0.30472 0.409265 
2.8853 -2.27084 1.02536 
-2.65774 -2.63009 0.703629 
0.0211023 0.325501 0.175979 
0.406765 0.314845 0.0573327 
0.69862 -0.563313 0.432969 
-2.38383 -2.62764 2.4271 
0.399842 0.360298 0.123529 
0.460054 0.369927 0.132074 
0.455883 -1.04509 1.37735 
-1.95796 -1.92183 1.25957 
-2.57624 -2.67876 2.52066 
2.99251 -2.68162 0.520109 
-0.168814 0.108814 0.27599 
-0.00892631 0.297935 0.0747467 
-0.410093 0.102252 0.302721 
0.393966 0.358918 0.121948 
-1.59808 -1.56107 1.03196 
0.176789 0.345223 0.183964 
1.43981 -2.64239 0.00805692 
0.115359 0.0163401 0.278992 
-0.0771548 0.310061 0.122014 
-0.217631 -0.754876 0.941787 
-0.209561 0.449787 0.27729 
-2.25886 -2.304 1.38338 
0.140208 -0.825812 0.528298 
-0.259212 0.0541788 0.323149 
-2.56488 -3.22887 0.193855 
0.278957 0.353811 0.169659 
