0.704588 -0.250391 -0.663972 -0.0475198 0.249829 0.963302 -0.0981597 0.346904 0.664184 -0.0967176 0.741286 -0.4537 0 0 0 1
0.999779 -0.0135913 -0.0160239 -0.00204433 0.0134328 0.99986 -0.00995394 -0.00492294 0.016157 0.0097365 0.999822 -0.0185849 0 0 0 1
###
-0.281978 -1.06877 1.2244 
1.06566 -1.54999 0.233464 
3.19279 -3.91747 3.84801 
0.549361 -0.200765 0.239266 
2.3185 -6.15505 8.87689 
8.15031 -8.30059 4.43393 
7.89936 -7.56639 3.6798 
0.394753 -0.34094 0.391543 
1.06741 -1.51582 0.445826 
0.319558 -0.0732939 0.499116 
1.59947 -1.87369 0.088679 
4.4587 -7.92326 9.95171 
0.277856 0.421955 1.55955 
-0.284284 -1.05355 1.17394 
0.17032 0.395232 1.5153 
-0.587578 -3.15229 1.85703 
1.62174 -1.21266 0.642058 
0.493666 0.524666 1.75478 
0.740725 -2.1989 3.21319 
0.213394 -2.00381 2.89692 
0.436094 0.395461 1.54266 
0.31151 0.391094 1.55952 
0.440281 -1.74827 0.459626 
0.298438 -3.32099 1.27634 
0.740028 -3.47379 0.960104 
-0.302205 -0.610665 1.14361 
0.745152 -2.17742 3.17508 
11.9856 -13.9591 7.31235 
0.39422 -0.337944 0.388042 
-0.290841 -1.0658 1.19313 
-0.568379 -3.1007 1.83065 
0.164768 0.39244 1.50047 
3.20643 -3.89462 3.76122 
-0.94729 -3.59034 1.91807 
0.37305 -0.352924 0.360665 
1.70326 -3.72311 -1.34271 
0.394709 -0.664603 0.178137 
0.812237 0.390147 1.36804 
0.891516 -1.5579 0.449359 
2.64814 -2.5733 2.00074 
-0.0253776 -1.05714 1.16394 
0.318909 -0.0744629 0.497538 
-0.282183 -0.569078 1.10154 

-0.850662 -1.77461 2.38623 
1.36493 -2.43674 0.692704 
4.77808 -6.28919 7.05619 
0.313963 -0.344409 0.668464 
2.04968 -6.24887 10.2709 
6.91327 -9.57828 7.52467 
-1.32357 -2.55018 2.65639 
-0.325816 0.222831 0.135827 
1.25962 -6.00831 1.7001 
2.39428 -0.692203 0.338854 
-1.78529 -0.973013 0.63435 
3.09277 -6.13475 8.61881 
-0.0187514 0.272808 0.30061 
-0.886168 -1.65652 2.32386 
0.293633 -0.136573 0.334986 
-1.45869 -5.19666 3.62787 
-0.0107104 0.251925 0.227123 
0.00573389 0.265405 0.275735 
5.04319 -6.0899 6.95907 
-2.20316 -6.0357 7.40844 
0.322555 0.116798 0.24441 
-1.52998 -1.80061 0.239794 
1.33546 -6.24107 1.53631 
-0.166913 -5.39833 2.74635 
-0.473497 -5.11755 2.87987 
-1.34916 -0.231526 0.775053 
-3.66013 -5.04314 1.92478 
9.02149 -11.1461 6.89794 
-2.8598 -3.48561 0.311981 
0.0139433 -0.173852 0.675882 
-1.40639 -5.10427 3.56443 
-0.132903 0.225277 0.697375 
13.0792 -16.9065 7.02489 
-1.8319 -5.19219 3.3073 
-1.78289 -0.622615 0.595009 
-1.38389 -2.57573 2.5837 
1.88582 -1.50894 0.0129803 
-0.461059 0.445931 1.01191 
1.94332 -10.335 10.8491 
-0.46072 0.440402 1.0004 
-3.1734 -4.99408 3.98745 
0.25531 0.138529 0.145399 
-1.28234 -0.0918451 0.752936 
