0.693078 -0.255049 -0.674235 -0.0552273 0.285018 0.956059 -0.0686737 0.306825 0.662123 -0.144573 0.735317 -0.568962 0 0 0 1
0.99978 -0.0136155 -0.0159522 -0.00205982 0.0134567 0.999859 -0.0100194 -0.00490352 0.0160864 0.00980253 0.999823 -0.0185823 0 0 0 1
###
3.76029 -4.56579 4.51389 
-1.57387 -5.76592 3.13588 
1.80072 -4.75765 6.85375 
0.467449 0.57733 1.80214 
-0.15438 -0.931573 0.823534 
0.40872 -0.269549 0.44221 
1.2933 -3.89151 5.89329 
1.05481 -1.529 0.232633 
1.08943 -1.66235 0.27425 
0.690457 -1.16318 0.0302361 
0.168867 0.388958 1.49819 
0.275478 0.41669 1.54455 
0.0758691 0.109052 0.966164 
0.142653 -1.26015 1.71535 
0.0933232 -0.915011 1.08025 
0.397054 0.223265 1.23366 
0.462745 0.388193 1.5166 
0.129673 6.08501 10.2109 
0.166691 -1.19155 1.60731 
0.295407 -0.612611 0.463082 
0.943323 0.409074 0.610256 
-0.568612 -3.09891 1.82906 
0.471143 2.5397 1.18139 
1.95511 -0.867061 0.0831516 
0.313457 0.409905 1.58535 
0.506505 0.412705 1.55613 
0.452575 0.414567 0.58916 
-0.894106 -2.17266 1.949 
1.03506 -1.42958 0.413122 
3.84841 -6.91757 8.65926 
1.64386 -1.15445 0.574844 
0.0551599 -0.860117 0.916582 
1.6877 -4.15011 6.11045 
-1.33309 -2.32804 1.5198 
15.191 -18.3451 6.24538 
0.164088 -3.35476 1.38067 
2.14145 -8.72341 8.17276 
0.627772 -3.15103 0.781675 
-7.6007 -3.95454 6.96103 

-2.02568 -6.95699 9.02184 
-6.07081 -16.9045 10.8192 
1.98692 -6.06208 9.96996 
0.00437587 0.264311 0.275911 
-0.460722 0.440404 1.00039 
0.0177984 0.256985 0.227734 
0.900781 -2.89727 4.86605 
1.3463 -2.38414 0.686611 
0.170951 0.138235 0.333701 
-2.61054 -3.37682 1.6491 
0.293627 -0.13657 0.334984 
-0.0187598 0.27287 0.300662 
-1.35691 0.388724 0.719466 
-1.85184 -2.38186 1.26297 
-1.83136 -2.9539 2.53667 
-0.346967 0.237135 0.143045 
0.00573389 0.265405 0.275735 
-1.5295 -1.80006 0.239768 
-1.87835 -5.1581 6.3535 
1.33681 -6.24677 1.53732 
13.0011 -13.7363 4.98035 
-1.4602 -5.20213 3.63149 
0.0794131 0.236174 0.186365 
2.8489 -1.88916 0.399365 
-1.72459 -0.84286 0.614468 
0.033741 0.176634 0.330524 
-0.242381 0.321222 0.49871 
-1.38402 -2.57596 2.58392 
1.66165 -2.25499 0.595944 
3.24678 -6.50744 9.16827 
-1.783 -0.62265 0.595039 
-3.17444 -4.99558 3.98865 
-1.86239 -2.21387 0.234656 
-1.70108 -2.62997 0.0907381 
13.3966 -17.3025 7.23384 
-2.46897 -5.62901 3.67088 
-1.83128 -5.19039 3.30617 
0.474151 -5.64976 2.10141 
-1.32222 0.350873 0.60323 
