0.993537 0.0181398 -0.112051 0.441142 -0.0415468 0.976762 -0.210261 0.037584 0.105633 0.213558 0.971203 0.131038 0 0 0 1
0.352908 -0.113963 -0.928692 -0.0053393 0.0624911 0.993209 -0.0981333 0.00628648 0.933569 -0.023403 0.357633 -0.0236739 0 0 0 1
###
-1.44347 -1.23499 1.31362 
-0.520546 0.234642 0.106467 
-2.99525 -4.48552 9.4712 
-0.574219 -1.52377 4.19498 
-2.62168 -3.63706 3.60375 
-1.51329 -5.2234 9.91195 
-0.190037 -0.295166 -0.0322878 
-0.640204 0.272584 0.241011 
-2.16863 -1.90084 2.31289 
1.25191 0.628567 0.766914 
-0.356304 -0.269749 0.35514 
-3.16032 -4.78117 10.1201 
0.767619 0.572646 0.660795 
-0.53761 0.166131 0.0108158 
-0.643052 0.280805 0.247676 
0.796657 0.628668 0.737944 
0.882932 0.357066 0.231934 
-0.493348 0.124167 0.0478421 
-2.83865 -4.37278 9.20202 
-0.90986 -1.69799 0.588767 
-0.724545 -3.91485 2.21714 
-5.23762 -5.52557 8.8517 
0.368705 -1.41962 2.22392 
-0.514993 0.225271 0.104974 
0.584289 -1.02751 0.035199 
-1.60741 0.321525 0.482231 
-0.482644 0.359613 0.696213 
-1.12952 -0.616594 0.135729 
-1.61719 0.325742 0.486934 
-0.0521814 -0.073847 0.753318 
-0.511829 -1.49557 4.18462 
-0.545639 0.188398 0.0191108 
-0.139131 -0.336673 0.113211 
-0.693018 0.248376 0.17675 
-0.544951 0.186601 0.0175879 
-1.70783 -1.76986 1.61562 
-1.91107 0.381029 1.65737 

-0.330182 -1.52732 1.93603 
-0.0346447 0.102312 0.190068 
0.148412 -0.162491 -0.10153 
0.736827 -0.719903 -0.247952 
-0.0774544 -0.324383 0.38758 
-0.0411744 -0.471694 0.585801 
0.232342 -1.38715 -0.667106 
0.138588 -0.0563009 0.00292128 
0.394769 -0.63418 -0.483091 
0.123604 0.111196 -0.00396343 
0.552583 -1.19037 1.58217 
0.237111 -0.238973 0.08197 
0.136007 0.103491 -0.0877594 
-0.039852 0.109552 0.204036 
-0.0346053 0.100261 0.187109 
0.110007 0.0913195 -0.154829 
0.0861185 0.116229 0.0787958 
0.103018 0.111314 0.0130245 
0.0543486 -0.348314 0.44125 
0.197341 -0.3892 0.0551593 
0.0936126 -0.420968 0.0164307 
0.422312 -0.955539 1.162 
0.485591 -0.478341 0.183272 
0.104757 0.110731 0.00760153 
0.195417 -0.186359 -0.0627404 
0.133084 0.104023 -0.0750227 
0.0884154 0.11373 0.0808052 
0.283839 0.513781 -0.525517 
0.131597 0.104182 -0.0676149 
0.0869622 0.117262 0.0984964 
-0.0789315 -0.496473 0.650025 
0.0988796 0.106074 0.0157555 
0.195639 -0.391273 0.0544609 
0.0859668 0.0542829 0.207962 
0.102586 0.113863 0.027652 
0.171813 -0.156985 -0.0800859 
-0.0465901 0.0953084 0.175456 
