0.38484 -0.190632 -0.903082 0.621407 0.0306153 0.980536 -0.193936 -0.0437386 0.922476 0.046986 0.383186 0.515996 0 0 0 1
0.996476 -0.0760524 -0.0353671 -0.00361787 0.0758696 0.997097 -0.00648377 0.000249705 0.0357575 0.00377764 0.999353 -0.00877843 0 0 0 1
###
-0.00351585 -0.3638 0.626313 
-0.400175 -0.691817 1.26695 
5.159 -5.42674 5.60619 
4.18948 -3.90113 5.90992 
-0.3255 0.219551 0.158326 
0.0652949 -1.95545 2.67692 
0.0593311 -0.563745 1.26663 
2.06712 -1.65478 2.24628 
5.39045 -5.10454 -0.989178 
4.02401 -4.12914 5.9536 
-0.6307 -1.32686 1.65174 
1.68541 -2.96522 5.16668 
-0.619326 0.358741 0.448272 
-0.612611 0.366902 0.434161 
0.336912 -3.63799 1.84131 
-0.536678 0.406781 0.593232 
0.161835 0.212037 -0.509071 
3.88414 -3.9764 5.69317 
0.0885081 -3.64284 1.98761 
-0.61776 0.348777 0.424762 
-0.0389923 0.196617 -0.313952 
-0.635575 -3.73961 2.31694 
-0.617604 0.349448 0.424881 
-0.539496 0.405788 0.591411 
-0.554959 0.646221 1.54235 
-0.571934 0.297086 0.189864 
7.77508 -5.65573 5.82704 
-0.659242 -3.82374 2.4471 
2.08232 -1.02936 0.950579 
1.65737 -2.00583 0.139012 
-0.349858 -1.97054 -0.262211 
1.00583 -3.93199 1.60996 
-0.466108 -0.827197 -0.0993578 
-0.652593 0.363037 0.501763 
1.67065 -2.02135 0.138318 
-0.616846 0.351571 0.425574 
1.32455 -3.48366 1.05121 
-0.695664 0.543543 1.24554 

2.8853 -2.27084 1.02536 
-1.07031 -1.01278 0.195678 
-1.88198 -2.23914 2.02184 
0.186185 -0.30472 0.409265 
-0.0213204 0.322899 0.173423 
-2.65774 -2.63009 0.703629 
-1.88536 -1.91359 1.12887 
0.0245813 -0.441057 0.623261 
-0.15658 -0.292118 0.443863 
-1.86647 -1.90345 1.15529 
0.699501 -0.577216 0.472125 
-1.99819 -2.01659 0.699688 
-0.813022 0.21163 0.241385 
-0.0630767 0.299016 0.0884891 
0.0482536 -0.450156 0.222349 
0.396073 0.363945 0.122873 
-0.125577 0.315907 0.183726 
-4.62292 -4.87188 2.80208 
0.13727 -0.84426 0.307024 
0.115359 0.0163399 0.278992 
0.444624 0.351453 0.0768354 
0.140208 -0.825812 0.528298 
0.0139491 0.325034 0.174849 
0.493254 0.383557 0.0822332 
0.278957 0.353811 0.169659 
-0.456275 0.180399 0.332481 
-1.86676 -2.2173 1.99833 
0.165408 -0.758576 0.479103 
-0.0457606 0.321584 0.178103 
-0.249193 0.0558724 0.313138 
0.284375 -0.389349 0.499932 
-0.259933 -0.461401 0.572997 
0.69862 -0.563313 0.432969 
-0.00082494 0.324139 0.175048 
-1.13 -1.12585 0.179143 
-0.0493092 0.267374 0.158582 
0.12299 -0.840659 0.4311 
0.176789 0.345223 0.183964 
