-0.308658 -0.323552 -0.894452 -0.0197239 0.162992 0.908467 -0.384866 -0.0987623 0.937104 -0.264581 -0.227669 0.040585 0 0 0 1
0.999883 -0.0152673 0.00013989 0.0114242 0.0152671 0.999882 0.00164914 0.00566587 -0.000165051 -0.00164681 0.999999 0.00136717 0 0 0 1
###
2.0108 -2.48027 0.857514 
0.0551482 -0.998441 -0.121252 
0.949486 -1.26073 -0.339799 
2.8853 -2.27084 1.02536 
3.247 -2.89846 0.528617 
0.0675053 -0.32287 -0.218575 
2.07421 -2.06743 -0.307472 
1.26549 -1.77436 -0.530286 
0.22115 -1.18649 2.11121 
-0.187586 -0.452334 -0.399572 
0.157603 -0.82915 0.548798 
0.299164 -0.165841 0.106554 
0.0142627 0.183105 -0.058215 
0.0474276 -0.943222 -0.139314 
0.523905 -0.630676 -0.398753 
0.045462 -0.449243 0.780698 
1.7565 -1.75283 -0.278449 
0.0471448 0.00420822 0.0539931 
0.433936 0.409666 0.144806 
0.359717 0.332947 0.105401 
0.198407 0.287071 -0.0174907 
1.83918 -1.4751 0.329482 
0.216898 -0.115713 0.13038 
0.179151 -0.824278 0.57099 
0.193833 -0.489678 0.662968 
0.102701 -0.865259 0.134635 
0.272393 0.310495 0.115416 
0.346413 0.302007 -0.0354555 
0.0793399 -0.823292 0.0678021 
2.09771 -1.82646 0.360551 
0.798861 -0.558754 0.336045 
-0.0913195 -0.273157 -0.213947 
0.0457531 -0.902527 -0.130932 
0.0256322 0.0286851 0.0245448 
0.325319 0.279966 -0.120789 
0.306118 -0.0530607 0.78123 
-0.22 -0.385071 -0.414023 
0.0931589 -0.747587 0.150107 
0.315997 -0.0913675 0.814087 
1.15931 -0.901486 0.183505 
-0.372682 -0.832273 -0.450127 
-0.230162 -0.565347 -0.13089 
0.0510758 -0.898384 -0.0995161 
2.15479 -2.7952 0.948347 

1.05207 -1.39741 0.838406 
0.33901 -3.65515 1.84969 
5.17446 -5.4414 5.61964 
1.40788 -4.06875 7.47444 
1.59884 -2.81202 4.91292 
0.0688437 0.216257 0.227888 
4.01505 -4.11914 5.94155 
5.47185 -5.50501 5.37722 
-1.09071 -1.38668 0.0202794 
9.40653 -7.93774 4.32275 
-0.75978 -4.34926 2.75971 
4.26564 -3.96892 6.00985 
0.0558691 -0.1147 0.405825 
0.0880539 -3.6354 1.98351 
2.06625 -1.65277 2.24553 
-4.12037 -6.34156 0.205288 
3.85921 -3.95142 5.65879 
2.89661 -2.1233 2.63578 
-0.539326 0.405693 0.591075 
-0.897036 0.37752 0.685956 
1.91127 -0.0404125 0.414354 
2.25653 -1.74301 2.39913 
-0.799714 -1.71771 1.6128 
-0.685764 -3.88712 2.48354 
-0.8491 -1.78007 1.59272 
0.0859651 -1.49857 0.798396 
-0.883379 -1.20028 0.0453123 
0.0977317 0.278804 0.152582 
0.525751 -3.74169 1.8162 
2.14292 -7.99227 9.34487 
-11.552 -30.5689 33.1022 
1.2781 -1.18977 0.745329 
0.330054 -3.66566 1.86108 
-1.15586 -2.15188 1.53138 
-0.896249 0.347249 0.587647 
2.87369 -1.22769 1.37787 
0.159117 0.0675286 0.252127 
1.07215 -10.265 5.20211 
0.0173497 -0.0170258 0.367004 
2.23796 -3.67063 6.59115 
1.00463 -3.92748 1.60856 
-1.06716 -1.97814 1.33167 
0.0841209 -3.69883 2.02267 
-1.21564 -4.88865 2.84399 
