0.997088 0.0242628 -0.0723014 0.447472 -0.0407365 0.970906 -0.23597 0.0378364 0.0644726 0.238228 0.969067 0.116593 0 0 0 1
0.353096 -0.114385 -0.928568 -0.00535765 0.0623907 0.993168 -0.0986184 0.00637787 0.933504 -0.0231122 0.357821 -0.0236749 0 0 0 1
###
0.504371 -3.33918 8.99234 
-0.514156 0.152909 0.0117264 
-0.585384 -1.56756 4.31125 
-0.354042 -0.268512 0.353671 
-1.17173 -1.52109 0.851065 
-2.62748 -3.66082 3.62195 
-0.629035 0.267776 0.236738 
0.695645 0.533306 0.610781 
4.4016 -3.23499 5.56126 
-0.56377 -1.59455 4.42163 
0.252887 0.21184 0.229914 
-0.530236 0.167197 0.0123277 
0.802737 -1.72747 1.84061 
-2.94616 -4.43739 9.40107 
-0.897181 -1.67681 0.582872 
-0.46727 -3.61995 2.24266 
-5.23854 -5.51706 8.85193 
-0.532329 0.174295 0.0146069 
-0.681353 0.244247 0.173737 
0.752227 -1.69783 1.86906 
-0.50766 0.225446 0.104369 
1.46281 -7.01169 13.6579 
-1.18643 0.00895506 0.139492 
-0.522336 0.205435 0.0581612 
1.75297 -7.88805 15.4506 
0.348512 -1.37629 2.14778 
0.962207 0.554088 0.579421 
-0.681353 0.244247 0.173737 
-5.37133 -5.69607 9.12343 
-1.29578 -0.723886 0.163256 
-0.253642 0.171691 -0.0520334 
-0.0477583 -0.0739378 0.744688 
-0.493416 -3.74183 2.30874 
-0.293296 0.163252 -0.0670737 
0.594248 -0.597529 3.22806 
0.810176 0.490536 0.511513 
-1.95098 0.48333 0.88382 

0.21747 -0.191585 0.0234568 
0.142087 0.0998024 -0.12211 
0.0449448 -0.0280017 0.0107555 
0.561677 -1.21023 1.60852 
0.171617 -0.156684 -0.0797983 
-0.078557 -0.328213 0.392436 
0.0926092 0.0840411 0.0766299 
0.132063 0.104432 -0.0675904 
0.246228 -0.251841 0.209562 
0.272076 -0.540147 0.773956 
0.128344 0.106251 -0.0503507 
0.0889958 0.115236 0.0725303 
0.245533 -0.343705 0.0746465 
0.35443 -0.383082 -0.220586 
0.196781 -0.387745 0.0552069 
0.0928747 -0.415432 0.0168515 
0.425544 -0.966543 1.17709 
0.1372 -0.0235219 -0.00294616 
0.128347 0.0961839 -0.127641 
0.271487 -0.40475 0.0727566 
0.0923454 0.0761181 0.0790503 
0.126176 -1.2463 1.64062 
0.0393284 -0.448186 0.00387777 
0.333742 -1.02141 -1.12623 
0.439789 -0.518102 0.375093 
0.492429 -0.485047 0.18609 
0.0977566 0.111341 0.0307349 
0.0640617 0.106554 0.00245275 
0.400956 -0.90434 1.10291 
0.28122 0.508876 -0.520751 
0.12539 -0.0105009 0.106388 
0.140467 0.0998637 -0.150035 
0.0945761 -0.407914 0.0187689 
0.129279 0.0309625 0.0198851 
0.113792 -0.0504153 0.112392 
0.123224 0.0961024 -0.160185 
0.0884053 0.113716 0.0807936 
