0.211668 -0.24265 -0.946741 0.878917 0.202881 0.958498 -0.200304 0.177689 0.956052 -0.149677 0.252112 0.602054 0 0 0 1
1 0 0 0 0 1 0 0 0 0 1 0 0 0 0 1
###
-0.722597 0.396531 0.807077 
7.13279 -9.88139 7.75203 
0.312549 -1.0812 1.90265 
2.95079 -3.24176 3.07808 
0.478864 0.0266116 -0.609484 
9.29166 -11.4559 6.98344 
-1.01046 -0.336674 1.35667 
0.087174 -1.64483 3.33391 
0.595825 0.0953715 -0.349183 
4.7551 -6.25296 7.02155 
12.2565 -15.9216 6.79668 
0.101918 0.128168 0.0583082 
2.8628 -5.51895 8.36347 
0.229221 -1.97737 3.85214 
-0.466055 0.439206 1.00596 
4.27722 -5.43686 0.9667 
0.202686 -0.35894 0.627356 
1.83958 -4.97577 0.326769 
3.24678 -6.50744 9.16827 
-0.606459 0.391424 0.795915 
-0.470993 -5.08218 2.86105 
1.92577 -10.1947 10.7257 
0.630779 0.376998 2.77353 
-0.563084 0.341665 0.430447 
0.161047 -0.348844 0.630083 
5.2484 -6.28623 0.479304 
2.25561 -6.22127 1.11098 
-0.607229 0.391239 0.795729 
0.229738 0.100437 -0.0807869 
4.86109 -6.36163 7.06243 
-0.461494 -0.225363 0.70055 
-0.792492 -0.595777 2.00489 

0.060217 0.113426 0.202597 
8.449 -11.1112 7.59466 
-0.288939 -4.15898 5.08171 
-0.923656 -2.12872 1.42257 
0.180453 -0.0138257 0.2551 
5.52291 -6.42018 3.38341 
-1.3177 -1.73674 0.988692 
0.359618 -1.32707 2.09187 
-0.464211 0.13881 0.332583 
-0.588756 -0.971751 0.296208 
14.2107 -17.2365 5.89525 
0.16778 0.0921473 0.100133 
1.2553 -1.69013 1.83094 
0.232617 -1.53769 2.2793 
0.290082 0.00236726 0.210949 
2.08425 -2.05222 1.31264 
-0.4592 0.167735 0.451451 
1.06204 -3.04674 0.127461 
4.47665 -7.95701 9.99897 
0.190457 0.0571737 0.104507 
0.500085 -3.6511 1.23265 
0.907239 -1.57232 0.453793 
0.597569 0.134816 1.62918 
0.116006 0.113659 0.101039 
-0.387298 0.213424 0.629805 
-0.759054 -0.555808 0.242986 
1.58641 -3.66075 0.311322 
0.376374 -0.26215 0.289464 
-0.424704 0.152736 0.406068 
15.6193 -18.8569 6.43304 
0.13648 0.110088 0.0806058 
-0.284041 -0.466217 1.11144 
