0.180159 -0.252169 -0.950765 0.842083 0.258287 0.94479 -0.201642 0.21801 0.949121 -0.209242 0.235345 0.611008 0 0 0 1
1 0 0 0 0 1 0 0 0 0 1 0 0 0 0 1
###
0.663136 0.000619717 -0.799073 
7.01837 -9.72395 7.6327 
-0.142718 -0.566288 1.39014 
-1.15346 -0.653244 1.63596 
-0.611767 -0.0573303 0.761072 
4.91564 -5.92228 6.78321 
-0.468316 -5.14891 2.8828 
3.25536 -6.47607 9.14211 
-0.0202124 -0.536277 0.925692 
1.32868 -3.08386 0.369358 
4.72091 -6.21371 6.97574 
-0.38366 0.413465 0.964743 
0.216612 0.016173 -0.544742 
0.764863 -1.46718 0.604021 
1.16334 -2.56249 1.0681 
0.0277522 0.262581 0.891067 
-1.42861 -5.21235 3.50574 
-0.469962 -2.4333 1.6259 
0.340018 0.0397298 -0.494027 
1.11968 -2.49301 1.05583 
-0.471849 -5.10097 2.87202 
-0.626936 0.354877 0.631842 
1.22194 -2.6388 0.345389 
-1.02197 -1.55248 0.147302 

-0.0131597 -0.046377 0.0259604 
5.40702 -6.29452 3.31209 
15.8165 -19.0962 6.51699 
-1.32487 -1.74571 0.993433 
0.446263 -1.73114 2.6948 
-0.291802 -4.1887 5.11732 
-0.00937427 -2.96599 1.3605 
4.4587 -7.92326 9.95171 
0.52167 -1.90368 2.99795 
1.0629 -1.97877 -0.0353171 
0.22876 -1.52492 2.25519 
0.183748 0.061625 0.112814 
-0.102712 0.192818 0.520798 
-0.758566 -0.555419 0.24275 
0.908919 -1.57676 0.455709 
0.0946435 0.122665 0.146198 
1.06966 -3.06966 0.128091 
0.165123 -3.36485 1.38516 
0.411888 -0.202676 0.0977341 
0.91098 -1.57917 0.455472 
1.11204 -3.91085 0.814179 
0.170443 0.0118853 0.313152 
12.4086 -15.1644 5.31171 
-0.281978 -1.06877 1.2244 
