0.993537 0.0181398 -0.112051 0.441142 -0.0415468 0.976762 -0.210261 0.037584 0.105633 0.213558 0.971203 0.131038 0 0 0 1
0.290661 -0.1653 -0.942439 -0.00747209 0.119335 0.983536 -0.135704 0.00590652 0.949355 -0.073022 0.305602 -0.0233823 0 0 0 1
###
-1.44347 -1.23499 1.31362 
-0.520546 0.234642 0.106467 
-2.99525 -4.48552 9.4712 
-0.574219 -1.52377 4.19498 
-2.62168 -3.63706 3.60375 
-1.51329 -5.2234 9.91195 
-0.190037 -0.295166 -0.0322878 
-0.640204 0.272584 0.241011 
-2.16863 -1.90084 2.31289 
1.25191 0.628567 0.766914 
-1.60236 -5.61973 10.6385 
-0.356304 -0.269749 0.35514 
-3.16032 -4.78117 10.1201 
0.767619 0.572646 0.660795 
-0.53761 0.166131 0.0108158 
-0.643052 0.280805 0.247676 
0.796657 0.628668 0.737944 
0.882932 0.357066 0.231934 
-0.493348 0.124167 0.0478421 
-2.83865 -4.37278 9.20202 
-0.90986 -1.69799 0.588767 
-0.724545 -3.91485 2.21714 
-5.23762 -5.52557 8.8517 
2.65454 -0.394684 0.492228 
0.368705 -1.41962 2.22392 
-0.514993 0.225271 0.104974 
0.584289 -1.02751 0.035199 
-1.60741 0.321525 0.482231 
-0.482644 0.359613 0.696213 
-1.12952 -0.616594 0.135729 
-1.61719 0.325742 0.486934 
-0.0521814 -0.073847 0.753318 
-0.545639 0.188398 0.0191108 
-0.139131 -0.336673 0.113211 
-0.693018 0.248376 0.17675 
-0.544951 0.186601 0.0175879 
-1.70783 -1.76986 1.61562 
-1.91107 0.381029 1.65737 

-0.330182 -1.52732 1.93603 
-0.0346447 0.102312 0.190068 
0.0519411 -0.327022 0.416651 
-0.083861 -0.529255 0.687868 
-0.0774544 -0.324383 0.38758 
-0.0411744 -0.471694 0.585801 
0.0700776 0.109942 0.0333521 
-0.033167 0.101992 0.188944 
0.394769 -0.63418 -0.483091 
0.124526 0.107829 -0.0290008 
-0.212081 -0.687785 0.849846 
0.552583 -1.19037 1.58217 
0.252051 -0.309429 0.225317 
0.136007 0.103491 -0.0877594 
0.135977 -0.0291386 -0.00138528 
0.123297 0.0963665 -0.159713 
0.110991 0.0911718 -0.157135 
0.0638124 0.106625 0.00294 
0.103018 0.111314 0.0130245 
0.0543486 -0.348314 0.44125 
0.197341 -0.3892 0.0551593 
0.0936126 -0.420968 0.0164307 
0.422312 -0.955539 1.162 
-0.257717 -0.0666534 0.363226 
0.485591 -0.478341 0.183272 
0.104757 0.110731 0.00760153 
0.195417 -0.186359 -0.0627404 
0.101999 0.116778 0.046271 
0.0884154 0.11373 0.0808052 
0.283839 0.513781 -0.525517 
0.131597 0.104182 -0.0676149 
0.0869622 0.117262 0.0984964 
0.0988796 0.106074 0.0157555 
0.195639 -0.391273 0.0544609 
0.0859668 0.0542829 0.207962 
0.102586 0.113863 0.027652 
0.100942 -0.0940258 -0.0466761 
-0.0465901 0.0953084 0.175456 
