0.994977 0.000143029 -0.100107 0.433044 -0.0180455 0.983874 -0.177951 0.0462495 0.0984674 0.178863 0.978934 0.124845 0 0 0 1
0.352908 -0.113963 -0.928692 -0.0053393 0.0624911 0.993209 -0.0981333 0.00628648 0.933569 -0.023403 0.357633 -0.0236739 0 0 0 1
###
-2.87444 -4.04029 4.01552 
-0.183519 -0.299138 -0.0329385 
-0.636441 0.27087 0.239125 
-0.617236 0.269531 0.227213 
-2.91214 -4.33966 9.1722 
0.279403 -2.54129 6.74422 
1.50536 -7.52521 14.59 
-3.13009 -4.71696 9.99511 
-0.545609 0.189164 0.020011 
-0.452226 0.163482 -0.0384133 
-0.4067 0.169348 -0.0390763 
-0.336471 -0.293784 0.407123 
0.33595 -1.83738 5.04243 
-0.533289 0.161966 0.00855769 
-5.71529 -8.61219 8.74837 
-0.533588 0.163452 0.00983697 
-0.689281 0.246984 0.17538 
-0.397373 0.151861 0.805449 
-1.58363 0.316333 0.472148 
0.76911 -1.06171 2.33036 
-0.499991 0.350783 0.681564 
1.03368 0.540477 0.504185 
-1.46865 -0.798808 0.188757 
-1.60119 0.322423 0.480531 
4.78189 -4.20759 4.73637 
-0.541758 0.185087 0.0171455 
-0.662054 0.22852 0.160073 

0.0121596 -0.0442722 0.0435349 
0.232342 -1.38715 -0.667106 
0.138588 -0.0563009 0.00292128 
0.137057 0.103571 -0.088603 
0.629273 -0.804932 -0.548903 
0.178032 -0.162557 0.0943249 
0.433406 -0.51105 0.368576 
0.182979 -0.159781 0.0134323 
0.0890028 0.115251 0.0725411 
-0.0367661 0.109396 0.202031 
-0.033167 0.101992 0.188944 
0.552583 -1.19037 1.58217 
-0.620647 -1.52655 1.82714 
0.0885757 0.114357 0.0610268 
0.646526 -1.53128 -0.721573 
0.106186 0.112692 0.0186498 
0.0637132 0.106402 0.00265087 
0.197341 -0.3892 0.0551593 
-0.0554539 0.114625 0.210111 
0.129236 0.0965373 -0.129225 
0.14135 0.0995074 -0.121065 
-0.0271393 -0.13525 0.158231 
0.283839 0.513781 -0.525517 
0.101999 0.116778 0.046271 
0.0517738 -0.0891897 -0.0610135 
0.102586 0.113863 0.027652 
0.064575 0.114902 0.0253235 
