0.994977 0.000143029 -0.100107 0.433044 -0.0180455 0.983874 -0.177951 0.0462495 0.0984674 0.178863 0.978934 0.124845 0 0 0 1
0.290661 -0.1653 -0.942439 -0.00747209 0.119335 0.983536 -0.135704 0.00590652 0.949355 -0.073022 0.305602 -0.0233823 0 0 0 1
###
-0.68736 0.249394 0.178841 
-2.87444 -4.04029 4.01552 
-0.183519 -0.299138 -0.0329385 
-0.636441 0.27087 0.239125 
-0.617236 0.269531 0.227213 
-2.91214 -4.33966 9.1722 
0.279403 -2.54129 6.74422 
1.50536 -7.52521 14.59 
-3.13009 -4.71696 9.99511 
-0.545609 0.189164 0.020011 
-0.4067 0.169348 -0.0390763 
1.97575 1.07725 1.91739 
-0.336471 -0.293784 0.407123 
0.33595 -1.83738 5.04243 
-0.533289 0.161966 0.00855769 
-5.71529 -8.61219 8.74837 
-0.533588 0.163452 0.00983697 
-0.689281 0.246984 0.17538 
-0.397373 0.151861 0.805449 
-0.453984 0.179429 -0.0365203 
-1.58363 0.316333 0.472148 
0.76911 -1.06171 2.33036 
0.524041 -1.20505 1.48761 
-1.46865 -0.798808 0.188757 
-1.60119 0.322423 0.480531 
-0.660079 0.144141 -0.0341449 
-0.541758 0.185087 0.0171455 
-4.42728 -7.10198 6.97241 
-0.662054 0.22852 0.160073 

0.114703 0.123844 0.0166973 
-0.132562 -0.418793 0.533671 
-0.326913 -0.484576 0.412243 
0.118536 0.0131195 0.0839574 
0.110991 0.0911718 -0.157135 
0.123589 -1.21126 1.59495 
0.178032 -0.162557 0.0943249 
-1.36826 -2.18019 1.61914 
0.303576 -2.05507 2.78083 
0.0890028 0.115251 0.0725411 
-0.033167 0.101992 0.188944 
0.177136 -0.264128 0.26374 
0.552583 -1.19037 1.58217 
0.171628 -0.154262 -0.043831 
0.0885757 0.114357 0.0610268 
0.646526 -1.53128 -0.721573 
0.106186 0.112692 0.0186498 
0.102554 0.111125 0.0140084 
0.087045 0.0448571 0.210275 
-0.0598279 0.121022 0.218498 
0.133084 0.104023 -0.0750227 
0.129236 0.0965373 -0.129225 
0.0517738 -0.0891897 -0.0610135 
0.283839 0.513781 -0.525517 
0.130939 0.103555 -0.0653062 
0.0939893 -0.0261014 0.234265 
0.102586 0.113863 0.027652 
0.0519411 -0.327022 0.416651 
0.064575 0.114902 0.0253235 
