0.333431 -0.180338 -0.925366 0.581724 0.0517703 0.983556 -0.173025 -0.0398569 0.941352 0.00978524 0.337284 0.545218 0 0 0 1
0.997997 -0.0608105 -0.0174279 0.0264141 0.0601717 0.997571 -0.0350954 -0.00509015 0.0195198 0.0339765 0.999232 -0.0182326 0 0 0 1
###
1.28618 -1.45854 1.1087 
0.0617524 -0.567647 1.26988 
2.92027 -2.31562 2.12811 
-0.516208 -0.358022 0.897475 
4.3247 -4.1688 -0.766208 
-0.60509 -1.09718 1.45981 
-0.610577 0.369795 0.435775 
0.122111 0.321548 -0.0470938 
4.26564 -3.96892 6.00985 
8.00541 -7.18039 6.10348 
4.01505 -4.11914 5.94155 
2.06625 -1.65277 2.24553 
-0.53798 0.404315 0.590239 
-0.620584 0.339818 0.421747 
-0.464207 0.411589 0.57653 
2.47434 -4.25402 6.99984 
0.302678 -0.448341 -1.16624 
-0.69194 -0.735228 0.787601 
-0.540709 -3.5382 2.09198 
-0.617303 0.348807 0.424723 
-0.541619 0.360231 0.431605 
1.58895 -0.0836767 -0.530933 
3.85921 -3.95142 5.65879 
0.0880539 -3.6354 1.98351 
-0.617336 0.34918 0.424667 
-0.626117 0.586888 1.38018 
0.71133 -1.41177 0.344528 
-0.102781 -0.247316 0.749096 
0.390296 0.316379 -0.330338 
-0.581936 0.353015 0.425535 
-0.616778 0.350029 0.424732 
-0.432534 0.706708 1.74367 
-0.689697 0.141293 0.338023 
0.00347526 0.225277 -0.253154 
-0.616641 0.351712 0.425759 

2.49006 -1.93744 0.868012 
-1.86647 -1.90345 1.15529 
0.455883 -1.04509 1.37735 
-1.34381 -1.37169 0.216971 
-0.15658 -0.292118 0.443863 
0.0944601 -0.128446 0.176003 
-0.00892631 0.297935 0.0747467 
-0.0461231 0.319835 0.178309 
-2.25886 -2.304 1.38338 
-0.0461108 -0.051699 0.0263606 
0.732184 -0.612566 0.449231 
0.699501 -0.577216 0.472125 
-0.00362619 0.322996 0.175339 
-0.153214 0.31743 0.195707 
-0.123869 0.081912 0.322835 
-1.86676 -2.2173 1.99833 
-0.0071893 0.281174 0.068003 
0.140208 -0.825812 0.528298 
0.138962 -0.829498 0.523069 
-0.169216 0.31182 0.190134 
0.493254 0.383557 0.0822332 
0.0134348 0.0884262 0.182519 
-4.62292 -4.87188 2.80208 
0.140907 -0.894918 0.261306 
0.0139491 0.325034 0.174849 
0.23983 0.345937 0.17319 
2.99251 -2.68162 0.520109 
2.8853 -2.27084 1.02536 
-0.216705 0.317261 0.215179 
0.278957 0.353811 0.169659 
-0.0617208 0.320088 0.181676 
-0.164713 0.121896 0.26455 
-0.0551177 0.323584 0.18425 
-0.0025803 0.292714 0.0535344 
-0.0501733 0.319426 0.177606 
