0.695726 -0.249257 -0.673674 -0.0483564 0.259946 0.961664 -0.0873578 0.33163 0.669622 -0.114342 0.733847 -0.509303 0 0 0 1
0.999781 -0.0135508 -0.0159557 -0.00206961 0.0133922 0.99986 -0.010005 -0.00489747 0.016089 0.00978917 0.999823 -0.0185778 0 0 0 1
###
2.03748 -1.55422 0.747531 
3.49383 -4.25093 4.19081 
0.985755 -1.67365 -0.104121 
1.26925 -1.95557 -0.458513 
1.63594 -1.90853 0.0833376 
1.1167 -1.69932 0.275 
-0.498032 -2.84541 1.60754 
2.07822 -5.50156 7.93506 
0.16661 -0.63151 0.654478 
5.52291 -6.42018 3.38341 
0.982507 -1.3406 0.211803 
1.04487 -2.03656 0.595752 
1.34274 -1.69574 0.333063 
0.871121 -2.10562 2.9502 
0.258085 0.418497 1.6231 
-0.586735 -3.14592 1.85462 
-0.612405 -1.71565 1.53484 
0.878558 -2.62956 3.90742 
0.272042 0.406254 1.52305 
-0.31862 -0.719395 1.17226 
0.39353 -0.356209 0.375889 
14.2107 -17.2365 5.89525 
1.58379 -1.12553 0.561929 
0.378543 -0.341202 0.382262 
0.313792 0.404904 1.57838 
0.316492 -0.0774868 0.49452 
1.19808 -3.64331 0.644857 
3.67756 -6.60722 8.26579 
15.6193 -18.8569 6.43304 
-0.926696 -3.51127 1.86985 
0.165112 0.394915 1.50229 
0.801609 0.380257 1.35023 
0.316429 -0.0766257 0.494002 
3.5578 -4.32228 4.18099 
0.0470078 -0.880813 0.943077 
0.475725 0.577686 1.81233 
0.605066 -1.49406 0.125698 
1.12545 -3.6987 0.721399 
-0.153201 -1.16216 1.19972 
-0.681624 -2.28424 1.57188 
0.513279 -1.34731 1.88872 
2.99651 -3.44702 0.945756 
0.957787 -1.67377 0.463224 

-0.741291 -0.965752 1.83582 
-2.05676 -7.06389 9.15822 
1.12268 -2.25553 0.195708 
-0.353635 0.241019 0.146684 
-0.460761 0.440437 1.00046 
0.170953 0.138236 0.333702 
-1.42861 -5.21235 3.50574 
1.56672 -5.18789 8.49544 
-3.17283 -4.99326 3.98684 
9.46945 -11.6634 7.11944 
1.3479 -2.42872 0.692463 
-1.83141 -5.19088 3.30651 
0.610679 -0.0593945 0.456654 
2.00712 -6.13156 10.0745 
0.294261 -0.136513 0.329746 
-1.43298 -5.10115 3.56407 
-1.38366 -2.57528 2.5833 
4.91564 -5.92228 6.78321 
0.199191 0.147312 0.494741 
-0.818694 -1.56996 2.26544 
0.117091 0.197785 0.242945 
11.9586 -15.5359 6.63788 
0.203032 0.169134 0.163055 
-1.28234 -0.0918451 0.752936 
-1.52976 -1.80048 0.239839 
-0.346818 0.237016 0.142989 
-0.471849 -5.10097 2.87202 
3.24478 -6.51056 9.16775 
12.668 -16.3511 7.07457 
-2.03086 -5.7529 3.64965 
-0.132909 0.225278 0.697373 
-0.4611 0.445961 1.01197 
3.09995 -0.90238 0.430037 
0.305748 -0.514646 0.727705 
-1.57458 -2.59553 2.24993 
0.033741 0.176636 0.330526 
1.11968 -2.49301 1.05583 
-0.167159 -5.4175 2.75587 
0.136446 -2.6885 4.63889 
-0.0742941 0.215545 0.570924 
-3.66036 -5.04349 1.92491 
-1.65563 -4.86309 3.60186 
1.93767 -10.3029 10.8166 
