0.273477 -0.28171 -0.919701 0.930179 0.196176 0.952389 -0.233389 0.201157 0.941661 -0.116597 0.315721 0.548381 0 0 0 1
1 0 0 0 0 1 0 0 0 0 1 0 0 0 0 1
###
2.07688 -7.16365 0.49178 
0.638922 -1.44953 1.06607 
0.2527 -5.66125 -2.57599 
-0.850598 0.0493985 0.834224 
-0.81248 -0.478587 1.84609 
0.0516032 0.0716523 -0.171846 
1.22087 -2.40066 1.11528 
-0.591365 0.411058 0.802139 
-0.484979 0.555476 0.845515 
0.922141 0.383811 1.1388 
7.26589 -9.7082 7.11502 
-0.810593 -0.751531 2.0359 
4.94097 -5.95659 6.8178 
4.75732 -6.25371 7.02411 
0.4947 0.0434697 -0.530115 
0.706525 -2.82481 0.505704 
-0.842892 -1.75756 2.36689 
-1.15421 -0.766946 1.51991 
12.1713 -15.812 6.75112 
-0.498863 0.407688 0.97726 
0.0069061 0.0654166 -0.0524064 
0.0885395 0.270348 0.905619 
1.84905 -4.99484 0.326383 
-0.470806 -5.08142 2.86097 
2.85955 -5.50823 8.35071 
1.12385 -2.50196 1.05823 
-0.175272 0.376442 0.752691 
0.159192 -0.343023 0.629012 
2.60956 -1.36793 1.89656 
0.161041 -0.348835 0.630107 
-0.807887 -0.894674 0.359064 
1.25668 -2.69472 0.342392 
-0.609275 0.389621 0.795919 
-0.276212 -5.09876 2.40251 
1.63894 -1.83777 -0.215459 
-0.465849 0.439734 1.00694 

0.126586 0.100978 0.134643 
0.441873 -1.71378 2.6672 
0.044556 0.151152 0.370962 
-1.30939 -1.72589 0.982006 
-0.301115 -0.464905 1.16772 
-0.0129884 -0.0460849 0.0257821 
0.952597 -1.48959 0.481107 
-0.42745 0.0512633 0.304667 
0.167099 0.0917813 0.0997319 
0.0321263 0.131632 0.206289 
4.43268 -5.53863 3.52177 
-0.286126 -0.817864 1.12418 
0.423039 -1.71592 2.72081 
0.256734 -1.75644 2.5997 
0.128761 0.112419 0.0925519 
0.837294 -2.36569 0.108624 
-0.276997 -1.05186 1.20399 
-0.0781173 -0.177127 0.147935 
15.191 -18.3451 6.24538 
0.288979 0.00235976 0.210158 
0.189687 0.0569585 0.10409 
0.0941253 0.121994 0.145397 
1.05399 -3.02303 0.126279 
-0.0160959 -3.22556 1.4825 
1.24704 -1.6796 1.81897 
0.901521 -1.5623 0.450857 
0.163214 0.0912346 0.110711 
-0.456467 0.166697 0.448763 
-0.564813 -0.421268 0.334234 
0.389066 -0.156805 0.0833956 
1.44422 -2.09114 2.33788 
10.1039 -11.8817 3.90491 
0.374776 -0.261049 0.288226 
0.755139 -3.6832 0.602991 
0.2054 0.00960021 0.226602 
0.263448 -0.103398 0.248528 
