0.669454 -0.206855 -0.713472 0.8003 0.0638651 0.972919 -0.22215 -0.00412074 0.740103 0.103153 0.664535 0.297124 0 0 0 1
0.997997 -0.0608106 -0.0174279 0.0264141 0.0601718 0.997571 -0.0350953 -0.00509004 0.0195197 0.0339763 0.999232 -0.0182326 0 0 0 1
###
3.64287 -2.67921 3.31052 
0.494666 -3.16421 4.02626 
2.04213 -1.6473 2.22325 
-0.536562 0.406282 0.59291 
1.75246 -3.08365 5.3604 
5.17422 -7.23656 0.290875 
-0.0388793 0.179333 0.483976 
-0.82463 0.39363 0.748939 
4.00542 -4.10979 5.92711 
-0.610016 0.365294 0.432227 
-0.852506 0.395451 0.727883 
2.51475 -4.29353 7.09377 
-0.536562 0.406282 0.59291 
0.159005 0.0341644 0.214026 
-0.611009 -1.39422 1.6932 
2.92193 -2.44012 0.614508 
-0.538068 0.405113 0.591626 
0.0106264 0.174411 0.633259 
-0.617079 0.350398 0.426014 
-0.653544 0.343082 0.427711 
0.264392 0.297908 -0.254694 
4.00542 -4.10979 5.92711 
-0.539456 0.405724 0.591463 
-0.833004 0.398095 0.756814 
-0.0721527 0.464073 0.623053 
2.05335 -1.67316 2.20108 
-0.65672 0.372113 0.517561 
2.41335 -4.17987 6.87488 
-0.699019 0.0329714 0.328184 
2.07817 -1.02518 0.949649 
3.29663 -2.69356 0.628112 
2.14674 -1.72844 2.24995 
1.59429 -0.0823927 -0.532415 
0.331565 0.31365 -0.3038 
-0.616834 0.352442 0.426301 
-0.698877 0.504543 1.15991 
0.0422406 -2.8857 1.44106 
0.454746 -4.13774 2.0622 

0.0791869 -0.107335 0.145419 
-1.34381 -1.37169 0.216971 
0.0245813 -0.441057 0.623261 
0.398084 0.366455 0.123217 
-1.88198 -2.23914 2.02184 
0.115002 -0.686254 0.615917 
-0.0786798 0.300061 0.116926 
-0.5525 -0.166561 0.44837 
-1.86647 -1.90345 1.15529 
-0.0651507 0.300697 0.0927339 
-0.00358065 0.294888 0.0542097 
0.20287 -0.494813 0.670437 
-0.000824933 0.324139 0.175048 
-0.0501733 0.319426 0.177606 
0.0995552 -0.125743 0.165247 
-0.945911 -0.869751 0.133435 
0.000254456 0.327418 0.177015 
0.138962 -0.829498 0.523069 
0.111714 0.00750071 0.275904 
0.264364 -0.155482 0.0167641 
-0.216705 0.317261 0.215179 
-4.62292 -4.87188 2.80208 
0.493254 0.383557 0.0822333 
-0.142263 0.312408 0.182867 
0.0847405 -0.885086 0.757557 
2.8853 -2.27084 1.02536 
-0.25282 0.311908 0.2031 
-1.86676 -2.2173 1.99833 
1.43981 -2.64239 0.00805692 
-0.0457606 0.321584 0.178103 
-0.249193 0.0558724 0.313138 
-1.41524 -1.42164 0.284861 
-0.116351 0.319767 0.194995 
0.431087 0.358081 0.121426 
-0.0617208 0.320088 0.181676 
0.17679 0.345223 0.183964 
-0.377892 0.0825497 0.359856 
0.179691 -0.962836 0.36583 
