0.679798 -0.273536 -0.68048 -0.0611821 0.328624 0.943093 -0.0508049 0.267574 0.655653 -0.189085 0.731003 -0.64934 0 0 0 1
0.999779 -0.0136452 -0.0159672 -0.00205089 0.0134873 0.99986 -0.00995103 -0.00493022 0.0161007 0.00973348 0.999823 -0.018577 0 0 0 1
###
2.07124 -2.02437 1.11561 
1.8109 -1.99959 1.6475 
0.527861 -2.0924 3.24974 
1.04559 -1.62744 0.285449 
7.92808 -7.73158 3.79171 
1.09794 -1.20772 0.853631 
-0.584378 -3.10711 1.84685 
1.11947 -1.55627 0.424893 
1.15607 -1.44982 0.320639 
0.982981 -1.65463 -0.100886 
4.16694 -5.06048 5.01254 
0.169567 0.389436 1.50542 
-1.02508 -3.55336 2.07968 
1.2777 -3.69022 0.583043 
1.41837 -3.53564 5.1528 
0.15159 -0.903328 1.09235 
0.844224 -4.42415 6.93668 
0.444853 0.336924 1.44755 
1.06852 -1.77889 0.528447 
-0.616437 -3.17698 1.65403 
-0.592596 -3.17494 1.87187 
0.4991 -0.193433 0.45563 
1.10576 -1.5246 0.416991 
0.122139 -0.870143 1.01573 
0.164792 0.391399 1.49982 
0.316465 0.418051 1.60511 
0.426753 0.158029 1.2058 
1.91438 0.0655391 -0.201075 
0.328769 -0.30977 0.531943 
-0.920433 -3.49235 1.85783 
2.17639 0.141417 0.0285609 
1.70127 -0.00204362 -0.0261168 
1.65252 -4.06255 5.98049 
1.37936 0.325789 0.963775 
0.80612 0.383539 1.35888 
0.400329 0.401132 1.60972 
0.495122 -1.78731 -0.00499388 
0.736192 -3.40422 0.767333 
0.330726 -1.53351 2.26292 
14.7217 -17.7752 6.05522 
0.758226 0.347896 1.332 
0.198058 -0.666111 0.724158 
0.105719 -0.902204 1.0569 
0.386531 0.406844 1.58276 
0.183282 0.325883 1.41444 
-0.303724 -0.858841 1.1782 
1.0152 -1.68382 -0.124215 
0.262501 -0.203818 0.643888 
1.04739 -1.28357 -0.142285 
-0.290231 -0.88548 1.16788 

5.11534 -6.16593 7.04845 
2.88902 -3.18917 3.01969 
0.136728 -2.69592 4.65078 
0.170952 0.138234 0.333703 
-1.84608 -5.07035 6.24818 
9.22254 -11.3713 6.93601 
-6.10006 -16.9855 10.8698 
1.23903 -5.91793 1.67673 
1.63245 -9.83924 3.26924 
1.12313 -2.25661 0.195714 
4.80243 -6.30818 7.08693 
0.293633 -0.136572 0.334991 
0.336898 0.0774464 0.289918 
-0.469081 -5.15007 2.88256 
0.275453 -0.878135 1.42626 
0.262803 -3.24328 5.7935 
-1.68208 -1.86292 1.14452 
0.00573345 0.265408 0.275736 
1.12478 -2.504 1.05901 
0.250177 0.191272 0.0922426 
-1.44491 -5.14438 3.59293 
1.40572 -2.47196 0.704309 
1.66223 -2.25581 0.596082 
-2.41966 -8.47737 10.1933 
-0.132916 0.225274 0.697347 
-1.11763 0.43715 0.945124 
-2.60977 -3.37579 1.64865 
0.333113 0.0836987 0.255128 
-0.10785 0.294611 0.38444 
-2.03644 -5.76833 3.65903 
-0.952958 0.454648 1.05197 
0.0337406 0.17663 0.330521 
2.03297 -6.20308 10.2074 
-0.919618 0.493536 1.17644 
-1.52958 -1.80005 0.239798 
-1.35673 0.388664 0.719365 
-1.70241 -2.63197 0.0906505 
0.47433 -5.64953 2.10236 
-3.17685 -4.99925 3.99144 
13.4085 -17.3175 7.24245 
0.253335 0.183833 0.0936369 
0.117237 -6.5602 11.4421 
-1.57467 -2.59556 2.24989 
0.126227 0.203607 0.208905 
-0.0187556 0.27283 0.300624 
-1.35077 -0.231805 0.775733 
-1.78475 -0.972707 0.634217 
-0.236246 0.259741 0.620655 
12.063 -15.6676 6.69727 
-1.28918 -0.130057 0.750007 
