0.99973 0.0164962 -0.0163488 0.459581 -0.0200393 0.968512 -0.248157 0.0477616 0.0117403 0.248418 0.968582 0.0976116 0 0 0 1
0.290714 -0.165749 -0.942344 -0.00745979 0.119341 0.983472 -0.136166 0.00596686 0.949338 -0.0728749 0.30569 -0.0233982 0 0 0 1
###
-2.69691 -3.77612 3.73871 
-1.53712 -5.33188 10.1129 
-2.94216 -4.40656 9.30419 
-0.378314 -0.145235 -0.0487592 
-2.9754 -4.48952 9.50608 
2.75609 -1.4719 1.02139 
-0.535434 0.178381 0.0149803 
-0.46841 0.346024 0.669108 
-0.679572 0.246187 0.176655 
0.794126 0.374766 0.316995 
-1.63207 -1.80942 3.37649 
-0.531583 0.175539 0.0154045 
-0.446071 0.161863 -0.0375799 
-0.432894 0.3424 0.601838 
0.46115 0.428141 0.519049 
-0.713682 -3.86235 2.18612 
-0.528226 0.165668 0.0118554 
-2.79875 -4.30925 9.07386 
1.71467 -7.71805 15.1085 
-1.58413 0.317646 0.476435 
0.991985 0.441817 0.373969 
-0.551454 0.165057 -0.0159755 
-0.533878 0.183137 0.0179237 
-0.643533 0.170667 0.0189613 
-6.30837 -9.55525 9.68977 
-0.392438 0.146741 0.797881 
-0.534087 0.18293 0.0172909 
1.65988 0.507033 1.84247 
-0.511991 -1.48348 4.12894 
-1.24242 -0.769209 0.5287 
1.6513 -7.40985 14.467 
-0.678792 0.243258 0.172978 
-0.50203 -1.46939 4.10766 
-2.15591 0.597998 1.16532 

-0.132694 -0.419643 0.535102 
-0.0413093 -0.467095 0.581964 
0.431706 -0.409704 0.154744 
0.232188 -1.38477 -0.665253 
0.632543 -0.814288 -0.555325 
0.140294 -0.0830892 0.00502023 
0.106085 0.0131406 0.139031 
0.0884053 0.113716 0.0807936 
0.102592 0.111154 0.0139882 
0.0814287 0.120453 0.124508 
0.101274 -0.0944725 -0.0468128 
0.1372 -0.0235219 -0.00294616 
-0.0344988 0.101898 0.189341 
0.0885888 0.114373 0.0610244 
0.120526 -0.0514285 0.117678 
0.0928747 -0.415432 0.0168515 
0.0535506 0.0964176 -0.00166921 
-1.13736 -1.87394 1.38244 
-1.36833 -2.18023 1.61923 
0.133106 0.103936 -0.0752017 
0.135853 0.0959857 -0.1448 
0.137159 0.103582 -0.0887179 
0.123336 -0.0219168 -0.00401359 
0.0984262 0.111786 0.0209168 
0.646727 -1.5321 -0.720751 
0.0870382 0.0448664 0.210282 
0.104856 0.112923 0.0288772 
0.0709714 0.110412 0.0347153 
0.385376 -0.608746 -0.472417 
0.135412 0.0024151 -0.00863202 
0.347385 -0.402545 0.289803 
0.0859538 0.0542966 0.207961 
0.561677 -1.21023 1.60852 
0.09906 0.113553 0.0346228 
