-0.316325 -0.336177 -0.887087 -0.0212522 0.19683 0.891496 -0.408035 -0.100292 0.928007 -0.303677 -0.215833 0.0258413 0 0 0 1
0.999883 -0.0152947 0.00012161 0.011435 0.0152945 0.999882 0.00168827 0.00565201 -0.000147417 -0.00168621 0.999999 0.00137313 0 0 0 1
###
2.0108 -2.48027 0.857514 
0.0269395 -0.278177 -0.154091 
0.162355 -0.190446 -0.156323 
0.120537 -0.247019 -0.242294 
0.388164 -0.425526 -0.306405 
1.97853 -1.61006 0.373504 
0.0157317 -0.312246 -0.321887 
-0.0102195 0.112077 -0.110664 
2.07421 -2.06743 -0.307472 
0.605957 -0.630155 -0.324732 
-0.187586 -0.452334 -0.399572 
0.000789908 0.0718973 -0.0328222 
0.379605 -0.412323 -0.308712 
-0.0088923 0.113728 -0.130662 
-0.00519968 0.119105 -0.120684 
0.026328 0.0455418 -0.0031901 
0.157603 -0.82915 0.548798 
0.0857439 -0.110051 0.230913 
-0.115443 -0.194516 -0.238252 
0.0333139 -0.742062 -0.0810136 
2.8853 -2.27084 1.02536 
-0.155251 -0.306041 -0.308135 
0.0977333 -0.0417869 0.0952224 
0.418209 -0.475352 -0.336245 
0.0761413 -0.0905163 0.248108 
0.191888 -0.212403 -0.335426 
-0.125362 -0.343726 -0.135839 
1.7565 -1.75283 -0.278449 
0.115611 -0.833763 0.217104 
2.09771 -1.82646 0.360551 
-0.0802221 -1.07308 -0.520335 
0.979159 -2.05629 -0.922525 
1.14213 -2.62519 -1.43627 
-0.131863 -0.365622 -0.138508 
0.451877 0.374314 0.079498 
0.306351 0.334483 0.133604 
0.0923171 -0.237482 -0.526302 
0.139792 -0.778564 0.367423 
0.218049 -0.219482 -0.413589 
0.9209 -1.90505 -0.870727 
0.989677 -1.07182 -0.525688 
0.0116465 -0.877953 -0.0915367 
0.0847705 -0.0342707 0.247135 
2.15479 -2.7952 0.948347 
0.377589 0.312977 -0.0722376 
0.318097 -0.318885 0.411035 
0.289057 0.312093 0.0933826 
0.0123198 -0.883199 -0.0914599 
0.0899335 -0.0301211 0.253898 
0.0805665 0.0273269 0.23999 

1.05184 -1.39713 0.838184 
-0.461171 -2.74184 1.63429 
7.89248 -7.07935 6.0115 
-2.504 -7.73342 8.59667 
-1.06698 -1.97779 1.33142 
-0.849053 -1.77995 1.59259 
2.26197 -3.71226 6.66057 
-1.01518 0.314332 0.497252 
4.01688 -4.12171 5.94199 
2.05102 -1.64805 2.22974 
0.865656 -1.03912 0.087141 
-0.84201 -1.75056 1.52703 
-0.943551 -1.96631 1.52355 
-0.615676 -1.10757 1.49129 
0.137083 0.0939372 0.19598 
-1.23233 -2.26805 1.53067 
-1.0453 -3.92649 2.38654 
-0.605116 -1.09724 1.4599 
4.04699 -2.75527 1.42822 
0.337115 -3.63921 1.84204 
1.40861 -4.07001 7.47709 
9.36898 -7.93262 4.36467 
4.16904 -3.88468 5.87912 
2.02556 -1.5944 2.16316 
-0.658211 -1.17925 1.52805 
2.58035 -1.26446 1.38631 
0.793118 -1.72978 0.252217 
3.87474 -3.96733 5.67926 
0.0822664 -3.66856 2.0068 
2.37874 -4.12854 6.78244 
1.05963 -1.47175 0.250665 
9.55197 -8.87311 5.46797 
-2.22804 -9.46559 10.6649 
0.193275 0.0407308 0.177455 
-0.883686 0.377797 0.682606 
-4.11935 -6.34001 0.205207 
2.30025 -0.829786 0.459771 
0.323399 -3.60444 1.8314 
-0.0117759 0.0855688 0.435673 
10.397 -9.60759 5.85578 
4.02805 -3.11511 4.29644 
0.848259 -3.61336 1.37162 
-1.25962 -0.887493 0.522178 
-1.21563 -4.88875 2.84403 
-0.896157 0.377095 0.685204 
-1.1565 -2.15306 1.5322 
0.0203354 -0.0147314 0.375049 
-0.925877 -0.259067 0.864867 
0.0173501 -0.0170255 0.367016 
0.0817092 0.0628489 0.36281 
