0.511745 -0.325521 -0.795081 1.07701 0.22076 0.94419 -0.244479 0.234601 0.830291 -0.0504111 0.555046 0.296962 0 0 0 1
0.995043 -0.0115052 -0.0987797 -0.00773428 0.00968896 0.999775 -0.0188466 -0.000952386 0.0989743 0.0177961 0.994931 -0.00494343 0 0 0 1
###
-0.594419 0.417959 0.801866 
-0.498791 -0.21184 0.857831 
7.19313 -9.9667 7.81725 
0.141692 0.273509 0.95936 
0.525725 0.0930526 -0.318642 
7.05064 -9.4178 6.93432 
-0.515088 0.386721 0.792552 
3.23567 -6.4154 9.07755 
-0.815326 -0.480591 1.85238 
0.11602 0.0131303 0.784691 
4.80243 -6.30818 7.08693 
1.22253 -2.40373 1.11668 
-0.586115 0.418337 0.805422 
-0.604541 0.392658 0.79685 
-0.855949 0.506322 1.23594 
-1.44491 -5.14438 3.59293 
1.83666 -1.23511 -0.466455 
-0.752564 -0.561927 0.999153 
-0.628383 0.354344 0.632086 
0.196204 -0.360942 0.627113 
12.063 -15.6676 6.69727 
1.12478 -2.504 1.05901 
-0.578727 0.391932 0.793208 
-0.089545 0.243702 0.92386 
1.23525 -2.41515 1.1341 
3.30666 -6.59433 9.30173 
0.161769 -0.348668 0.630537 
-0.353617 -3.50027 2.04175 
-0.275197 0.753012 2.27559 
0.498606 0.0961862 -0.306957 
0.228364 -1.941 3.80365 
-0.393909 -4.29207 2.18877 
-0.12149 -5.21031 2.63661 
-0.604954 -0.0779344 0.892003 
-0.26166 0.767183 2.31256 
-0.463774 0.441667 1.00668 
-0.533163 0.389518 0.794491 
-0.581308 0.38892 0.792989 
4.92493 -6.48169 7.14393 

0.130575 0.11053 0.0818623 
0.527861 -2.0924 3.24974 
8.28458 -10.8898 7.44306 
0.0948518 0.122761 0.146508 
-0.569931 0.139294 0.311502 
4.70578 -5.89235 3.73978 
-0.104453 0.189981 0.513356 
6.2073 -10.9727 13.7908 
-0.303565 -0.468658 1.17747 
0.191418 0.0574598 0.105031 
-0.0539263 -0.734873 0.884337 
0.964338 -1.5076 0.487253 
0.0201809 0.159655 0.401119 
0.30877 -0.0699959 0.228345 
0.174061 0.0155976 0.323175 
0.110393 0.0724948 0.272506 
1.2953 -0.737923 -0.482796 
-0.0186519 -3.3866 1.55407 
-0.103944 0.192153 0.519559 
-0.460199 0.168016 0.452403 
14.7217 -17.7752 6.05522 
0.909286 -1.57441 0.454855 
0.29194 0.030299 0.160401 
-0.42508 0.1528 0.406434 
0.991341 -1.54124 0.501974 
3.81012 -6.84573 8.5801 
-0.388904 0.214218 0.632291 
1.1333 -3.72345 0.72644 
-0.335014 0.215749 0.649657 
-0.0348113 0.0899432 0.248229 
0.359884 -1.32755 2.09282 
0.301276 -3.33651 1.2827 
1.06971 -3.73605 0.786507 
1.65297 -4.34322 6.2538 
-0.356358 0.174375 0.500136 
0.265888 -0.104337 0.25084 
0.191949 0.057691 0.105029 
0.184109 0.00973491 0.334477 
3.73969 -4.53976 4.39514 
