0.947706 0.0677174 0.311879 0.491523 0.00472151 0.974148 -0.225861 0.0650467 -0.319111 0.215522 0.922886 -0.036916 0 0 0 1
1 0 0 0 0 1 0 0 0 0 1 0 0 0 0 1
###
-0.264249 -0.420677 0.695885 
-1.53939 -5.36439 10.1709 
-3.5174 -5.12616 5.10992 
-0.559592 -1.59215 4.41164 
-0.843865 -1.55738 0.538001 
-2.92528 -4.37769 9.25792 
-0.5167 0.168938 0.013781 
-0.419953 0.330097 0.586764 
-0.936154 0.126634 -0.0566461 
5.8077 -6.59806 7.5639 
-5.4123 -5.2649 8.69204 
-2.92947 -4.41488 9.3575 
0.679596 0.517664 0.59221 
-4.70504 -4.53293 7.51509 
-2.75428 -4.2349 8.9291 
-0.65639 0.235713 0.168219 
-0.378947 0.144216 0.769367 
-0.515142 0.168674 0.0141078 
-0.533388 0.157628 -0.0160738 
-0.494786 0.210383 0.0822035 
0.674461 0.50925 0.581054 
-0.778487 -1.70627 0.457139 
13.4525 -11.3002 9.3407 
-0.479 -3.62933 2.24237 
-0.431773 -0.702501 0.353308 
-0.377213 -0.187505 -0.0460296 
-0.493318 -1.44856 4.04996 
-0.388511 -3.70519 2.14255 
-0.517196 0.176496 0.0161653 
-0.382257 -0.18043 -0.0488075 
-0.431772 0.160215 -0.035641 
-1.64536 0.361513 0.586718 

-0.0485664 0.084529 0.169877 
-0.0565388 -0.448431 0.55019 
0.0885888 0.114373 0.0610244 
0.192893 -0.175949 0.084719 
-0.145477 0.0902269 0.236266 
0.303742 -2.05524 2.78263 
0.0620814 0.108001 0.0265209 
-0.203675 -0.0161551 0.281477 
0.0974828 0.113247 0.0340095 
-0.553059 -0.913646 0.678205 
-0.0843544 -0.531898 0.69157 
0.154648 -1.54175 2.01058 
0.0884053 0.113716 0.0807936 
-0.0797538 -0.50098 0.656215 
-0.10982 -0.440014 0.530194 
0.102592 0.111154 0.0139882 
0.0870382 0.0448664 0.210282 
-0.0589312 0.119294 0.215575 
0.0977566 0.111341 0.0307349 
-0.281218 -0.0940562 0.265219 
0.0874933 0.0684381 -0.12097 
0.10588 0.0138339 0.135474 
0.171969 -0.407943 0.0313025 
0.0653095 -0.277464 0.00916304 
0.0234911 -0.0940226 0.00390226 
-0.199196 -1.3368 1.67641 
0.417126 -0.667743 -0.509305 
0.0207521 -0.0940758 0.0121797 
0.132555 0.105518 -0.174258 
-0.0647537 -0.244413 0.288395 
0.108513 0.0126831 0.103232 
0.0154809 -0.0125391 -0.000745464 
