-0.331528 -0.345712 -0.877823 -0.0227781 0.215303 0.878167 -0.427161 -0.105334 0.91855 -0.330614 -0.216704 0.0109685 0 0 0 1
0.99993 -0.0117943 0.000288754 0.00804594 0.0117943 0.99993 1.96069e-05 0.00348614 -0.000288966 -1.61999e-05 1 0.000960825 0 0 0 1
###
2.0108 -2.48027 0.857514 
0.00570089 -0.318882 -0.347259 
-0.141545 -0.482545 -0.290638 
0.142699 0.0433136 -0.179368 
0.949486 -1.26073 -0.339799 
2.8853 -2.27084 1.02536 
-0.00351066 -0.290834 -0.23262 
0.0157317 -0.312246 -0.321887 
3.247 -2.89846 0.528617 
0.388164 -0.425526 -0.306405 
1.26549 -1.77436 -0.530286 
2.07421 -2.06743 -0.307472 
1.09071 -0.999764 -0.238335 
0.118544 -0.0683261 0.12296 
-0.107722 -0.367077 -0.262337 
0.514007 -0.717366 -0.458117 
0.0212122 0.000572616 -0.000961543 
0.00402896 -0.289946 -0.211595 
1.12995 -1.74713 -0.70321 
0.0451415 -0.250708 -0.202263 
0.158779 0.0345613 -0.19127 
0.0813566 -0.26525 -0.318561 
0.187542 -0.18532 -0.372049 
0.0977334 -0.0417869 0.0952222 
0.0957607 0.000204135 -0.503925 
0.182001 -0.143449 0.209398 
0.441236 -0.313874 0.0282364 
0.385707 -2.84489 5.26019 
0.0560536 0.168461 -0.587701 
0.331874 -0.335359 0.429246 
0.874587 -0.954156 -0.4666 
0.26319 0.291068 0.0775806 
0.0476988 -0.305077 -0.239171 
0.291345 0.247389 -0.247207 
0.268458 -0.228755 -0.466797 
0.0834661 -0.848127 0.0709789 
-0.0913196 -0.273157 -0.213946 
2.09771 -1.82646 0.360551 
0.0270958 0.0599098 -0.0292391 
0.0004213 -0.213915 -0.276019 
0.732583 -1.88399 -1.06204 
0.289057 0.312093 0.0933824 
0.19344 -0.796701 0.638716 
-0.227867 -0.492636 -0.21353 
0.377589 0.312977 -0.0722375 
1.54773 -1.54203 -0.265518 
0.0565843 -0.998239 0.111162 
2.15479 -2.7952 0.948347 
0.0928835 -0.240613 -0.528086 
0.392264 0.226626 0.0381695 
0.222914 -0.555861 -0.455624 
0.039792 -0.999228 0.0276262 
0.358216 0.306079 -0.0478343 
2.09903 -2.13074 -0.331699 

1.0521 -1.39745 0.838477 
-0.140005 0.113005 0.384476 
3.65144 -2.84219 0.800275 
-0.789127 -0.356822 1.26964 
5.26577 -5.53679 5.71921 
1.25755 -3.81572 6.91995 
1.20814 -1.42383 0.536751 
2.02535 -1.59422 2.16299 
-1.0661 -1.97604 1.3301 
8.6311 -6.42935 6.73187 
5.46677 -5.49845 5.37185 
4.00542 -4.10979 5.92711 
4.19138 -3.91035 5.91366 
-0.895312 -1.6578 1.15651 
-0.995375 -3.11622 2.18009 
11.4759 -8.20622 7.2275 
0.338414 -3.64994 1.84756 
0.117439 0.15162 0.251993 
7.56336 -6.79573 5.78469 
0.821154 -2.65277 1.01009 
0.0270043 -0.111166 0.417784 
-11.5528 -30.5715 33.0978 
4.18707 -1.84837 2.01544 
3.64287 -2.67921 3.31052 
1.91585 -0.029019 0.404265 
-1.23221 -2.2678 1.53036 
2.51475 -4.29353 7.09377 
-1.22399 -1.61136 0.0616572 
1.97279 0.632559 0.110421 
-0.140909 -2.6839 4.62048 
2.04213 -1.6473 2.22325 
-0.539456 0.405724 0.591463 
2.26977 -2.10472 0.836344 
-0.695392 0.555449 1.26479 
-0.124473 0.0921436 0.349512 
0.324512 -3.61485 1.83658 
1.05944 -1.47149 0.250769 
2.41335 -4.17987 6.87488 
-0.944015 -1.96738 1.52433 
2.57811 -1.26351 1.38505 
1.75246 -3.08365 5.3604 
-0.973836 0.371543 0.667985 
-1.03839 -4.44798 2.49021 
-0.642745 -1.79195 2.17879 
0.165562 0.0553939 0.17201 
10.438 -9.64464 5.87882 
0.848075 -3.61274 1.3715 
-0.998289 -4.27075 2.38707 
-0.883799 0.37786 0.682684 
-0.0470989 0.0416185 0.426441 
10.6441 -47.7275 19.8529 
-0.926344 -0.259203 0.865367 
-0.893553 0.350444 0.594224 
4.09615 -4.21217 5.97023 
