0.820422 0.181833 0.542075 0.485492 -0.110706 0.98066 -0.161399 0.0349006 -0.560939 0.0724047 0.824685 -0.161152 0 0 0 1
-0.790798 -0.266658 -0.550937 -0.0126946 -0.025967 0.913916 -0.405071 -0.0472162 0.611526 -0.306023 -0.729648 0.0566066 0 0 0 1
###
-2.88748 -4.32876 9.13754 
-0.562465 -1.5207 4.16571 
-0.936203 -0.61099 0.672554 
-0.439298 -3.53939 2.20662 
0.505832 -2.0144 1.96796 
-0.557858 -0.239403 0.181854 
-0.89114 0.112988 -0.0570558 
0.301122 -1.22264 2.12724 
-2.92299 -4.41714 9.35027 
-0.516847 0.251202 0.0529329 
-0.370684 0.141726 0.751162 
-4.65164 -6.95443 6.98056 
-0.46758 -3.7116 2.30188 
-0.641111 0.229962 0.164245 
-0.452792 0.321189 0.611159 
-0.825195 0.0724877 -0.147398 
-0.538069 -1.54454 4.25058 
-2.76446 -4.25753 8.97261 
-0.882469 0.0722026 -0.116269 
-0.514349 0.23129 0.0438894 
-0.370879 0.141359 0.753679 
-0.465525 -3.60775 2.234 
-4.32747 -9.43332 11.6215 
-0.493147 -1.43892 3.99753 
-0.484005 0.211995 0.0834045 
-4.9779 -4.82637 8.03299 
-0.631852 -2.82798 1.56753 
-0.372869 0.139773 0.758375 
-0.504929 0.172026 0.015618 
-5.21211 -7.82553 7.85557 
0.342855 -1.81918 2.4893 
-0.589388 0.110917 -0.105445 
-0.485083 -0.302289 0.463596 
-0.0434748 -0.0712833 0.711292 

0.0778902 -0.764235 -0.60729 
0.312146 -0.377933 -0.283958 
0.428989 -0.682221 -0.510365 
0.0128117 -0.364061 0.00938198 
-0.0563163 -0.109076 0.0261833 
0.0596704 -0.762965 -0.640701 
0.0640617 0.106554 0.00245275 
-0.0544385 -0.134577 -0.0416767 
0.0560046 -0.613505 -0.49056 
-0.00190569 0.0501152 0.00155686 
0.00928054 0.0670621 0.0082261 
-0.0303867 0.0646144 -0.0211084 
0.0952648 -0.41757 0.0188754 
-0.165057 -0.00780038 -0.122809 
-0.0352101 0.0728784 -0.00345721 
-0.0595823 -0.135329 0.0229477 
-0.0433825 -0.244735 -0.225651 
-0.520851 -1.1011 -0.516912 
0.00942606 0.0670043 0.00800483 
-0.00175634 0.0501523 0.00129588 
-0.0340301 0.0483261 -0.0221172 
0.053602 -0.397075 0.011545 
0.118181 -0.226321 0.271165 
-0.0449329 -0.238505 -0.224517 
0.0642176 0.1064 0.00157751 
0.385376 -0.608746 -0.472417 
0.120603 -0.379921 0.0242078 
0.0083589 0.0795262 0.00382441 
-0.184807 0.0635669 -0.145478 
0.504404 -1.14173 -0.523781 
-0.0503556 -0.19654 -0.0385777 
-0.0410328 0.0646224 -0.0279376 
0.104139 0.0101658 0.136078 
0.0133702 0.0687392 0.0052299 
