0.820422 0.181833 0.542075 0.485492 -0.110706 0.98066 -0.161399 0.0349006 -0.560939 0.0724047 0.824685 -0.161152 0 0 0 1
0.290714 -0.165749 -0.942344 -0.00745979 0.119341 0.983472 -0.136166 0.00596686 0.949338 -0.0728749 0.30569 -0.0233982 0 0 0 1
###
-2.88748 -4.32876 9.13754 
-0.562465 -1.5207 4.16571 
-0.936203 -0.61099 0.672554 
0.505832 -2.0144 1.96796 
-0.557858 -0.239403 0.181854 
-0.89114 0.112988 -0.0570558 
0.330889 -1.71079 2.37156 
-2.92299 -4.41714 9.35027 
-0.516847 0.251202 0.0529329 
5.65918 -6.42838 7.36428 
-4.65164 -6.95443 6.98056 
-0.506423 0.16962 0.0152109 
-2.76446 -4.25753 8.97261 
-0.514349 0.23129 0.0438894 
-0.449362 0.315167 0.324979 
-0.370879 0.141359 0.753679 
-0.478017 0.261051 0.140917 
-0.494282 -1.76205 4.7172 
-0.465525 -3.60775 2.234 
-0.493147 -1.43892 3.99753 
-0.484005 0.211995 0.0834045 
-0.631852 -2.82798 1.56753 
-0.504929 0.172026 0.015618 
-1.68112 0.382042 0.612034 
-5.21211 -7.82553 7.85557 
-2.6994 -4.21468 8.73817 
-0.485083 -0.302289 0.463596 

0.126176 -1.2463 1.64062 
0.421336 -0.492279 -0.283614 
0.417126 -0.667743 -0.509305 
0.194012 -0.372552 0.0674852 
0.107339 -0.618104 0.833742 
-0.0356165 0.106322 0.196718 
0.318607 -0.387153 -0.239687 
0.632543 -0.814288 -0.555325 
0.106085 0.0131406 0.139031 
0.0153264 -0.0136639 -0.000231959 
-0.411332 -1.14439 1.41927 
0.0535506 0.0964176 -0.00166921 
0.224032 -0.255617 -0.16309 
0.0861248 0.116237 0.0787961 
0.131056 0.103629 -0.0654998 
0.196781 -0.387745 0.0552069 
0.104856 0.112923 0.0288772 
0.561677 -1.21023 1.60852 
0.109218 -0.36263 0.0252401 
0.385376 -0.608746 -0.472417 
0.0525568 0.0776143 0.00222884 
0.138522 -0.38702 0.0251421 
0.106217 0.112706 0.0186361 
0.137159 0.103582 -0.0887179 
0.646727 -1.5321 -0.720751 
0.178431 -1.73825 2.25471 
0.10588 0.0138339 0.135474 
