0.863175 -0.103132 -0.494259 0.88326 0.0738139 0.994175 -0.078535 -0.0348179 0.499479 0.0313063 0.86576 0.0590257 0 0 0 1
0.997997 -0.0608106 -0.0174279 0.0264141 0.0601718 0.997571 -0.0350952 -0.00509001 0.0195197 0.0339762 0.999232 -0.0182326 0 0 0 1
###
-0.602091 -0.0299752 0.59142 
-0.588986 0.351072 0.424536 
-0.39335 -0.415551 1.27024 
10.8862 -8.09188 4.67381 
0.518334 -3.25495 4.13622 
4.14608 -3.86412 5.85045 
-0.536351 0.406998 0.594104 
-0.617752 0.355844 0.429901 
-0.0363884 0.180279 0.485157 
1.91187 -1.54051 1.85514 
-0.148751 -0.731 1.77207 
1.50866 -5.85941 6.87119 
-0.936428 0.334597 0.598028 
-0.537717 0.405878 0.593108 
-0.615882 0.353218 0.427722 
0.144026 0.0366664 0.214113 
-0.654467 -3.79021 2.42631 
0.165698 -2.38698 3.19119 
-0.616967 0.352314 0.426922 
-0.0374003 0.383809 0.636203 
8.42902 -6.12506 6.27592 
-0.288141 0.770746 1.88018 
-0.649667 0.310044 0.417798 
-0.652478 0.346329 0.429101 
-0.799651 0.328661 0.486556 
0.0554271 -0.0723461 0.374032 
-0.630899 0.36173 0.430895 
0.0167463 0.173159 0.638502 
2.11963 -1.7203 2.22998 
-0.63654 0.325906 0.422485 
-0.541841 0.384443 0.437895 
-0.366482 -0.145206 0.653523 
-0.616461 0.353733 0.427311 
-0.6772 -0.658163 1.05639 
-0.819235 -1.31401 1.0242 

-1.86647 -1.90345 1.15529 
-0.161612 0.166352 0.248936 
-2.16325 -2.00203 0.308761 
1.2223 -0.933241 0.505301 
-1.34381 -1.37169 0.216971 
0.699501 -0.577216 0.472126 
0.398084 0.366455 0.123217 
-0.0025803 0.292714 0.0535344 
0.40664 0.326777 0.0990259 
-0.159387 -0.178051 0.17344 
0.313372 -0.280241 0.155671 
-1.3055 -1.27702 0.22788 
-0.493203 0.123248 0.361219 
-0.0213204 0.322899 0.173423 
-0.259212 0.0541788 0.323149 
-0.0501733 0.319426 0.177606 
1.42244 -1.95284 0.204474 
-1.07031 -1.01278 0.195678 
-0.0630767 0.299016 0.0884891 
-0.164713 0.121896 0.26455 
-1.86676 -2.2173 1.99833 
-0.216705 0.317261 0.215179 
-0.00892632 0.297935 0.0747468 
0.278957 0.35381 0.169659 
0.425503 0.336893 0.120258 
-0.0198287 0.323949 0.181225 
-0.0718981 0.324929 0.180899 
-0.180617 0.321374 0.217722 
0.399842 0.360298 0.123529 
0.115359 0.0163397 0.278992 
0.0139491 0.325034 0.174849 
2.8853 -2.27084 1.02536 
0.421577 0.33387 0.0735359 
0.714782 -0.576367 0.443177 
-0.249193 0.0558724 0.313138 
