0.846268 0.132797 0.515942 0.488623 -0.0316865 0.979268 -0.200077 0.0558604 -0.531815 0.152971 0.83293 -0.137432 0 0 0 1
0.290714 -0.165749 -0.942344 -0.00745979 0.119341 0.983472 -0.136166 0.00596686 0.949338 -0.0728749 0.30569 -0.0233982 0 0 0 1
###
0.50932 -3.33624 8.98395 
-0.512464 0.166278 0.00639517 
-2.85652 -4.27022 9.02963 
-0.83963 -1.56192 0.539726 
-4.27288 -6.35211 6.36492 
-2.92577 -4.411 9.34891 
-0.5008 0.165956 0.0184325 
-4.72211 -4.9768 7.96418 
-1.1096 -1.20042 2.46927 
-0.68398 -3.79112 2.15475 
-0.490859 0.18367 0.0553967 
-0.64774 0.232548 0.165911 
-0.512619 0.1735 0.0159513 
-0.960036 0.125644 -0.0278621 
-1.15538 -3.17588 1.2445 
-2.51706 -3.43202 3.33132 
-1.45819 -6.21175 10.3888 
-0.669763 -3.58258 2.02952 
-0.495892 0.0950189 -0.014999 
-0.648952 0.232453 0.164973 
-0.510325 0.174614 0.0166251 
-2.71126 -4.16598 8.7838 
-0.966427 -3.80769 1.9034 
-0.85279 0.21909 0.445556 
-0.373369 0.325399 0.315333 
1.57655 0.483369 1.75216 
-0.622661 0.171696 0.0208045 
-0.497434 0.114591 -0.00456081 
0.101568 -0.359843 1.65517 
-0.501927 0.184247 0.0346403 
-0.607229 0.168688 0.0186012 
-0.376459 0.141097 0.765419 
-0.648952 0.232453 0.164973 

0.281689 -0.268392 0.036927 
0.0562521 0.105801 -0.0024585 
0.632543 -0.814288 -0.555325 
0.229228 -1.07013 -0.53217 
-0.411332 -1.14439 1.41927 
0.101274 -0.0944725 -0.0468128 
0.142087 0.0998024 -0.12211 
-0.0843544 -0.531898 0.69157 
-0.441726 -0.787584 0.864549 
0.0851647 -0.453586 0.0560066 
0.10588 0.0138339 0.135474 
0.102592 0.111154 0.0139882 
-0.0396765 0.109079 0.203195 
0.104796 0.110741 0.00757643 
0.0780971 -0.323194 -0.157962 
-0.078557 -0.328213 0.392436 
-0.476232 -0.678015 0.424255 
0.109218 -0.36263 0.0252401 
0.0525568 0.0776143 0.00222884 
0.0640617 0.106554 0.00245275 
0.0535506 0.0964176 -0.00166921 
0.154648 -1.54175 2.01058 
0.171969 -0.407943 0.0313025 
0.138985 0.0977003 -0.117432 
0.0557663 0.0264293 -0.0490819 
0.0709714 0.110412 0.0347153 
0.0984262 0.111786 0.0209168 
0.0861248 0.116237 0.0787961 
0.107306 0.0833036 -0.142577 
0.106217 0.112706 0.0186361 
0.0788889 0.119406 0.111763 
0.0944412 0.118168 0.0859094 
0.0859538 0.0542966 0.207961 
