-0.342907 -0.376226 -0.860737 -0.0217654 0.126226 0.889528 -0.439098 -0.112005 0.93085 -0.259217 -0.257535 -0.0172514 0 0 0 1
0.999818 -0.0183904 -0.0051619 0.0214287 0.018445 0.999772 0.0107316 0.0139851 0.00496337 -0.0108249 0.999929 0.00178033 0 0 0 1
###
0.489491 -0.678114 -0.34224 
0.207161 -0.236264 -0.380006 
-0.0945355 -0.504294 -0.276283 
0.610236 -0.77314 -0.422483 
0.0183302 -0.345551 -0.351776 
0.949486 -1.26073 -0.339799 
3.247 -2.89846 0.528617 
0.194742 0.186152 -0.608847 
0.379605 -0.412323 -0.308712 
1.28649 -1.51588 -0.664405 
0.543837 -0.431989 -0.0291212 
0.585745 -0.847157 -0.446759 
0.5526 -0.373138 0.148483 
0.0481185 0.0544626 -0.0337873 
-0.376785 -1.30158 -0.563517 
0.382888 0.33495 0.064527 
1.10284 -1.02555 -0.0260826 
0.316213 0.326665 0.100959 
0.435314 0.393197 0.0987134 
0.363645 -1.25533 2.20912 
1.0723 -0.901908 0.0840614 
0.12102 -0.559982 0.397302 
0.0560536 0.168461 -0.587701 
0.0441176 -0.232048 -0.200717 
0.0534222 0.0389984 -0.011978 
0.120651 -0.778845 0.300851 
2.09771 -1.82646 0.360551 
0.291345 0.247389 -0.247207 
0.122468 -0.826558 0.275935 
-0.00222067 -0.295839 -0.236519 
0.0730965 -0.0151486 0.0608238 
-0.397432 -1.16801 -0.656287 
0.23506 0.217412 -0.503113 
0.272393 0.310495 0.115416 
0.682377 -0.598397 -0.171312 
-0.826112 -2.38138 -0.818325 
0.653787 -0.466141 0.411138 
-0.0640607 -0.179299 -0.13321 
-0.37008 -1.24788 -0.20513 
0.377589 0.312977 -0.0722373 
0.989677 -1.07182 -0.525688 
0.330412 0.256474 -0.37483 
0.0514216 -0.250797 -0.163524 
-0.365058 -1.18569 -0.269975 
0.321368 0.270237 -0.189042 
0.129924 -0.803852 0.31622 
0.071502 0.0690446 -0.603574 

7.56566 -6.81046 5.79159 
4.18722 -1.8485 2.01544 
9.48716 -7.97924 4.36233 
3.20242 -2.53039 2.31926 
2.33196 -3.81949 6.84958 
-0.800052 -1.71834 1.61317 
1.78646 -3.14386 5.44998 
-0.985383 0.312599 0.490968 
8.62848 -6.42749 6.72961 
5.06935 -3.72463 4.66223 
-0.843698 -1.54836 1.08723 
5.3952 -6.44172 5.97163 
1.41064 -4.07629 7.48783 
-2.50721 -7.74334 8.60681 
-0.883638 0.37781 0.682562 
-0.142808 0.285757 0.327158 
-1.06546 -1.97459 1.32914 
-0.0159424 0.295733 0.102753 
0.000759977 0.186031 0.302327 
-1.22333 -1.61029 0.0616262 
-1.91478 -3.5701 0.929656 
-1.12837 -4.8626 2.71779 
1.9751 0.633143 0.11049 
0.994565 -3.96382 1.63425 
4.14608 -3.86412 5.85045 
0.334715 -3.62029 1.83333 
2.50667 -4.27578 7.07039 
-0.695902 0.555776 1.2659 
-1.03733 -4.44284 2.4873 
-0.464566 0.411932 0.577204 
-0.944022 -1.96736 1.52427 
-0.896199 0.347247 0.58762 
-0.881942 0.376298 0.676558 
-0.882709 -1.19905 0.0452718 
4.03779 -4.13093 5.94732 
1.09097 -1.39762 0.375106 
-0.841741 -1.74985 1.52641 
-11.5522 -30.5713 33.0982 
-0.622586 -1.307 1.63039 
-0.896554 0.377454 0.68558 
2.03997 -1.60848 2.17677 
-1.00705 0.272062 0.355634 
-1.04273 -3.99903 2.48427 
-0.605367 -1.09778 1.46054 
-0.119074 0.351987 0.0991342 
0.325694 -3.62653 1.84222 
0.168791 -0.0399989 0.239281 
