0.734335 -0.307421 -0.605181 1.1594 0.238443 0.951572 -0.194051 0.220375 0.635529 -0.00180275 0.772075 -0.01652 0 0 0 1
1 0 0 0 0 1 0 0 0 0 1 0 0 0 0 1
###
-0.205609 -1.16396 2.58803 
1.05971 -3.85895 0.995796 
-0.534185 0.38905 0.791675 
-0.789674 -0.595414 2.01411 
3.25021 -6.44133 9.11775 
-0.153302 -5.31985 2.69535 
-1.44652 -5.27901 3.5484 
5.18947 -6.20565 7.15434 
-0.510313 0.391149 0.795158 
-0.947433 0.506025 1.14767 
-0.799631 0.437526 0.984987 
-0.46486 0.439485 1.00498 
0.229812 0.143889 0.158612 
0.196163 -0.361095 0.627006 
0.200234 -5.1345 2.3457 
-0.0327265 0.251606 0.938419 
1.12819 -2.51128 1.06123 
-0.642722 0.423074 0.920709 
-0.16716 -5.40788 2.75153 
-0.579498 0.391104 0.792441 
0.013723 0.746006 2.42684 
-0.808498 -0.521403 1.91829 
-0.744703 0.36514 0.693397 
-0.828507 -0.00325168 0.705253 
-0.753982 0.435431 0.94064 
-0.535493 0.387163 0.793643 
-0.465942 0.439604 1.00639 

0.365928 -1.54023 2.36805 
2.27993 -2.47309 1.46134 
0.0968867 0.0727015 0.32383 
-0.303565 -0.468658 1.17747 
6.2073 -10.9727 13.7908 
0.952717 -3.21046 0.667134 
0.283824 0.049714 0.0597932 
3.15401 -4.74593 5.61591 
1.78819 -0.523438 0.0722992 
1.05201 -1.52303 0.233176 
0.176026 -0.0175841 0.268142 
0.291492 0.00239263 0.211987 
0.664028 0.060007 -0.16758 
-0.388904 0.214218 0.632291 
0.896789 -1.17047 -0.0521466 
-0.42508 0.1528 0.406434 
0.907701 -1.57284 0.455292 
0.184109 0.00973491 0.334477 
-0.0186519 -3.3866 1.55407 
0.29194 0.030299 0.160401 
-0.101709 0.192952 0.52113 
0.324976 -0.161622 0.255986 
0.150046 0.0704086 0.160089 
1.7421 -5.10155 -1.42447 
-0.0284885 0.115967 0.15513 
0.191949 0.057691 0.105029 
0.265888 -0.104337 0.25084 
