0.76475 -0.270831 -0.584643 1.17199 0.249316 0.961072 -0.119088 0.185826 0.594137 -0.0546888 0.802503 -0.0721214 0 0 0 1
1 0 0 0 0 1 0 0 0 0 1 0 0 0 0 1
###
0.224105 -3.65098 4.57166 
-0.817654 -0.48269 1.85683 
-0.0683503 -1.41916 2.96675 
4.88951 -6.41232 7.20413 
-0.370587 -1.76154 2.70347 
-0.222862 -1.20912 0.76223 
7.42548 -10.2875 8.05934 
-0.42979 -0.386619 0.919443 
-0.777458 -0.579432 2.03243 
-0.15191 -5.23938 2.65856 
1.23019 -2.41788 1.12114 
7.33424 -11.5377 8.32025 
-0.591933 0.410329 0.802733 
0.25218 -2.02343 3.9051 
-1.25477 -3.76528 2.74183 
-0.556899 0.457872 0.813274 
-0.60708 0.391679 0.796013 
-0.508962 0.372184 0.791779 
-0.184936 0.373588 0.744378 
0.170333 0.276354 0.983805 
-0.346467 -3.56215 2.0681 
2.90376 -3.23245 2.9614 
-0.806662 -0.549625 1.96729 
0.204832 -0.364973 0.627266 
-0.46188 0.441949 1.00796 
0.629824 0.378121 2.77724 
6.55691 -7.68323 0.441885 
0.161945 -0.348399 0.630585 
-1.23666 -1.86866 1.7062 

0.0969074 0.0727171 0.323904 
4.34568 -7.72303 9.7169 
0.364108 -1.54467 2.38064 
0.497295 -3.25174 4.92977 
-0.103255 0.193676 0.523081 
0.192654 0.0564964 0.155821 
8.18996 -10.7626 7.35535 
0.584651 -2.47425 3.81132 
-0.303737 -0.46892 1.17831 
0.613237 -3.4192 1.0328 
0.962625 -1.50454 0.486361 
4.90383 -7.05961 4.50256 
0.0201694 0.159711 0.401273 
0.273386 -1.84267 2.72971 
0.812576 -2.29109 0.108881 
0.36697 -0.147336 0.144964 
0.130342 0.113487 0.0928444 
-0.335274 0.215911 0.650133 
0.164701 0.0920602 0.111715 
-0.425926 0.153115 0.407173 
-0.0163314 -3.27177 1.50428 
1.7194 -4.50912 6.49616 
-0.304788 -0.458948 1.13509 
-0.818063 -0.592172 0.251576 
-0.0137617 0.119184 0.152204 
0.599554 0.135054 1.63568 
0.321495 -0.0234275 0.143712 
-0.765743 -0.560738 0.245019 
1.41462 -3.52532 5.13574 
