0.854185 -0.0575093 -0.51678 0.879948 0.0571229 0.998228 -0.0166685 -0.0623051 0.516823 -0.015282 0.855956 0.0752157 0 0 0 1
0.997997 -0.0608106 -0.0174279 0.0264142 0.0601718 0.997571 -0.0350951 -0.00508999 0.0195197 0.0339761 0.999232 -0.0182326 0 0 0 1
###
-0.574379 0.421263 0.437074 
5.34152 -5.61719 5.79821 
0.758631 -2.42485 4.5436 
-0.833944 -1.53492 1.0806 
-0.679105 -0.180952 0.715821 
-0.0676668 0.372964 0.614637 
-0.748922 -1.19851 1.10717 
0.790252 -4.03296 5.00637 
0.818475 -3.51503 5.36878 
0.251064 -2.65389 3.48536 
0.321891 -1.13809 2.22486 
0.334988 -3.62253 1.83446 
-0.537896 0.405651 0.592875 
-0.617922 0.355623 0.429548 
0.43939 0.843556 1.68184 
-0.577389 0.34127 0.42703 
0.320449 -1.1307 2.21312 
-0.64818 0.311372 0.418187 
-0.540759 0.36152 0.434068 
2.25751 -4.52484 0.507268 
-0.617411 0.351567 0.426322 
-0.502805 0.392768 0.44307 
1.57626 -3.90958 1.25535 
-0.615997 0.353745 0.427434 
0.120444 -0.525468 2.04787 
-0.0126399 0.172117 0.62554 
0.0961914 0.203462 0.193054 
0.0561169 -0.113957 0.405508 
1.96144 -1.62079 2.12372 
-0.761239 0.335191 0.448968 
-0.663281 0.326949 0.353955 

0.104661 -0.0281367 0.277777 
0.714782 -0.576367 0.443177 
1.2223 -0.933241 0.505301 
0.0245813 -0.441057 0.623261 
-0.945911 -0.869751 0.133435 
-1.34381 -1.37169 0.216971 
1.81348 -2.46843 0.31787 
3.38923 -2.62682 1.12898 
1.00252 -0.687737 0.0690398 
-1.07031 -1.01278 0.195678 
1.66011 -1.33276 1.12755 
0.0482536 -0.450156 0.222349 
-0.00362615 0.322996 0.175339 
-0.00718929 0.281174 0.0680029 
0.0879832 -0.570815 0.734749 
-0.0198287 0.323949 0.181225 
0.18671 -0.234697 0.297832 
-0.00892632 0.297935 0.0747468 
-0.172011 -0.151206 0.358011 
0.0933824 -0.708935 0.886861 
-0.0651506 0.300697 0.0927339 
0.283474 -0.162439 0.0169835 
-0.167248 -0.510251 0.661773 
-0.172666 0.0984095 0.287643 
0.278957 0.35381 0.169659 
-0.456275 0.180399 0.332481 
0.393966 0.358918 0.121949 
-0.0822708 0.316935 0.178446 
2.49006 -1.93744 0.868012 
0.116574 0.057304 0.267888 
-0.813022 0.21163 0.241385 
