-0.343957 -0.366124 -0.864666 -0.0250774 0.194774 0.873003 -0.447134 -0.117346 0.918562 -0.322209 -0.228964 -0.0294839 0 0 0 1
0.99993 -0.0118383 0.000238046 0.00806835 0.0118383 0.99993 1.72564e-05 0.00348309 -0.000238234 -1.44371e-05 1 0.000959689 0 0 0 1
###
-0.0945355 -0.504294 -0.276283 
0.0794801 -0.077576 0.250399 
-0.0606571 -0.228338 -0.208455 
0.25989 -0.257984 -0.230015 
-0.00351059 -0.290834 -0.23262 
4.54408 -31.0108 54.1313 
-0.0547265 -0.177585 -0.170051 
0.0254394 -0.184213 -0.133388 
0.11657 -0.0222973 -0.585267 
1.26549 -1.77436 -0.530286 
0.0650775 0.144808 -0.445169 
0.177303 -0.198953 -0.344809 
0.585745 -0.847157 -0.446759 
-0.013961 -0.288914 -0.241876 
2.94371 -2.69817 0.205766 
1.74173 -1.63304 0.0105124 
-0.0797159 -0.286043 -0.222147 
-0.0756866 -0.245636 -0.196167 
0.341936 0.292595 -0.0725369 
0.179151 -0.824278 0.57099 
-0.0248789 -0.892208 -0.331157 
2.33517 -3.20895 -0.714751 
0.124049 -0.042673 0.0815381 
0.121836 -0.0754207 0.127534 
0.0683849 -0.09449 0.23464 
0.696431 -0.842418 -0.532973 
0.293936 0.31459 0.0925901 
0.658968 -0.457782 0.181972 
0.348386 0.297854 -0.0608523 
0.0447481 -0.278027 -0.226126 
0.408962 0.398778 0.148574 
0.0001254 -0.288836 -0.249921 
0.106452 -0.131074 -0.525336 
0.0402128 -0.850093 -0.150726 
0.0457531 -0.902527 -0.130931 
1.02019 -1.54635 -0.173508 
0.244322 -0.204724 -0.422554 
1.14213 -2.62519 -1.43627 
2.15479 -2.7952 0.948347 
0.321368 0.270237 -0.189042 
0.307127 0.245898 -0.342049 
-0.0671853 -0.202094 -0.152543 
-0.0698716 -0.225646 -0.106368 
0.129426 -0.0449111 0.0794566 
0.363234 0.318037 0.011786 

0.0203361 -0.01474 0.375071 
-1.08975 -1.3851 0.0203051 
0.896033 -1.0735 0.0979985 
8.62984 -6.42862 6.73078 
0.0257006 0.279003 0.210552 
-1.0294 -0.402746 0.702747 
-0.896204 0.347247 0.587626 
0.994328 -1.48047 0.773272 
1.91653 -0.0290889 0.404412 
5.5028 -5.52921 5.40834 
1.9751 0.633143 0.11049 
4.18816 -1.8489 2.0159 
5.44407 -6.49797 6.02201 
1.22405 -1.42658 0.540043 
-0.47798 -1.63931 2.2409 
4.10663 -3.82955 5.80072 
6.58499 -4.57532 0.754689 
-0.883764 0.377844 0.68266 
-0.430476 0.283345 0.0376554 
0.334988 -3.62253 1.83446 
1.87898 -7.08915 7.98503 
5.50558 -5.83588 6.00121 
0.113923 -3.55204 6.23705 
-0.944068 -1.96748 1.52435 
-4.1042 -6.31549 0.204207 
4.04439 -3.12823 4.31348 
0.113182 0.173196 0.220068 
1.25883 -3.82015 6.92675 
-1.01214 0.29061 0.437868 
0.819048 -2.64852 1.00594 
0.0200808 -0.0162215 0.374614 
-0.0680031 0.202899 0.288056 
0.173785 -0.0719104 0.0354411 
0.0821105 -3.66834 2.00665 
0.320747 -3.58039 1.82006 
-1.12812 -4.86154 2.71719 
-0.0851292 0.0319585 0.401052 
10.6506 -8.8902 4.63559 
-0.997479 -4.2667 2.38473 
-0.119075 0.351989 0.0991358 
-1.01522 0.314355 0.497265 
-2.50773 -7.74513 8.60879 
-1.06552 -1.97472 1.32922 
4.09993 -4.19547 6.03525 
0.165552 0.0553921 0.171998 
