0.764929 -0.221256 -0.604921 1.18285 0.246296 0.968253 -0.0427043 0.138929 0.595165 -0.116324 0.79514 -0.0665374 0 0 0 1
1 0 0 0 0 1 0 0 0 0 1 0 0 0 0 1
###
-0.431122 -0.392523 0.924727 
0.850614 -1.68533 1.15212 
-0.369161 -1.75404 2.69179 
-1.53015 -0.531727 1.20791 
-0.861994 0.506682 1.23364 
-1.00349 0.434748 0.950712 
4.97264 -6.51565 7.31691 
-1.03619 -1.27096 1.55061 
0.152443 0.274982 0.966053 
9.23488 -11.3782 6.94488 
-0.777986 -0.579851 2.03352 
0.236882 -2.00218 3.86771 
11.426 -44.4032 45.0124 
0.792399 -1.79284 0.904672 
-0.599731 0.39909 0.798038 
-0.00646364 -0.122588 0.724039 
-0.151239 -5.21441 2.64748 
-0.593454 0.40897 0.801933 
0.0288838 0.25894 0.954387 
12.0978 -15.7116 6.7193 
-0.800736 0.437351 0.984877 
-0.608265 0.390382 0.795285 
0.171585 0.276471 0.984488 
-0.502405 0.377757 0.792939 
-0.774627 0.422938 1.74377 
1.1303 -2.51566 1.06266 
-0.268381 0.768572 2.3053 
1.7736 -6.69371 0.536232 
13.4128 -17.3195 7.24518 
1.25403 -3.16178 1.3376 
-0.807162 -0.550158 1.96854 
0.0488086 0.778423 2.51005 
0.23812 -1.94583 3.82313 
-0.160355 -5.13712 2.62548 
-0.611096 0.387352 0.794321 
-0.92183 0.417253 0.915363 
7.0067 -8.0935 9.17193 

0.361302 -1.33398 2.10264 
1.7194 -4.50912 6.49616 
0.0969074 0.0727171 0.323904 
-0.012903 -0.0462876 0.0259487 
0.29132 0.00238564 0.211864 
-0.0578008 0.199983 0.523699 
0.497295 -3.25174 4.92977 
0.270601 -0.110906 0.279132 
0.308765 -0.0700013 0.228338 
5.98409 -6.93244 3.65525 
-0.303737 -0.46892 1.17831 
0.584651 -2.47425 3.81132 
-0.908716 -1.62267 0.831714 
0.105559 0.0695162 0.291446 
0.210511 -0.0189748 0.229639 
0.204393 0.0813427 0.0771028 
1.05353 -3.54939 0.716992 
0.136426 0.110064 0.0806647 
-0.101773 0.193053 0.521409 
12.9702 -15.7229 5.3775 
0.17604 -0.0175846 0.26816 
-0.104502 0.190055 0.513561 
-0.103255 0.193676 0.523081 
0.174098 0.015598 0.323247 
-0.306936 0.169958 1.02615 
0.900494 -1.55951 0.451652 
-0.335274 0.215911 0.650133 
-0.759581 -2.58771 1.72006 
7.99584 -9.66634 3.34122 
2.32627 -2.56337 1.47568 
-0.304788 -0.458948 1.13509 
-0.389728 0.214609 0.633424 
0.364108 -1.54467 2.38064 
0.504074 -3.67972 1.24209 
0.191413 0.0574649 0.105036 
1.79911 -0.465529 0.0640474 
-0.750845 -1.20458 0.42503 
