0.824204 0.22765 0.518521 0.492512 -0.179805 0.97346 -0.14158 0.0142635 -0.53699 0.0234582 0.843262 -0.160994 0 0 0 1
0.290755 -0.165816 -0.94232 -0.00746036 0.119009 0.983488 -0.136339 0.00601715 0.949367 -0.072503 0.305688 -0.0234332 0 0 0 1
###
-1.62993 -5.73407 10.8683 
-0.960239 0.131408 -0.0194665 
-4.89853 -7.3592 7.39318 
-0.941239 -1.2348 -0.308932 
-2.99653 -4.53455 9.59553 
-0.508202 0.161234 0.00420905 
0.518274 -2.04071 1.98969 
0.640922 -1.19127 2.17887 
-0.554077 -1.49503 4.08806 
-2.89629 -4.34081 9.16183 
-0.812194 -1.45749 0.49749 
-2.97014 -4.17638 4.07792 
-0.50954 0.172088 0.0157083 
-0.448918 0.333164 0.644226 
-0.947602 0.121771 -0.0289891 
-0.645554 0.231021 0.164138 
-0.506797 0.170406 0.0161254 
-0.460578 0.282816 0.556079 
-0.495719 -1.75089 4.69744 
-0.922308 0.10956 -0.0486353 
-1.85409 0.459286 0.838918 
-0.374811 0.140416 0.762237 
-0.774272 0.0452268 -0.216697 
0.335168 -1.32077 2.06001 
-1.64941 0.368257 0.58992 
-0.507167 0.173121 0.0163531 
-2.83581 -4.37412 9.21543 
0.0849533 0.252382 0.605519 
-0.506852 0.171632 0.0151616 
-0.672298 0.068117 -0.177446 
-2.77177 -3.9563 9.03972 

-0.0412304 -0.466873 0.581866 
0.103064 0.111326 0.0130013 
-0.0269002 -0.134883 0.157862 
0.128747 0.105738 -0.0423808 
0.634436 -0.816877 -0.55697 
0.105878 0.0138382 0.135482 
0.322237 -0.366466 0.0641272 
0.184981 -0.205849 0.196676 
0.737171 -0.719963 -0.247412 
0.101538 -0.0947034 -0.0468983 
0.0773223 -0.318547 -0.155568 
-0.41124 -1.1449 1.42034 
0.106095 0.013146 0.139041 
0.0884092 0.113718 0.0807933 
0.104801 0.110738 0.00757364 
0.102625 0.111169 0.0139809 
0.0890026 0.115239 0.0725305 
0.137053 0.0969769 -0.146557 
0.272576 -0.541281 0.775422 
0.111458 0.0915123 -0.15766 
0.141378 0.09944 -0.12108 
0.0870303 0.0448833 0.210276 
0.254901 -0.389863 0.0545631 
0.494725 -0.486974 0.187129 
0.136152 0.103515 -0.0879381 
0.0988924 0.106038 0.0157356 
0.054683 -0.350198 0.444106 
0.427421 -0.679366 -0.508195 
0.0645188 0.114801 0.0253161 
0.0642679 0.107329 0.00092211 
0.289943 -2.53156 3.58087 
