0.839701 -0.0391761 -0.541635 0.875068 0.0317631 0.99923 -0.0230311 -0.0774728 0.54212 0.00213521 0.840299 0.0923854 0 0 0 1
1 0 0 0 0 1 0 0 0 0 1 0 0 0 0 1
###
-0.60846 0.374207 0.428688 
-0.853894 0.396079 0.729023 
-0.171809 -0.502417 1.28692 
-0.6104 0.371024 0.426908 
-0.831394 0.407088 0.770239 
-0.717731 0.0331134 0.456211 
-0.752421 0.0369403 0.483187 
-0.749005 -1.15801 1.08271 
1.26112 -1.91692 3.18886 
-0.53619 0.407779 0.594922 
-0.61788 0.356035 0.429507 
0.712335 -3.29514 5.04358 
0.494869 -3.33227 4.23927 
-0.537786 0.405977 0.593267 
-0.90585 0.390752 0.717397 
-0.0586386 0.38337 0.580939 
0.0110337 0.174548 0.63387 
4.41335 -5.57739 8.54871 
2.38282 -3.90904 7.0004 
-0.616438 0.353094 0.426941 
-0.466163 0.406617 0.577481 
0.087938 0.301477 0.0277195 
-0.815637 -1.28896 1.01501 
0.829664 -2.05575 2.19514 
0.0892365 -0.118712 0.513004 
-0.580724 0.355997 0.428065 
10.7401 -9.92505 6.04784 
-0.285914 0.77914 1.90186 
-0.548952 0.668697 1.59088 
1.99192 -1.64396 2.14841 
1.5548 -3.86144 1.24311 

-2.50136 -2.56319 0.34692 
-0.495977 -0.160851 0.404948 
1.1504 -0.936414 0.804656 
-0.0656285 0.300137 0.0925078 
-0.336343 0.185495 0.305303 
1.29442 -1.04481 0.796463 
0.360737 0.34683 0.153777 
1.81348 -2.46843 0.31787 
0.186185 -0.30472 0.409264 
0.398084 0.366455 0.123217 
-0.153214 0.31743 0.195707 
1.00252 -0.687737 0.0690398 
-1.34381 -1.37169 0.216971 
-0.00362615 0.322996 0.175339 
-0.428984 0.11729 0.30439 
-0.125577 0.315907 0.183726 
0.138962 -0.829497 0.523069 
0.38542 -0.374966 0.413634 
-2.38383 -2.62764 2.4271 
-0.0630767 0.299016 0.0884891 
-0.164713 0.121896 0.26455 
-0.0457606 0.321584 0.178103 
-0.249193 0.0558724 0.313138 
-1.06702 -1.35566 0.105628 
-0.252819 0.311908 0.2031 
-0.0366259 0.32519 0.192779 
-0.217631 -0.754876 0.941787 
0.421952 0.31925 -0.00344946 
0.278957 0.35381 0.16966 
-2.43035 -2.66049 2.50716 
-0.259933 -0.461401 0.572997 
