0.66256 -0.304188 -0.684459 -0.0851294 0.33397 0.93793 -0.0935513 0.245412 0.670432 -0.166605 0.723024 -0.765188 0 0 0 1
0.999196 -0.0245263 -0.0317203 -0.00310576 0.0241139 0.99962 -0.0133194 -0.0079506 0.0320349 0.0125438 0.999408 -0.0305449 0 0 0 1
###
3.20761 -3.05815 1.6074 
2.39693 -2.20519 1.52199 
2.35316 -4.20633 5.60248 
0.837106 -1.48347 0.0405425 
1.19971 -2.3224 -0.275583 
5.9278 -10.5166 13.2136 
1.1516 -1.54523 0.380174 
2.33907 -2.4562 -0.0384352 
1.66376 -1.17107 0.584208 
8.07066 -10.6169 7.25065 
1.94634 0.0868486 -0.153871 
1.67246 -4.39445 6.32109 
0.187023 -0.922477 1.16576 
0.898393 -1.55796 0.451163 
1.99349 -2.23822 -0.13557 
8.42488 -8.64775 4.59215 
0.579468 0.276609 0.882028 
1.08927 -1.46097 0.398999 
1.64536 0.287163 0.719566 
4.45772 -4.56849 2.60455 
0.427801 0.248006 1.29654 
0.461637 0.391431 1.5299 
0.0636461 -1.30761 1.68987 
2.27 0.210933 0.0322776 
0.688205 -0.9867 0.305061 
2.28401 -2.64026 2.69528 
3.82344 -3.69919 2.43877 
1.03396 -1.48101 0.225983 
0.942672 -1.64584 0.523157 
-0.52216 -2.94482 1.66841 
0.0622675 -3.23562 1.41518 
1.19524 -1.66761 0.157444 
-0.892359 -3.15772 1.90395 
4.37329 -5.24337 5.20621 
0.7495 0.402982 1.41478 
0.804748 0.383152 1.35579 
0.795976 -3.52887 0.713592 
0.165013 0.393214 1.50006 
1.31896 0.336487 1.00446 
1.92796 -0.864577 0.0922793 
0.391216 0.440907 1.6397 
0.246309 0.47166 1.69707 
1.92941 0.327632 0.535726 
0.199018 0.280354 1.34212 
0.964497 0.344261 1.21039 
0.374797 -0.587095 0.767657 
0.399453 0.711822 1.95067 
9.31764 -11.2415 3.85803 
7.78263 9.12336 8.93687 
1.12583 0.356566 1.13914 
-0.127839 -3.0411 1.53469 
1.66347 0.198255 0.52849 
0.330162 0.390795 1.53339 
0.386813 0.424716 1.60022 

-1.32213 -2.54711 2.65336 
-1.83437 -5.03934 6.20967 
0.173401 -0.334396 0.517025 
1.66222 -2.25582 0.596162 
13.1065 -13.8787 4.99883 
3.29754 -6.52436 9.23753 
1.76017 -10.6767 3.49633 
2.49048 -2.59348 0.304429 
-0.81917 -1.57074 2.26646 
7.47231 -10.3472 8.10666 
1.40928 -2.51554 0.710016 
2.03201 -6.19857 10.2005 
-3.17911 -5.00266 3.99446 
-0.332494 -0.457718 0.290014 
0.27677 -0.899186 1.4458 
2.88449 -3.18735 3.01524 
0.543661 0.150938 0.27509 
0.59384 -6.01029 2.32304 
-0.919545 0.49346 1.1764 
-0.0717028 0.212844 0.565142 
-0.347077 0.237218 0.143095 
-0.0215683 0.132853 0.690987 
-2.42368 -8.49384 10.2153 
-0.332749 0.228059 0.139677 
0.0896277 0.180331 0.290259 
4.97264 -6.51565 7.31691 
12.0287 -14.8616 6.1579 
1.4066 -2.47343 0.704617 
-1.82438 -5.17092 3.29424 
-1.43552 -5.23982 3.52455 
-0.470416 -5.07873 2.8604 
1.34525 -2.38236 0.686281 
0.336828 0.0774295 0.289859 
-1.57447 -2.59527 2.24989 
0.00515376 0.263425 0.274638 
-0.461197 0.446064 1.01219 
1.31842 -6.14361 1.51862 
-2.36989 -2.57769 0.326314 
0.00473899 0.263952 0.274896 
2.85821 -1.89535 0.400641 
-1.35681 0.388721 0.719432 
12.0978 -15.7116 6.7193 
0.235995 0.0401123 0.399511 
-0.114633 0.212711 0.631631 
0.322547 0.116794 0.244406 
-1.83177 -2.95442 2.53733 
-1.72401 -0.842618 0.614282 
13.4128 -17.3195 7.24518 
-0.0187588 0.272861 0.300649 
0.00437483 0.264314 0.275912 
-2.4729 -5.63706 3.67638 
-0.107842 0.294595 0.384432 
0.137035 0.222351 0.135405 
0.00573268 0.26541 0.275738 
