0.732601 -0.200967 -0.650313 1.18425 0.19671 0.977162 -0.0803734 0.122886 0.651614 -0.0690412 0.755402 -0.0110349 0 0 0 1
1 0 0 0 0 1 0 0 0 0 1 0 0 0 0 1
###
0.154434 0.274769 0.967294 
-0.762453 0.442323 1.755 
-0.429055 -0.395526 0.930604 
5.0309 -6.05957 6.93696 
-0.134167 -1.10307 2.43123 
0.299865 -3.99624 4.93781 
-0.862188 0.506948 1.23375 
-0.613099 0.396791 0.794584 
4.99173 -6.54137 7.34406 
5.38537 -5.75176 2.9751 
-0.867489 -2.26915 3.12976 
-0.369528 -1.75815 2.70003 
1.23691 -2.43076 1.12489 
-0.596549 0.403246 0.798718 
-0.150697 -5.18253 2.63293 
-0.597666 0.402907 0.799687 
0.270369 -0.392936 0.621801 
-0.543639 0.394942 0.793879 
-0.709912 0.38141 0.814463 
3.33186 -6.63483 9.36508 
-0.774357 0.422818 1.74315 
-0.60825 0.389923 0.794764 
0.232426 0.145404 0.158583 
-0.0929575 -0.756139 1.04005 
-0.0455652 0.817213 2.57771 
12.0681 -15.6694 6.69969 
2.4888 -0.580448 1.99063 
-0.158565 -5.10284 2.60886 
-0.608179 0.390682 0.795044 
-0.844406 0.5052 1.25485 
13.3726 -17.2629 7.22618 
5.04561 -6.59048 7.31275 
0.234053 -1.93924 3.81193 
-0.581527 0.389171 0.791355 
-0.723271 0.412053 0.887392 
-0.46449 0.441169 1.00614 
-0.748745 -0.846974 1.12613 
0.0963425 0.478485 1.64974 

0.307632 -0.0697709 0.227499 
-0.288096 0.171381 0.988697 
0.588862 -2.46308 3.80543 
0.403916 -1.62677 2.57225 
0.0171847 -0.0943288 0.0907073 
0.0966105 0.0724823 0.322855 
0.290569 0.00236054 0.211322 
0.13017 0.110194 0.0816245 
0.269351 -1.81796 2.69136 
-0.185113 -3.29471 4.03261 
-0.281393 -1.06559 1.22016 
-0.0574979 0.199285 0.52195 
0.958951 -1.49978 0.484414 
0.168093 0.0923325 0.100335 
1.03923 -3.50025 0.706296 
-0.430199 0.051648 0.306618 
-0.425107 0.152907 0.40643 
0.176637 0.0144327 0.332817 
-0.0508966 0.186755 0.50973 
3.72879 -6.69671 8.38814 
-0.305751 0.169287 1.02247 
0.020152 0.15926 0.400146 
1.29753 -1.56346 0.522614 
7.54502 -8.30703 2.1379 
-0.101404 0.192474 0.519834 
12.4542 -15.107 5.16409 
-0.159221 -0.14497 0.409559 
0.164238 -3.36969 1.3868 
-0.104138 0.189499 0.51204 
1.04939 -1.52058 0.232194 
13.3529 -16.1328 5.49139 
3.76571 -4.57232 4.4239 
0.517806 -1.88994 2.97551 
0.202973 -0.0157973 0.241173 
0.343348 -0.0533519 0.107022 
0.264876 -0.103969 0.249885 
0.0720114 -3.31457 1.42351 
-0.873907 -2.19456 1.52564 
