0.650907 -0.277896 -0.706465 -0.079415 0.32922 0.941862 -0.067163 0.202443 0.684057 -0.188866 0.704554 -0.885467 0 0 0 1
0.999196 -0.0244882 -0.031733 -0.00310701 0.0240724 0.99962 -0.0134217 -0.00790931 0.0320496 0.012647 0.999406 -0.0305562 0 0 0 1
###
0.924802 -1.87909 2.63427 
0.285849 0.375834 1.49051 
1.16156 -1.55903 0.379595 
3.37581 -3.20124 1.66757 
2.37909 -2.1834 1.5055 
2.25342 -8.98825 8.79365 
0.412874 -0.649134 0.909065 
0.27168 0.401583 1.51506 
1.07582 -1.56823 0.234943 
2.3534 -2.33838 0.0342185 
2.26395 0.15053 -0.119975 
1.30479 -3.88879 5.79003 
7.82193 -8.03821 4.25159 
1.99453 0.0992871 -0.157686 
1.7231 -3.56169 -0.463863 
1.26225 -1.28512 -0.0144197 
3.29133 -4.23055 4.47085 
0.35108 -0.747853 1.02411 
1.83231 -0.544731 0.062353 
1.51668 -3.30363 -0.67162 
1.98942 0.143971 0.201555 
0.897308 -1.55618 0.450307 
2.51239 -2.6699 1.5433 
0.595263 -2.8396 4.3399 
-1.07621 -2.85976 2.08004 
0.804034 0.381894 1.35531 
1.18432 0.350195 1.09897 
0.253589 -0.933687 1.27 
0.170136 0.381048 1.48631 
1.23566 -0.168299 0.261886 
6.31563 -22.1833 -8.50594 
1.19743 -2.53988 -0.380085 
0.699456 -3.1965 0.743889 
1.70962 -2.34376 -0.533963 
1.16414 -1.41659 0.384594 
1.81368 -2.59154 -1.11825 
0.226418 0.504412 1.62331 
-0.544943 -3.0366 1.72077 
1.95906 -1.14022 0.0602155 
1.59557 -6.03909 -1.83144 
1.23593 -1.88851 0.079916 
1.77139 -2.08027 -0.21295 
0.6709 0.366609 1.40626 
1.47353 0.279717 0.843013 
1.12266 0.352757 1.13604 
0.393927 0.436874 1.64484 
1.79898 -4.17234 -1.03961 
3.06235 -11.467 -4.57972 
0.716329 0.421987 1.44769 
0.731181 0.35733 1.36491 
1.02715 0.318411 1.14434 
1.94494 -0.232506 -0.143685 
0.268973 0.182526 1.23459 
0.717178 0.303845 1.30558 
0.07176 -1.23652 1.65005 

0.27582 -0.879824 1.42866 
-2.36743 -2.57493 0.325993 
1.21476 -5.81347 1.64834 
-1.32104 -2.54501 2.65147 
-1.83398 -5.03833 6.20845 
-1.8229 -5.16691 3.29191 
0.136457 -2.76759 4.84498 
-0.460782 0.440466 1.00049 
0.170947 0.138231 0.333696 
5.02454 -6.05339 6.92667 
-0.021568 0.132854 0.690985 
-2.01218 -6.91059 8.96219 
-1.38028 -2.56915 2.57759 
-0.0228304 0.195517 0.55711 
-0.00883782 -0.0595542 0.541757 
2.17452 -1.42604 0.305976 
-1.21746 -2.28126 2.22085 
-3.17875 -5.00213 3.99432 
-1.83649 -0.94514 0.549028 
13.117 -13.8886 5.00443 
-0.461174 0.446051 1.01216 
0.33682 0.0774283 0.289852 
1.70831 -8.96108 9.8681 
-1.84953 -2.37878 1.26167 
-0.466614 -5.0416 2.84033 
-1.52838 -1.79879 0.239913 
-0.919633 0.493522 1.17648 
0.136634 -2.68734 4.63708 
0.293608 -0.136551 0.334974 
0.0337396 0.176628 0.330521 
1.66136 -2.25459 0.59595 
2.48949 -2.59239 0.304393 
1.31634 -6.13574 1.51629 
1.60325 -1.63426 0.194956 
-0.125264 0.228498 0.632694 
-0.95294 0.454635 1.05198 
0.00573268 0.26541 0.275738 
-2.28267 -6.00038 4.11766 
1.34552 -2.38283 0.686382 
-1.69936 -2.62727 0.0909248 
0.0840615 0.195658 0.268545 
0.00437338 0.264324 0.275919 
0.00515224 0.263434 0.274644 
-1.40066 0.348177 0.600102 
0.00473744 0.263961 0.274902 
-1.35687 0.388734 0.719454 
1.12099 -2.25217 0.195579 
0.598939 -5.5358 2.1685 
0.0794127 0.23618 0.18637 
0.238331 0.0389778 0.405197 
0.133843 0.224262 0.14342 
2.39307 -0.691802 0.338768 
-0.114633 0.212711 0.631631 
0.322553 0.116795 0.244408 
5.26772 -6.29556 7.25571 
