-0.356208 -0.358675 -0.862826 -0.0283792 0.220293 0.86513 -0.450579 -0.123883 0.908068 -0.350574 -0.229152 -0.0458024 0 0 0 1
0.999931 -0.0117789 0.000224421 0.00806067 0.0117789 0.999931 8.3357e-05 0.00346285 -0.000225387 -8.07078e-05 1 0.000966954 0 0 0 1
###
0.458028 -0.128618 -0.457369 
0.0877654 -0.211507 0.404563 
0.147141 -0.0725954 0.116656 
0.0116165 -0.395881 -0.193925 
-0.116083 -0.671926 -0.343615 
0.949486 -1.26073 -0.339799 
-0.0962406 -0.348551 -0.244538 
-0.0606571 -0.228338 -0.208455 
0.277566 0.00665183 -0.283842 
0.194741 0.186152 -0.608847 
0.318576 -0.28677 0.376821 
0.115817 -0.190425 0.463429 
1.26549 -1.77436 -0.530286 
0.131494 -0.501431 0.339569 
-0.133208 -0.742707 -0.382182 
-0.24345 -0.791314 -0.407459 
0.272393 0.310495 0.115416 
2.33517 -3.20895 -0.714751 
0.525036 -0.341438 0.115842 
0.327261 -0.296846 0.389939 
0.159627 -0.73396 1.34534 
0.524728 -0.714024 -0.494526 
0.353823 0.361743 0.127475 
0.450214 -0.194958 -0.458597 
0.535312 -0.381444 0.167898 
0.00224278 -0.592893 -0.216569 
0.325319 0.279966 -0.120789 
0.326497 0.262112 -0.295695 
-0.0987401 -0.413728 -0.406473 
0.344039 0.29456 -0.070887 
0.101271 -0.642998 0.182448 
0.0316381 -0.28975 -0.154521 
0.293242 0.247067 -0.248723 
0.044167 -0.808478 0.078791 
1.1923 -0.893658 0.507821 
0.0786214 -0.249386 0.224502 
0.200344 -0.226129 -0.344128 
1.54388 -2.007 0.479788 
0.330281 0.327623 0.102497 
-0.115054 -0.331284 -0.179603 
0.257614 -0.0393559 -0.283575 
0.321368 0.270237 -0.189042 
0.140062 -0.678164 0.372154 
0.331185 0.281909 -0.12211 
0.0928841 -0.240612 -0.528086 
0.315353 0.332514 0.105692 
0.0998367 0.14508 -0.507631 
0.350003 0.291308 -0.17115 
0.290396 0.239163 -0.40669 
0.140237 -0.718956 0.388098 

0.145103 0.0832449 0.230079 
1.41394 -4.08525 7.50385 
0.114038 -3.5569 6.24537 
-0.192539 0.300133 0.306176 
0.0237263 0.287374 0.241842 
5.33734 -5.61214 5.7941 
4.05365 -2.76023 1.43062 
0.893961 -1.07072 0.0983335 
-0.794077 -0.361572 1.27656 
-0.985392 0.312599 0.490965 
-1.23426 -2.27139 1.53273 
-1.09022 -1.38586 0.020257 
5.53827 -5.56198 5.44256 
0.333455 -3.60925 1.82849 
0.0173446 -0.0170349 0.367088 
6.5907 -4.57914 0.755345 
-0.896679 0.377478 0.685722 
5.55248 -5.88792 6.05444 
1.25096 -3.79193 6.87864 
4.19486 -4.29056 6.16447 
-4.09953 -6.30845 0.203836 
11.5533 -8.26224 7.27522 
0.192619 0.0672924 0.165462 
0.0277568 -0.0443442 0.397009 
-1.03652 -4.43894 2.48504 
0.994749 -1.48107 0.773584 
-0.896172 0.347238 0.587601 
-0.703894 0.655483 1.54691 
0.169672 0.0318465 0.174049 
0.194454 0.0668864 0.161663 
0.0860068 -1.50052 0.79913 
-0.0299196 0.281582 0.188076 
-1.22045 -0.754313 0.201687 
0.162666 -3.90589 2.08706 
-0.971324 -1.8393 1.32379 
-1.04593 -3.92837 2.38745 
-0.0680029 0.202899 0.288054 
-1.1287 -4.86445 2.71873 
10.6079 -9.87635 6.10198 
-1.06582 -1.97528 1.32957 
0.177765 0.035666 0.151973 
-0.119074 0.351988 0.0991358 
0.484377 -3.47436 1.69424 
-0.883722 0.377824 0.682627 
-0.882003 0.376307 0.676606 
0.0270051 -0.111199 0.417878 
4.11866 -3.84305 5.81641 
-0.132224 0.101276 0.364611 
0.0203353 -0.0147412 0.375071 
0.72006 -3.59518 1.61656 
