0.878865 0.202426 0.431995 0.496102 -0.105888 0.9657 -0.237089 0.0345246 -0.465171 0.162626 0.870155 -0.132644 0 0 0 1
0.290755 -0.165816 -0.94232 -0.00746036 0.119009 0.983488 -0.136339 0.00601715 0.949367 -0.072503 0.305688 -0.0234332 0 0 0 1
###
-0.128746 0.289377 0.33712 
-0.46344 -0.180298 0.0917419 
-0.40834 0.321883 0.574118 
-0.502011 0.164321 0.0120686 
0.345528 -1.78893 4.87905 
-4.56258 -4.80267 7.68653 
-0.884231 0.0996463 -0.0668298 
-0.825803 -1.54048 0.533561 
-2.83522 -4.24586 8.96216 
-2.94671 -4.45555 9.43221 
-0.502602 0.168984 0.0151543 
-0.480376 0.20125 0.0787086 
-1.03693 -2.69387 1.04163 
-0.454128 0.276601 0.545148 
-0.373679 0.312836 0.306174 
-0.479159 0.201285 0.0776788 
1.46342 -6.99947 13.6219 
-0.598229 0.134622 -0.0423356 
-4.43923 -4.70161 7.46191 
-1.89758 0.5409 1.01101 
-0.500046 0.170256 0.0159395 
-0.517129 0.154624 -0.0152913 
-2.83895 -4.38048 9.23237 
-0.044563 -0.0693586 0.701211 
-0.400114 -3.76964 2.18384 
-0.457185 -3.42316 2.11692 
-0.771154 -0.72159 0.308028 
-0.418491 0.149355 -0.0362187 
-0.500485 0.170582 0.0158252 
1.70294 -7.61607 14.896 
-2.80071 -3.99938 9.14405 
-4.64625 -4.88797 7.8269 

0.0912455 0.0730281 -0.114692 
0.195109 -0.186031 -0.0624678 
0.0622915 0.108592 0.0265649 
0.129434 0.0965755 -0.129585 
0.352356 -0.540144 0.558147 
0.427045 -0.969373 1.18112 
0.129367 0.0970467 -0.128829 
0.229465 -1.071 -0.532388 
0.101538 -0.0947034 -0.0468983 
0.634436 -0.816877 -0.55697 
-0.033121 0.100951 0.187141 
0.0642024 0.106603 0.00237744 
0.117917 -0.527891 -0.26193 
0.137053 0.0969769 -0.146557 
0.0525447 0.0775286 0.00222952 
0.102625 0.111169 0.0139809 
0.441616 -0.519873 0.376783 
0.0861306 0.116241 0.0787988 
0.399877 -0.901222 1.09988 
0.111837 0.087429 -0.14132 
-0.0354303 0.105679 0.195606 
-0.0335803 0.0974734 0.182273 
0.054683 -0.350198 0.444106 
0.0370867 0.128366 0.227178 
0.0794285 -0.227852 0.0223931 
0.0916902 -0.404459 0.0181839 
0.245241 -0.252021 -0.111491 
0.108521 0.0126836 0.103246 
0.123882 0.0920377 -0.131694 
0.349186 -0.404418 0.291394 
-0.334264 -0.495342 0.421465 
0.284543 -0.644199 0.784428 
