0.822102 -0.0512656 -0.567027 0.870903 0.00856619 0.996939 -0.0777149 -0.0771523 0.569275 0.0590323 0.820025 0.106841 0 0 0 1
0.997997 -0.0608106 -0.0174279 0.0264142 0.0601718 0.997571 -0.035095 -0.00508997 0.0195197 0.033976 0.999232 -0.0182327 0 0 0 1
###
-0.0599873 0.375596 0.620308 
5.33734 -5.61214 5.7941 
-0.618514 -0.0215602 0.576818 
-0.466592 0.40769 0.574319 
-0.621673 0.35512 0.424257 
0.352267 0.521535 0.766047 
-0.748797 -1.15951 1.08379 
-0.713384 -0.0584819 0.595476 
4.11866 -3.84305 5.81641 
-0.537729 0.405921 0.593102 
-0.617906 0.355782 0.429282 
-0.270179 -0.688598 0.191061 
4.19486 -4.29056 6.16447 
-0.820039 0.422511 0.780893 
2.0377 -1.67385 2.19692 
2.51749 -4.28613 7.09368 
-0.616632 0.352571 0.42659 
0.0087158 0.175564 0.631371 
0.0858786 0.300992 0.0282989 
2.42172 -4.18939 6.89517 
-0.630616 0.333379 0.423226 
-0.713191 0.345322 0.482431 
-0.535435 0.362721 0.435556 
-0.546941 0.677018 1.60872 
1.01623 -3.97916 1.63256 
-0.661353 0.286892 0.418532 
0.155701 -0.139628 0.520789 
0.0115721 0.174401 0.634277 
-0.662584 0.284698 0.418104 
-0.596262 0.357276 0.426435 
-0.697608 0.550395 1.26003 

0.385885 0.372056 0.162112 
-1.99819 -2.01659 0.699688 
-2.25886 -2.304 1.38338 
-0.0461231 0.319835 0.178309 
-2.50136 -2.56319 0.34692 
-0.945911 -0.869751 0.133435 
1.81348 -2.46843 0.31787 
3.38923 -2.62682 1.12898 
0.14723 -0.201275 0.267699 
-0.0213204 0.322899 0.173423 
-0.258661 0.0533158 0.320965 
0.870098 -1.25297 0.101888 
-1.86647 -1.90345 1.15529 
-0.055109 0.321986 0.179081 
0.0245813 -0.441057 0.623261 
-1.88198 -2.23914 2.02184 
-0.0651506 0.300697 0.0927339 
0.138962 -0.829497 0.523069 
-0.0125238 0.327258 0.18561 
-1.86676 -2.2173 1.99833 
-0.567197 -0.15089 0.385485 
0.104662 -0.028137 0.277777 
0.278957 0.35381 0.16966 
1.00823 -1.4775 0.122482 
0.244275 -0.335508 0.0140138 
0.111715 0.00750099 0.275904 
-0.252819 0.311908 0.2031 
-0.496917 0.179409 0.352153 
0.493254 0.383557 0.0822333 
-0.00358066 0.294888 0.0542097 
0.17679 0.345222 0.183964 
