-0.368173 -0.337504 -0.866337 -0.031817 0.20022 0.881146 -0.428362 -0.126963 0.907943 -0.331169 -0.256839 -0.0606383 0 0 0 1
0.999817 -0.0184094 -0.00518359 0.0214381 0.0184643 0.999772 0.0107477 0.0139762 0.00498455 -0.0108414 0.999929 0.00178115 0 0 0 1
###
0.890122 -2.01888 -1.10676 
0.383447 -0.482006 -0.343021 
0.0486678 -0.270239 -0.155962 
0.00810174 -0.894277 -0.268258 
2.51892 -8.43545 17.3992 
0.389455 0.401046 0.157359 
1.26549 -1.77436 -0.530286 
0.0469941 -0.245025 -0.218901 
0.195494 -0.0594938 0.0646994 
0.0624423 -0.559275 -0.540557 
0.182299 -0.0499393 0.0560844 
0.353823 0.361743 0.127475 
0.131494 -0.501431 0.339569 
0.418209 -0.475352 -0.336245 
-0.237702 -0.533892 -0.546974 
-0.24345 -0.791314 -0.407459 
0.00224276 -0.592893 -0.216569 
0.0560536 0.168461 -0.587701 
0.318576 -0.28677 0.376821 
0.116109 -0.67089 0.267555 
0.0698394 -0.0217762 -0.558053 
0.396687 -0.26929 -0.101547 
0.00260907 -0.281963 -0.22165 
-0.0923075 -0.333854 -0.234078 
0.344039 0.29456 -0.070887 
0.29006 0.303315 0.0810774 
0.0923299 0.175106 -0.664969 
0.366895 -0.445423 -0.361473 
0.0541174 -0.0815438 -0.0683959 
2.50356 -3.83664 -0.669116 
0.498116 -0.300893 0.152954 
0.346542 0.293979 -0.0844191 
0.358482 0.308275 -0.0227713 
0.316041 0.277934 -0.0500581 
0.0949197 0.0178904 -0.41664 
0.0377117 -0.323939 -0.264928 
0.38108 0.321887 -0.0672389 
0.124015 -0.760044 0.322434 
0.331185 0.281908 -0.12211 
-0.0174091 -0.152948 -0.291103 
0.350828 0.299031 -0.0605289 
2.15479 -2.7952 0.948347 
0.261277 -0.133894 0.160616 
0.341093 0.288952 -0.123602 
0.0520032 -0.242395 -0.160758 
0.920954 -1.72599 -1.13418 

1.25096 -3.79193 6.87864 
3.21629 -2.54744 2.32412 
0.660727 -1.45459 0.34556 
-0.907451 -3.77624 2.53895 
-1.09022 -1.38586 0.020257 
-0.0978284 0.0469687 0.388444 
5.53827 -5.56198 5.44256 
0.818873 -2.64784 1.00599 
-0.800126 -1.71843 1.61323 
4.11866 -3.84305 5.81641 
0.114038 -3.5569 6.24537 
-0.0159436 0.295733 0.102753 
-1.1287 -4.86445 2.71873 
-0.849192 -1.78007 1.59253 
-0.896172 0.347238 0.587601 
0.893961 -1.07072 0.0983335 
0.994749 -1.48107 0.773584 
1.97905 0.634218 0.110707 
-0.140884 -2.68656 4.62475 
0.333455 -3.60925 1.82849 
-1.23896 -0.782006 0.221502 
-0.623152 -1.30825 1.63133 
2.90679 -5.58607 0.501003 
1.24033 -1.44604 0.546329 
-0.896679 0.377478 0.685722 
0.0173446 -0.0170349 0.367088 
0.143352 0.151024 0.16484 
0.0257012 0.279003 0.210552 
0.255473 -2.85265 1.3123 
5.55265 -6.73578 6.19783 
-1.06582 -1.97528 1.32957 
-1.01511 0.314337 0.497193 
-0.119074 0.351988 0.0991358 
-0.893357 0.350409 0.594121 
0.111798 0.174212 0.182682 
2.26977 -2.10472 0.836344 
-0.629308 0.355973 0.432572 
0.322102 -3.59373 1.82646 
-0.883722 0.377824 0.682627 
0.0503005 0.234868 0.262029 
-1.01176 0.290478 0.437709 
-1.21459 -4.88406 2.84111 
-1.23426 -2.27139 1.53273 
-1.00707 0.272059 0.355636 
-0.153386 0.297211 0.301586 
-0.994946 -3.11465 2.17878 
