0.655127 -0.299544 -0.6936 -0.0843218 0.353768 0.932806 -0.0687045 0.205986 0.667575 -0.200363 0.717076 -0.831534 0 0 0 1
0.999779 -0.0136366 -0.0159932 -0.00204148 0.0134773 0.999859 -0.010027 -0.00490204 0.0161277 0.00980928 0.999822 -0.0185875 0 0 0 1
###
1.00232 -1.51378 0.26676 
1.15702 -1.5534 0.380595 
-2.87862 -14.1928 20.3632 
8.26653 -8.53292 4.52552 
3.67556 -3.96579 -0.503986 
2.34743 -4.30411 3.35229 
0.136921 -1.03939 1.31058 
1.61902 -4.25442 6.10767 
3.44684 -5.09662 5.67957 
0.943766 -1.78503 -0.0750381 
1.05182 -1.52347 0.23201 
6.28247 -22.172 -8.62775 
0.0974882 -1.11114 1.4237 
0.264965 -0.893076 1.24259 
0.990034 -1.82494 0.427461 
0.261609 -0.950855 1.33847 
0.472786 0.414097 1.56469 
-0.0150459 -3.2155 1.47124 
5.87284 -8.62397 5.46908 
2.44296 -2.40757 1.50436 
-0.870633 -3.11063 1.87628 
0.16989 0.383869 1.49164 
0.260707 -0.945484 1.32799 
-0.636055 -3.26509 1.92287 
0.775118 0.377336 1.36623 
4.12525 -7.2179 -4.46419 
1.05384 0.354526 1.17133 
1.75697 0.0137582 -0.0397553 
0.528244 -1.98549 0.727926 
1.11222 -1.96937 -0.388337 
0.774563 0.373793 1.3631 
0.742851 0.389986 1.39886 
1.80514 -0.514421 -0.0289519 
0.342907 0.413273 1.67182 
0.328397 0.392052 1.54045 
1.96232 -0.475705 0.0492571 
1.71964 0.225749 0.5306 
1.52288 -4.50003 -1.41772 
1.14235 -1.51416 0.202384 
0.739118 0.373853 1.3774 
1.88532 -0.852218 0.101129 
1.05348 0.356798 1.1786 
0.330853 0.387812 1.52904 
1.40429 -1.0022 1.2019 
1.97072 -1.39034 0.110215 
0.794377 0.365046 1.33896 
0.581611 0.308917 1.37214 
0.16537 0.391574 1.49639 

0.249463 0.0258994 0.394432 
1.76673 -10.7903 3.53064 
-3.33416 -3.87827 1.08363 
-1.38042 -2.56942 2.57784 
2.4898 -2.59272 0.30439 
-0.158565 -5.10284 2.60886 
-3.17891 -5.00245 3.99433 
0.275781 -0.879547 1.42826 
0.117399 -6.55987 11.4422 
0.122458 0.0861216 0.502936 
1.40875 -2.51452 0.709935 
1.66172 -2.25508 0.596027 
0.136683 -2.68847 4.63895 
-1.57392 -2.59437 2.24914 
-0.33241 -0.457599 0.289964 
-2.01233 -6.91109 8.96274 
0.03374 0.176628 0.330521 
-0.150697 -5.18253 2.63293 
6.12108 -9.75014 7.10426 
-0.071704 0.212846 0.565146 
0.336849 0.0774382 0.289876 
-0.132914 0.225289 0.697384 
0.261963 -3.23118 5.77205 
-2.02926 -5.74819 3.64697 
0.253309 0.183808 0.0936249 
-0.952827 0.454581 1.05189 
-0.919423 0.493411 1.17626 
0.322546 0.116795 0.244405 
1.31726 -6.13853 1.51757 
1.88461 -1.50791 0.0130782 
-0.15043 0.203841 0.530723 
0.238341 0.0389758 0.405202 
-1.78407 -0.972341 0.634083 
1.67069 -5.48177 8.99948 
3.10392 -0.90358 0.430369 
0.00573268 0.26541 0.275738 
0.235995 0.0401143 0.399511 
0.602963 -5.57131 2.18024 
-0.346877 0.237067 0.143015 
0.333102 0.0836919 0.25512 
2.85813 -1.89526 0.40064 
-0.46117 0.446045 1.01215 
0.137041 0.222356 0.135408 
0.177959 0.105356 0.505257 
-0.243887 0.321416 0.499106 
0.124521 0.160795 0.265267 
-0.460739 0.440421 1.00042 
-2.36764 -2.57513 0.326098 
