0.948457 0.136665 0.285925 0.493165 -0.0793994 0.975935 -0.203092 0.051816 -0.306799 0.169921 0.936483 -0.071961 0 0 0 1
-0.790646 -0.26677 -0.551102 -0.01265 -0.0260314 0.913923 -0.405053 -0.0472421 0.61172 -0.305907 -0.729533 0.0565905 0 0 0 1
###
-1.65484 -5.84655 11.0775 
-0.432953 -3.48488 2.1721 
-0.832694 -1.56304 0.546009 
-0.365704 0.139965 0.740698 
4.84518 -3.62058 5.95074 
-0.875589 0.0742849 -0.115211 
-0.91686 -1.03921 0.547345 
-0.633658 0.226663 0.161019 
-0.585307 0.248224 0.215228 
-1.48461 -6.32433 10.5945 
-0.365704 0.139965 0.740698 
0.650654 0.496059 0.567562 
-4.68479 -4.97611 7.91367 
0.453318 -0.527909 2.73978 
-0.284037 0.0335623 0.818863 
-0.260987 0.308183 -0.0387162 
0.572612 0.462731 0.518157 
-0.196897 0.0687001 0.506017 
-0.0441998 -0.0694217 0.697988 
-0.481297 -1.43263 3.97579 
-0.497223 0.165712 0.014811 
-0.606421 0.164879 0.0185687 
-0.422657 -3.3459 2.10715 
-0.940017 -3.70182 1.85128 
-0.655948 -3.50592 1.98587 
-0.489075 0.177025 0.0326392 
-1.5837 0.341248 0.519684 
-0.426388 0.311497 2.60773 

-0.0546084 -0.847043 -0.535077 
0.0127229 -0.363086 0.00939401 
0.0211297 0.0940633 0.0050966 
0.00926317 0.0670811 0.008243 
0.143869 -0.134532 0.154248 
0.00941608 0.0670232 0.00801505 
0.0561114 -0.0421002 -0.0106773 
-0.165508 -0.00805657 -0.124708 
-0.0316683 0.0504139 0.00484403 
-0.0570586 -1.07445 -0.594473 
-0.0322185 0.0481121 -0.0238634 
-0.176084 0.068129 -0.183468 
0.270896 -0.659777 -0.504492 
0.103899 0.110971 0.0125346 
-0.029815 0.0666756 0.00419631 
-0.031334 0.0523166 0.00519765 
0.0884858 0.114025 0.0603528 
-0.0111871 0.103565 0.0174243 
0.103905 0.0113345 0.136565 
0.390847 -0.618049 -0.479189 
-0.00176183 0.0501836 0.00131408 
0.00499994 0.0602157 -0.00568426 
0.0139034 -0.390795 0.00754683 
0.0665855 -0.388527 0.0128815 
0.0142834 -0.409026 0.0067228 
-0.181068 0.0622321 -0.149961 
0.100995 0.118023 0.0762655 
-0.0610964 -0.0375084 -0.18181 
