0.718466 -0.124477 -0.684333 0.835912 0.0402732 0.989651 -0.137731 -0.0308571 0.694395 0.0713947 0.716044 0.217454 0 0 0 1
0.991746 -0.121313 -0.0415194 0.0854599 0.121219 0.992614 -0.00478321 -0.0143806 0.0417931 -0.000289203 0.999126 -0.0238979 0 0 0 1
###
-0.574654 -0.318416 0.988049 
1.45395 -5.83626 7.0328 
-0.663346 0.34933 0.43614 
-0.293971 -0.295592 0.947076 
-0.479679 -0.637057 1.27346 
-0.817879 0.357318 1.12574 
-0.616514 0.352045 0.427389 
-0.618713 -1.29578 1.61694 
0.50296 -3.36604 4.28721 
-0.469481 0.404732 0.573685 
-0.650089 -0.876095 1.24493 
4.09282 -4.18863 6.02482 
-0.539971 0.406148 0.592627 
6.93538 -10.8449 -4.10008 
-0.617174 0.352298 0.426542 
-0.577159 0.35845 0.430857 
-0.798618 0.320153 0.482621 
-0.608235 -1.25555 1.55952 
-0.54961 0.673404 1.59986 
2.12734 -1.04729 0.964588 
0.0397886 0.0657187 0.516323 
-0.628419 0.336974 0.423924 
9.9816 -9.2731 5.70783 
-0.95096 -0.113255 0.639397 
1.68746 -0.0934367 1.48805 
-0.935611 0.349088 0.638584 
4.10942 -4.22311 5.98864 
-0.69931 0.549044 1.25718 
-0.844047 0.396998 0.744114 
-0.658578 0.371303 0.517404 
-0.624836 0.341729 0.425017 
0.362937 -5.37023 2.50153 
-0.679181 0.240145 0.691387 
0.217735 -3.66643 1.74406 
0.268434 -4.10892 2.14959 
-0.653185 0.345319 0.428027 
-0.59543 0.369268 0.47923 
0.0332704 -3.26472 1.8147 
-0.633112 0.575841 1.35256 

0.248413 -0.170042 0.0162196 
-0.125577 0.315907 0.183726 
0.104662 -0.0281371 0.277777 
0.18671 -0.234697 0.297832 
2.88202 -2.22975 0.977008 
-0.163581 -0.238702 0.0858363 
-0.209561 0.449787 0.27729 
0.118253 -0.161428 0.215715 
-1.41524 -1.42164 0.284861 
-0.172666 0.0984095 0.287643 
1.57493 -1.26166 1.06987 
-1.88536 -1.91359 1.12887 
0.493254 0.383557 0.0822333 
1.623 -1.73651 1.75361 
-0.0291231 0.228143 0.0624621 
-0.688186 0.304174 0.249815 
0.444624 0.351453 0.0768354 
0.811064 -1.81381 -0.00214655 
-0.0617206 0.320088 0.181676 
-0.0599404 0.350762 0.19803 
-0.240301 -0.057039 0.357298 
-0.259212 0.0541788 0.323149 
-0.217631 -0.754876 0.941787 
0.448347 0.458363 0.0128516 
-0.168814 0.108814 0.27599 
-0.249189 0.055872 0.313134 
-4.62292 -4.87188 2.80208 
0.17679 0.345222 0.183964 
0.398491 0.312858 0.0479744 
-0.023769 0.319772 0.170703 
-0.00770447 0.302298 0.0771169 
0.12299 -0.840659 0.4311 
-0.164713 0.121896 0.26455 
0.13069 -0.870887 0.449472 
0.124323 -0.82928 0.19534 
-0.345076 0.32211 0.246891 
-0.162564 0.194996 0.252676 
0.172674 -0.938456 0.358689 
-0.76461 0.35885 0.383451 
