0.902578 0.174629 0.39352 0.494965 -0.087188 0.969244 -0.230138 0.0442646 -0.421606 0.173407 0.890044 -0.116066 0 0 0 1
0.291195 -0.165825 -0.942182 -0.00752713 0.118635 0.98352 -0.136435 0.0060686 0.949279 -0.0720471 0.306069 -0.0234915 0 0 0 1
###
1.36122 -3.67608 3.76049 
-1.65066 -5.83401 11.0537 
0.299742 -1.21471 2.1117 
-0.553624 -1.50611 4.10803 
0.507789 -3.31845 8.87757 
-5.4507 -8.24831 8.31785 
-0.489516 0.221132 0.0548144 
1.29774 -6.67659 12.9415 
-2.94952 -4.463 9.44507 
0.376735 -1.88577 5.11567 
-0.634008 0.227418 0.162437 
-0.50111 0.170239 0.0158516 
-0.588275 0.25045 0.221275 
-0.63027 -0.363844 0.477324 
-0.900627 0.105092 -0.0488915 
-0.634717 0.227078 0.161247 
-0.498178 0.166972 0.0155613 
-0.420704 0.396888 0.719198 
-1.1172 -1.45736 0.812733 
-0.742419 -1.58083 0.428836 
-0.948604 -0.913609 1.80148 
-1.84098 0.520434 0.96933 
-1.19634 0.825804 1.53237 
-0.45149 0.261816 0.522732 
-0.498278 0.169035 0.0153502 
-4.53566 -4.80679 7.63403 
-1.33627 0.225743 0.248376 
-0.586324 0.251447 0.222733 
0.646989 0.496934 0.559604 
-0.489791 0.175503 0.0320163 
-0.754755 -1.664 0.448479 
2.16042 -2.21714 5.09473 
-0.579327 0.243676 0.213467 
-0.498234 0.16832 0.0146793 
-2.78707 -4.29806 9.05565 
1.72786 -7.72045 15.1019 
-0.932431 -3.66163 1.82524 

0.322156 -0.366261 0.0641483 
-0.0412077 -0.466859 0.581855 
-0.215895 -0.696896 0.863438 
-0.621387 -1.52761 1.82932 
0.443341 -0.428808 -0.14482 
-0.0267649 -0.134744 0.15759 
0.142153 0.0998035 -0.122217 
0.44325 -0.521625 0.378248 
0.636367 -0.819321 -0.558554 
-0.10985 -0.440347 0.530785 
-0.0334715 0.0971667 0.181749 
0.0861951 0.116528 0.0793788 
-0.034341 0.101306 0.188321 
0.150162 -0.164381 -0.102528 
0.104893 0.112933 0.0288686 
0.10264 0.111171 0.0139713 
0.130973 0.0971494 -0.132931 
0.0914628 0.110717 0.0438418 
0.101554 -0.0797498 0.014479 
0.426624 -0.678245 -0.507326 
0.30405 -2.05467 2.78432 
0.111854 0.0873581 -0.141258 
0.219578 -0.200035 0.091617 
0.136293 0.0963965 -0.145607 
0.0889917 0.115221 0.072515 
0.428305 -0.972095 1.18472 
0.132143 0.104481 -0.0676851 
-0.032814 0.100808 0.186901 
0.085463 0.118019 0.0932267 
0.0861288 0.116238 0.078793 
0.105881 0.013837 0.135482 
0.129789 0.0966958 -0.130035 
0.123938 0.0967423 -0.161343 
0.137334 -0.0235574 -0.00291091 
0.0548192 -0.351022 0.445205 
0.350901 -0.406275 0.292912 
0.0895416 -0.272361 0.0139227 
