0.606574 -0.254593 -0.75316 1.14638 0.210266 0.964979 -0.156853 0.191858 0.766718 -0.0632206 0.638864 0.144931 0 0 0 1
1 0 0 0 0 1 0 0 0 0 1 0 0 0 0 1
###
0.0993626 -1.76134 3.45589 
0.0110124 -1.8577 0.883277 
9.25326 -11.4047 6.96322 
5.03448 -6.59375 7.40185 
13.1253 -13.8978 4.99251 
-0.612334 0.397897 0.795093 
-0.463326 -0.958107 2.13327 
0.380522 -4.28249 5.23967 
-0.860559 0.506072 1.23156 
-0.365106 -1.74371 2.68614 
3.3234 -6.54186 9.28937 
0.760021 -2.6603 0.413169 
-0.997383 0.46632 1.11846 
-0.665377 -0.238606 0.608462 
-0.149163 -5.14034 2.61228 
-0.400706 0.716761 2.13027 
-0.34899 0.440205 0.986328 
-0.599845 0.400941 0.799176 
1.41772 -2.53083 0.712706 
1.24909 -2.44999 1.13896 
-0.939904 0.463917 1.10074 
0.687859 0.351682 1.08426 
-0.182035 0.388302 0.819156 
3.33812 -6.63254 9.37228 
-0.181067 0.37354 0.744552 
-0.995702 0.470054 1.13132 
-0.838839 -1.77626 2.36876 
-0.371565 0.421568 0.973579 
-0.608028 0.390536 0.795099 
13.3824 -17.2741 7.2353 
-0.722589 0.413808 0.888682 
-0.635545 0.394852 0.800038 
-0.158941 -5.11799 2.61607 
3.02847 -5.79227 8.80492 
-0.309369 0.722132 2.19614 
0.815126 -2.1429 0.324307 
-0.452448 -4.86332 2.74892 
-0.535352 0.668741 1.92211 
3.39311 -6.63236 9.49673 

0.366873 -1.56622 2.41704 
0.0820457 0.0954339 0.227493 
6.1285 -7.09473 3.71163 
0.492432 -3.23352 4.89712 
0.265217 -1.78498 2.63774 
0.130192 0.110216 0.0816417 
-1.29783 -1.71112 0.974144 
0.0947344 0.122779 0.146319 
1.04971 -1.49856 0.2282 
0.0966237 0.0724909 0.322905 
5.59176 -9.92247 12.4574 
1.93811 -7.8732 7.38305 
4.4813 -6.40358 -2.89169 
0.911745 -1.4603 0.0952585 
0.17686 -3.22527 1.31939 
-0.272661 0.132484 0.312795 
0.290929 0.0301694 0.159866 
0.136026 0.109752 0.0804488 
1.05865 -1.535 0.233205 
6.24898 -9.18219 5.81778 
0.311047 -0.0155771 0.180427 
-0.101455 0.192561 0.520063 
0.19132 0.0575372 0.104722 
3.79107 -6.74658 8.47729 
0.261098 -0.0703156 0.454515 
-0.817246 -0.587418 0.24872 
1.47349 -2.13468 2.3861 
0.286139 -0.071526 0.208573 
0.290675 0.00235657 0.211405 
7.23487 -7.97601 2.05414 
0.288338 0.00449962 0.2086 
-0.425023 0.152894 0.406368 
0.474356 -3.4944 1.18329 
1.61659 -4.24805 6.09675 
-0.334449 0.215481 0.648627 
-0.758299 -0.555147 0.242639 
0.495875 -3.62439 1.22275 
0.213442 0.101925 0.0210487 
3.76534 -6.76764 8.47355 
