0.629892 -0.247883 -0.736064 -0.0435843 0.216767 0.966151 -0.13987 0.303168 0.745821 -0.0714512 0.662304 -0.881729 0 0 0 1
0.999779 -0.0136359 -0.0160051 -0.00203743 0.0134765 0.999859 -0.0100228 -0.0049017 0.0161395 0.00980491 0.999822 -0.0185858 0 0 0 1
###
4.13767 -4.63774 2.27389 
3.6502 -3.62057 0.990619 
2.42953 -2.43937 1.34385 
2.40068 -2.19994 1.5152 
1.34042 -2.10274 2.54977 
0.976213 -1.98 2.77523 
0.343454 0.414676 1.65287 
0.318482 0.370371 1.52571 
1.73483 -2.05574 -0.203602 
0.852047 0.360746 1.28665 
0.535627 0.124671 1.15897 
1.98563 0.0976424 -0.154851 
1.99382 0.14527 0.201646 
0.372913 -0.911597 1.3938 
0.390354 0.422466 1.61637 
1.57313 -4.43203 -0.00390902 
1.27456 -2.50646 -0.335707 
2.29617 0.1706 0.109205 
1.38611 0.332479 0.968417 
1.03631 -2.16985 3.01496 
0.328227 0.383837 1.54012 
1.20518 -0.174009 0.274779 
6.59348 -9.69142 6.13498 
0.604188 0.392112 1.44333 
2.16833 0.152451 -0.0149118 
0.805961 0.383359 1.35601 
1.74062 -0.815279 0.972069 
1.93798 0.0581949 -0.219152 
0.554687 -0.0229013 1.01883 
7.52493 -8.29304 2.13754 
0.677232 0.401702 1.44696 
1.82772 -1.07276 0.962773 
3.52892 -3.24383 1.70144 
1.61502 0.270646 0.713592 
1.12333 0.353767 1.13704 
0.585639 0.397176 1.4812 
0.386104 0.412325 1.58481 
0.164669 0.393452 1.50167 
0.342588 0.422188 1.68784 
1.30782 0.327049 1.00022 
0.800411 0.377215 1.35422 
1.72384 -0.553213 0.996964 
2.28747 0.164892 0.113453 
1.04442 -3.43185 0.681795 
-1.00653 -2.6718 2.18007 
0.70669 -3.26428 0.760548 
0.587782 -0.0835714 0.665485 

7.5335 -10.4338 8.17065 
0.117395 -6.55964 11.4417 
-1.32187 -2.5466 2.6529 
-1.83049 -5.02894 6.19755 
-1.38028 -2.56914 2.57765 
2.0379 -6.2158 10.229 
-0.131321 0.242224 0.168004 
-1.40073 0.348187 0.600133 
2.79113 -2.89131 0.358231 
-1.10955 0.440712 0.945024 
0.0057318 0.265412 0.275738 
0.333135 0.0836955 0.255137 
-2.36862 -2.57622 0.326279 
-1.21759 -2.28153 2.22113 
0.22051 0.155293 0.223978 
0.343026 -0.230507 0.336475 
0.603546 -6.03286 2.32945 
-0.32149 0.239401 0.139737 
-0.919548 0.493477 1.1764 
0.276055 -0.880416 1.42965 
-1.11767 0.437104 0.945206 
1.34563 -2.38307 0.686438 
6.13539 -9.77291 7.11957 
-0.0672287 0.25508 0.386564 
-1.0107 0.439278 0.954095 
-0.107851 0.294609 0.384439 
1.40664 -2.47345 0.704708 
-0.021567 0.132852 0.690974 
0.0337392 0.176628 0.330521 
-2.0113 -6.90745 8.9585 
0.00515258 0.263422 0.274635 
0.203316 -0.0363078 0.528179 
0.170946 0.138229 0.333693 
-0.018756 0.272849 0.300639 
0.00437397 0.264309 0.275907 
0.253298 0.1838 0.0936201 
0.126224 0.203601 0.208902 
-1.52893 -1.79933 0.239926 
1.61316 -5.29383 8.70061 
0.079411 0.236176 0.186368 
-0.325633 0.222705 0.135749 
-0.242363 0.321192 0.498675 
-0.460768 0.440451 1.00048 
-0.452448 -4.86332 2.74892 
-1.70024 -2.62867 0.0908176 
1.31751 -6.14079 1.51761 
-3.1779 -5.00071 3.99301 
