-0.386253 -0.315947 -0.866595 -0.0340043 0.120505 0.91417 -0.387003 -0.122987 0.914487 -0.25391 -0.315027 -0.0822155 0 0 0 1
0.999883 -0.0152844 6.88919e-05 0.011446 0.0152843 0.999882 0.0017657 0.00562714 -9.58714e-05 -0.00176444 0.999998 0.00138115 0 0 0 1
###
0.113321 0.032854 -0.042505 
0.14922 -0.00733328 0.00610651 
0.777027 -0.830217 -0.399843 
0.0544424 -0.31629 -0.16714 
0.191459 0.182207 -0.597152 
-0.0692888 -0.989057 -0.282567 
0.169116 -0.231134 0.335758 
0.733196 -1.00003 -0.563464 
0.486238 -0.551232 -0.385348 
1.61853 -2.28434 -0.671154 
1.81928 -2.72529 -0.510738 
0.0477592 -0.866664 -0.0901759 
-0.115515 -0.684378 -0.357827 
0.353845 0.297184 -0.0726327 
0.292513 0.322847 0.124838 
0.250566 -0.108895 -0.0990418 
0.790879 -0.576853 0.224264 
-0.00651101 -0.246825 -0.219314 
0.0603147 0.16913 -0.601433 
0.0181635 -1.90007 -0.0744384 
0.105614 -0.00737955 -0.525736 
0.0413868 -0.31924 -0.272173 
0.198077 -0.225301 -0.371469 
0.148529 -0.0064519 0.00521378 
0.352273 -0.426088 -0.299598 
0.0799516 0.139294 -0.436113 
0.624183 -0.815067 -0.502495 
0.353152 0.297347 -0.0709001 
0.306741 -0.169891 -0.105701 
0.352831 -0.0552948 -0.358618 
0.157371 -0.016209 0.0172425 
0.48086 -0.630983 -0.4584 
-0.0423635 -0.338059 -0.364272 
0.213233 -0.211417 -0.375596 
0.112594 -0.0077709 -0.538439 
0.326924 -0.0836318 -0.344687 
0.0942882 -0.240218 -0.527204 
0.339934 0.285446 -0.12281 
0.0447486 -0.657722 0.0167618 
0.018138 -1.15349 0.0486903 
0.429597 0.370405 0.102003 
0.355417 0.309501 0.00824746 
-0.53095 -1.45545 -0.703494 
0.359748 0.30207 -0.0695656 
0.0647643 0.0695046 -0.601099 
1.86423 -2.69408 -0.805535 
0.0512363 -0.895475 -0.0973165 
0.120729 -0.739904 0.265617 
0.107614 -0.781295 0.203182 
0.308448 0.247045 -0.427079 
0.213538 0.175179 -0.685606 

-1.23515 -2.27297 1.53387 
-0.943587 -1.96632 1.52348 
3.66395 -2.69497 3.32967 
2.12939 -0.763027 0.419405 
-0.98537 0.312584 0.490952 
0.79408 -1.73206 0.252394 
1.21027 -3.68004 6.68198 
3.2403 -2.55894 2.34469 
-0.848878 -1.77923 1.59185 
5.54364 -5.56732 5.44815 
5.49425 -6.554 6.07669 
0.33149 -3.59315 1.8207 
-0.539971 0.406148 0.592627 
-0.883104 -1.19977 0.0453129 
-0.140033 0.113044 0.384515 
-11.5509 -30.5695 33.0951 
1.40724 -4.06761 7.47191 
9.62848 -8.14474 4.41582 
1.97874 0.634117 0.110704 
0.206634 -3.89599 2.05741 
1.91691 -0.029128 0.404498 
2.26978 -2.10473 0.836345 
4.4349 -3.17223 3.96196 
-0.841393 -1.74892 1.52561 
1.96474 -7.6396 9.01184 
0.0270056 -0.1112 0.417908 
8.10334 -5.89428 6.051 
-0.896637 0.377406 0.685744 
-0.828477 -1.52613 1.08495 
0.0200769 -0.0162181 0.374608 
4.15983 -3.88606 5.87372 
0.0257035 0.279005 0.210555 
-0.896058 0.347205 0.587512 
2.60397 -1.27615 1.39873 
0.0203339 -0.0147403 0.375071 
2.87707 -1.22943 1.3793 
-0.893255 0.35039 0.59404 
-0.883675 0.377797 0.682585 
0.217735 -3.66643 1.74406 
-0.925822 -0.258965 0.864839 
-0.881934 0.376277 0.676541 
-1.59037 -0.865713 0.230901 
1.02824 -4.01276 1.64465 
-0.629254 0.355974 0.432521 
-0.990471 0.271208 0.349113 
4.10942 -4.22311 5.98864 
-0.23312 -3.77646 2.23093 
0.0790135 -3.61777 1.9805 
0.724385 -3.61342 1.62538 
0.0184075 0.262806 0.224667 
2.40488 -3.93973 7.05971 
