0.781643 -0.0957675 -0.61633 0.860577 0.0118105 0.990238 -0.138888 -0.0533802 0.623614 0.101282 0.775144 0.14812 0 0 0 1
0.991746 -0.121313 -0.0415194 0.0854599 0.121219 0.992614 -0.00478321 -0.0143806 0.0417931 -0.000289203 0.999126 -0.0238979 0 0 0 1
###
-0.831958 0.411205 0.77736 
-0.429123 -0.180754 0.794022 
-0.542845 0.397376 0.587942 
-0.686893 0.380641 0.578365 
4.11712 -4.21422 6.05934 
-0.463851 0.410655 0.580122 
-0.748014 -1.19943 1.10746 
2.08789 -1.68978 2.26669 
0.206528 -3.8948 2.05681 
-0.537687 0.406141 0.593569 
0.0546706 -0.0680183 0.375567 
-0.617803 0.356683 0.429721 
-0.654564 -3.79011 2.42597 
2.12711 -1.73538 2.25973 
-0.0337437 0.385648 0.63835 
-0.710638 0.350008 0.484343 
-0.697838 0.557298 1.26953 
-0.616752 0.352834 0.426771 
-0.638666 0.350011 0.427594 
-0.71175 0.349955 0.484742 
0.483003 -3.46678 1.69016 
-0.625715 0.340592 0.424957 
0.0152333 0.173053 0.638371 
0.289043 -3.01356 1.5329 
-0.60699 -1.24399 1.54919 
0.822505 -2.13066 0.382782 
-0.558223 0.367451 0.433284 
0.0214553 -3.19833 1.78101 
0.249379 -2.84706 1.30751 
2.15831 -1.75386 2.2608 
2.3991 -3.93066 7.04356 

0.0139099 0.32475 0.174404 
-1.88536 -1.91359 1.12887 
0.0211023 0.325501 0.175979 
-0.155952 0.215241 0.230676 
0.0766379 -0.512322 0.70951 
-0.0457606 0.321584 0.178103 
1.81348 -2.46843 0.31787 
0.699501 -0.577216 0.472126 
0.0536522 -0.614406 0.285168 
0.000254447 0.327418 0.177015 
-0.0198287 0.323949 0.181225 
-0.0651506 0.300697 0.0927339 
1.42244 -1.95284 0.204474 
-2.38383 -2.62764 2.4271 
0.431087 0.358081 0.121426 
-0.172011 -0.151206 0.358011 
0.17679 0.345222 0.183964 
-0.259212 0.0541788 0.323149 
-0.116307 0.317615 0.189605 
-0.055109 0.321986 0.179081 
0.140907 -0.894918 0.261306 
-0.169216 0.31182 0.190134 
-0.0657825 0.299291 0.09338 
0.124323 -0.82928 0.19534 
-2.20502 -2.22936 0.779604 
-1.86676 -2.2173 1.99833 
0.0139491 0.325034 0.174849 
0.17969 -0.962836 0.36583 
0.12299 -0.840659 0.4311 
2.8853 -2.27084 1.02536 
0.313372 -0.280241 0.155671 
