0.781643 -0.0957675 -0.61633 0.860577 0.0118105 0.990238 -0.138888 -0.0533802 0.623614 0.101282 0.775144 0.14812 0 0 0 1
-0.325584 -0.301972 -0.895995 -0.0180379 0.219267 0.897682 -0.382217 -0.0949551 0.919738 -0.320906 -0.226058 0.120445 0 0 0 1
###
-0.412346 -0.152197 0.549951 
-0.429123 -0.180754 0.794022 
-0.542845 0.397376 0.587942 
-0.834881 0.00461385 0.487579 
4.11712 -4.21422 6.05934 
-0.463851 0.410655 0.580122 
1.82568 -3.21182 5.56232 
3.34979 -9.40836 13.4712 
11.0325 -8.23087 4.71645 
0.206528 -3.8948 2.05681 
7.78203 -7.00971 5.95061 
-0.617803 0.356683 0.429721 
2.12711 -1.73538 2.25973 
0.0861546 -3.60888 1.96947 
-0.5399 0.406143 0.592556 
6.04611 -8.19126 -0.814875 
-0.0337437 0.385648 0.63835 
-0.578311 0.355803 0.43019 
9.99622 -9.28722 5.71683 
8.81147 -6.65547 3.76881 
5.23698 -5.69476 5.81518 
-0.616752 0.352834 0.426771 
-0.638666 0.350011 0.427594 
0.483003 -3.46678 1.69016 
-0.627928 0.595344 1.39873 
-0.896875 0.372756 0.699823 
0.080652 -3.64527 1.99458 
7.8657 -7.45614 5.54796 
-0.470406 0.39643 0.525937 
-0.76164 0.333796 0.448128 
-0.558223 0.367451 0.433284 
-0.82905 0.336319 0.471276 
0.0214553 -3.19833 1.78101 
0.249379 -2.84706 1.30751 
10.7493 -9.93276 6.0554 
4.10325 -4.21811 5.97996 
2.15831 -1.75386 2.2608 
2.3991 -3.93066 7.04356 
-0.630587 0.327635 0.339762 

0.506322 -0.921704 -0.653251 
2.07421 -2.06743 -0.307472 
-0.0277458 0.146302 -0.16035 
0.183871 -0.190511 1.11448 
1.7565 -1.75283 -0.278449 
-0.0445897 0.168882 -0.0441444 
3.247 -2.89846 0.528617 
0.21421 0.178444 -0.686604 
0.264626 -0.525853 -0.41316 
0.0940982 -0.825238 0.131205 
0.458314 -0.632892 -0.3276 
-0.00527125 -0.300251 -0.243627 
1.83918 -1.4751 0.329482 
0.0881524 -0.928284 0.0329875 
0.115576 -0.0245242 -0.579383 
0.0294167 -0.421007 -0.175919 
0.173667 0.316898 0.142339 
-0.0163904 0.182376 -0.0516259 
0.9209 -1.90505 -0.870727 
0.917585 -1.97626 -1.22402 
1.9828 -2.71364 -0.611555 
0.0928519 -0.0153518 -0.495823 
0.32243 0.344669 0.141461 
0.045753 -0.902527 -0.130931 
0.137746 0.326464 0.158184 
0.0146862 0.186228 -0.0450614 
0.0510757 -0.898384 -0.0995145 
1.14213 -2.62519 -1.43627 
0.0743397 -0.110086 -0.542906 
0.0142626 0.183105 -0.0582157 
0.451877 0.374314 0.0794979 
0.091947 -0.711382 0.976154 
0.0732771 -1.0331 -0.0852048 
0.0334044 -0.778997 0.0115019 
1.54773 -1.54203 -0.265518 
2.09903 -2.13074 -0.331699 
0.989677 -1.07182 -0.525688 
0.418209 -0.475352 -0.336245 
0.392264 0.226625 0.0381702 
