0.411623 -0.248486 -0.876825 1.05698 0.225253 0.960001 -0.166313 0.209546 0.883079 -0.129049 0.45113 0.369305 0 0 0 1
0.995046 -0.0116422 -0.0987298 -0.00772371 0.00984489 0.999777 -0.0186718 -0.00101615 0.0989251 0.0176073 0.994939 -0.00493066 0 0 0 1
###
-0.0253441 -0.614549 1.05737 
0.0173344 -1.8603 0.889166 
11.9002 -15.4348 6.7088 
-0.612674 0.397796 0.795195 
-0.897901 -0.0444842 0.946181 
0.454436 -4.52974 5.49019 
7.54764 -10.4535 8.18244 
-0.602009 0.399446 0.798989 
-0.787811 -0.591601 1.99987 
3.27706 -6.46617 9.1708 
0.700947 -2.8032 0.505415 
-0.778571 -0.58029 2.03477 
-0.762447 0.440187 1.74777 
0.39627 -0.235777 0.942194 
5.04404 -6.60464 7.41427 
-1.42042 -5.18275 3.48801 
7.52456 -11.8112 8.50809 
-0.829653 0.45884 1.21859 
0.563526 0.0924298 -0.342423 
1.65141 -4.58591 0.350384 
11.9843 -15.5641 6.65836 
3.06427 -5.84754 8.89656 
5.21225 -7.79383 -1.73532 
0.0321285 0.769444 2.47676 
1.1318 -2.51877 1.06384 
-0.657591 0.390278 0.803347 
1.96393 -10.3731 10.9173 
4.04313 -4.98045 0.544952 
2.73706 -2.20187 1.1269 
2.50195 -6.75897 1.16435 
1.62391 -0.924943 1.56801 
3.31953 -6.59175 9.31983 
-0.491718 0.380575 1.50588 
-0.276317 0.762027 2.29152 
0.277335 0.0365934 -0.42107 
1.2984 -2.26823 1.42926 
0.274081 -0.879588 1.42435 
-0.76592 -0.336114 0.588747 
-0.159489 -5.14257 2.62767 
1.22946 -2.40216 1.13188 
0.227295 -0.848139 1.40135 
-0.46097 -4.97003 2.80387 
-0.589493 -3.04089 1.68048 
-0.528216 0.679896 1.94465 
-0.300712 0.731345 2.2202 
0.650356 0.387059 2.8217 

0.639635 -1.86886 2.82538 
0.0829916 0.0956261 0.228764 
10.8936 -13.2151 4.52788 
0.130185 0.110215 0.0816423 
-1.29632 -1.70927 0.973203 
-0.329047 -0.477975 0.0856489 
7.82799 -10.2994 7.03359 
0.168108 0.0923498 0.100352 
-0.276923 -0.464636 1.09841 
5.37039 -9.52748 11.9607 
1.11491 -3.22323 0.119591 
-0.302365 -0.466892 1.17278 
-0.283331 0.169173 0.981831 
0.313785 -0.0119282 0.182966 
0.418508 -1.68509 2.65968 
0.731019 -1.99068 0.0541734 
6.59348 -9.69142 6.13498 
1.03232 -1.4791 0.225617 
0.183823 0.0616875 0.112878 
1.06745 -1.54904 0.234765 
11.1718 -13.5009 4.61217 
1.24339 -1.67566 1.8137 
0.165489 -0.206772 0.04266 
-0.387665 0.213692 0.63061 
0.892131 -1.54578 0.447288 
0.099726 0.0861631 0.24138 
0.89764 -1.55678 0.450527 
-0.757275 -0.554376 0.242417 
-0.637874 -0.413604 0.373737 
1.57116 -3.63908 0.311354 
-0.567334 -0.423091 0.335769 
3.74767 -6.73543 8.43432 
0.0966289 0.0724906 0.322885 
0.17213 -0.0895514 0.251297 
0.129972 0.113184 0.0925981 
7.24632 -7.98315 2.05557 
0.309473 -0.766571 1.10208 
2.03357 -3.34105 -1.16001 
0.474127 -3.49237 1.18282 
0.961002 -1.49733 0.492208 
1.60362 -4.21343 6.04617 
-0.0165546 -3.19337 1.47136 
1.03834 -3.48955 0.700267 
0.0410048 0.116377 0.217411 
-0.356507 0.174554 0.500387 
0.59559 0.132702 1.62577 
