-0.407449 -0.280563 -0.869062 -0.0367457 0.088709 0.934978 -0.343433 -0.122165 0.908909 -0.217025 -0.356068 -0.0943754 0 0 0 1
0.999818 -0.0183823 -0.00516802 0.0214256 0.0184366 0.999773 0.0106549 0.0140007 0.00497098 -0.0107482 0.99993 0.00175819 0 0 0 1
###
0.212568 0.294219 -0.0175695 
0.196749 0.184589 -0.610917 
0.0598189 0.162901 -0.645455 
0.111072 -0.0142473 -0.538736 
0.440916 -0.31422 -0.0163749 
0.0176254 -0.377591 -0.387401 
0.477681 -0.530231 -0.370326 
0.598394 -2.95876 -2.07853 
0.0552846 -0.325866 -0.169363 
-0.00428598 -0.292167 -0.261575 
0.859857 -1.20091 -0.65542 
0.346176 0.288699 -0.121745 
0.70068 -0.503919 0.178689 
0.275686 -0.150116 0.178535 
0.310265 0.297856 0.0523841 
0.0714747 -0.0188793 -0.121181 
0.0545333 -0.752055 -0.694651 
-0.00697024 -0.259791 -0.22559 
0.105263 -0.408741 -0.511291 
0.172337 0.166805 -0.0359944 
0.0848338 0.0859144 -0.10706 
0.134806 0.138459 -0.410264 
2.0768 -3.1155 -0.574054 
2.41188 -3.23752 0.382821 
0.622439 0.607214 0.313029 
0.0749555 -0.0267576 -0.573803 
0.0344312 -0.409855 -0.174149 
0.0423326 -0.323441 -0.272608 
0.323409 0.256322 -0.28945 
0.35729 0.310538 0.00914037 
0.29953 0.23993 -0.4118 
0.194324 -0.154682 0.221281 
0.394865 -0.208403 0.0842254 
0.574595 -0.787049 -0.540114 
0.185738 0.171896 -0.0445141 
0.117326 -0.0573035 -0.178967 
0.342169 -0.11469 -0.36277 
0.0549747 -0.867583 -0.0544647 
1.4385 -2.50652 -0.649345 
0.196767 -0.211715 -0.346532 
0.318916 0.256949 -0.262126 
0.22292 -0.228628 -0.391346 
0.35174 0.310844 -0.000263124 
-0.0722422 -0.989081 -0.231799 
0.309778 0.323671 0.100665 
0.385644 0.219225 0.0233833 
0.0953404 -0.241441 -0.527176 
0.269938 -0.236752 -0.458157 
0.0560728 -0.865377 -0.0552737 
0.317552 0.245205 -0.357536 
0.273726 -0.145413 0.171104 
1.26758 -1.74257 0.0730166 
1.20573 -2.86964 -1.51277 
0.345319 0.288177 -0.123512 
0.380716 0.216893 0.021157 

-0.206276 0.318538 0.0103126 
-0.985194 0.312555 0.490872 
0.0998555 0.0753567 0.352416 
0.139328 0.0813646 0.214676 
-0.772449 -1.60378 1.47224 
4.47329 -3.44179 0.949661 
-0.970881 -1.83829 1.32314 
-11.5507 -30.5672 33.0928 
-0.90572 -3.76806 2.53372 
0.794106 -1.7322 0.252422 
-0.799762 -1.71746 1.61245 
-0.881846 0.376249 0.676476 
1.40254 -4.05453 7.44818 
4.07603 -4.17268 6.00091 
0.19548 -0.0405429 0.193409 
0.0766209 0.144766 0.276677 
4.10831 -3.83532 5.80201 
0.895985 -1.07328 0.0984446 
-0.605808 -1.09881 1.46173 
-0.110857 0.144982 0.43886 
-0.882951 -1.19949 0.0453184 
-0.990433 0.271187 0.349116 
5.51942 -6.58187 6.10059 
0.0737999 -3.56004 1.9517 
0.0200751 -0.0162112 0.374599 
-0.0129771 0.189294 0.300599 
0.665815 -1.4625 0.349238 
2.26978 -2.10473 0.836346 
-0.704024 0.655487 1.5472 
-1.19555 0.217443 0.21985 
-1.01474 0.314254 0.496998 
-0.846356 -1.3985 0.471413 
-1.06554 -1.97458 1.32918 
1.25036 -1.47623 0.55297 
-0.893274 0.350396 0.594055 
1.8303 -3.22251 5.57603 
2.8688 -1.22603 1.37538 
0.0859443 -1.50029 0.799076 
0.879667 -9.36086 4.22796 
0.1872 -0.000373227 0.181405 
-0.119071 0.351984 0.0991301 
2.60307 -1.27574 1.39828 
0.0173422 -0.0170275 0.367121 
0.744372 -1.70686 0.304446 
0.0270003 -0.111195 0.4179 
-1.23867 -0.781781 0.22145 
4.05623 -2.76206 1.43159 
-0.0851327 0.0319605 0.401044 
0.322326 -3.59575 1.82726 
0.110921 0.243956 0.0348156 
3.67191 -2.70093 3.33673 
0.332477 -3.60139 1.82445 
10.8067 -9.9865 6.08661 
-1.00694 0.272027 0.355592 
-1.23169 -0.770578 0.210255 
