0.994813 0.076637 0.0668898 0.473509 -0.0615076 0.976928 -0.20452 0.0563788 -0.0810203 0.199345 0.976574 0.0185942 0 0 0 1
0.99975 -0.0159805 -0.0156135 -0.00302473 0.0165232 0.999241 0.0352683 0.00669715 0.0150381 -0.0355175 0.999256 -0.00165033 0 0 0 1
###
-0.496934 0.170175 0.0109349 
-0.215619 -0.968962 1.65705 
-0.48079 0.117788 0.0137745 
-0.96082 -0.952618 1.85401 
1.29715 -6.63204 12.8497 
-4.17214 -4.36546 7.02044 
-4.41597 -4.6522 7.42256 
-0.579633 0.24586 0.213494 
-0.475787 0.123112 0.0379721 
0.912769 0.479316 0.485155 
0.247239 0.305452 0.380907 
-0.442146 -1.52166 3.9931 
0.286147 -1.15969 3.46645 
0.625055 -1.44389 1.52409 
-0.559064 -0.0503668 -0.044135 
-0.902543 0.111539 -0.0271031 
-0.499861 0.37535 0.0871523 
0.646526 0.492353 0.563603 
-0.44659 0.259147 0.517439 
-0.353612 0.312652 0.592503 
-1.48143 0.30099 0.443882 
0.344433 -1.31776 2.05624 
-0.492402 0.163684 0.0145198 
-4.6291 -4.91461 7.82224 
-0.5556 0.14225 -0.022496 
-0.492531 0.16636 0.0150049 
-0.508791 0.15027 -0.015647 
-0.191162 -0.299224 0.455675 
0.452413 -0.533733 2.71677 
-1.01058 -2.87158 1.12592 
-1.85885 0.530792 0.986439 
0.807262 0.431545 0.42216 
7.51771 -11.4295 2.98793 
-2.72439 -4.2001 8.84829 
6.13745 -4.23421 7.20127 
-0.25144 -0.279517 0.0184651 
-0.58803 0.129416 -0.0427704 

0.0861951 0.116528 0.0793788 
0.155919 -1.55317 2.02628 
0.136293 0.0963965 -0.145607 
0.127982 -1.26512 1.66492 
0.00328881 -0.228799 0.283937 
0.0489234 -0.130568 0.169787 
-0.200055 -1.34335 1.68496 
0.0945057 0.0729625 0.0819613 
0.0645085 0.114734 0.0253 
-0.0334715 0.0971667 0.181749 
0.102267 0.111646 0.0210761 
0.180107 -0.166166 0.0816189 
-0.124305 -0.326522 0.382577 
0.25356 -0.390523 0.081814 
0.0977841 0.111337 0.0307234 
0.0899982 0.109048 0.0383641 
0.136022 -0.0292207 -0.00131582 
0.0886513 0.118033 0.0994842 
0.0886027 0.114383 0.06102 
0.0972849 0.114877 0.0532954 
0.101989 0.116735 0.0462419 
0.497069 -0.489102 0.188106 
0.0861288 0.116238 0.078793 
0.428305 -0.972095 1.18472 
0.0990787 0.113545 0.0346107 
0.106253 0.112714 0.0186228 
-0.246876 -0.12326 0.361209 
0.420091 -0.67031 -0.513057 
0.121655 -0.0507038 0.117633 
0.271228 -0.427494 0.0867404 
0.111854 0.0873581 -0.141258 
0.136109 0.112119 -0.170329 
0.0160109 -0.0164079 -0.00153949 
0.26082 -0.360338 0.287254 
0.0559364 -0.289836 0.392023 
0.0157196 -0.0157972 -0.00139992 
0.0941401 -0.0628982 0.252247 
