-0.462629 -0.232666 -0.855477 -0.0357134 -0.00258258 0.965298 -0.261137 -0.139233 0.886548 -0.1186 -0.447176 -0.114278 0 0 0 1
0.99993 -0.0118172 0.000235292 0.0080631 0.0118173 0.99993 -2.37848e-05 0.00349027 -0.000234994 2.65637e-05 1 0.000945083 0 0 0 1
###
0.593555 -1.15621 -0.712578 
0.496261 -0.553999 -0.382199 
0.876816 -1.345 -0.826747 
0.336815 -0.0155183 -0.33074 
2.00845 -2.72207 -0.633396 
0.209681 0.263488 -0.195102 
0.926941 -1.30965 -0.706272 
-0.064753 -1.09597 -0.919155 
-0.0384723 -0.803644 -0.666734 
0.333577 0.318912 0.0576256 
0.343727 0.28565 -0.137829 
0.417496 -0.513077 -0.333869 
0.0813909 0.17012 -0.616882 
0.0623111 0.169533 -0.607463 
0.0566324 -0.305584 -0.222593 
0.434091 -0.457784 -0.357138 
0.0570848 -0.320201 -0.16709 
0.328109 0.263293 -0.267856 
0.71221 -0.957518 -0.564035 
0.873039 -1.44434 -0.659339 
0.35443 0.298545 -0.0608506 
0.57729 -0.458487 -0.012408 
0.231845 0.211746 -0.490921 
0.326667 0.336067 0.109371 
0.373347 -0.452903 -0.310197 
0.32347 0.25666 -0.289752 
0.341779 0.286144 -0.122656 
0.357432 0.300008 -0.0702207 
0.653289 -0.501264 0.577725 
0.10783 -0.0082324 -0.529084 
-0.0373548 -0.905258 -0.487783 
0.0379496 -0.341785 -0.299672 
0.356689 0.29938 -0.0697513 
0.353533 0.311974 -2.1283e-05 
2.25 -3.10038 0.400076 
0.311316 0.24554 -0.343011 
0.0962394 -0.243998 -0.531709 
0.332587 0.33379 0.107895 
0.203656 0.188743 -0.373785 
0.10362 -0.122687 -0.503821 
0.0954273 -0.221471 -0.527309 
0.311343 0.324842 0.101329 
-0.168759 -0.62186 -0.436547 
0.268432 0.225981 -0.440514 
0.337696 -0.088371 -0.353468 
0.358136 0.3027 -0.0477777 
0.225305 -0.231348 -0.394734 
1.21414 -2.88911 -1.52758 
0.58477 -0.397451 0.113034 
2.13462 -2.90196 -0.636504 
0.213162 0.17509 -0.684148 
0.471612 -0.343426 -0.105285 
0.337488 0.278342 -0.165991 
0.0822024 -0.0836575 -0.581453 
0.312631 0.326195 0.101289 
0.196794 -0.058824 0.148618 

1.4033 -4.05612 7.45168 
-0.970959 -1.83848 1.3233 
4.1611 -3.88963 5.87318 
-0.804606 -0.369966 1.29171 
-0.772687 -1.60435 1.47268 
-0.131077 0.101266 0.363526 
-0.841348 -1.74883 1.52556 
1.02616 -3.15219 5.77293 
4.34519 -3.34692 0.92388 
0.195438 -0.0405322 0.193372 
-0.883478 0.377739 0.682441 
7.9412 -7.15106 6.06167 
0.0421027 0.03499 0.363739 
1.97926 0.634265 0.110739 
0.682401 -3.64826 1.65925 
1.8299 -3.22234 5.57499 
4.06631 -4.18109 5.92778 
-0.69732 0.556963 1.26847 
7.73525 -5.75716 6.03214 
2.21705 -8.26833 9.6572 
-1.01175 0.290482 0.437678 
5.02253 -3.68981 4.61882 
-0.881783 0.376236 0.676429 
0.113184 0.173191 0.220067 
5.52431 -6.5883 6.1059 
-0.703601 0.655183 1.54621 
-0.896054 0.347205 0.587511 
-0.896047 0.37729 0.685227 
-1.91341 -3.56727 0.928974 
0.111806 0.174215 0.182694 
1.18036 -3.03502 1.02055 
2.26977 -2.10472 0.836344 
-0.14003 0.113039 0.384507 
0.0173516 -0.0170265 0.367156 
0.332653 -3.60342 1.8255 
-0.99986 0.31357 0.494631 
0.0203341 -0.0147375 0.375068 
-0.53979 0.405996 0.592253 
0.194436 0.0668738 0.16166 
0.173745 -0.0718955 0.0354559 
1.91663 -0.0290982 0.404418 
0.0252387 0.026118 0.361979 
0.474256 -2.75776 1.28901 
-0.915761 -0.352674 1.36373 
2.88391 -1.23215 1.38256 
-0.89329 0.350396 0.594064 
2.60783 -1.27791 1.40082 
10.796 -9.97782 6.07996 
2.40866 -3.94459 7.06924 
5.25124 -5.70341 5.8344 
-4.10417 -6.31594 0.204521 
4.05226 -4.15069 5.96696 
-0.629517 0.356106 0.432694 
-0.990395 0.271177 0.349111 
-0.853132 0.39579 0.728309 
-1.23487 -2.27247 1.53367 
