0.984665 -0.00262253 -0.174437 0.435064 -0.0364493 0.974728 -0.220403 0.0625209 0.170607 0.223382 0.959684 0.1128 0 0 0 1
0.353539 -0.114261 -0.928415 -0.00543398 0.0616852 0.993199 -0.0987445 0.00645356 0.933384 -0.0223593 0.358183 -0.0237561 0 0 0 1
###
-5.94055 -9.07299 9.18537 
-0.531365 -0.182264 0.103439 
-1.26732 -1.50448 3.06592 
-0.5454 -1.4868 4.04432 
-0.584453 0.248852 0.219985 
-0.504147 0.187078 0.0189418 
-0.43483 -0.115332 0.046338 
-0.627481 0.224537 0.161903 
-0.500132 0.183645 0.0162376 
-2.4856 -2.37035 2.82236 
0.437602 -0.826795 0.0821201 
-0.510328 -1.47549 4.0249 
-2.82854 -4.27854 9.0518 
-0.583975 0.254071 0.223034 
-0.496544 0.165667 0.0146065 
-0.630155 0.225457 0.160324 
0.218732 0.268855 0.337706 
-4.80434 -4.65851 7.74813 
-0.092963 -0.391238 0.0375628 
-0.50743 0.22445 0.0232496 
0.460924 0.409481 0.474344 
-2.69808 -4.1569 8.75917 
-4.56678 -4.84548 7.71431 
-0.58885 0.162579 0.0175685 
-1.58261 0.350615 0.561737 
0.939363 0.487977 0.469276 
2.02161 -2.0952 4.79075 
0.345221 -1.32158 2.0612 
-0.363857 0.138641 0.738766 
-2.30976 -3.24669 7.47893 
-1.85519 0.530076 0.982596 
-0.462295 0.38446 0.732989 
-0.473651 -1.41324 3.89886 
-0.453769 0.24019 0.155003 
-0.494817 0.166428 0.0147778 
-0.558968 0.145263 -0.0217476 
-0.652364 -3.4673 1.96452 
-4.57854 -4.84213 7.7238 
-0.553557 0.279009 0.284906 
-0.363522 0.139007 0.736029 
-0.366298 -0.212985 -0.00275158 
1.78251 -2.57901 0.196845 
-1.53524 0.332057 0.53749 
0.548078 0.500214 0.593865 
1.7627 -2.55627 0.194373 
1.67833 -7.57051 14.8016 
0.753078 0.455087 0.475274 

-0.132715 -0.420295 0.536209 
-0.424702 -1.18027 1.46315 
0.0519489 -0.326174 0.415929 
0.530166 -0.499575 -0.154933 
0.123033 0.0259736 0.073674 
0.105966 0.0161857 0.146638 
0.0615348 -0.0573268 -0.0327462 
0.102641 0.111173 0.0139723 
0.129859 0.0967567 -0.130164 
0.410541 -0.653803 -0.500582 
0.0977778 0.111329 0.0307232 
0.274481 -0.545992 0.781076 
0.0856232 -1.40369 1.8055 
0.129342 0.0969241 -0.128759 
0.0889871 0.115214 0.0725123 
0.103079 0.111327 0.0129925 
0.0623189 0.108609 0.0265481 
0.445597 -1.01319 1.23378 
0.0496722 0.106195 0.213979 
0.0536214 0.096522 -0.0017035 
0.0886454 0.118023 0.0994787 
0.316705 -0.38422 -0.237601 
0.397953 -0.896369 1.09453 
0.110636 0.0508355 -0.166938 
0.102641 0.113877 0.0276329 
0.135915 0.0961067 -0.145164 
-0.356241 -1.64491 2.08124 
0.524287 -0.516152 0.198582 
0.0870219 0.0448837 0.210268 
0.30817 -2.08377 2.8236 
0.0879781 0.0688449 -0.121728 
0.0989167 0.113123 0.0350439 
0.419809 -0.666927 -0.498816 
0.0988939 0.106022 0.0157277 
0.0861284 0.116237 0.0787935 
0.0869261 0.117227 0.0984575 
0.0372576 -0.135709 0.00607109 
0.0937053 -0.207099 0.242404 
0.120441 -0.0691197 0.119962 
0.0845079 0.0661671 0.204932 
0.351746 -0.53903 0.557177 
0.244371 -0.248912 -0.110521 
0.137233 0.103577 -0.0887607 
0.088594 0.114368 0.0610146 
0.251343 -0.308125 0.224775 
0.22838 -1.22448 -0.606571 
0.124354 0.0972636 -0.163026 
