0.994813 0.076637 0.0668898 0.473509 -0.0615076 0.976928 -0.20452 0.0563788 -0.0810203 0.199345 0.976574 0.0185942 0 0 0 1
-0.790646 -0.26677 -0.551102 -0.01265 -0.0260314 0.913923 -0.405053 -0.0472421 0.61172 -0.305907 -0.729533 0.0565905 0 0 0 1
###
-0.624825 0.223922 0.161351 
-0.215619 -0.968962 1.65705 
-0.667363 -3.70699 2.10564 
-0.48079 0.117788 0.0137745 
-0.96082 -0.952618 1.85401 
1.0139 -1.98019 2.13736 
-0.429403 -3.46034 2.15637 
-4.17214 -4.36546 7.02044 
-1.1062 -3.00473 1.19125 
-1.16641 -0.699758 0.490221 
-0.627275 0.224511 0.159592 
-0.579633 0.24586 0.213494 
0.912769 0.479316 0.485155 
0.247239 0.305452 0.380907 
-0.442146 -1.52166 3.9931 
-2.86089 -4.32919 9.16046 
-0.44659 0.259147 0.517439 
-0.362497 0.138104 0.736459 
-1.80072 0.446417 0.814039 
0.584794 0.478764 0.543051 
0.344433 -1.31776 2.05624 
-0.492402 0.163684 0.0145198 
0.978865 -0.787776 2.97635 
-0.10259 -4.07793 2.91757 
1.50331 0.460692 1.67747 
-1.0851 -7.00814 12.3621 
-0.0744542 -0.043913 0.639406 
1.74443 0.957436 1.6915 
-0.492531 0.16636 0.0150049 
-0.191162 -0.299224 0.455675 
0.452413 -0.533733 2.71677 
-1.85885 0.530792 0.986439 
-1.48954 0.302016 0.447047 
-0.474327 -1.42087 3.92768 
-2.72439 -4.2001 8.84829 
-1.49137 0.686814 1.29318 
-0.364547 0.136789 0.741405 
-0.25144 -0.279517 0.0184651 
-0.675396 -3.72596 2.13335 
-0.58803 0.129416 -0.0427704 

-0.0239372 0.0558356 -0.0212983 
-0.4361 -1.30173 -0.649578 
0.0860081 -0.388702 0.0191228 
-0.0567534 0.0945314 -0.0314074 
0.0752888 -0.741095 -0.589706 
-0.0572627 -0.0611357 0.021402 
0.0127229 -0.363086 0.00939401 
0.190769 -0.186271 -0.0851201 
0.0211297 0.0940633 0.0050966 
0.136272 0.000815738 -0.0101864 
-0.167166 -0.00875233 -0.126494 
-0.00176183 0.0501836 0.00131408 
-0.181068 0.0622321 -0.149961 
0.103905 0.0113345 0.136565 
0.255394 -0.233762 0.0377768 
0.170282 -0.153871 0.0688863 
-0.176084 0.068129 -0.183468 
-0.0339964 0.0483611 -0.0220965 
-0.0379822 0.0983563 0.0140975 
0.0884858 0.114025 0.0603528 
-0.0539157 -0.14179 -0.0305412 
-0.0363252 0.0684326 -0.0245196 
-0.00384983 0.0794746 0.00309571 
0.0386574 -0.383168 0.0108938 
-0.0597818 -0.0349622 -0.180506 
-0.104878 -0.987873 -0.564728 
0.00636045 0.057793 0.00238125 
-0.0247015 0.0589275 -0.020907 
-0.217779 0.0657282 -0.182269 
-0.139739 -0.0978694 -0.151628 
-0.116471 -0.149034 -0.0391302 
-0.0303707 0.0988246 0.0144315 
0.131603 0.103829 -0.0674959 
-0.044616 -0.228996 -0.217095 
0.0536187 -0.587819 -0.470874 
0.0745971 0.0891409 -0.16924 
0.00854822 0.0676105 0.0087449 
0.348563 -0.375946 -0.216315 
0.123002 -0.386537 0.0239616 
-0.0347147 0.07082 0.000831088 
