0.0981225 -0.208689 -0.973047 0.466213 0.058016 0.977302 -0.203751 -0.000138112 0.993482 -0.0364597 0.108003 0.629721 0 0 0 1
0.991746 -0.121313 -0.0415194 0.0854599 0.121219 0.992614 -0.00478321 -0.0143806 0.0417931 -0.000289203 0.999126 -0.0238979 0 0 0 1
###
0.160495 -2.20696 2.94263 
-0.537424 0.405805 0.59239 
-0.0571717 0.376039 0.623083 
9.65497 -8.48422 5.25469 
1.9707 -7.21119 8.5721 
4.1611 -3.88963 5.87318 
-0.701129 -0.346895 1.25003 
-0.538107 0.405669 0.592855 
1.70877 0.299738 -0.720604 
2.54913 -2.61472 4.07958 
10.6081 -9.88016 6.09962 
2.51261 -4.26531 7.07912 
2.61315 -2.75592 -0.390605 
-0.286203 0.778586 1.89738 
2.63146 -2.05614 2.01347 
4.05226 -4.15069 5.96696 
-0.518527 -0.555992 1.19166 
-0.616079 -0.366908 0.0707397 
0.0959083 0.272671 -0.113222 
-0.617723 0.35122 0.425956 
0.323753 0.264014 -0.524635 
-0.618403 0.351061 0.425474 
3.38384 -2.75804 0.63801 
-0.392274 0.40779 0.530468 
1.60595 -0.0840084 -0.536841 
0.0141629 0.173144 0.637686 
-0.433128 0.0730888 0.493111 
-0.595746 0.368526 0.47843 
0.0728639 -3.57128 1.95843 
-0.0231044 -2.7281 1.41248 
0.397547 -2.77547 1.35474 
-0.197835 -1.28977 2.33999 
10.796 -9.97782 6.07996 
0.25793 -3.70502 1.74341 
1.18522 -0.930898 -0.0236214 
-0.666949 -0.134073 0.276197 
4.06631 -4.18109 5.92778 
-0.539557 0.406882 0.594412 
-0.310355 0.749213 1.88414 

-1.34381 -1.37169 0.216971 
-0.0242394 0.320718 0.171424 
0.248413 -0.170042 0.0162196 
-1.95796 -1.92183 1.25957 
-1.3055 -1.27702 0.22788 
-1.59808 -1.56107 1.03196 
0.102169 -0.676157 0.745664 
-0.000824899 0.324139 0.175048 
-0.0968343 0.321535 0.195127 
-3.90899 -3.65077 2.38898 
-1.88536 -1.91359 1.12887 
0.201772 -0.492655 0.66704 
-0.15649 -0.291558 0.443197 
-0.76461 0.35885 0.383451 
0.286613 -0.253345 0.264353 
-1.86647 -1.90345 1.15529 
0.378068 -0.308627 0.291035 
0.409517 0.328225 0.0716326 
-0.216705 0.317261 0.215179 
0.493254 0.383557 0.0822333 
-0.00258029 0.292714 0.0535344 
-0.049309 0.267374 0.158582 
-2.50136 -2.56319 0.34692 
-0.0786798 0.300061 0.116926 
0.0714762 0.115619 0.262465 
-0.342763 0.0777045 0.262826 
-0.0599404 0.350762 0.19803 
-0.495977 -0.160851 0.404948 
0.138128 -0.8835 0.258659 
0.13069 -0.870887 0.449472 
0.172978 -0.939523 0.358969 
0.186185 -0.30472 0.409264 
-0.217631 -0.754876 0.941787 
0.0866453 -0.786899 0.244895 
0.174226 -0.0942282 0.394616 
0.18671 -0.234697 0.297832 
2.28984 -3.18292 0.316996 
-0.428984 0.11729 0.30439 
-0.0551175 0.323584 0.18425 
