0.0905185 -0.227308 -0.969607 0.83841 0.216648 0.954782 -0.203607 0.224406 0.972044 -0.191633 0.135671 0.655572 0 0 0 1
0.995055 -0.0115988 -0.098649 -0.00774101 0.00980394 0.999778 -0.0186595 -0.00100949 0.0988435 0.0176001 0.994947 -0.00491488 0 0 0 1
###
0.663386 -5.24676 6.21442 
-0.58911 0.410957 0.803133 
-0.585231 0.389559 0.790643 
12.1805 -15.0483 6.23034 
0.113021 0.0629715 -0.214411 
-0.747208 -0.123112 0.636228 
0.780259 -1.87561 1.03473 
5.03849 -6.07223 6.94715 
0.418685 -0.242434 0.945087 
3.26551 -6.4421 9.13922 
0.512299 0.042578 -0.543211 
-0.366486 -1.42215 2.28815 
0.00212458 -0.698593 -1.03292 
2.8898 -3.19407 3.02025 
5.00917 -6.5614 7.36622 
-0.463301 -5.08839 2.84907 
-0.60307 0.398394 0.798619 
-0.580616 0.338584 0.788713 
-0.608823 0.389996 0.795096 
0.532901 0.0442058 -0.550062 
0.173453 0.276811 0.985719 
1.41933 -2.53362 0.713445 
1.13254 -2.52057 1.06429 
-0.808318 -1.55016 2.23794 
0.334631 -5.387 2.33984 
6.29203 -10.0211 7.29186 
-0.406456 0.710055 2.11098 
0.55473 0.092337 -0.336749 
11.9641 -15.5401 6.64731 
-0.46159 -4.97535 2.80641 
3.31629 -6.58223 9.30912 
1.28231 -2.23754 1.417 
-1.39841 -4.97372 3.48083 
-0.812352 -1.60515 2.17414 
-0.781952 -0.54466 1.939 
2.47787 -6.71151 1.15817 
-0.569139 0.403443 0.861527 
1.48541 -2.90339 -0.221529 
0.35869 -5.5027 2.3812 
0.110389 0.0955982 0.0309824 
6.35833 -9.18141 7.25495 
6.522 -18.263 -6.82784 
-0.793511 -0.226786 0.552379 

0.017157 -0.0943389 0.0907218 
0.0201659 0.159433 0.400584 
0.0966255 0.0724927 0.322898 
0.360343 -1.32951 2.08111 
-0.465548 0.139257 0.333489 
0.721207 -1.99805 -0.0474712 
0.956702 -1.49641 0.483404 
-0.285047 -4.09582 5.0015 
0.396913 -0.227349 0.1692 
5.11149 -9.06222 11.3753 
0.213454 0.101932 0.0210341 
0.0157535 -0.0971187 0.0916516 
-0.296267 -0.770506 1.15214 
2.01578 -3.45855 4.59432 
1.96482 -2.95523 3.46733 
-0.0145998 -3.21057 1.46859 
0.16811 0.0923476 0.100349 
0.190795 0.0573152 0.104726 
0.129973 0.113181 0.0925931 
-0.502492 0.151666 0.368349 
-0.425301 0.152982 0.406634 
1.06649 -1.54737 0.234642 
0.894397 -1.55021 0.448524 
-0.281279 -1.06499 1.21924 
0.474177 -3.4918 1.18257 
6.81865 -10.0233 6.34062 
-0.57126 0.139769 0.312185 
-0.497458 0.149935 0.360108 
10.5367 -12.7288 4.35541 
-0.0165456 -3.19828 1.47354 
3.54756 -6.3067 7.92375 
7.53843 -8.30151 2.13761 
0.603444 -3.36703 1.01664 
0.165013 -3.36577 1.38311 
-0.29156 -0.465483 1.1482 
1.57249 -3.64086 0.311498 
0.286105 -0.0715169 0.208546 
1.03848 -1.48087 0.226652 
0.980476 -3.41674 0.727301 
-0.0347235 0.0897837 0.247677 
8.18811 -10.9356 7.4956 
0.861491 -2.45467 0.112168 
2.07366 -3.40363 -1.18462 
