0.530965 -0.154442 -0.833201 0.742616 0.0552947 0.98747 -0.1478 -0.0180284 0.845588 0.0324053 0.532852 0.386468 0 0 0 1
-0.315558 -0.336085 -0.887395 -0.02089 0.197059 0.891579 -0.407743 -0.0993693 0.928219 -0.303535 -0.215116 0.0233539 0 0 0 1
###
5.36129 -5.64078 5.81652 
-0.537183 0.406254 0.593057 
-0.62475 0.308747 0.420318 
-0.36406 -0.17373 0.54482 
-0.53788 0.405997 0.593439 
-0.618247 0.356262 0.429379 
-0.646679 0.286374 0.421088 
1.8303 -3.22251 5.57603 
4.10831 -3.83532 5.80201 
-0.857369 -0.248587 0.687054 
-0.0801849 -0.460251 0.733307 
-0.635432 -4.30092 2.54339 
5.51942 -6.58187 6.10059 
-0.833359 0.402904 0.762968 
1.7727 0.301923 -0.755803 
0.0559876 -0.0686454 0.375728 
-0.685615 -2.14184 1.51125 
-0.310304 -0.764835 1.7103 
-0.617369 0.352133 0.426488 
0.668016 0.319677 -0.717964 
0.0920765 0.302048 0.026196 
1.51686 -0.07392 -0.499101 
-0.65321 0.345613 0.427974 
2.40217 -4.15264 6.84059 
4.19332 -4.25778 6.06834 
-0.285702 0.779487 1.89987 
-0.552941 0.66383 1.57644 
-0.622152 0.345725 0.425453 
1.7003 -0.0973955 1.49204 
5.52711 -6.69863 6.16897 
-0.561072 0.443252 1.15375 
-0.630813 0.327378 0.339703 
0.4157 0.283389 -0.506767 
10.6025 -8.8485 4.60705 
-0.653288 -0.0630125 0.319444 
0.879667 -9.36086 4.22796 
0.265123 -4.09671 2.13596 
-0.564519 0.43834 1.14007 
1.80577 -0.539124 1.49073 
0.0289492 -3.135 1.38193 
1.1224 -1.04234 0.0541591 
5.20989 -5.65711 5.78977 
0.106641 0.498893 1.99115 
0.365226 0.932093 1.9591 

0.575363 -0.861593 -0.444499 
0.10764 -0.00841982 -0.529095 
0.355662 0.30944 0.00884406 
1.24675 -2.39489 -1.30394 
0.107673 -0.00108053 -0.501907 
0.33355 0.341739 0.113771 
0.320242 0.326842 0.101866 
0.452626 -0.335793 0.348563 
1.55212 -1.46205 -0.312309 
0.0367555 -0.386117 0.690836 
2.51784 -2.52546 -0.37348 
0.1516 -0.805202 0.537645 
2.0768 -3.1155 -0.574054 
0.111188 -0.00570447 -0.527341 
0.348138 -0.591296 -0.633912 
0.339198 0.279634 -0.166513 
-0.0722422 -0.989081 -0.231799 
0.185386 -0.936935 1.6901 
0.35174 0.310844 -0.000263124 
0.341318 0.285943 -0.121906 
0.462167 0.378484 0.0812814 
0.311419 -0.0186266 -0.315873 
0.351916 0.298476 -0.0477583 
2.18888 -1.90804 0.374491 
1.88805 -1.88676 -0.298577 
0.311292 0.245594 -0.343066 
0.318916 0.256949 -0.262126 
0.293632 0.23682 -0.40426 
0.290424 0.000601732 -0.290086 
2.1798 -3.30016 -0.593569 
0.190756 0.180271 -0.583861 
0.386904 0.222834 0.038029 
0.322444 0.259963 -0.264563 
1.11442 -2.56498 -1.40838 
-0.225767 -0.504331 -0.210455 
0.0369877 -0.793561 0.0137872 
0.0522893 -0.901248 -0.0975552 
0.352407 0.329272 0.103105 
0.324896 -0.116583 -0.340152 
1.77989 -2.33231 0.489947 
-0.0954695 -0.29948 -0.22405 
2.16986 -2.95551 -0.649619 
0.392577 0.225 0.0391567 
0.336202 0.278723 -0.167681 
