0.573522 -0.192694 -0.796204 0.043682 0.0592171 0.97915 -0.194315 0.274754 0.817047 0.064295 0.572975 -0.840925 0 0 0 1
0.999779 -0.0135846 -0.0160509 -0.00202757 0.0134223 0.999858 -0.0101796 -0.00483981 0.0161869 0.00996189 0.999819 -0.0186057 0 0 0 1
###
6.89321 -7.96386 4.16246 
7.46265 -7.90604 2.67664 
-0.210179 -3.20025 4.94689 
2.36523 -2.16118 1.49262 
5.91868 -6.07503 3.23647 
2.36784 -2.70539 -1.33091 
0.344662 0.421662 1.66618 
1.72454 -1.67015 -0.0294431 
1.50514 -0.490315 0.921463 
0.850443 -1.28975 1.82933 
2.10627 -1.09242 -0.0409834 
2.1678 0.168168 0.0737653 
1.53451 -1.48014 1.51457 
2.0053 0.101383 -0.167666 
3.9143 -3.6635 1.8222 
0.808372 0.386501 1.36 
0.509508 0.41809 1.56724 
2.10224 0.181947 0.18178 
1.86161 -1.1597 0.585497 
2.14985 0.137407 -0.249864 
1.10564 -1.53329 0.415026 
1.11663 -1.49807 0.387305 
0.807647 0.387047 1.3616 
0.243218 0.486049 1.70961 
0.315608 0.415189 1.59572 
1.76671 -1.51444 -0.79076 
2.35429 0.251068 0.115847 
1.38221 0.331136 0.967557 
1.25765 -1.56813 0.286029 
0.740775 0.383382 1.3933 
-0.0172607 -1.67227 2.40342 
1.87287 -3.86974 0.0900127 
2.28181 0.166016 0.11188 
2.62203 -2.66856 1.46107 
9.82837 -11.8696 4.06723 
2.46081 -2.26903 1.5853 
0.863611 0.369763 1.30933 
1.94523 -1.37616 0.116313 
0.587525 0.404836 1.48994 
0.776478 0.380229 1.37028 
0.803624 0.382396 1.36008 
0.745529 -1.6607 2.42466 
1.83619 0.232743 0.412672 
3.47522 -2.3695 -0.494263 
0.169274 0.412751 1.56989 
1.38564 -2.17542 2.54553 

-0.816838 -1.57442 2.23104 
-3.16932 -4.98736 3.98296 
0.899548 -2.89281 4.85893 
-1.81837 -4.99607 6.15808 
-1.37954 -2.56775 2.57642 
-1.33253 0.38163 0.698355 
-0.131337 0.242242 0.168013 
1.69888 -5.59793 9.17258 
-0.820594 -0.48542 1.86427 
0.274052 -0.87915 1.42396 
-2.6033 -3.36721 1.64508 
-1.10988 0.440858 0.94524 
-2.00042 -6.87022 8.91119 
0.00573194 0.265412 0.275738 
-0.125258 0.228493 0.63268 
0.184396 0.189935 0.149946 
0.0337391 0.176628 0.330521 
-1.5274 -1.79754 0.240074 
-0.808822 -1.55114 2.2393 
1.38233 -2.44643 0.69978 
0.602837 -6.04334 2.32889 
1.22289 -5.85322 1.65745 
-0.461247 0.446153 1.01236 
0.294239 -0.136507 0.329745 
0.293597 -0.136883 0.335579 
-1.35661 0.38866 0.719345 
-0.460814 0.440511 1.00059 
-0.919858 0.493651 1.17674 
1.66097 -2.25409 0.595792 
0.238329 0.0389801 0.40519 
-1.82772 -2.94792 2.53219 
0.716255 -2.45806 0.487372 
-2.85358 -3.47791 0.31211 
0.0848542 0.19697 0.269447 
-2.34081 -4.23364 3.41269 
5.02719 -6.58427 7.39113 
0.00473655 0.263958 0.274899 
-0.24236 0.321193 0.498672 
0.133843 0.224264 0.14342 
0.253326 0.183812 0.0936216 
-1.78335 -0.971895 0.633973 
0.136664 -2.68533 4.63437 
0.322566 0.116799 0.244415 
-0.0187629 0.272887 0.300673 
-0.150353 0.203763 0.530511 
7.49798 -10.389 8.12891 
