0.868605 -0.134205 -0.476985 0.346638 0.0245171 0.973084 -0.229142 0.0858799 0.494899 0.18734 0.848516 0.221285 0 0 0 1
0.291345 -0.165703 -0.942157 -0.00754357 0.11866 0.983537 -0.136287 0.00604265 0.94923 -0.0720899 0.306211 -0.0235061 0 0 0 1
###
-2.31195 -2.16996 2.57482 
-5.94683 -9.1125 9.20953 
-2.8637 -4.33305 9.16955 
8.41318 -6.04886 9.86578 
0.773613 0.415791 0.516593 
-0.415608 -0.0672406 0.000272408 
-0.242623 -0.384344 0.792861 
-0.368189 0.140737 0.745207 
-0.268074 0.0140785 0.0155855 
0.478292 0.42184 0.488451 
-2.33822 -3.29148 7.57551 
0.030394 -1.40598 3.85459 
0.658619 0.502465 0.573798 
1.43229 0.493677 0.287507 
-2.09695 -1.71788 2.26307 
0.0722073 0.231004 0.0557731 
1.50436 0.462395 1.67934 
0.610697 -0.643752 3.23571 
0.979162 -0.787552 2.97378 
1.26894 -0.617178 1.97271 
-2.61928 -3.73702 8.53848 
-0.376894 -0.0914222 0.00101559 
-5.77005 -9.45714 9.3355 
-0.370783 0.139077 0.753546 
6.29174 -4.34214 7.38484 
0.761614 0.420282 0.404399 
-0.176292 0.250881 0.134307 
1.71169 -7.61898 14.8961 
-2.20562 0.748693 1.36424 

-0.356241 -1.64491 2.08124 
-0.0809046 -0.336991 0.403186 
0.691743 -0.897306 -0.612052 
0.293956 -2.57192 3.63655 
0.123659 0.111178 -0.00400413 
0.0525984 0.0775824 0.00220215 
0.00328881 -0.228799 0.283937 
0.0870219 0.0448837 0.210268 
0.135915 0.0961067 -0.145164 
0.0883643 0.113652 0.0807473 
0.30817 -2.08377 2.8236 
0.251836 -0.230278 0.0375313 
0.124593 0.107804 -0.0290558 
0.0984547 0.111763 0.0209042 
0.419809 -0.666927 -0.498816 
0.0757309 0.126544 0.155399 
0.141465 -0.0575723 0.000947895 
0.126271 -0.0703412 0.126189 
0.0988939 0.106022 0.0157277 
0.138303 -0.0398866 -0.000195717 
0.0568495 -0.295491 0.399849 
-0.0331119 0.100891 0.187047 
0.189475 -1.85582 2.4048 
0.196184 -0.386088 0.055218 
-0.336086 -0.498024 0.423751 
0.0861284 0.116237 0.0787935 
0.100052 0.111621 0.020118 
0.357661 -0.414283 0.298778 
0.0961743 0.111919 0.0369272 
