-0.192927 -0.263174 -0.945261 0.245916 0.093842 0.953995 -0.284758 0.0524873 0.976715 -0.143643 -0.159355 0.703928 0 0 0 1
0.991746 -0.121313 -0.0415194 0.0854599 0.121219 0.992614 -0.00478321 -0.0143806 0.0417931 -0.000289203 0.999126 -0.0238979 0 0 0 1
###
5.38283 -5.66202 5.8408 
1.22605 -3.68753 6.74055 
-0.0103652 0.365298 0.491952 
2.08899 -1.69158 2.26768 
0.737339 -1.71396 0.330019 
4.06407 -4.16159 5.98401 
4.16818 -3.89258 5.88311 
-0.047044 0.38005 0.630869 
0.0430333 -0.0686185 0.374385 
0.109352 -0.548887 1.26019 
-0.0288045 0.387712 0.640608 
0.405325 0.259295 -0.584831 
0.0116346 0.174582 0.634562 
4.65542 -3.7233 0.741474 
0.085745 0.270737 -0.10766 
0.014587 0.173109 0.638076 
2.03368 -1.60199 2.17105 
10.0205 -9.31248 5.72811 
1.10545 0.365764 -1.17994 
-0.346837 0.271981 -0.0442931 
5.21229 -4.87562 -0.952045 
0.593268 -3.27684 1.52436 
-0.680157 -0.0617161 0.297771 
10.806 -9.98723 6.08556 
3.4887 -4.18607 -1.62388 
-0.321316 -1.34921 0.910667 

0.714782 -0.576367 0.443177 
-2.65774 -2.63009 0.703629 
0.538515 0.430619 0.115349 
0.0995552 -0.125743 0.165247 
0.114998 -0.686178 0.615869 
-1.88536 -1.91359 1.12887 
-1.95796 -1.92183 1.25957 
0.248413 -0.170042 0.0162196 
0.429161 0.356525 0.121916 
-1.86647 -1.90345 1.15529 
-0.164713 0.121896 0.26455 
-0.00718928 0.281174 0.0680028 
0.139039 -0.829449 0.523101 
-2.16325 -2.00203 0.308761 
-0.216705 0.317261 0.215179 
-0.496917 0.179409 0.352153 
2.43093 -1.89097 0.849011 
-0.217631 -0.754876 0.941787 
-0.116307 0.317615 0.189605 
-0.00258029 0.292714 0.0535344 
-0.249837 -0.828861 1.11895 
0.172764 -0.938866 0.358766 
0.298351 -0.549129 0.0807483 
2.28984 -3.18292 0.316996 
0.935116 -0.804975 0.730749 
0.13069 -0.870887 0.449472 
