0.799126 -0.211536 -0.562717 0.298659 0.0952313 0.968771 -0.228939 0.112018 0.593572 0.129363 0.794315 0.239311 0 0 0 1
0.291345 -0.165703 -0.942157 -0.00754357 0.11866 0.983537 -0.136287 0.00604265 0.94923 -0.0720899 0.306211 -0.0235061 0 0 0 1
###
0.364215 -1.82147 4.92158 
-6.23348 -9.58536 9.70091 
-0.6319 -0.45759 0.843235 
-0.311682 -0.198317 -0.020565 
5.63556 -4.06584 3.96972 
-0.222465 -0.742571 1.33312 
-0.288183 -0.214572 -0.0282772 
-0.6635 -0.529924 0.999587 
-0.365473 0.139343 0.742195 
0.518292 0.426251 0.495864 
-2.8493 -4.31003 9.13261 
0.346091 -1.32281 2.06263 
3.44706 -2.58361 4.31303 
-0.450532 -3.49515 2.17017 
-2.6965 -4.15739 8.76482 
-0.34961 -0.14288 -0.00914233 
1.48157 0.455611 1.65399 
-2.3434 -1.9364 2.61868 
1.3581 -1.50026 3.41524 
0.400046 0.252371 0.266436 
0.0976304 0.225673 0.0448132 
-1.19139 0.590563 1.11658 
-0.297024 0.230729 0.674977 
0.853952 -1.22712 1.87151 
-5.83422 -9.53699 9.44464 
1.70875 -7.59707 14.8487 
-0.533959 0.237004 0.186246 
7.61154 -5.29266 5.09156 
0.749546 -3.46322 3.02492 

0.351746 -0.53903 0.557177 
-0.101086 -0.472168 0.593283 
0.139985 -1.40669 1.84201 
0.043443 -0.152504 -0.0752664 
-0.0809326 -0.507923 0.665528 
-1.3679 -2.18045 1.61947 
0.700046 -2.2414 -1.72179 
-0.0570666 -0.11759 0.117469 
0.0870219 0.0448837 0.210268 
0.0914894 0.112226 0.0584935 
0.0519489 -0.326174 0.415929 
0.524287 -0.516152 0.198582 
0.245942 -0.251226 0.209286 
0.138836 -0.386969 0.0252588 
-0.552939 -0.913934 0.678415 
0.227442 -1.02277 -0.506893 
0.141465 -0.0575723 0.000947895 
-0.026679 -0.134508 0.157285 
0.129859 0.0967567 -0.130164 
-0.034341 0.101306 0.188321 
-0.0394987 0.108465 0.202128 
0.141513 0.0994567 -0.121204 
0.0986409 0.111049 0.020647 
0.0156095 -0.0139099 -0.000312152 
0.189475 -1.85582 2.4048 
0.357661 -0.414283 0.298778 
0.129342 0.0969241 -0.128759 
0.219933 -0.20036 0.0917672 
0.188305 -0.479548 0.0516461 
