-0.46427 -0.244588 -0.851252 -0.0322722 -0.0216 0.963954 -0.26519 -0.157633 0.88543 -0.104733 -0.452819 -0.116753 0 0 0 1
0.99993 -0.0118591 0.000200235 0.00808222 0.0118591 0.99993 1.30117e-05 0.00348006 -0.000200375 -1.06362e-05 1 0.000953269 0 0 0 1
###
0.083129 0.17022 -0.622303 
1.42604 -2.92598 -1.26278 
0.0185476 -0.388174 -0.422596 
-0.165644 -0.659219 -0.615059 
0.912339 -1.3933 -0.608486 
0.864859 -1.32551 -0.815858 
0.792693 -1.25671 -0.823821 
0.26451 -0.242908 -0.301213 
0.560496 -0.378514 0.10977 
-0.157922 -0.557741 -0.548146 
0.200388 0.172206 -0.650832 
0.063342 0.168936 -0.608615 
0.406456 -0.499029 -0.327497 
0.508236 -0.452247 -0.22188 
0.8245 -1.15366 -0.644738 
0.647775 -0.76547 -0.44903 
0.330944 0.263491 -0.269018 
0.0416937 -0.331893 -0.302461 
0.661227 -0.817169 -0.622803 
0.326791 0.350944 0.157088 
0.601147 -0.509589 0.611131 
0.111976 -0.0121329 -0.508992 
0.0966791 -0.244278 -0.531662 
0.0116845 -0.371658 -0.417585 
0.328861 0.258647 -0.293083 
0.357942 0.29966 -0.060736 
0.310584 0.332214 0.136624 
0.244829 -0.236203 -0.448389 
0.47737 -0.413012 -0.221473 
0.23391 0.211473 -0.492753 
0.330535 -0.120202 -0.344228 
0.316713 0.327759 0.103598 
0.484842 -0.286329 0.121604 
0.361925 0.301249 -0.0698162 
1.14562 -0.893734 0.929752 
-0.0982852 -0.430528 -0.358267 
0.0610364 -0.190116 -0.158267 
0.361925 0.301249 -0.0698162 
0.101011 -0.287177 -0.499177 
0.260385 -0.269432 -0.474552 
0.336157 0.266968 -0.255943 
0.543966 -0.332543 0.179129 
0.362042 0.323483 0.0632227 
0.0786749 0.0364891 -0.1368 
0.32981 0.259652 -0.293061 
0.730903 -0.519544 0.30335 
0.252776 -0.0381289 -0.272851 
0.0946181 0.1714 -0.634693 

-0.119071 0.351984 0.0991301 
-2.24408 -9.53479 10.7418 
3.75017 -2.91395 0.837603 
-0.883601 0.377772 0.68254 
2.51564 -4.27038 7.08774 
4.16818 -3.89258 5.88311 
-11.5493 -30.5641 33.0912 
-1.06579 -1.97509 1.32953 
1.22605 -3.68753 6.74055 
-0.89604 0.347207 0.587506 
0.0325939 0.327893 0.02492 
1.97935 0.63428 0.110745 
7.94597 -7.15557 6.06605 
-1.08152 -2.00746 1.39286 
-0.841353 -1.74884 1.52559 
10.5963 -9.86988 6.09262 
-0.697698 0.557229 1.2692 
2.26972 -2.10468 0.836332 
5.5535 -5.57835 5.45662 
-4.10225 -6.31252 0.204177 
-0.140884 -2.68502 4.62259 
1.91692 -0.0291272 0.40448 
-0.853507 0.395956 0.728634 
3.8916 -3.60391 5.57109 
-0.704366 0.655874 1.54798 
-1.01197 0.290568 0.437756 
0.155626 0.0655892 0.247711 
0.017346 -0.0170305 0.367149 
2.19321 -1.6962 2.33446 
-0.881886 0.376264 0.676515 
-0.658296 -1.17918 1.52785 
0.0203331 -0.0147356 0.375065 
3.24397 -2.56203 2.34684 
-1.23169 -0.770576 0.210262 
0.0277657 -0.0443589 0.397079 
0.727315 -3.62595 1.63154 
0.0486021 0.1887 0.213415 
-1.23868 -0.781788 0.221459 
0.895154 -1.07227 0.0983379 
2.87549 -1.2288 1.37853 
-1.59036 -0.865707 0.230958 
0.102148 -3.23774 5.70692 
-0.893285 0.3504 0.594065 
0.749156 -1.56732 0.366733 
0.214462 -0.0402629 0.192938 
4.06407 -4.16159 5.98401 
0.18275 -0.00102642 0.177541 
0.0162173 0.248562 0.28522 
