-0.378255 -0.250865 -0.891061 0.382755 0.245526 0.900916 -0.357865 0.355297 0.892547 -0.354142 -0.279182 0.861687 0 0 0 1
1 0 0 0 0 1 0 0 0 0 1 0 0 0 0 1
###
0.145901 -0.0119782 -0.697565 
5.02604 -6.58587 7.3905 
0.016697 0.0108706 -0.510651 
0.0879292 -0.834659 1.64449 
0.699323 -2.78884 0.509577 
5.20314 -10.7201 -3.26766 
1.21582 -2.40608 1.12329 
1.13063 -2.51686 1.06268 
0.5628 0.092821 -0.341179 
0.451333 -0.24875 0.976214 
-0.551052 -0.715663 0.950986 
1.69744 -4.67645 0.347569 
1.13063 -2.51686 1.06268 
11.92 -15.4846 6.62215 
6.54022 -9.39323 7.37332 
3.32598 -4.26389 0.520691 
0.16184 -0.347405 0.63048 
13.3347 -17.2118 7.20973 
5.7144 -6.83112 0.418822 
2.48851 -6.72645 1.15525 
0.268552 0.0482602 -0.429419 
-0.340248 0.23482 0.143887 

-0.347321 0.134549 0.365622 
-0.053703 -0.730881 0.87937 
-0.497257 0.149872 0.359995 
0.490005 -3.21384 4.8672 
0.861823 -2.45561 0.112183 
5.91868 -6.07503 3.23647 
0.956751 -1.49652 0.483441 
0.89477 -1.55088 0.448679 
-0.425127 0.152914 0.406489 
0.176642 0.0144246 0.332811 
0.473903 -3.48923 1.18181 
1.04986 -3.01229 0.125893 
0.896829 -1.55505 0.450173 
9.60153 -11.6389 3.99929 
7.97881 -10.6574 7.30303 
0.209729 -0.0189114 0.228779 
-0.387875 0.213765 0.630841 
9.82837 -11.8696 4.06723 
2.19361 -2.6021 -0.261188 
1.56995 -3.63487 0.311109 
0.0473362 0.0889547 0.258543 
0.0950924 0.122232 0.146114 
