-0.312108 -0.203986 -0.927889 0.460622 0.232794 0.930482 -0.28286 0.292507 0.921084 -0.304289 -0.242924 0.865065 0 0 0 1
1 0 0 0 0 1 0 0 0 0 1 0 0 0 0 1
###
5.02719 -6.58427 7.39113 
12.3292 -15.2283 6.30476 
2.87371 -3.18002 3.00546 
2.17719 -3.33253 -5.46459 
3.27139 -6.45059 9.1536 
-0.17246 0.375203 0.755572 
-0.149046 -5.14618 2.61575 
4.10293 -8.63666 -2.54425 
-0.369532 0.425892 0.977188 
0.231458 0.108764 -0.00728547 
1.22076 -2.41398 1.12609 
12.0255 -15.6197 6.6802 
-0.464646 -5.01917 2.82937 
1.13198 -2.51953 1.06377 
0.268921 -2.03946 3.94441 
1.7219 -4.7198 0.345865 
0.466392 0.023622 -0.62502 
6.52705 -9.37053 7.35903 
0.534744 0.0341155 -0.717324 
-0.372256 0.389106 0.796419 
5.27034 -6.30741 7.25919 
0.162451 -0.348003 0.630811 
13.4263 -17.3298 7.25783 
2.50277 -6.76353 1.16199 
1.94074 0.643488 1.85174 
-0.775686 -0.0445701 0.673639 

0.263328 -1.77119 2.61695 
0.518033 -2.079 3.21745 
1.24064 -1.67162 1.80954 
0.130188 0.110213 0.0816373 
0.573094 -1.97653 3.02839 
0.36256 -0.130987 0.0930697 
0.0633903 -3.26298 1.42393 
6.20703 -6.36691 3.37695 
0.290658 0.00235758 0.211387 
0.288311 0.00449854 0.208577 
0.956702 -1.49641 0.483404 
10.2687 -12.4519 4.27272 
-0.0165456 -3.19828 1.47354 
0.896957 -1.55527 0.450198 
1.48382 -3.8815 5.56473 
1.04988 -3.0124 0.125906 
0.194078 -0.0983916 0.250406 
8.18811 -10.9356 7.4956 
0.0966255 0.0724927 0.322898 
-0.523373 -0.0775385 0.323052 
-1.00936 -2.67835 2.1856 
-0.387842 0.213779 0.630803 
10.5367 -12.7288 4.35541 
1.57249 -3.64086 0.311498 
-0.285047 -4.09582 5.0015 
1.96482 -2.95523 3.46733 
