-0.52384 -0.242453 -0.816583 -0.0221103 -0.153389 0.969816 -0.189551 -0.205029 0.837892 0.0259604 -0.545218 -0.142545 0 0 0 1
0.999929 -0.0119027 0.000175398 0.00809707 0.0119027 0.999929 4.36182e-05 0.00346813 -0.000175905 -4.15274e-05 1 0.000955136 0 0 0 1
###
0.827074 -1.25854 -0.778859 
0.23173 -1.29589 -1.12111 
1.13674 -2.58699 -1.38374 
2.02082 -3.9852 -2.08954 
0.701151 -1.16624 -0.821046 
1.55137 -3.13913 -1.32734 
0.0813397 0.169461 -0.615796 
0.688459 -0.929403 -0.547608 
0.425549 0.337745 0.073732 
2.18578 -3.28182 -0.600422 
0.472712 -0.287191 0.0647092 
0.38811 0.345032 0.0946748 
0.700971 -1.0035 -0.649881 
0.210634 -1.22097 -1.07911 
0.500278 -0.31957 0.0816114 
0.106351 -0.0314092 -0.53461 
0.381024 0.331607 0.0607311 
0.342044 0.333809 0.106697 
0.218895 0.298873 -0.0162775 
1.63006 -3.34825 -1.45271 
0.110873 -0.00475689 -0.518736 
0.114634 0.263432 -0.158638 
0.376777 0.321562 0.0441957 
0.0319298 -1.2055 -1.04647 
0.642882 -0.844701 -0.525375 
0.199082 0.173692 -0.612449 
0.0848073 -0.104045 -0.57359 
0.0973681 -0.255532 -0.518996 
0.208134 -0.143448 -0.299623 
-1.20562 -6.09077 -2.51035 
0.330046 0.331821 0.108318 
0.0998097 -0.276993 -0.540222 
1.2271 -3.76666 -2.40535 
0.628476 -0.383545 0.413249 
0.104645 -0.122529 -0.502011 
0.370964 0.308402 -0.0439336 
0.317199 0.0202107 -0.302969 
0.0958923 -0.241658 -0.52597 

-0.799599 -1.71703 1.61213 
2.08466 -1.68903 2.26327 
2.20736 -1.70838 2.34996 
-1.23492 -2.27233 1.53353 
0.109444 -3.45637 6.07258 
-2.24445 -9.53548 10.743 
1.97935 0.63428 0.110745 
7.90085 -5.88395 6.15914 
-0.11907 0.351983 0.0991293 
2.53859 -4.30727 7.15377 
2.41111 -3.9481 7.07623 
-1.22013 -0.754041 0.20164 
3.89073 -3.60286 5.57008 
-0.140031 0.113045 0.384526 
1.19154 -3.61902 6.6088 
-0.131081 0.101273 0.363545 
-0.88354 0.377762 0.682498 
0.0655307 -0.0708607 0.360764 
1.91702 -0.0291429 0.404504 
-1.6881 -3.93006 2.64954 
-0.973272 0.371412 0.667612 
-0.539815 0.406049 0.592323 
-0.881844 0.37626 0.676489 
0.0203327 -0.0147346 0.375066 
2.0311 -1.60018 2.16849 
-0.882791 -1.19919 0.045326 
0.214551 -0.0402881 0.193022 
0.959093 -0.921007 0.401908 
0.794261 -1.73261 0.25251 
1.02752 -4.00966 1.64379 
0.0200786 -0.0162088 0.374608 
1.95813 -0.111312 0.408382 
0.190321 0.0394294 0.176253 
1.20873 -1.40856 0.533493 
0.173932 -0.0719734 0.0354879 
-0.896015 0.347206 0.587493 
-0.915643 -0.35261 1.36357 
4.05681 -2.76243 1.43185 
