0.55685 -0.220051 -0.800935 0.057063 0.0416527 0.970454 -0.237666 0.216173 0.829568 0.098983 0.549562 -0.822859 0 0 0 1
0.999197 -0.0245045 -0.0317089 -0.00311786 0.0240957 0.999622 -0.0132094 -0.00798608 0.0320206 0.0124347 0.99941 -0.0305332 0 0 0 1
###
1.64129 -0.489934 0.987252 
4.06531 -4.57029 2.2568 
2.53812 -2.56411 1.25576 
0.180335 -1.03067 1.52483 
-24.5829 -53.9694 62.647 
3.28706 -3.23188 0.113374 
3.06428 -2.63568 1.06773 
3.45184 -3.18217 1.64797 
0.279345 0.413121 1.54297 
-10.5305 -23.4893 27.1845 
0.148455 -2.22653 3.47673 
0.423766 0.465339 1.66009 
0.488012 0.411007 1.51183 
0.461356 0.322763 1.06462 
2.66909 -2.53251 1.73465 
2.13498 0.181252 0.16319 
0.416585 0.413965 1.50954 
0.489337 0.41307 1.51516 
2.26188 0.156394 0.0334289 
0.865756 -1.34646 1.89925 
0.808134 0.386334 1.35995 
3.24516 -3.11231 1.79996 
0.4735 0.421134 1.57197 
1.80835 -1.54971 -0.838177 
0.411118 0.489974 1.70412 
0.318086 0.432406 1.63253 
2.13399 -2.12893 -1.27697 
6.87016 -10.1923 6.41284 
1.97256 -1.26117 0.0796733 
0.807904 0.387793 1.36252 
1.81476 -2.00179 1.91414 
1.98384 0.0844974 -0.118893 
1.97526 0.0963218 -0.164825 
2.23741 0.149837 0.0308738 
2.56307 -2.59881 1.43485 
1.81154 -7.3969 6.99922 
1.82985 -0.832701 0.113823 
2.03754 0.10922 -0.147253 
1.97841 -4.10972 0.0468189 
1.68725 0.290661 0.714491 
0.587717 0.409088 1.49497 
0.972394 0.377287 1.24599 
2.28718 -5.95528 -0.789163 
0.682004 0.403291 1.4507 
1.81486 -0.826092 0.121294 
0.856662 0.463741 1.46416 
1.80025 0.220557 0.433524 
0.250666 0.414012 1.51745 
0.268176 -0.896742 1.2567 
0.947723 0.385892 1.27523 

-0.820572 -0.485526 1.8639 
-1.81837 -4.99607 6.15808 
-2.45139 -8.58828 10.3279 
-2.85625 -3.48104 0.312018 
-0.46081 0.440494 1.00058 
-0.816507 -1.57377 2.23005 
-1.99626 -6.85586 8.89237 
-1.32258 -2.54801 2.65415 
-0.107854 0.294612 0.384442 
0.201894 0.168206 0.162504 
0.900907 -2.89743 4.86621 
0.00473917 0.263942 0.274888 
0.149679 0.00918914 0.53668 
-0.131309 0.242209 0.167998 
-0.150371 0.203767 0.530559 
-0.243447 0.320484 0.498035 
11.9233 -15.4904 6.6258 
0.00573194 0.265412 0.275738 
1.88551 -1.50866 0.0129776 
0.273926 -0.879108 1.42353 
-1.11852 0.437417 0.945843 
-1.3805 -2.56954 2.57802 
0.0337395 0.176632 0.330524 
-1.33256 0.381623 0.698354 
0.0794107 0.236173 0.186367 
-1.40044 0.34812 0.600095 
-1.41881 0.355842 0.605557 
6.3051 -10.0425 7.30508 
-0.242362 0.321191 0.498676 
-0.461185 0.446076 1.01225 
-1.57364 -2.59381 2.24882 
-2.60402 -3.36816 1.64546 
1.38187 -2.44564 0.699584 
-0.95306 0.454699 1.05211 
1.98166 -10.5003 11.0298 
1.96577 -10.3773 10.9235 
2.1663 -1.42065 0.304805 
1.40627 -2.47289 0.70453 
0.716282 -2.45815 0.487254 
-1.32183 0.350782 0.603119 
-0.114639 0.212717 0.63165 
0.333121 0.0836947 0.25513 
0.588704 -5.46235 2.14092 
0.00515372 0.263414 0.27463 
2.85432 -1.89279 0.400061 
-0.23627 0.25976 0.620709 
0.137042 0.222375 0.135417 
-0.0183452 0.259647 0.222889 
-1.701 -2.62987 0.0907597 
0.238328 0.0389774 0.405189 
