0.516436 -0.203719 -0.831741 0.101595 -0.0618213 0.959886 -0.273492 0.17644 0.854091 0.19266 0.483125 -0.794588 0 0 0 1
0.99978 -0.013603 -0.0159875 -0.00205426 0.0134444 0.99986 -0.0099895 -0.00491435 0.0161211 0.00977236 0.999822 -0.0185869 0 0 0 1
###
1.23282 -0.991371 1.13361 
10.2641 -12.0355 3.97498 
6.88623 -6.3149 1.8968 
1.81655 -2.73229 -0.0186901 
118.12 -121.879 46.1835 
4.05971 -5.82913 -2.5563 
3.88723 -4.94231 3.54306 
3.90631 -3.62502 1.38322 
0.0452411 -2.36723 3.68939 
0.108507 -2.3726 3.70144 
1.76454 -0.480282 0.0404979 
1.87597 -0.480358 0.0642209 
0.298661 0.439193 1.63978 
2.63573 -2.47892 1.55429 
2.06132 0.16247 0.18872 
1.65091 -0.526294 0.971276 
0.757509 -1.63916 2.38438 
0.587103 -0.132106 0.684246 
4.72204 -4.64768 -0.393272 
2.28267 0.165524 0.11305 
0.183547 -1.87169 3.03332 
0.546629 1.43085 3.89037 
2.04917 0.100227 -0.14181 
5.10122 -5.75441 -1.19174 
0.268934 0.405634 1.5207 
0.315289 0.421843 1.605 
0.673277 0.239648 0.680702 
2.031 0.10702 -0.144621 
1.82956 -0.832704 0.114426 
0.808826 0.285235 0.844193 
0.893374 -1.37046 1.93521 
5.18751 -12.9265 -2.22942 
2.31754 0.173683 0.11096 
1.72859 0.254816 0.57587 
10.9425 -18.0474 -10.0154 
2.09381 -2.32544 0.488474 
1.37798 0.327459 0.968043 
4.62758 -4.54625 -0.380215 
0.74788 0.402265 1.41618 
1.81658 0.252516 0.556464 

-1.81748 -4.99358 6.15503 
-1.99607 -6.85519 8.89149 
-1.57351 -2.59356 2.2486 
1.66181 -2.25527 0.59599 
-1.32261 -2.54806 2.65419 
-2.60388 -3.36796 1.64538 
-1.21758 -2.28151 2.22099 
-3.17439 -4.99532 3.98856 
1.40696 -2.47412 0.704746 
0.900985 -2.8977 4.86665 
2.40105 -0.694265 0.339564 
0.00573194 0.265412 0.275738 
-1.52841 -1.79863 0.239929 
-1.38048 -2.5695 2.57797 
0.182563 0.192127 0.15105 
-0.820999 -0.485923 1.86426 
-1.68073 -1.86135 1.14381 
-2.36496 -2.57207 0.325919 
-0.460912 0.440581 1.00075 
-0.236269 0.25976 0.620708 
12.8045 -13.5879 4.8487 
-1.11874 0.437501 0.945954 
0.0337389 0.176624 0.330517 
1.3825 -2.44677 0.69977 
-0.0187509 0.272819 0.300614 
0.29362 -0.136557 0.334979 
0.122457 0.0861224 0.502935 
0.333111 0.0836931 0.255125 
2.16607 -1.42051 0.304781 
0.147169 -0.071795 0.573731 
0.273859 -0.879617 1.42382 
0.586341 -5.4489 2.13443 
-0.150405 0.203805 0.530654 
-1.1102 0.44096 0.94544 
1.88554 -1.50869 0.0129842 
5.04462 -6.61548 7.42081 
-0.920116 0.493756 1.17701 
0.0146862 -0.0548742 0.562789 
0.00515393 0.263412 0.274629 
-1.01112 0.439426 0.954458 
