-0.973737 -0.11321 0.197533 0.0104708 -0.127453 0.989973 -0.060904 -0.0624253 -0.188657 -0.0844806 -0.978402 -0.0607822 0 0 0 1
0.966903 -0.17806 -0.182737 0.017434 0.142663 0.971093 -0.191379 -0.0101369 0.211531 0.158975 0.964356 0.0130076 0 0 0 1
###
-0.202343 -0.499448 -0.363195 
-0.0982721 -0.344423 -0.23771 
0.320917 -0.311997 -0.202565 
-0.0555181 -0.898504 -0.56618 
0.101738 -0.16683 -0.166446 
0.372221 -0.359531 -0.22121 
1.51201 0.477289 -0.846675 
-0.180683 0.0685842 -0.190022 
0.346565 -0.334005 -0.211675 
0.13104 0.0945605 -0.157752 
0.134967 0.0993333 -0.13417 
-0.500509 -1.08491 -0.551211 
-0.375496 -0.409584 -0.112502 
0.136274 0.0964203 -0.145789 
0.00559015 0.0842198 -0.185339 
0.0752422 0.0902975 -0.172056 
-0.176926 -0.430534 -0.32581 
0.123353 0.0958456 -0.159103 
-0.097638 -0.288303 -0.251345 
0.14657 0.0975094 -0.16146 
-0.0100589 0.0885595 -0.0856165 
-0.139469 -0.237614 -0.190873 
0.133064 0.0988401 -0.132666 
-0.184034 -0.113221 -0.113696 
0.0407412 0.0864601 -0.175174 
0.100663 0.0930631 -0.165377 
0.0640069 0.0887207 -0.172512 
0.153689 -0.14695 -0.0800492 
0.153609 -0.141086 -0.0806255 
-0.176759 -0.432191 -0.328116 

-1.25834 0.785018 1.46619 
-1.35536 -1.45191 1.24087 
2.82115 -2.02383 3.62958 
-1.52344 0.696259 1.31172 
-2.60081 -2.17976 3.02913 
4.07719 -2.91127 5.12708 
0.648783 0.489026 0.557996 
0.642497 0.489612 0.559884 
0.664058 -1.19461 2.25047 
0.586594 0.479467 0.543724 
-0.0413928 -0.0715475 0.687666 
2.46347 -4.85971 12.3258 
-1.81678 0.565361 1.07141 
-0.576693 0.246944 0.21877 
-1.49089 0.739857 1.3879 
-1.76741 0.598778 1.13163 
0.628567 -1.14987 2.13543 
0.728887 0.44298 0.460806 
0.686711 -0.833665 1.93911 
0.0657436 0.223802 0.0518224 
-0.62404 0.223395 0.158985 
2.39738 -5.72875 12.348 
0.093836 0.221526 0.0441223 
2.71605 -2.03224 3.92958 
0.815279 0.482015 0.497681 
0.540775 0.493994 0.585968 
0.627564 0.482246 0.542867 
-1.10675 -1.44492 0.809169 
-0.504954 -1.46214 3.99358 
-0.359541 0.137121 0.730234 
