-0.389738 -0.318279 -0.864177 0.353636 0.237093 0.87207 -0.428113 0.395279 0.889883 -0.371743 -0.264417 0.815862 0 0 0 1
0.99505 -0.0115552 -0.0986976 -0.00772888 0.00975521 0.999778 -0.0187004 -0.000990276 0.0988917 0.017645 0.994942 -0.00491702 0 0 0 1
###
-0.637457 -0.418793 0.432055 
1.59198 -3.57145 0.340004 
9.36408 -11.5583 7.05574 
0.700408 -2.79169 0.510383 
0.865997 -1.70086 1.16796 
1.23654 -2.43245 1.12335 
4.88677 -5.95213 0.515944 
-0.148713 -5.14682 2.61684 
-0.159266 -5.13354 2.62335 
5.03812 -6.60521 7.40935 
1.65166 -4.60536 0.354189 
-0.129384 0.321586 0.656198 
1.02293 -1.74471 0.605121 
1.13145 -2.5186 1.06327 
0.190362 -0.355334 0.628288 
-0.811861 -0.219269 0.551229 
0.358926 -5.45856 2.36833 
2.13048 -6.34299 10.4907 
13.3056 -17.1761 7.19163 
1.24635 -2.43634 1.14099 
5.74451 -6.86016 0.412805 
1.25494 -2.68723 0.343559 
-0.809301 -0.24183 0.536901 
-0.330175 -4.84927 2.37699 
-0.236224 -0.296882 0.520565 
-0.530289 -0.161757 1.48954 

1.18985 -3.59384 5.36746 
1.0637 -1.98074 -0.0357332 
6.79476 -7.8476 4.10471 
0.861674 -2.45506 0.112206 
1.3927 -3.47819 5.0593 
0.956754 -1.49646 0.483511 
2.07505 -3.5101 4.69599 
-0.014426 -3.20755 1.46721 
0.473962 -3.48975 1.18201 
0.487613 -3.19589 4.84041 
1.04942 -3.01085 0.125877 
-0.527007 -3.15416 1.68804 
-0.758878 -0.555644 0.242877 
0.896995 -1.55532 0.450309 
-0.460119 0.16808 0.452318 
0.720985 -1.99677 -0.04748 
1.22684 -3.48822 0.549006 
1.40766 -3.66581 5.20507 
9.98624 -12.0577 4.12979 
0.346729 -0.195594 0.248705 
0.136774 0.110336 0.0807872 
10.1342 -11.8813 3.92702 
0.954206 -1.48422 0.486251 
0.755214 -3.66106 0.593342 
-0.295964 -0.769895 1.15131 
-0.0537031 -0.730845 0.879357 
