-0.228998 -0.331089 -0.91539 0.214192 0.111544 0.92526 -0.362563 0.0930378 0.967015 -0.185132 -0.174952 0.700185 0 0 0 1
0.991746 -0.121313 -0.0415194 0.0854599 0.121219 0.992614 -0.00478321 -0.0143806 0.0417931 -0.000289203 0.999126 -0.0238979 0 0 0 1
###
3.23991 -2.55556 2.34315 
-0.154749 -0.318831 0.606757 
-0.633278 0.102475 0.324482 
0.181397 -2.25522 2.99344 
0.783235 -2.23564 2.58089 
-0.693759 -0.221472 0.187896 
0.335865 0.309733 -0.29345 
1.98888 -7.28318 8.63539 
4.06277 -4.16072 5.98174 
-0.0283445 0.387666 0.641051 
5.20772 -4.87902 -0.953325 
7.85623 -5.13589 3.42588 
-0.505947 -0.54519 0.644789 
0.479459 0.281487 -0.663095 
0.0118481 0.174341 0.634579 
0.0471863 -0.316502 0.595254 
-0.469917 0.416746 0.585363 
1.61463 -0.0843461 -0.53934 
0.0715234 -0.319439 0.60674 
0.0485826 -0.0694366 0.373921 
1.47076 -1.82432 0.130226 

-0.0534434 -0.245986 0.359605 
2.59761 -1.9775 0.983152 
-0.0630767 0.299016 0.0884891 
-2.65774 -2.63009 0.703629 
0.732184 -0.612566 0.449231 
0.328765 -0.208199 0.0186596 
-0.194113 0.326154 0.245484 
-1.3055 -1.27702 0.22788 
-1.86647 -1.90345 1.15529 
-0.164713 0.121896 0.26455 
-0.156549 -0.291924 0.443636 
0.527673 -0.461224 0.439314 
0.156884 -0.844474 0.358445 
-0.0551175 0.323584 0.18425 
0.140936 -0.830578 0.530389 
1.29199 -1.03775 0.796826 
-0.945911 -0.869751 0.133435 
-0.0771548 0.310061 0.122014 
1.43981 -2.64239 0.00805692 
0.429161 0.356525 0.121916 
-0.249189 0.0558717 0.313133 
