0.779335 -0.282704 -0.55921 0.276739 0.168941 0.95419 -0.246942 0.134717 0.603404 0.097977 0.791394 0.230032 0 0 0 1
-0.794707 -0.260498 -0.548253 -0.0154327 -0.0200294 0.91399 -0.405241 -0.0467334 0.606662 -0.311067 -0.731573 0.0562477 0 0 0 1
###
-0.298525 -0.198309 -0.0214955 
0.244738 0.383186 0.440048 
0.750202 0.29016 0.185099 
0.466376 0.411223 0.476808 
-0.670051 -3.73204 2.12552 
-1.72653 -6.13911 11.4534 
-2.84258 -4.30182 9.11271 
1.11481 -2.11371 2.30048 
-0.363037 0.138496 0.737222 
3.28841 -2.43913 4.22176 
0.217749 0.368178 0.490335 
3.08196 -2.35069 3.88589 
-0.65799 -3.54079 2.01141 
0.355648 -1.82516 2.50619 
0.759371 0.415585 0.402242 
1.45749 -6.93355 13.4806 
0.343868 -1.31368 2.04873 
0.720822 -0.991835 2.18105 
-0.0475039 -0.0665105 0.687657 
-5.19275 -7.81779 7.7993 
0.95087 0.505209 0.494714 
-0.365106 0.137083 0.742526 
1.72138 -7.70193 15.0712 
0.327454 -1.28797 2.0052 
1.98163 -2.059 4.68758 
-0.271897 0.0415398 0.864558 
8.46186 -6.27943 4.19661 
0.651481 0.496343 0.567381 
-0.0236294 -3.13166 2.33134 
-0.54472 -1.92141 1.07924 
1.19195 -1.38796 2.17349 

-0.254938 -0.339442 -0.190188 
0.12317 0.0994907 -0.152035 
-0.0282903 0.102385 0.01739 
-0.044583 0.0745906 -0.181281 
0.0905626 -0.398517 0.0183353 
-0.0548834 -0.923398 -0.580913 
0.571479 -0.547541 -0.130391 
0.42617 -1.02582 -0.450542 
0.00925664 0.0670784 0.00824151 
-0.00176281 0.0501896 0.00131861 
0.1107 0.0883646 -0.150191 
0.0310606 -0.396003 -0.351464 
0.0939138 -0.404739 0.0189679 
0.25307 -0.335494 0.266985 
0.0304612 0.050644 -0.0850443 
-0.397994 -1.17564 -0.587456 
-0.0687914 -0.159948 0.03693 
-0.0446598 -0.23458 -0.221609 
0.0982482 0.11389 0.0461432 
0.428872 -0.969484 -0.448976 
0.0639056 0.0885503 -0.171885 
-0.0300408 0.0466126 -0.030735 
-0.46594 -1.00527 -0.512582 
-0.0670279 -0.138434 0.0345632 
-0.0332565 0.0472702 0.00428044 
0.00901853 0.0578074 0.0043668 
-0.0426516 -0.232684 -0.216883 
-0.0832243 0.0904759 -0.0466658 
0.0520096 -0.388965 0.0121139 
0.122804 -0.385753 0.023971 
0.00841705 0.0677849 0.00903591 
