0.779335 -0.282704 -0.55921 0.276739 0.168941 0.95419 -0.246942 0.134717 0.603404 0.097977 0.791394 0.230032 0 0 0 1
0.291345 -0.165703 -0.942157 -0.00754357 0.11866 0.983537 -0.136287 0.00604265 0.94923 -0.0720899 0.306211 -0.0235061 0 0 0 1
###
2.43702 -0.20638 0.381181 
-6.22865 -9.57133 9.68826 
-0.298525 -0.198309 -0.0214955 
0.244738 0.383186 0.440048 
-0.369296 0.309044 0.30284 
0.466376 0.411223 0.476808 
2.25128 -5.74704 12.3099 
-2.84258 -4.30182 9.11271 
-0.362649 0.138689 0.734427 
0.217749 0.368178 0.490335 
-0.65799 -3.54079 2.01141 
-2.69114 -4.14938 8.74689 
0.759371 0.415585 0.402242 
0.343868 -1.31368 2.04873 
0.720822 -0.991835 2.18105 
1.72138 -7.70193 15.0712 
8.46186 -6.27943 4.19661 
3.09045 -2.40003 4.38239 
1.50113 0.461615 1.66875 
-0.0438679 -0.0687941 0.692006 
1.19195 -1.38796 2.17349 
1.7158 -7.62896 14.9127 
0.657547 0.495485 0.565252 

0.206115 -0.0657846 0.00122483 
-0.0807871 -0.336543 0.40263 
0.254204 -0.280743 0.211943 
0.0988389 0.0740408 0.170587 
0.089184 0.117559 0.111899 
0.12461 0.107813 -0.0290579 
0.606526 -1.30938 1.73864 
0.703635 -0.914062 -0.62355 
0.0870207 0.0448833 0.210268 
0.0989003 0.106029 0.015728 
0.110521 -0.37058 0.024959 
0.251339 -0.308131 0.224777 
0.104995 0.0484464 0.0965628 
0.523643 -0.515528 0.198343 
0.130553 0.0972796 -0.131246 
0.455968 -0.536909 0.389365 
0.446213 -1.01475 1.23562 
0.28501 -0.287563 0.228105 
0.141461 -0.0575748 0.000949705 
0.136038 0.0962181 -0.145367 
0.105881 0.0138369 0.135482 
0.0618681 -0.230614 -0.112711 
0.0889897 0.115217 0.072514 
