0.779448 -0.315922 -0.540975 0.271405 0.203743 0.944425 -0.257974 0.145066 0.59241 0.0908572 0.800497 0.2025 0 0 0 1
0.291345 -0.165703 -0.942157 -0.00754357 0.11866 0.983537 -0.136287 0.00604265 0.94923 -0.0720899 0.306211 -0.0235061 0 0 0 1
###
0.465835 0.410172 0.476235 
-0.109666 -0.30579 0.0886543 
0.51717 -1.02928 1.3894 
0.783239 0.415548 0.516855 
-0.450772 -3.55372 2.20878 
-2.38825 -2.15304 3.39389 
2.25022 -5.75628 12.3117 
-2.36104 -3.22828 3.11664 
-0.362217 0.138101 0.735545 
-2.83656 -4.29237 9.0924 
-2.57263 -3.67449 8.39051 
2.94426 -2.26392 3.73237 
-0.448161 -3.4848 2.16548 
0.355115 -1.8218 2.49968 
-2.17295 -1.79011 2.35738 
-4.5091 -4.77765 7.61376 
1.46383 0.450437 1.63512 
0.338236 -1.30397 2.03124 
1.9768 -2.0483 4.65344 
3.02794 -2.36147 4.27918 
0.409377 -1.34662 -0.237604 
-2.68215 -4.13516 8.71375 
0.374494 -1.85469 2.54962 
-2.58698 -2.15925 2.93397 
6.4575 -4.45797 7.58944 
-5.94 -9.71378 9.60939 
-0.422713 -3.33658 2.10433 
-0.411391 -0.116397 0.0866282 
2.61071 -2.05962 3.74577 
-0.411377 -0.116367 0.0864557 
-0.392432 -3.71771 2.15333 

0.0821276 0.124185 0.149416 
0.254204 -0.280743 0.211943 
0.0843814 -0.160689 -0.128181 
0.123665 0.111181 -0.00400311 
0.0872089 -0.398651 0.0348404 
-0.0870389 -0.547141 0.711812 
0.606526 -1.30938 1.73864 
-0.215895 -0.696896 0.863438 
0.0870207 0.0448833 0.210268 
-1.3679 -2.18045 1.61947 
-0.101085 -0.472144 0.59326 
0.297248 -2.60499 3.68164 
0.0905626 -0.398517 0.0183353 
0.260773 -0.3603 0.287215 
-0.0267919 -0.134776 0.15761 
-0.00275445 -0.109228 0.128886 
0.141461 -0.0575748 0.000949705 
0.523643 -0.515528 0.198343 
0.105881 0.0138369 0.135482 
0.28501 -0.287563 0.228105 
0.696332 -2.22909 -1.71234 
-0.552939 -0.913934 0.678415 
0.207555 -0.285059 0.23558 
-0.0809112 -0.507778 0.665344 
-0.116069 -0.179899 0.155911 
0.26224 -0.26356 0.0989391 
0.0372576 -0.135709 0.00607109 
0.130553 0.0972796 -0.131246 
0.0434449 -0.152531 -0.0752868 
0.414187 -0.656424 -0.491428 
0.18822 -0.479295 0.0516328 
