-0.406329 -0.301932 -0.8624 0.339493 0.229743 0.879746 -0.416251 0.382419 0.884373 -0.367265 -0.2881 0.854146 0 0 0 1
1 0 0 0 0 1 0 0 0 0 1 0 0 0 0 1
###
1.08387 -2.41552 1.03748 
0.142523 -0.0142727 -0.701583 
-0.148757 -5.14528 2.61587 
0.00480284 0.00878595 -0.496988 
5.02713 -6.59049 7.39351 
0.700897 -2.79376 0.510068 
0.0128118 0.00955706 -0.501629 
0.587835 0.0962744 -0.356678 
-0.159252 -5.13108 2.62204 
11.9233 -15.4904 6.6258 
3.26639 -6.44449 9.143 
1.68436 -4.66093 0.349456 
-0.464685 -5.01948 2.82942 
1.22647 -3.11092 1.32347 
3.31507 -6.58251 9.30704 
-0.370135 0.423653 0.974595 
1.13139 -2.51844 1.06322 
3.36325 -4.28125 0.527776 
1.12034 -2.51322 1.06301 
0.0275909 -0.278648 0.643258 
0.158076 -2.45276 4.12454 
0.162436 -0.347909 0.630748 
-0.337857 0.304697 0.449787 
3.03329 -2.34817 0.527873 
1.31053 -6.1023 1.5137 

-0.053703 -0.730881 0.87937 
-0.347321 0.134549 0.365622 
0.176945 -3.22171 1.3182 
0.213708 0.101495 0.0211083 
1.18349 -3.57055 5.33379 
0.861823 -2.45561 0.112183 
-0.570876 0.139668 0.312008 
0.0201707 0.159263 0.400199 
0.473903 -3.48923 1.18181 
9.82837 -11.8696 4.06723 
4.71416 -8.35207 10.4789 
1.04986 -3.01229 0.125893 
-0.0162977 -3.19282 1.47101 
0.954781 -1.48713 0.489726 
3.48306 -6.19078 7.77678 
0.0161028 0.177159 0.435965 
0.89477 -1.55088 0.448679 
-0.758152 -0.555079 0.242688 
0.896829 -1.55505 0.450173 
-0.10142 0.192522 0.519975 
-0.425127 0.152914 0.406489 
-0.102903 0.193144 0.521653 
0.0947236 0.12277 0.146312 
1.96134 -1.38698 0.109323 
0.0871084 -3.23598 1.23462 
