0.804783 -0.294949 -0.515101 0.280386 0.184123 0.949045 -0.255758 0.134105 0.56429 0.110988 0.818083 0.169169 0 0 0 1
0.99975 -0.0159805 -0.0156135 -0.00302473 0.0165232 0.999241 0.0352683 0.00669715 0.0150381 -0.0355175 0.999256 -0.00165033 0 0 0 1
###
0.483861 -3.08108 8.08196 
-1.63568 -5.8014 10.9616 
0.318676 0.403459 0.574278 
0.498341 -0.430821 -0.082306 
0.769129 0.29747 0.189288 
-2.83643 -4.30103 9.09628 
-0.366068 0.306349 0.299988 
0.642497 0.489612 0.559884 
-0.359541 0.137121 0.730234 
-0.959545 -1.12047 0.72123 
-2.67766 -4.13487 8.7035 
-4.3445 -4.55406 7.28943 
3.90066 -2.81591 3.60963 
1.95647 -0.623083 -0.452767 
2.81625 -2.21482 3.99313 
-0.446735 -3.4757 2.16108 
-2.51374 -2.09114 2.83052 
-0.593185 0.571965 0.222701 
0.511654 -0.714189 1.62424 
-0.592815 0.569383 0.222572 
-0.361737 0.135747 0.735699 
0.686711 -0.833665 1.93911 
-0.0734932 -0.663161 -0.0603525 
-1.71703 0.343196 1.48779 
-0.575768 0.522555 0.207968 
-0.607476 0.270494 0.233901 
-0.212878 -0.329516 -0.0119147 
0.728887 0.44298 0.460806 
-0.316898 -0.148642 0.0481863 

-0.10985 -0.440347 0.530785 
-0.38155 -1.19296 1.45557 
0.104893 0.112933 0.0288695 
0.141461 -0.0575748 0.000949705 
0.136274 0.0964203 -0.145789 
0.316738 -0.38427 -0.237637 
-0.034341 0.101306 0.188321 
0.0885945 0.114367 0.061014 
0.0870209 0.0448828 0.210269 
0.0939658 -0.404899 0.0189584 
-0.411025 -1.61231 1.96064 
-0.212178 -1.41968 1.77797 
0.19491 -0.185659 -0.0622947 
-0.0394987 0.108465 0.202128 
0.28501 -0.287563 0.228105 
0.0236383 -0.0939594 0.00394877 
-0.429616 -1.19308 1.47867 
-0.227707 -0.0613654 0.323288 
0.402513 -0.637657 -0.477437 
0.100057 0.111628 0.0201175 
0.0845066 0.0661664 0.204933 
0.388819 -0.613782 -0.476811 
0.0157196 -0.0157972 -0.00139992 
0.0991048 0.120147 0.0615126 
0.0975047 0.113243 0.0339986 
0.0961777 0.111922 0.0369271 
-0.0658794 -0.24853 0.293374 
0.106254 0.112715 0.0186237 
0.29553 -0.446518 0.120577 
