0.811046 -0.25384 -0.527039 0.282227 0.132278 0.957193 -0.257459 0.111515 0.569831 0.139095 0.809905 0.123989 0 0 0 1
0.353539 -0.114261 -0.928415 -0.00543398 0.0616852 0.993199 -0.0987445 0.00645356 0.933384 -0.0223593 0.358183 -0.0237561 0 0 0 1
###
0.459717 0.404452 0.470121 
0.838945 -1.19298 0.349226 
-1.6278 -5.77173 10.9107 
-0.364753 0.294664 0.284242 
-2.53522 -3.62113 8.26593 
2.73902 -0.0835784 0.355504 
2.41864 0.18089 -0.180738 
0.866725 0.328412 0.207411 
4.43281 -2.29232 1.5829 
0.541995 0.436178 0.506993 
-0.356147 0.118963 0.665489 
0.692922 -1.43583 -0.221776 
0.957 0.352421 0.213381 
-0.497378 -0.349676 0.711218 
-2.81923 -4.27519 9.03449 
0.148131 0.279068 0.0688361 
0.64179 0.489327 0.559375 
1.18721 -1.3712 3.1626 
0.0230141 -1.42137 3.92568 
3.0197 -1.14088 -0.559696 
-0.483126 0.26859 0.258613 
3.83365 -0.158021 0.430022 
0.336988 -1.29714 2.02085 
2.80173 -1.7394 -0.202328 
1.44559 -1.80374 2.80705 
2.11235 -2.16572 4.92232 
-2.67552 -4.13927 8.69766 
-0.179901 0.0639505 0.509759 
12.2309 -8.01177 10.1896 
0.8478 -1.21082 1.85942 
2.25172 -3.22024 -0.389737 
5.42352 -3.7218 4.36825 
3.25985 -1.38657 0.386185 
0.128012 -3.48585 2.52079 

0.124609 0.107812 -0.0290581 
0.254204 -0.280743 0.211943 
-0.0412221 -0.466966 0.581949 
0.064216 0.106605 0.00237743 
0.184955 -0.205797 0.196652 
0.138673 -0.014079 -0.0054176 
0.186127 -0.355585 0.0667579 
0.0883633 0.113649 0.0807457 
0.202275 -0.0144692 0.135586 
-0.032814 0.100808 0.186901 
0.0870209 0.0448828 0.210269 
0.210421 -0.209108 0.175092 
0.132618 0.105466 -0.174291 
-0.0182202 -1.50291 2.01825 
-0.411025 -1.61231 1.96064 
0.136189 0.0963546 -0.145635 
0.0869284 0.11723 0.0984597 
0.131312 0.0973625 -0.133723 
0.244316 -0.248818 -0.110463 
0.0536459 0.0965965 -0.00170774 
0.103848 0.0238059 0.13215 
-0.176707 0.0201645 0.249215 
0.523643 -0.515528 0.198343 
0.303046 -0.718615 -0.841756 
0.10127 0.11473 0.0452395 
0.129937 0.0968362 -0.130335 
0.170042 -1.71589 2.23269 
0.100057 0.111628 0.0201175 
0.227741 -0.205477 -0.028699 
0.088777 0.114975 0.0605616 
0.267093 -0.591798 -0.487712 
0.351694 -0.538976 0.557121 
0.0861933 0.116525 0.0793778 
0.0907154 -0.258306 0.0404333 
