-0.189332 -0.367086 -0.910715 0.23851 0.111465 0.91346 -0.391365 0.0995468 0.975566 -0.175611 -0.13203 0.649658 0 0 0 1
0.991746 -0.121313 -0.0415194 0.0854599 0.121219 0.992614 -0.00478321 -0.0143806 0.0417931 -0.000289203 0.999126 -0.0238979 0 0 0 1
###
5.36664 -5.64748 5.82298 
0.348562 0.311539 -0.299059 
-0.30219 0.39848 0.428146 
2.60554 -2.00354 2.00082 
0.734694 -1.70447 0.332736 
0.0170911 0.2402 -0.0756524 
-0.0551746 0.35527 0.546884 
4.06861 -4.16665 5.99084 
1.68098 0.298782 -0.709645 
-0.35133 0.16961 0.185736 
0.904121 -1.63519 0.874875 
2.53859 -4.30727 7.15377 
-0.461024 0.415455 0.581905 
2.94789 -3.02952 -0.491839 
4.67753 -3.73723 0.742026 
2.60288 -1.982 1.96465 
-0.521665 -1.23774 1.65014 
-0.392868 0.400687 0.516014 
-0.33348 0.8491 0.611354 
0.0092118 0.175329 0.631755 
-0.0182626 -1.10695 2.47725 
-0.368797 0.77872 0.581434 
0.591672 0.250401 -0.932137 
0.0149962 0.172929 0.637888 
1.20934 -1.16684 0.417582 
2.28254 -4.27347 -2.27612 
0.307905 0.254383 -0.509017 
0.269979 -3.82844 1.80591 
0.109639 0.0266501 0.350506 
0.415105 0.268803 -0.588972 

0.714782 -0.576367 0.443177 
0.239918 0.346091 0.17334 
-0.00892633 0.297935 0.0747468 
0.186185 -0.30472 0.409264 
0.114996 -0.686171 0.615871 
0.17679 0.345222 0.183964 
-0.100639 0.321546 0.195859 
0.18671 -0.234697 0.297832 
-0.0968343 0.321535 0.195127 
-0.0457606 0.321584 0.178103 
-0.325264 -0.795764 0.854093 
-1.99819 -2.01659 0.699688 
0.264364 -0.155482 0.0167641 
-0.105136 -0.359774 0.517594 
0.40172 0.361343 0.123659 
-0.375954 -0.640085 0.813023 
0.138091 -0.883335 0.258659 
-0.249189 0.0558717 0.313133 
-0.0833478 0.31688 0.174039 
0.13905 -0.82947 0.523114 
-1.41524 -1.42164 0.284861 
0.444624 0.351453 0.0768354 
-0.055109 0.321986 0.179081 
0.14091 -0.830473 0.530346 
2.40003 -1.88631 0.85593 
-2.38383 -2.62764 2.4271 
-0.153214 0.31743 0.195707 
0.0866453 -0.786899 0.244895 
0.415323 0.351108 0.0956072 
0.393838 0.362031 0.122541 
