-0.343096 -0.27931 -0.896812 0.401322 0.222201 0.903532 -0.366411 0.332189 0.91264 -0.324986 -0.247935 0.729671 0 0 0 1
0.995054 -0.0115833 -0.0986539 -0.00773749 0.00978459 0.999777 -0.0186966 -0.000997164 0.0988485 0.0176389 0.994946 -0.0049123 0 0 0 1
###
2.8535 -3.17108 2.98834 
0.888317 -1.71615 1.16875 
0.226099 0.0466669 -0.322936 
0.733847 -2.63337 0.405376 
7.47923 -10.3728 8.10697 
5.05054 -6.62496 7.4306 
0.343528 -1.13416 -1.68285 
0.128471 0.0102706 0.787824 
0.566832 0.0954224 -0.345211 
0.555155 0.093032 -0.336721 
1.13246 -2.52085 1.0639 
-0.272217 0.410595 0.890259 
2.62016 -3.42563 0.535924 
0.36052 -5.48991 2.38114 
0.423515 0.0282247 -0.581881 
0.263012 0.0471149 -0.428149 
0.178619 -0.351479 0.629608 
-0.257361 0.274717 0.350022 
1.22839 -2.67405 1.07942 
0.255945 -1.97213 3.86844 
1.24227 -2.42886 1.13806 
0.504619 0.111251 -0.271624 
6.67752 -21.2675 -6.42865 
-0.489862 -2.66138 1.63963 

-0.914545 -2.10773 1.40815 
1.58549 -3.90322 5.73045 
-0.465581 0.139255 0.333479 
-0.482381 -2.92637 1.57439 
7.49674 -9.85722 6.73104 
2.00469 -3.01614 3.5383 
-0.296218 -0.770303 1.15184 
0.298264 0.0241684 0.180115 
1.80652 -0.466483 0.0638676 
-0.42508 0.152899 0.406389 
0.895064 -1.55137 0.448825 
0.0160911 0.177238 0.43612 
-0.278041 -1.05489 1.21991 
0.495196 -3.61716 1.22071 
0.211787 -0.160309 0.297412 
-0.0347228 0.0897806 0.247666 
-0.102951 0.193181 0.52172 
0.186025 0.0539095 0.233741 
0.89721 -1.55577 0.450361 
1.51949 -3.99139 5.72117 
0.1487 0.0824056 0.139348 
0.138475 0.0742341 0.158542 
0.304283 -0.228479 0.261906 
0.602932 -3.36374 1.01571 
