-0.345027 -0.31142 -0.885423 0.398443 0.227033 0.887648 -0.400671 0.365235 0.910721 -0.339263 -0.23556 0.766604 0 0 0 1
0.995054 -0.0115833 -0.0986539 -0.00773749 0.00978459 0.999777 -0.0186966 -0.000997164 0.0988485 0.0176389 0.994946 -0.0049123 0 0 0 1
###
-0.746952 -0.29694 0.56141 
-0.61723 -0.593344 0.341274 
9.37392 -11.5616 7.05419 
5.04462 -6.61548 7.42081 
-0.536077 -1.51173 -2.94448 
1.03354 -1.75484 0.608018 
1.1317 -2.51919 1.06339 
3.27028 -6.4599 9.16042 
0.304185 0.141476 0.124362 
0.511906 0.147009 -0.0996408 
4.52881 -6.91274 -1.47918 
3.32445 -6.60478 9.33608 
-0.365949 0.211318 0.154173 
0.181997 -0.352149 0.629452 
0.41105 -1.0464 0.684379 
1.16402 -2.55216 0.341257 
0.162103 -0.347895 0.630545 
0.113389 -4.64753 2.20001 
13.2903 -17.1549 7.18212 
2.50163 -6.75269 1.15672 
0.580959 0.0293185 -0.708816 
0.318748 -2.08549 4.03916 
-0.656591 -1.51636 2.83835 
1.0698 0.797 2.44597 

0.119417 0.0851029 0.236759 
6.78538 -7.47565 1.93571 
6.72591 -7.76892 4.06295 
1.99772 -3.00557 3.52592 
0.125707 0.100527 0.146874 
1.74806 -2.94425 3.92789 
0.894694 -1.55068 0.448675 
4.01113 -7.09447 8.89299 
0.173509 0.0155209 0.322146 
-0.0233737 0.210513 0.520249 
1.03155 -1.47768 0.225551 
3.47171 -6.17067 7.75079 
0.168111 0.0923453 0.100347 
-0.42508 0.152899 0.406389 
1.58415 -3.89967 5.72513 
0.749312 -1.26647 0.0143516 
0.391046 -0.157622 0.0838452 
0.977093 -3.40372 0.724821 
10.0359 -12.1187 4.14929 
1.56554 -3.62382 0.310608 
0.194077 -0.098394 0.250406 
1.51425 -3.9769 5.70001 
-0.284783 -4.09144 4.99624 
-0.0127984 -0.0459897 0.0258505 
