-0.32848 -0.24735 -0.911548 0.408954 0.270375 0.900088 -0.341671 0.321865 0.904985 -0.358692 -0.228784 0.580436 0 0 0 1
0.653651 -0.298329 -0.695514 -0.0825109 0.353922 0.932836 -0.0675044 0.204795 0.668939 -0.202034 0.715335 -0.83311 0 0 0 1
###
2.85934 -3.17649 2.99384 
0.166409 0.274763 0.977989 
0.560809 0.0935654 -0.337128 
-3.58981 -7.39731 -3.65568 
0.168382 0.00588747 -0.487098 
-0.528319 -1.60876 -3.17327 
7.25279 -9.72338 7.09785 
3.28352 -6.48503 9.19464 
-0.343069 0.223866 0.11018 
-0.340923 0.235362 0.143053 
0.653951 -1.33209 -2.21545 
5.06698 -6.64669 7.45168 
-0.726785 -1.88174 -2.84556 
1.43247 -2.55572 0.718946 
-0.15972 -5.15149 2.632 
1.13247 -2.5209 1.06375 
1.06207 -6.04644 -3.10272 
1.15868 -2.52017 0.350367 
11.9208 -15.4918 6.61781 
1.39372 -2.46518 0.705136 
6.56802 -9.43322 7.40162 
6.1666 -7.30744 0.391664 
4.03952 -5.83446 -0.939615 
13.1836 -17.0213 7.12655 
0.162441 -0.348584 0.630711 
0.346575 -3.22977 -3.60319 
-0.427651 -0.0825949 0.299314 

1.57029 -5.93306 -1.79455 
0.170004 0.387149 1.49669 
0.748498 0.402995 1.41684 
1.19186 -2.52711 -0.377827 
1.51854 0.310896 0.857752 
0.417631 0.416719 1.51403 
8.54631 -10.6796 6.69712 
1.81739 -2.00381 1.91437 
0.266556 0.394983 1.49373 
2.32162 0.177459 0.103654 
1.78152 -1.17973 0.62193 
6.28741 -7.56974 7.47735 
2.05702 0.102322 -0.145758 
3.28533 -3.02981 1.58488 
-0.0164574 -3.19998 1.47403 
0.896922 -1.55523 0.450199 
0.650174 -1.90236 2.86793 
2.67175 -2.53474 1.73418 
9.36563 -11.3498 3.90255 
3.47219 -3.18812 1.6688 
7.94761 -10.6142 7.27116 
1.53224 -1.82578 0.197957 
1.99614 0.0992904 -0.166886 
9.96272 -12.0283 4.11645 
0.798288 0.212603 0.496133 
2.15161 -2.0046 1.34388 
1.92956 -0.522485 -0.0822609 
