-0.184222 -0.287411 -0.939924 0.234321 0.111734 0.943968 -0.310547 0.0535711 0.976513 -0.162231 -0.141786 0.533945 0 0 0 1
0.996476 -0.0760508 -0.0353676 -0.00361865 0.0758681 0.997097 -0.00648408 0.000249171 0.035758 0.00377796 0.999353 -0.00877754 0 0 0 1
###
-0.586132 -0.65346 -0.112295 
0.894871 -3.66908 -1.62003 
0.513532 0.356719 -0.364738 
3.13574 -2.38974 2.02226 
0.344032 0.311445 -0.296828 
0.32595 -1.32629 2.76083 
-0.346826 0.274463 -0.0473479 
-0.0628591 -2.04806 3.45345 
-0.103866 -1.08249 -2.3174 
0.012276 0.174103 0.634647 
0.190979 0.293494 -0.168172 
1.00734 -1.50029 0.781723 
1.6851 -2.07348 0.259417 
-0.320264 0.355281 0.238977 
1.29989 -1.22916 0.427083 
0.728908 -3.63431 1.63549 
2.56969 -2.59946 -0.422263 
6.36209 -5.02912 0.752888 
0.172402 0.304896 0.0193444 
-0.62868 -0.569339 0.0504647 
-0.278582 0.327061 0.110506 
0.249066 0.248862 -0.490652 
1.05468 -1.40143 0.840108 
3.62723 -4.01967 -1.22026 
1.63571 -8.9462 3.55216 

0.364963 -0.484111 0.113631 
0.732184 -0.612566 0.449231 
0.375 -0.248612 0.0397292 
-0.702506 -1.09614 1.18003 
-0.116307 0.317615 0.189605 
-2.65774 -2.63009 0.703629 
-0.0651506 0.300697 0.0927339 
-0.945911 -0.869751 0.133435 
-0.0630767 0.299016 0.0884891 
0.13905 -0.829469 0.523114 
-0.125577 0.315907 0.183726 
0.167045 -0.849676 0.636328 
1.01612 -0.825596 0.195773 
-0.0912778 0.316435 0.179423 
2.40102 -1.88704 0.856261 
0.172968 -0.939538 0.358977 
-0.410092 0.102252 0.302722 
0.368531 0.338489 0.115788 
0.424403 0.353191 0.121242 
0.298351 -0.549129 0.0807483 
-0.342536 0.184812 0.298847 
-0.167637 0.307363 0.155953 
-1.65374 -1.96089 1.76532 
-1.99819 -2.01659 0.699688 
0.13069 -0.870887 0.449472 
