-0.351535 -0.240381 -0.904787 0.395205 0.239486 0.911224 -0.335138 0.313649 0.905025 -0.334496 -0.262759 0.666311 0 0 0 1
0.995054 -0.0115833 -0.0986539 -0.00773749 0.00978459 0.999777 -0.0186966 -0.000997164 0.0988485 0.0176389 0.994946 -0.0049123 0 0 0 1
###
0.72852 -2.62825 0.404228 
12.3767 -15.298 6.32011 
1.74419 -5.6971 9.37578 
0.349312 -3.71891 4.57746 
-0.3442 0.228919 0.155755 
0.477894 -1.15203 0.982902 
-0.148809 -5.15732 2.62243 
0.214216 -0.0231347 -0.831795 
0.558936 0.0933161 -0.338828 
5.29022 -6.35899 7.29703 
-0.343226 0.223809 0.110583 
1.4195 -2.5331 0.71426 
4.95179 -6.0028 0.50629 
1.20863 -2.59878 0.35329 
-0.073448 0.213283 0.56812 
-0.472594 -0.957571 1.01725 
1.15375 -2.56682 1.06405 
1.237 -2.43208 1.12371 
1.41003 -2.49418 0.709611 
5.77531 -6.88364 0.413904 
3.34591 -5.10808 -1.00103 
-2.01914 -4.79739 -2.00828 
-0.824499 -0.54417 0.379821 
0.123483 -2.51709 -2.59044 

0.861298 -2.45396 0.112185 
0.522646 -2.1006 3.25044 
0.0170974 -0.0945067 0.0907703 
-0.740907 -1.35663 0.695613 
0.0160911 0.177238 0.43612 
1.58534 -3.90288 5.73006 
-0.0146146 -3.21477 1.47038 
-0.0508581 0.186689 0.509579 
-0.42508 0.152899 0.406389 
-0.0199119 -0.0751615 0.0483086 
0.168111 0.0923453 0.100347 
1.06643 -1.54724 0.234665 
-0.759302 -0.555934 0.242987 
0.749312 -1.26647 0.0143516 
0.11438 0.0941523 0.222806 
0.583508 -3.47016 1.0861 
0.897386 -1.55608 0.450439 
0.1487 0.0824056 0.139348 
0.16562 -0.206928 0.0426712 
2.0737 -2.20315 0.0294533 
-0.741187 -1.18889 0.419616 
0.954895 -1.48535 0.486527 
1.20009 -3.62551 5.41493 
0.24444 0.0530335 0.0643729 
