0.480343 -0.0944193 -0.871984 0.112306 -0.0202302 0.992731 -0.118638 -0.00863513 0.876847 0.0746274 0.474942 -0.830631 0 0 0 1
0.999779 -0.0136375 -0.0159855 -0.00204725 0.0134795 0.99986 -0.00995177 -0.00492575 0.016119 0.0097341 0.999823 -0.0185783 0 0 0 1
###
2.32674 -2.12031 1.45563 
1.9737 -0.830401 -0.0370669 
0.712764 0.202301 0.502895 
8.39878 -8.31369 2.28672 
0.726341 0.217469 0.56282 
0.756419 0.194399 0.447712 
0.0863356 -2.20545 3.44584 
0.804837 0.220451 0.496418 
1.63181 -0.479309 0.981722 
1.27347 -1.75067 0.0806331 
0.120423 -2.1534 3.37858 
0.720896 0.204682 0.496467 
0.729416 0.220883 0.561975 
1.63577 0.283558 0.714821 
1.86375 -0.485942 0.0646082 
1.27604 -1.73434 0.0824217 
2.92362 -2.78907 1.65972 
3.29088 -3.02538 1.57984 
0.669205 0.212642 0.542574 
0.723972 0.224879 0.577255 
0.640005 0.0496921 0.563579 
0.726332 0.201407 0.48455 
0.687319 0.208665 0.517045 
0.611513 -0.0630665 0.650235 
0.803061 0.254958 0.690444 
2.19505 0.144407 0.0278555 
0.608845 -0.0594113 0.657165 
3.12198 -3.22048 -0.450369 
0.854944 0.23171 0.564474 
0.719895 0.205349 0.503073 
0.194788 -1.81952 2.95789 
0.138443 -2.05516 3.26373 
0.44737 0.421014 1.5829 
2.3228 -2.43415 -0.366663 
2.32075 -2.02817 1.33575 
6.33554 -9.21926 4.81352 
1.51758 -1.17484 1.30179 
0.609611 0.411065 1.49808 

-1.78223 -4.89835 6.04056 
1.66228 -2.25596 0.596127 
0.00573194 0.265412 0.275738 
-1.99031 -6.83542 8.8662 
-0.130317 0.237969 0.166156 
-0.246361 0.248643 0.207749 
0.902187 -2.90173 4.87305 
0.235994 0.0401111 0.399504 
-0.821459 -0.486067 1.86566 
2.47203 -2.5634 0.299074 
12.495 -13.2738 4.74641 
1.39372 -2.46518 0.705136 
0.186738 -0.144969 0.606191 
-1.32177 0.350771 0.603103 
0.127858 -0.12492 0.71547 
2.79286 -2.89315 0.358307 
-1.38089 -2.57024 2.57861 
-2.604 -3.36811 1.64541 
-1.52849 -1.79868 0.239803 
0.0289602 0.163839 0.446066 
1.88625 -1.50928 0.0129233 
0.215742 -0.34267 0.61778 
-0.107856 0.294616 0.384444 
-0.461021 0.440676 1.00093 
0.543666 0.150929 0.275088 
-0.953445 0.454882 1.05241 
-1.85977 -2.21058 0.23464 
0.0337387 0.17662 0.330512 
0.124524 0.160799 0.265271 
0.133837 0.224259 0.143422 
1.4082 -2.47632 0.705179 
-0.787906 -0.591745 1.99987 
0.00515447 0.26341 0.274627 
-0.0187496 0.272813 0.300608 
-1.78326 -0.971837 0.633923 
1.3143 -6.12118 1.51654 
-0.816795 -1.57426 2.23049 
0.380731 0.17064 0.0650122 
