-0.555281 -0.0396692 -0.830716 -0.0741378 -0.17008 0.983168 0.0667384 -0.203801 0.814086 0.178347 -0.552681 -0.186276 0 0 0 1
0.999882 -0.0153464 0.000101776 0.0114475 0.0153462 0.999881 0.00169521 0.00564378 -0.000127779 -0.00169345 0.999999 0.00136417 0 0 0 1
###
0.568624 -0.97062 -0.80522 
0.407866 -0.66091 -0.63996 
0.981256 -1.99435 -1.39805 
0.0701921 0.215384 -0.16505 
0.155322 0.260723 -0.201468 
0.329049 -0.0116881 -0.323759 
0.315799 0.290406 -0.116548 
0.617299 -0.993513 -0.721521 
0.473025 -0.746693 -0.678992 
-0.091177 -1.4604 -1.1644 
0.0976549 0.265457 -0.14956 
0.106403 0.261841 -0.197923 
-0.0794002 -1.36647 -1.10874 
0.151268 0.143785 -0.0848727 
0.614858 -0.804551 -0.493871 
0.0869704 0.257236 -0.189708 
0.207059 -1.13153 -1.0085 
0.111082 0.26118 -0.160093 
0.389678 0.328692 0.0503603 
0.115575 0.265584 -0.159785 
0.102037 -0.029319 -0.522018 
0.0957351 -0.240935 -0.525189 
0.101892 0.257857 -0.192326 
0.0886775 0.257434 -0.194409 
0.341747 0.275084 -0.206682 
0.0879534 -0.00980874 -0.517863 
0.313846 0.246451 -0.344692 
0.33569 -0.0312315 -0.33652 
0.0687362 0.0693008 -0.601545 
0.177063 0.0898954 -0.0541364 
0.555366 -0.397709 0.3394 
0.361405 0.300797 -0.06974 
0.326294 0.257117 -0.29159 
0.186165 -0.991003 -0.920389 
0.36837 0.323412 0.0413754 
0.108133 0.271344 -0.121532 
0.0951416 0.268375 -0.127282 

4.16175 -3.88626 5.87452 
-0.140912 -2.68476 4.62224 
-11.55 -30.5628 33.0916 
-1.00692 0.272031 0.355592 
1.91699 -0.0291364 0.404499 
-0.804304 -0.369818 1.29111 
5.52362 -4.009 4.99342 
2.07626 -1.68301 2.25417 
-2.2445 -9.53553 10.743 
4.05681 -2.76243 1.43185 
-0.103056 0.0556464 0.393873 
-0.62981 0.356303 0.432913 
0.893216 -1.06992 0.0981984 
-0.882815 -1.19924 0.0453198 
7.90384 -5.88627 6.16144 
1.20639 -3.66555 6.68912 
-0.140031 0.113045 0.384526 
-0.53972 0.405967 0.592202 
-0.11907 0.351983 0.0991287 
-0.124659 0.0945251 0.337939 
0.0273875 -0.110455 0.417308 
0.0277565 -0.0443436 0.397025 
0.448341 0.460529 0.173607 
0.175255 -0.0422382 0.222 
-1.19556 0.217435 0.219843 
3.22537 -2.51855 0.686932 
-0.985083 0.312548 0.490822 
-0.915643 -0.35261 1.36357 
-1.10025 -0.170473 0.370192 
-1.23489 -2.27228 1.53349 
-1.0656 -1.97465 1.32927 
-1.01467 0.314237 0.496966 
-0.999802 0.313568 0.494596 
2.40846 -3.94409 7.06875 
-0.883488 0.37775 0.682453 
-0.132231 0.10129 0.36463 
0.0173466 -0.0170265 0.367161 
