0.81552 -0.216577 -0.536677 0.28028 0.116889 0.969866 -0.21377 0.0902568 0.566802 0.111602 0.81626 0.036163 0 0 0 1
0.291345 -0.165703 -0.942157 -0.00754357 0.11866 0.983537 -0.136287 0.00604265 0.94923 -0.0720899 0.306211 -0.0235061 0 0 0 1
###
-0.360501 0.137474 0.729369 
-0.104841 0.0686159 0.218943 
0.389625 0.3598 0.447999 
1.1941 -3.01384 -0.15386 
0.914637 0.346415 0.216382 
2.58761 -1.3538 -0.361752 
0.467176 0.408103 0.476075 
0.264498 -1.13372 1.79759 
-2.89673 -4.41226 9.31866 
2.34151 -1.86513 3.04837 
0.0897875 0.218935 0.0444744 
-0.100569 -3.59136 2.57498 
0.339864 -1.30382 2.03162 
3.10128 -1.63712 -0.364542 
3.03855 -1.49594 -0.398254 
4.46945 -3.75622 4.22242 
0.0939362 0.222464 0.0443003 
-6.06334 -9.92481 9.79757 
0.644609 0.487452 0.555268 
-0.362698 0.136292 0.73857 
0.187755 -0.33771 0.636241 
0.728461 0.443284 0.460819 
-0.872699 -0.885401 0.688284 
0.274879 -1.17782 2.05733 
1.36222 1.02967 1.78634 
2.71264 -1.15043 0.338841 

0.0870209 0.0448828 0.210269 
0.110953 -0.00472065 0.10712 
0.137263 0.103598 -0.0887806 
0.194359 -0.205737 0.187391 
0.132618 0.105466 -0.174291 
0.121654 -0.0507055 0.117631 
0.136135 0.096312 -0.145545 
0.192656 -1.89201 2.45053 
0.100717 -0.0936533 -0.0463045 
-0.336086 -0.498024 0.423751 
0.106097 0.0131443 0.139039 
0.110388 -0.369958 0.024996 
0.523643 -0.515528 0.198343 
0.104827 0.110741 0.0075631 
0.102645 0.111176 0.0139733 
0.0519418 -0.326177 0.415929 
0.0889897 0.115217 0.072514 
0.170042 -1.71589 2.23269 
-0.178128 -0.00679533 0.245611 
0.0845066 0.0661664 0.204933 
0.0853876 0.0679216 0.196058 
0.106254 0.112715 0.0186237 
0.0719952 -1.42499 -0.569048 
0.298781 -0.677972 0.825759 
0.0549313 0.12449 0.174757 
-0.0331119 0.100891 0.187047 
