-0.191986 -0.30522 -0.932728 0.23235 0.0872195 0.941341 -0.325991 0.0522817 0.977514 -0.143938 -0.154103 0.580732 0 0 0 1
0.996476 -0.0760508 -0.0353676 -0.00361865 0.0758681 0.997097 -0.00648408 0.000249171 0.035758 0.00377796 0.999353 -0.00877754 0 0 0 1
###
3.1455 -2.46371 2.29083 
-0.306008 0.396026 0.429162 
-0.533372 -0.361199 0.151961 
-0.270821 -0.735208 -0.10253 
0.162719 0.268575 -0.170617 
1.20639 -3.66555 6.68912 
-0.118688 -1.11035 -2.52649 
0.79112 -1.63375 0.267028 
4.06103 -4.15743 5.97924 
-0.560146 -0.269391 0.120985 
5.09523 -4.7912 -0.934319 
-0.332854 0.285354 -0.0736949 
0.0956366 0.182529 -0.592654 
0.0416268 -0.0679174 0.373723 
-0.108637 -1.07015 -2.28683 
0.0115323 0.174206 0.63394 
4.65725 -3.72458 0.741033 
1.9873 -2.36588 0.242799 
-0.0793507 -1.2716 -2.2442 
-0.607212 -0.281656 0.157423 
-0.383548 0.414869 0.524489 
0.0151589 0.172865 0.637791 
-0.381066 0.332188 0.195481 
-0.523442 -0.0818435 0.523069 
0.335049 0.309163 -0.298742 
1.58731 -0.0810689 -0.530171 
1.03506 -1.4569 0.260829 
-0.543717 0.0137424 0.30602 
-0.607335 -0.282138 0.156877 
0.638943 -1.67743 -2.05818 
0.287524 0.253175 -0.492042 
0.591904 -1.60218 -1.96012 
0.0749591 -3.60312 1.97667 

0.257276 -0.207987 0.172037 
-0.00718928 0.281174 0.0680028 
0.328765 -0.208199 0.0186596 
-0.300581 -0.291492 0.34436 
0.17679 0.345222 0.183964 
-1.07031 -1.01278 0.195678 
-0.0630767 0.299016 0.0884891 
0.114997 -0.686165 0.615873 
0.714782 -0.576367 0.443177 
1.70275 -1.55486 0.208454 
-7.44162 -7.16312 4.53261 
-0.00892633 0.297935 0.0747468 
-0.0776757 0.322346 0.196189 
0.428792 0.334109 0.0515867 
-0.000824899 0.324139 0.175048 
0.140906 -0.830433 0.530332 
0.3906 0.35647 0.121786 
-0.204427 0.316872 0.203612 
0.498708 0.382115 0.085384 
0.298351 -0.549129 0.0807483 
-0.0761402 0.302315 0.115837 
-0.342763 0.0777045 0.262826 
-0.249189 0.0558717 0.313133 
-2.56488 -3.22887 0.193855 
-0.216705 0.317261 0.215179 
-0.0771548 0.310061 0.122014 
0.424378 0.353169 0.121233 
0.935163 -0.804999 0.730827 
0.69862 -0.563313 0.432969 
-0.171156 0.317865 0.194353 
0.110424 -0.0457623 0.287566 
0.368531 0.338489 0.115788 
0.139923 -0.858726 0.259186 
