-0.32848 -0.24735 -0.911548 0.408954 0.270375 0.900088 -0.341671 0.321865 0.904985 -0.358692 -0.228784 0.580436 0 0 0 1
1 0 0 0 0 1 0 0 0 0 1 0 0 0 0 1
###
0.166409 0.274763 0.977989 
-3.58981 -7.39731 -3.65568 
0.584171 -2.95691 5.35414 
4.04886 -4.42529 2.48849 
7.46575 -10.3633 8.09569 
-0.528319 -1.60876 -3.17327 
3.28352 -6.48503 9.19464 
-0.343069 0.223866 0.11018 
-0.340923 0.235362 0.143053 
0.551243 0.094328 -0.334695 
1.13247 -2.5209 1.06375 
-0.726785 -1.88174 -2.84556 
0.205033 -0.288627 0.816722 
1.43247 -2.55572 0.718946 
6.32192 -7.48924 0.449144 
-0.15972 -5.15149 2.632 
1.13247 -2.5209 1.06375 
1.15868 -2.52017 0.350367 
11.9208 -15.4918 6.61781 
6.56802 -9.43322 7.40162 
-0.878558 -0.786814 0.257459 
6.1666 -7.30744 0.391664 
-0.138468 0.24787 0.666451 
13.1836 -17.0213 7.12655 
1.24118 -2.42675 1.13712 
2.58609 -6.93312 1.16692 
0.862415 -2.88675 0.305028 
4.49082 -5.94973 6.63404 
-0.128283 0.222047 0.683483 
4.4643 -9.34782 -2.90577 

-0.0574608 0.199252 0.521901 
0.164661 0.0339308 0.309172 
0.52236 -2.09938 3.24837 
8.54631 -10.6796 6.69712 
7.51052 -9.87518 6.74276 
0.30146 0.000456081 0.140081 
3.49898 -6.21984 7.81257 
0.136028 0.109753 0.080442 
0.0160926 0.177217 0.436083 
-0.102949 0.193175 0.521715 
0.896922 -1.55523 0.450199 
0.202866 -0.0157917 0.241044 
0.165297 0.0208664 0.325972 
1.06585 -1.54635 0.234562 
-0.759302 -0.555934 0.242987 
-0.0164574 -3.19998 1.47403 
0.894891 -1.55104 0.448707 
0.770005 -1.31281 0.00789719 
9.36563 -11.3498 3.90255 
7.94761 -10.6142 7.27116 
1.65823 -2.39938 2.67966 
2.07235 -2.20166 0.0294624 
0.325908 -0.161712 0.25848 
9.96272 -12.0283 4.11645 
0.148712 0.0824189 0.139361 
1.56763 -3.62865 0.310635 
1.04996 -3.01261 0.125885 
3.97789 -4.83059 4.67365 
0.177347 0.053902 0.165402 
-1.49396 -5.46092 3.00075 
