-0.156392 -0.300912 -0.940741 0.245377 0.161659 0.931818 -0.324933 0.0671676 0.974376 -0.202896 -0.0970838 0.45405 0 0 0 1
0.991746 -0.121313 -0.0415194 0.0854599 0.121219 0.992614 -0.00478321 -0.0143806 0.0417931 -0.000289203 0.999126 -0.0238979 0 0 0 1
###
0.42114 0.329814 -0.326396 
5.34718 -5.64236 5.80924 
-0.561672 -0.85153 -0.237078 
0.00949722 0.175028 0.632399 
0.990752 -1.46617 0.769658 
4.0489 -4.1447 5.96284 
10.5907 -9.87154 6.09369 
-0.237107 -0.336702 1.08003 
0.0684196 -1.96588 -2.0208 
4.14798 -3.882 5.8614 
6.35622 -5.02306 0.759578 
2.86361 -2.24843 0.442944 
2.55381 -2.58935 -0.418812 
-0.809827 -3.54246 -1.65818 
0.0148815 0.172603 0.638278 
0.650132 -1.67134 -1.91935 
0.259028 0.250123 -0.468788 
-0.507403 -0.827736 1.30789 
2.68868 -2.13453 0.441442 
0.727509 -3.3643 1.34379 
1.76957 -0.496549 1.47597 
-0.493606 -0.825336 1.37086 
-0.553859 -2.18158 -1.86914 
0.324018 0.264165 -0.544816 

0.0139477 0.325029 0.174845 
-1.88198 -2.23914 2.02184 
-0.0461231 0.319835 0.178309 
-0.342763 0.0777045 0.262826 
-0.325264 -0.795764 0.854093 
-2.25886 -2.304 1.38338 
-1.88536 -1.91359 1.12887 
0.390762 0.35661 0.121826 
-1.34381 -1.37169 0.216971 
-0.491953 -0.485997 0.527289 
-0.489063 0.102991 0.591478 
2.84751 -2.20257 0.966334 
-0.300581 -0.291492 0.34436 
-4.62292 -4.87188 2.80208 
0.140874 -0.830304 0.53028 
-0.5525 -0.166561 0.44837 
-0.0646161 0.321205 0.181437 
-2.56488 -3.22887 0.193855 
-0.945911 -0.869751 0.133435 
0.0866453 -0.786899 0.244895 
-0.171443 -0.0859235 0.338259 
-0.995487 -1.13863 0.0889246 
0.394321 0.362457 0.122689 
-0.125577 0.315907 0.183726 
