0.827034 -0.224723 -0.51528 0.277149 0.15947 0.972754 -0.168283 0.0711229 0.539058 0.0570037 0.840337 -0.0753019 0 0 0 1
0.91454 -0.0327393 -0.403169 -0.00749019 0.0687708 0.994793 0.0752161 0.00672271 0.398607 -0.0965144 0.912029 -0.00631392 0 0 0 1
###
-0.542323 -1.48967 4.06603 
1.18034 -1.36944 3.15199 
0.246315 -0.655002 0.0973583 
-0.232898 0.216861 0.344975 
2.44826 0.0846231 0.253258 
1.10418 0.401209 0.238896 
2.53964 -2.18191 1.14899 
11.4251 -8.06193 13.1515 
7.6249 -7.67227 2.28706 
-4.41869 -4.64195 7.4303 
2.83333 -1.5865 -0.29248 
4.60977 -3.86424 4.34341 
0.312293 -0.814051 0.0231896 
6.97178 -7.00564 2.21387 
0.511911 0.533011 0.625283 
-0.45635 -3.6237 2.25616 
2.85306 -1.09066 -0.531653 
-0.180752 -0.0385502 0.768922 
-0.453252 -3.53532 2.20008 
0.34465 -1.31848 2.05556 
-2.81167 -4.26786 9.00569 
2.85676 -1.42239 -0.376205 
0.650978 0.49217 0.560568 
-0.366222 0.137606 0.746393 
0.555353 0.567163 0.657792 
-2.55004 -3.87839 8.21637 
1.48532 -7.03314 13.6682 
-5.73692 -9.35802 9.23527 
4.74792 -3.36552 3.17543 
-2.45747 -3.49351 7.94702 
3.66519 -3.46156 7.91747 
4.14106 -3.03981 5.52583 
0.750235 -3.45545 3.01653 
4.48193 -4.0562 0.844467 
-4.49556 -3.92029 5.33949 
2.90868 -1.22161 0.356259 

0.270049 -0.448314 0.525395 
0.606526 -1.30938 1.73864 
0.169387 -0.809721 -0.404736 
0.193227 -0.369933 0.0673799 
0.0926558 0.0683851 0.158378 
-0.244537 -0.0817624 0.230002 
-0.36188 -1.67032 2.11235 
-0.336086 -0.498024 0.423751 
0.0157861 -0.0157271 -0.00137299 
0.0161988 -0.180352 0.221618 
-0.171567 -0.0485133 0.25807 
-0.0807871 -0.336543 0.40263 
0.0434449 -0.152531 -0.0752868 
0.251339 -0.308131 0.224777 
-0.0331119 0.100891 0.187047 
0.090554 -0.398441 0.0183361 
-0.201016 -0.0148737 0.290696 
0.0853876 0.0679216 0.196058 
0.0945244 -0.407461 0.0188922 
0.523643 -0.515528 0.198343 
0.0519418 -0.326177 0.415929 
-0.227434 -0.00417285 0.326457 
-0.178128 -0.00679533 0.245611 
0.0845066 0.0661664 0.204933 
0.132618 0.105466 -0.174291 
0.170042 -1.71589 2.23269 
-1.3679 -2.18045 1.61947 
-0.411025 -1.61231 1.96064 
-0.088689 -0.539408 0.703888 
0.0567869 -0.295128 0.399351 
0.105472 0.016806 0.14731 
0.0173111 -0.0138779 -0.00147597 
1.06254 -3.99546 0.545677 
-1.02682 -3.21253 3.84719 
0.389094 -0.614197 -0.477103 
0.106097 0.0131443 0.139039 
