-0.553692 -0.319147 -0.769136 -0.00529817 0.190458 0.850623 -0.490067 -0.269542 0.810649 -0.417834 -0.410199 -0.0373273 0 0 0 1
0.999817 -0.0184292 -0.0051183 0.0214243 0.0184832 0.999772 0.0107018 0.0139883 0.00491991 -0.0107944 0.99993 0.00176758 0 0 0 1
###
-0.190855 -0.242013 -0.349579 
0.263232 -1.40682 -1.1864 
1.41014 -2.89725 -1.76455 
1.59573 -2.9672 -1.37847 
0.279983 -0.0638815 -0.0401721 
0.0173116 -0.649629 -0.441366 
0.611158 -0.798697 -0.491101 
0.0453692 -1.24652 -1.03533 
0.0555641 -0.283139 -0.170089 
1.61964 -1.8326 0.676252 
1.22711 -2.64487 -1.45341 
0.0307533 -0.959432 -0.336931 
0.226647 -1.19079 -1.04885 
-0.200433 -0.324756 -0.259072 
0.0309032 -0.290478 -0.155931 
-0.195451 -0.242283 -0.350486 
0.0669307 0.0648741 -0.601291 
0.107475 0.256509 -0.192934 
0.115497 0.263785 -0.160864 
0.518301 -0.707025 -0.562077 
0.477316 -0.296449 0.0689581 
0.606822 -0.444439 0.508606 
0.377079 0.329022 0.0582928 
0.623437 -0.81278 -0.502711 
1.04376 -0.978235 1.04004 
0.206256 -1.16261 -1.03713 
0.413447 -0.173228 0.0480465 
1.37472 -1.72879 -0.456056 
0.168672 -0.742067 0.539274 
0.114134 0.263733 -0.15908 
0.763299 -0.527576 0.536667 
0.604234 -0.969859 -0.731282 
0.12134 0.155718 -0.829573 
0.0508502 -0.59855 -0.25202 
0.07101 0.067133 -0.590303 
0.0948583 0.256007 -0.189777 
0.342357 0.274609 -0.206488 
0.186201 -0.862814 0.615208 
-0.198872 -0.528083 -0.539938 
0.0382135 -1.06904 -0.311541 
0.133037 0.14818 -0.0877895 
0.379307 0.32381 0.0455996 
-0.11763 0.141023 -0.626083 

4.0558 -2.76173 1.43149 
5.51251 -4.00124 4.98339 
-1.17337 -4.35748 5.24654 
-0.47789 -1.6387 2.24019 
-1.034 -4.42687 2.47852 
1.66707 -1.56266 0.676836 
-0.84121 -1.74841 1.52526 
4.14798 -3.882 5.8614 
0.684117 -1.50919 0.357224 
-0.233384 -3.78184 2.23447 
-1.68658 -3.9261 2.64692 
0.333036 -3.60331 1.82721 
4.05221 -3.13446 4.32223 
-1.0069 0.272028 0.355574 
-1.04423 -3.9209 2.38337 
-0.893172 0.350385 0.59398 
-0.629836 0.356333 0.432917 
-0.132053 0.353885 0.110275 
0.217149 -0.0402112 0.192509 
-1.23478 -2.27185 1.53309 
2.20764 -1.70865 2.35027 
0.113615 -3.54696 6.22857 
-0.119067 0.351979 0.0991239 
-0.848355 -1.7779 1.59087 
-0.14094 -2.68469 4.62206 
1.23609 -3.74616 6.83018 
-1.96512 -3.68513 0.974191 
-0.606103 -1.09946 1.46258 
-1.12538 -4.84833 2.7101 
0.192614 0.0672922 0.165472 
-0.607575 -1.0892 1.4676 
-0.969985 -1.83625 1.32171 
-0.883588 0.377781 0.682521 
0.322384 -3.5972 1.82805 
0.0817031 0.0628437 0.362816 
-0.229596 0.31168 0.290937 
-1.00001 0.3136 0.494686 
-0.993132 -4.24581 2.37321 
0.144234 0.0978654 0.16689 
1.07511 -10.3022 5.2209 
0.164041 -2.85138 5.39625 
-0.881843 0.376267 0.676471 
0.214438 -0.0403289 0.19294 
