0.826534 -0.219468 -0.51834 0.280055 0.14111 0.972241 -0.186641 0.081968 0.544913 0.0811216 0.834559 -0.0245249 0 0 0 1
0.91454 -0.0327393 -0.403169 -0.00749019 0.0687708 0.994793 0.0752161 0.00672271 0.398607 -0.0965144 0.912029 -0.00631392 0 0 0 1
###
0.477974 -3.04132 7.9497 
24.8107 -37.3267 -7.43948 
2.75281 0.0899209 0.278163 
-1.5933 -5.62264 10.6076 
0.477375 0.414473 0.484534 
6.68013 -7.03837 2.33236 
4.19529 0.01348 -1.072 
-2.87938 -4.38263 9.25859 
2.90754 -1.10762 -0.541218 
-0.303991 0.131975 0.741456 
-0.454179 -3.59471 2.2363 
0.34344 -1.31458 2.04936 
4.02374 -3.28194 1.57672 
2.79613 -1.76754 -0.182784 
-0.45997 0.336564 0.66398 
0.0738214 0.233449 0.0717212 
0.43821 0.402201 0.485218 
1.72368 -1.83897 4.18786 
-0.365586 0.137498 0.745046 
3.07527 -1.92969 -0.215063 
-0.364856 0.308745 0.298734 
0.650362 0.49172 0.559935 
0.982431 -1.10601 2.59487 
2.99575 -2.28968 3.76607 
2.70121 -1.72076 -0.169028 
2.24975 -1.68346 2.90751 
0.194525 0.173421 0.70324 
-2.41847 -3.64251 7.71614 
3.09091 -1.32905 0.369273 
0.157474 -0.72283 0.00581357 
0.277651 -1.18752 2.075 
-2.56762 -3.94946 8.32578 
0.156829 -0.43373 0.424159 
-2.33275 -2.73072 1.84167 
3.13367 -1.34302 0.370543 
-0.25549 0.289016 0.226117 

-0.970234 -1.60785 1.58726 
0.220532 -1.3041 -0.625504 
0.102645 0.111176 0.0139733 
-0.215895 -0.696896 0.863438 
0.104995 0.0484464 0.0965628 
-1.02682 -3.21253 3.84719 
-0.1778 0.0727845 0.191127 
0.149938 -0.164078 -0.102343 
-0.171567 -0.0485133 0.25807 
-0.19896 0.023177 0.248641 
0.090554 -0.398441 0.0183361 
0.523643 -0.515528 0.198343 
0.13451 -0.19602 0.272405 
0.104827 0.110741 0.0075631 
0.105881 0.0138365 0.135482 
-0.20339 -0.0162381 0.280965 
0.091491 0.112227 0.0584939 
-0.0809112 -0.507778 0.665344 
0.0870209 0.0448828 0.210269 
-0.0334715 0.0971667 0.181749 
0.132618 0.105466 -0.174291 
-0.178128 -0.00679533 0.245611 
0.105472 0.016806 0.14731 
-0.336086 -0.498024 0.423751 
-0.227478 -0.114021 0.333155 
-0.289359 -0.435526 0.369166 
0.10653 0.112282 0.0182795 
-1.13698 -1.87395 1.38257 
-0.034341 0.101306 0.188321 
0.0157196 -0.0157972 -0.00139992 
0.0937053 -0.207099 0.242404 
0.35692 -0.41343 0.298149 
-1.13778 -2.64099 3.16561 
-0.106688 -0.205662 0.211126 
-0.176707 0.0201645 0.249215 
-0.0510345 0.105712 0.19467 
