-0.156115 -0.305364 -0.939351 0.242283 0.172887 0.927883 -0.330368 0.0621987 0.972491 -0.213978 -0.092063 0.410115 0 0 0 1
0.996476 -0.0760508 -0.0353676 -0.00361865 0.0758681 0.997097 -0.00648408 0.000249171 0.035758 0.00377796 0.999353 -0.00877754 0 0 0 1
###
0.0106178 0.17499 0.633571 
-0.0537041 0.381532 0.641393 
0.770166 -3.34685 -1.43443 
0.294889 0.196957 -0.865742 
0.299436 0.30124 -0.250929 
0.680054 -3.63261 1.65662 
0.991691 -1.46751 0.77033 
2.2688 -6.10854 -3.09961 
4.0584 -4.15456 5.97668 
1.00908 -1.50272 0.783058 
0.0147444 -1.85505 -2.27297 
0.296675 0.348937 -0.130232 
0.343038 0.311102 -0.296393 
4.66972 -3.7348 0.739777 
0.333672 -3.60745 1.82981 
2.77988 -2.92213 4.37943 
1.20326 -3.07454 -1.73359 
-0.0626096 -1.33066 -2.34738 
4.02915 -5.19844 -1.53925 
-0.751804 -5.495 -2.78508 
0.864235 -1.83591 0.343674 
1.78491 -1.53834 0.462755 
4.15372 -3.89266 5.87324 
0.326769 0.329627 -0.210123 
0.167217 -1.90852 1.04158 
-1.27241 -3.35468 -1.35027 
-0.608454 -2.36943 -1.17942 
0.985374 -0.879671 0.339508 
-0.496339 -1.59301 2.70446 
-0.417927 -0.337977 0.809442 
-0.539779 -0.547802 -0.0306172 
0.306098 0.267722 -0.425017 
10.8059 -9.0055 4.69823 
0.702529 -2.42982 4.71189 
-0.59821 -2.14547 2.94456 
-0.0941954 0.352948 0.082552 

-0.410092 0.102252 0.302722 
-0.209561 0.449787 0.27729 
0.0139627 -0.280657 0.410321 
-0.0464523 0.319061 0.174265 
-0.125577 0.315907 0.183726 
0.0482536 -0.450156 0.222349 
-0.325264 -0.795764 0.854093 
0.201945 -0.49298 0.667431 
-1.88536 -1.91359 1.12887 
0.169507 -0.861965 0.643341 
0.111715 0.00750105 0.275904 
-0.153087 0.317691 0.195327 
-0.216705 0.317261 0.215179 
0.390762 0.35661 0.121826 
0.138092 -0.883269 0.258669 
-0.245349 -0.748166 0.866553 
0.0995552 -0.125743 0.165247 
-0.169216 0.31182 0.190134 
-2.25886 -2.304 1.38338 
-1.65374 -1.96089 1.76532 
0.139088 -0.829586 0.523172 
-0.489063 0.102991 0.591478 
-1.86647 -1.90345 1.15529 
0.424417 0.353199 0.121234 
0.172958 -0.939509 0.358973 
0.298351 -0.549129 0.0807483 
1.01612 -0.825596 0.195773 
-2.43035 -2.66049 2.50716 
-0.396986 -0.322788 0.041094 
-2.56488 -3.22887 0.193855 
-1.99819 -2.01659 0.699688 
-0.00892633 0.297935 0.0747468 
-0.259865 -0.46123 0.572796 
2.42859 -1.88903 0.8483 
-0.995487 -1.13863 0.0889246 
0.493254 0.383557 0.0822333 
