-0.317557 -0.259538 -0.91203 0.410709 0.30515 0.88268 -0.357435 0.330874 0.897798 -0.391812 -0.201103 0.486354 0 0 0 1
0.995054 -0.0115833 -0.0986539 -0.00773749 0.00978459 0.999777 -0.0186966 -0.000997164 0.0988485 0.0176389 0.994946 -0.0049123 0 0 0 1
###
5.73955 -6.19859 3.60069 
5.07079 -6.64868 7.45467 
-0.806672 -3.20194 -3.70005 
0.551134 0.0938665 -0.334892 
6.38359 -7.56184 0.43815 
0.503616 0.147624 -0.0957253 
1.22233 -2.41595 1.12545 
1.13193 -2.51955 1.06333 
0.204943 -0.288032 0.816427 
-0.208675 -2.54348 1.52608 
-0.254418 0.277367 0.346384 
6.29786 -7.45157 0.378486 
0.00698839 0.12179 0.589671 
0.468147 -5.61982 2.09677 
-0.0873138 -1.05581 2.33505 
0.217151 -0.0147458 0.992745 
2.39926 -0.107841 -0.700917 
0.169237 -2.67277 -2.78527 

0.650174 -1.90236 2.86793 
1.20184 -3.63218 5.4247 
0.290933 0.0301709 0.159866 
-0.387015 0.213295 0.629613 
-0.759302 -0.555934 0.242987 
-0.0347228 0.0897806 0.247666 
2.2533 -2.44414 1.44422 
0.896922 -1.55523 0.450199 
0.177347 0.053902 0.165402 
0.474072 -3.49079 1.18226 
0.0160926 0.177217 0.436083 
2.07235 -2.20166 0.0294624 
0.179087 0.0159547 0.260267 
0.0870166 -3.23465 1.23393 
1.52426 -4.00452 5.73997 
1.86819 -0.480087 0.0651122 
1.57745 -0.0280325 -0.583664 
0.244437 0.0530341 0.0643737 
