-0.318216 -0.262969 -0.910816 0.405214 0.304795 0.881369 -0.360955 0.319047 0.897685 -0.392474 -0.200314 0.441277 0 0 0 1
1 0 0 0 0 1 0 0 0 0 1 0 0 0 0 1
###
0.708178 -2.80009 0.514027 
7.42839 -10.3122 8.06245 
1.11282 -2.45857 1.04774 
1.40407 -3.30331 0.364993 
5.05265 -6.62443 7.42779 
13.7392 -17.8147 7.6399 
6.7922 -8.00458 0.420028 
1.23725 -2.43289 1.12347 
0.272677 -5.23775 2.31374 
-0.730332 -1.95442 -2.98422 
0.547393 0.0941232 -0.332748 
1.13158 -2.51871 1.06307 
0.842798 -3.02625 0.491792 
1.22535 -2.41902 1.1256 
0.112228 -4.59167 2.18453 
7.3288 -8.56817 0.316668 
0.19409 -5.08874 2.34631 
6.37325 -9.20899 7.27219 
-3.13519 -5.27871 -1.78647 
10.233 -12.2246 4.18776 
-0.0175093 -0.0554891 0.694188 
-3.33488 -5.60171 -2.04823 
-2.16902 -4.9779 -2.31473 
10.444 -12.4183 4.19746 
1.22343 -2.55787 0.267104 
-0.666902 -0.800178 -3.52928 

0.851918 -2.42754 0.110768 
6.57087 -7.58948 3.9654 
0.902669 -1.55339 0.441157 
1.05113 -1.9572 -0.0354006 
0.263258 -1.77228 2.61187 
9.98653 -12.0592 4.12445 
2.05264 -2.181 0.0288488 
0.947188 -1.4817 0.478477 
1.03329 -3.45036 0.687161 
0.0199849 0.157728 0.396344 
0.182087 0.0611175 0.111811 
0.8872 -1.53821 0.444842 
-0.522466 -3.12621 1.67276 
2.23563 -2.42528 1.43264 
0.468667 -3.4515 1.1686 
0.108439 0.0992523 0.199011 
0.490189 -3.58173 1.20824 
7.9944 -10.6783 7.3145 
-0.278592 -1.05478 1.20739 
7.43291 -8.17362 2.09752 
0.371506 -0.0620275 0.0788189 
-0.183717 -3.26137 3.99022 
0.0679077 0.109207 0.191532 
7.54872 -8.30492 2.11131 
11.1318 -13.6088 4.75493 
-0.71616 -1.01705 0.455562 
