-0.861453 -0.369513 0.348366 0.0369731 -0.507792 0.635928 -0.581156 -0.090006 -0.00679143 -0.677537 -0.735458 -0.00504511 0 0 0 1
0.967022 -0.17751 -0.182645 0.017759 0.142243 0.971261 -0.19084 -0.010725 0.211271 0.158566 0.96448 0.0133295 0 0 0 1
###
-0.187639 -0.0998663 -0.115919 
-0.179584 -0.133712 -0.00917323 
-0.358036 -0.663798 -0.432675 
-0.146566 -0.558204 -0.370299 
-0.401312 -0.44181 -0.115155 
-0.0556623 -0.0255748 -0.176366 
-0.173301 -0.59513 -0.3849 
-0.191796 -0.14198 0.0172278 
-0.114978 -0.150296 -0.175717 
0.225363 -0.390717 0.0477486 
0.0949523 -0.159696 -0.16239 
-0.0892065 -0.252838 -0.225951 
0.124229 0.0963901 -0.162823 
-0.027914 -0.343543 0.022371 
0.0105888 0.0919633 -0.101739 
-0.0798909 0.0706521 -0.149177 
-0.0207886 0.0888313 -0.109462 
-0.455655 -0.534333 -0.208222 
0.295531 -0.630418 -0.334169 
-0.0480252 -0.131103 -0.0378415 
-0.0491808 -0.133839 -0.0443031 
-0.412265 -0.435885 -0.0620039 
-0.170163 -0.0186814 -0.125235 
-0.0882855 -0.116423 0.0063263 
-0.29635 -0.315516 -0.157133 
-0.040623 -0.138003 -0.0422695 
-0.302685 -0.492228 -0.0359003 
-0.176266 -0.0906742 -0.112613 
-0.0715111 -0.0759325 -0.182304 
-0.0488409 -0.133837 -0.0366729 
-0.180376 0.0685453 -0.18997 
-0.0939351 0.0734753 -0.180082 
-0.207478 0.0680906 -0.152384 
-0.058353 0.0765064 -0.195837 
0.125062 -0.223251 -0.193634 
-0.0792377 -0.190462 -0.196987 
0.145463 0.100564 -0.150726 
-0.0971328 0.0737705 -0.18462 
-0.468909 -0.551454 -0.211519 
0.37554 -0.350407 -0.137295 

0.975591 -0.783262 2.96186 
-0.162542 -0.0488762 0.740384 
-1.98179 -1.61052 2.11686 
-0.556649 -1.53446 4.21369 
-2.79834 -4.23952 8.94599 
2.98789 -2.14231 3.82318 
-0.519525 -1.51916 4.16621 
1.74855 -1.31132 2.36268 
-1.9212 -1.92609 1.89115 
-1.36272 -4.07182 1.65871 
-0.476789 -1.42784 3.96825 
0.0814965 -1.56475 4.31478 
-1.80877 0.61231 1.1587 
0.20731 -3.76748 2.70707 
0.074945 0.236479 0.0727238 
0.657137 0.501556 0.572784 
0.746915 0.453859 0.471829 
1.2305 -1.43355 2.23738 
-0.950281 -3.75617 1.8788 
0.825088 -1.88214 2.0784 
-1.50607 -3.86144 1.4193 
-5.42269 -4.87272 1.3649 
-0.183498 -0.0371794 0.770388 
0.924499 0.428328 0.386012 
0.951302 -0.892186 2.40909 
-0.672003 -3.62923 2.05987 
2.7323 -2.04432 3.95192 
-0.446403 0.300981 0.305212 
4.26001 -3.03719 5.34838 
0.734475 -1.6747 1.8529 
0.656235 0.496922 0.565346 
0.47881 0.498602 0.588784 
0.597673 0.489451 0.554531 
0.491245 0.423855 0.496504 
-0.592906 0.25229 0.223548 
1.8403 -2.71907 3.98243 
-0.591169 0.253149 0.224612 
0.14297 0.185131 -0.0441366 
1.05485 -1.15079 2.75435 
-1.39129 -1.48957 1.27698 
