0.389593 -0.503012 -0.77149 0.154415 0.5975 0.775511 -0.203904 -0.292803 0.700864 -0.381526 0.602683 -0.777224 0 0 0 1
0.999195 -0.0245691 -0.0317173 -0.00310502 0.0241637 0.999622 -0.0131015 -0.00802851 0.0320273 0.0123246 0.999411 -0.0305204 0 0 0 1
###
1.58824 0.31709 0.857007 
3.36066 -3.72811 1.88884 
0.698261 -1.03164 -0.0179197 
1.60636 -0.484462 0.965627 
3.16568 -4.53667 5.58731 
0.890835 -1.45242 0.418861 
1.02407 -1.46077 0.208127 
4.19482 -4.26798 2.30778 
1.18731 -1.38954 -0.368586 
0.770687 -0.625346 0.495917 
0.739243 -1.08742 -0.0496433 
1.29479 -4.16253 0.258564 
2.89825 -4.8562 -0.48602 
1.56069 -1.48256 1.44433 
0.814855 -0.968803 0.507292 
1.91119 -2.10495 -0.153424 
1.21993 -1.85551 0.0793629 
0.893825 0.245224 0.625211 
2.04343 0.135825 0.0855711 
0.896903 0.325317 1.15672 
0.477527 -3.34755 -0.484348 
0.827956 -1.37466 0.0628073 
-0.566243 -3.10103 1.75592 
2.79649 -2.62465 1.58256 
-0.986835 -3.35614 1.99567 
1.34847 0.203346 -0.120263 
0.739814 0.396976 1.40136 
0.967592 -0.300325 0.581736 
1.69491 0.253796 0.592694 
-1.71379 -4.35548 4.57794 
1.62086 0.277024 0.708688 
-0.642733 -3.34636 1.7749 
0.815058 -1.72204 -0.694041 
0.649547 -0.0527312 0.501448 
0.582133 -1.40877 0.0908228 
2.11683 0.120701 -0.0418079 
-0.582195 -3.1536 1.85998 
1.90169 0.0686673 -0.18924 
2.68299 -4.40543 -0.386993 
1.02935 -1.46784 0.223938 
1.82463 -0.830689 0.108763 
0.298462 0.458085 1.6121 
1.0562 0.358203 1.16912 
1.25093 0.334075 1.03201 
0.608461 0.365742 1.36127 
-0.114917 -1.60252 2.14798 

-1.11062 0.441116 0.945685 
-2.4932 -8.73235 10.4995 
-1.21503 0.407948 0.81003 
-0.82116 -0.485858 1.86524 
-0.741557 -0.966149 1.83641 
1.99744 -10.5492 11.1039 
1.401 -2.47797 0.708188 
-1.77614 -4.88192 6.02079 
1.78956 -5.83962 9.60679 
0.0704404 0.250684 0.248351 
0.00515496 0.263409 0.274626 
-2.28385 -6.00336 4.11926 
1.66243 -2.25618 0.596167 
-3.18112 -5.00579 3.99653 
1.92602 -8.19342 2.12687 
0.170957 0.138237 0.33371 
1.40789 -2.47579 0.705028 
0.00573194 0.265412 0.275738 
-0.953474 0.454893 1.05244 
0.322548 0.116796 0.244408 
-2.02734 -5.74268 3.64334 
-0.132911 0.225277 0.697396 
-1.39929 -5.10146 3.43456 
-1.38113 -2.57071 2.57902 
0.336808 0.0774261 0.289839 
-1.35658 0.388644 0.719322 
0.00474043 0.263937 0.274885 
-1.83167 -2.95416 2.53705 
-1.3218 0.350775 0.603108 
-1.85189 -2.38187 1.26287 
-0.92058 0.493988 1.17749 
-1.20696 -4.62873 2.99057 
0.58766 -5.46189 2.13818 
-0.816806 -1.57434 2.23058 
-1.82699 -5.17822 3.29859 
0.112643 0.210964 0.213364 
-1.3928 -5.05211 3.52905 
-0.0319174 -1.27913 1.27271 
-0.826562 0.525177 1.30017 
0.311387 -0.190815 0.435335 
2.16541 -1.42012 0.304653 
0.329054 0.119391 0.246265 
-0.461048 0.440697 1.00098 
-1.85998 -2.2108 0.234618 
-0.0187485 0.272808 0.300603 
-1.57413 -2.59458 2.24929 
