-0.326131 -0.280283 -0.902818 0.387725 0.242471 0.898283 -0.366465 0.275462 0.913699 -0.338422 -0.224997 0.423642 0 0 0 1
1 0 0 0 0 1 0 0 0 0 1 0 0 0 0 1
###
-0.269732 -4.50415 -1.77623 
7.43013 -10.3137 8.06506 
0.877864 0.124098 -0.641197 
0.548765 0.0939648 -0.333596 
9.57417 -11.7979 7.18162 
-0.142471 0.247206 0.664763 
0.190466 -1.8922 3.70156 
-0.735653 -2.44745 -2.67422 
-2.20149 -4.83727 -2.02905 
0.635425 -1.93292 0.449965 
6.77908 -7.99473 0.424057 
7.37626 -8.18128 0.124769 
11.8616 -15.4172 6.5875 
3.26969 -6.45847 9.15946 
7.20819 -9.88053 -2.03378 
-0.159836 -5.15327 2.6329 
-2.29381 -5.14608 -2.1503 
0.53586 0.0977709 -0.330322 
4.39981 -8.71544 -3.78358 
0.00658841 0.121108 0.589357 
13.7469 -17.8233 7.61663 
1.79073 -2.39996 0.488851 
1.0048 -0.0537651 -0.901803 
0.316364 0.0420398 -0.485182 
0.180199 -2.71702 -2.83991 
2.92647 -1.99217 0.447681 
-0.0997731 0.201645 0.617906 
2.39838 -0.106136 -0.700016 
-2.18049 -5.34429 -2.30855 

1.9961 -3.004 3.5231 
7.52583 -9.89674 6.75677 
-0.751417 -0.550106 0.24048 
-0.42179 0.151737 0.403276 
6.57087 -7.58948 3.9654 
0.0738829 0.0925611 0.227172 
-0.326693 -0.474532 0.0849726 
0.288046 0.0298651 0.158281 
0.202724 0.0547465 0.104038 
0.496622 -0.180128 0.215863 
2.05264 -2.181 0.0288488 
1.74809 -1.69399 -0.0359119 
9.4001 -11.3936 3.91495 
3.48246 -6.19177 7.77637 
0.171827 0.0153607 0.318998 
-0.0164854 -3.17102 1.4604 
0.81302 -2.11593 0.0412913 
0.182087 0.0611175 0.111811 
0.571576 -1.9728 3.02065 
0.177348 0.0157973 0.257735 
7.54872 -8.30492 2.11131 
1.44819 -1.97481 -0.767062 
-0.0344157 0.0889926 0.245485 
11.1318 -13.6088 4.75493 
0.134699 0.108692 0.0796733 
1.95461 -1.19825 0.0646963 
0.288172 -0.0454419 0.201303 
1.56167 -0.0277883 -0.577926 
0.942707 -1.46663 0.480785 
