-0.337214 -0.286274 -0.896847 0.373844 0.207682 0.906554 -0.367461 0.250234 0.918235 -0.310172 -0.246249 0.416942 0 0 0 1
0.995046 -0.0116815 -0.0987293 -0.00766701 0.0098931 0.999778 -0.0185848 -0.00103309 0.0989246 0.017516 0.994941 -0.0048963 0 0 0 1
###
1.23648 -2.43187 1.12363 
0.306256 -0.0296106 -0.995966 
-0.0692373 0.254655 0.485017 
1.35996 -3.23604 0.366929 
-0.715901 -1.05488 -0.0244195 
0.575441 -5.7256 2.2307 
2.86087 -3.17144 2.99015 
3.26871 -6.45977 9.16002 
0.710124 -2.79988 0.516536 
-2.57999 -6.00992 -2.61623 
0.338635 -5.45061 2.36934 
1.10399 -2.48344 1.05907 
2.2423 -6.78515 11.1957 
0.507416 0.0889508 -0.301414 
0.925325 -3.18128 0.484387 
1.24105 -2.42518 1.13701 
0.29591 -0.164216 0.401861 
0.123268 -0.235576 0.622963 
-0.0258218 -0.0449903 0.601253 
0.669596 -2.56649 0.398572 
10.7479 -12.8132 4.33239 
1.22926 -2.4017 1.13146 
2.40705 -0.107034 -0.703066 
-0.01825 0.0593714 0.64987 

1.80665 -1.90225 1.16923 
0.0958959 0.071935 0.320416 
-0.566243 -3.10103 1.75592 
0.852868 -1.57078 0.00189729 
0.204515 0.00870398 0.226224 
1.04267 -3.46793 0.687895 
-0.266749 -1.10373 1.20307 
3.46296 -6.11382 7.65456 
1.04089 -2.98761 0.124567 
0.714566 -1.97886 -0.0475217 
0.470066 -3.46256 1.17224 
0.888455 -1.54048 0.445797 
1.39353 -3.48101 5.06184 
-0.384245 0.211887 0.62525 
-0.478604 -2.90378 1.56155 
1.74143 -6.78818 6.63069 
-0.0504063 0.185263 0.505714 
0.309892 0.0543563 -0.0131504 
0.155946 0.0611049 0.197694 
0.722991 -1.96695 0.0538445 
7.33367 -8.06937 2.06351 
0.946501 -1.47406 0.485063 
1.56282 -0.0279083 -0.578312 
0.17933 -0.0137471 0.25352 
