0.824165 -0.239165 -0.513373 0.273565 0.153888 0.966924 -0.20341 0.0639166 0.545041 0.0886414 0.83371 -0.0994686 0 0 0 1
0.91454 -0.0327393 -0.403169 -0.00749019 0.0687708 0.994793 0.0752161 0.00672271 0.398607 -0.0965144 0.912029 -0.00631392 0 0 0 1
###
2.35652 -5.33708 -0.361352 
1.40489 -2.35548 -0.265996 
2.24719 0.0796303 0.235576 
-2.02331 -1.65071 2.17604 
-0.234551 0.2267 0.352116 
8.02986 -8.03215 2.39496 
3.68507 0.00202154 -0.948488 
-0.201031 0.0226148 0.548547 
1.79764 -1.89694 4.3353 
-0.498916 -0.477857 1.25056 
8.33727 -8.28115 3.01912 
0.65169 0.497298 0.567863 
0.50495 0.529411 0.622219 
-0.0442277 -0.069983 0.698989 
0.348869 -1.32894 2.07364 
-2.7505 -4.16263 8.78652 
2.81378 -1.0806 -0.52759 
-2.56669 -3.9161 8.28299 
0.651583 0.493224 0.561111 
1.52754 -7.16872 13.9443 
3.59343 -3.01982 7.2835 
0.10231 -3.59783 2.74234 
2.8065 -1.40475 -0.371077 
0.204187 -0.699383 0.0685356 
0.236343 0.378717 0.544318 
-2.60951 -4.03356 8.49475 
-2.47366 -3.51414 8.00992 
4.23876 -3.93068 9.01973 
4.57419 -3.29227 3.08939 
2.62453 -3.85424 -0.345292 

0.0173111 -0.0138779 -0.00147597 
0.0434449 -0.152531 -0.0752868 
0.0926558 0.0683851 0.158378 
0.0123123 -0.0442759 0.0434137 
0.193227 -0.369933 0.0673799 
-1.14274 -1.71192 1.15556 
-0.1778 0.0727845 0.191127 
-0.188785 0.0214053 0.253636 
0.418996 -0.664568 -0.49733 
0.0519418 -0.326177 0.415929 
0.251339 -0.308131 0.224777 
0.0869284 0.11723 0.0984597 
0.096918 0.112491 0.0304846 
-0.122285 -0.0115907 0.31235 
0.523643 -0.515528 0.198343 
-1.13698 -1.87395 1.38257 
-0.201016 -0.0148737 0.290696 
0.0549772 -0.352377 0.446945 
0.0879387 0.0687907 -0.121643 
-1.3679 -2.18045 1.61947 
0.389094 -0.614197 -0.477103 
0.0236383 -0.0939594 0.00394877 
-0.227434 -0.00417285 0.326457 
0.0719952 -1.42499 -0.569048 
-0.429616 -1.19308 1.47867 
0.35692 -0.41343 0.298149 
0.0567869 -0.295128 0.399351 
-0.0331119 0.100891 0.187047 
0.199685 -0.182214 0.0872011 
0.0514292 -0.0878877 -0.0597816 
