0.819752 -0.251798 -0.514397 0.268403 0.137173 0.958347 -0.25051 0.0586118 0.556049 0.134795 0.820146 -0.113888 0 0 0 1
0.914582 -0.0325703 -0.403087 -0.00751455 0.0685636 0.99481 0.075184 0.00674846 0.398546 -0.096399 0.912068 -0.00631572 0 0 0 1
###
1.21749 -1.40353 3.23769 
1.87816 -2.98237 -0.350012 
11.557 -8.15717 13.2851 
3.60127 0.00279383 -0.923586 
-0.368177 0.140264 0.749132 
0.318668 -0.723719 0.115497 
2.72043 -1.41926 -0.38088 
2.79588 -1.56911 -0.29003 
-0.270981 0.181752 0.626567 
2.17635 -2.22572 5.09504 
-0.925401 -1.16399 2.70581 
2.28936 -3.54399 -0.384871 
-1.53901 -1.16065 1.51594 
2.83289 -1.41474 -0.372569 
3.47828 -2.93947 7.10443 
2.84206 -4.36064 -0.538998 
0.220993 0.367367 0.533926 
0.656235 0.496922 0.565346 
-2.79834 -4.23952 8.94599 
2.61882 -1.38318 -0.304713 
0.746915 0.453859 0.471829 
0.664264 -1.19463 2.22803 
-0.199929 0.0235631 0.556909 
-0.370424 0.13907 0.754967 
2.65973 -3.88393 -0.351188 
-0.0420666 -0.0731333 0.704902 
3.02245 -2.07747 2.48652 
1.16195 -1.35446 2.11543 
-2.70404 -4.16236 8.78332 
-3.47538 3.0428 2.22172 

-0.0809431 -0.508115 0.665722 
0.0433842 -0.152284 -0.0751167 
-0.372764 -0.550798 0.469035 
-0.162174 0.0659718 0.175013 
0.0870246 0.0448826 0.210275 
0.219699 -1.29932 -0.62321 
0.121066 -0.0334166 0.111171 
-0.199244 -0.0148352 0.288199 
-0.0328508 0.100879 0.187048 
0.106103 0.0131434 0.139042 
-1.36837 -2.18159 1.62006 
0.692143 -2.2157 -1.70204 
-0.230914 -0.0721967 0.329778 
-0.223986 -0.00424553 0.321638 
0.389854 -0.615539 -0.478111 
0.173393 -0.832053 -0.416032 
0.0889794 0.115206 0.0725117 
-0.0331453 0.100952 0.187173 
-1.13639 -1.87324 1.38185 
-0.239199 -0.0631973 0.355902 
-0.0583019 0.117854 0.21317 
0.0853952 0.0679214 0.196067 
-0.0463333 0.0946347 0.17433 
0.0859422 0.0543105 0.207957 
0.0501745 -0.0844734 -0.0571923 
0.10045 0.047359 0.121837 
0.341388 -0.367812 -0.211659 
0.10091 0.0453293 0.124069 
0.0550636 -0.352941 0.44764 
-0.105766 -0.444455 0.560619 
