-0.569266 -0.549045 -0.611953 0.0695177 0.234984 0.604623 -0.761061 -0.246268 0.787857 -0.577045 -0.215175 0.0187475 0 0 0 1
0.999817 -0.0184482 -0.00512442 0.0214334 0.0185023 0.999771 0.0107199 0.0139846 0.00492549 -0.0108128 0.999929 0.00177234 0 0 0 1
###
0.373685 -0.16107 0.311282 
0.0422534 -0.367398 -0.347613 
-0.0102833 -0.893997 0.0178667 
0.167808 -0.747345 0.595037 
0.0453692 -1.24652 -1.03533 
0.395521 -0.516611 -0.436108 
0.0270608 -0.307578 -0.171534 
0.0571553 -0.368089 -0.179145 
0.120737 -0.865327 0.217521 
0.0328398 -0.258227 -0.160621 
0.477316 -0.296449 0.0689581 
0.378846 -0.166948 0.314521 
0.606822 -0.444439 0.508606 
0.15146 -0.804759 0.537452 
2.33681 2.15743 -2.02385 
0.790961 -0.555275 0.579439 
0.108932 -0.52806 0.534703 
-0.00138979 -0.26342 -0.236092 
0.0816672 0.159061 -0.166138 
0.0750349 -0.0262787 -0.569324 
0.159667 0.272884 -0.126755 
0.120021 -0.952539 0.788659 
0.656319 -0.521699 0.595673 
0.0210623 -0.986634 -0.0618637 
0.00555022 -0.242227 -0.416304 
0.623437 -0.81278 -0.502711 
0.206256 -1.16261 -1.03713 
0.813024 -1.23555 -0.726271 
0.0823686 0.17688 -0.174372 
0.205452 0.252396 -0.057942 
0.350262 0.290707 -0.123976 
-0.129339 -1.01311 -0.263459 
0.0968207 -0.258785 -0.524129 
-0.0974768 -1.25268 -1.03326 
0.674655 -0.720737 0.817639 
-0.0903557 -0.280823 -0.213985 
0.253731 -0.247988 -0.358176 
0.32875 -0.384551 -0.297659 
0.196686 -1.07868 -0.981859 
-0.11884 -0.271535 -0.131384 
0.381342 -0.213802 -0.389513 
0.290297 0.228354 -0.393356 
0.371391 0.304553 -0.0667233 
0.0536532 -0.910521 -0.0978121 
0.069121 0.180821 -0.14615 
0.423387 -0.445569 0.54964 
0.247937 -0.369946 0.488402 

-0.606436 -1.10028 1.46359 
1.66898 -1.56449 0.677575 
0.333684 -3.60723 1.83027 
-0.90714 -3.77442 2.53774 
4.15154 -3.89124 5.86924 
1.23338 -3.74471 6.83168 
-1.04471 -3.9228 2.38446 
0.684154 -1.5093 0.357286 
-1.12453 -4.84433 2.70782 
-0.656633 -3.8033 2.4341 
2.12577 -1.65103 2.2678 
0.165281 -2.8666 5.42292 
0.113875 -3.55259 6.23801 
-0.758709 -4.3403 2.75393 
-0.5404 0.406397 0.593401 
-0.00546181 -0.378782 0.640157 
5.33433 -5.7979 5.92206 
1.20994 -1.41007 0.533965 
-0.119067 0.351979 0.0991255 
0.0348466 0.282248 0.289146 
0.159106 0.0675285 0.252127 
0.735729 -1.68866 0.300095 
-11.5493 -30.5597 33.0857 
1.51275 -3.93102 1.10668 
-1.08941 -1.38454 0.0203174 
3.14048 -2.4825 2.27226 
-0.14731 0.127869 0.409905 
3.91661 -3.64217 5.60921 
-1.23857 -0.781653 0.221438 
-0.881974 0.37631 0.676591 
-0.175369 -0.270341 0.084189 
-0.233479 -3.78462 2.23588 
-0.883743 0.377838 0.682652 
-0.882437 -1.19855 0.0452588 
-0.970324 -1.83705 1.32231 
4.61602 -3.54647 0.980381 
10.8063 -9.00645 4.69515 
-1.20744 -4.853 2.82312 
-1.23134 -0.770286 0.21022 
-1.03433 -4.42835 2.47921 
1.34726 -1.25365 0.782031 
-1.01507 0.314322 0.497165 
-0.896861 0.377619 0.685971 
0.087195 -3.62707 1.98015 
1.03128 -4.01967 1.64943 
-1.06466 -1.97272 1.32795 
-1.23055 -2.26402 1.52785 
