-0.179264 -0.334236 -0.925284 0.219678 0.0647052 0.934478 -0.350093 -0.00560054 0.981671 -0.12263 -0.145891 0.368112 0 0 0 1
0.991746 -0.121313 -0.0415195 0.08546 0.121219 0.992614 -0.00478323 -0.0143805 0.0417931 -0.000289194 0.999126 -0.023898 0 0 0 1
###
0.392715 0.322606 -0.322822 
4.84584 -7.87306 -2.9857 
0.265714 0.197039 -0.827275 
0.0103058 0.174836 0.633398 
1.58935 -5.96982 -2.99866 
-0.402082 -0.728208 -0.268119 
1.8867 -7.01062 8.31813 
-0.107464 0.0693618 0.427448 
1.66524 -6.18614 -3.12439 
-0.433038 -0.886321 -0.290465 
0.663774 -0.861715 1.59564 
0.0122858 0.173154 0.635652 
0.0823293 -1.35903 2.88896 
2.28326 -7.00247 -3.74943 
-0.434727 -0.86889 -0.275917 
-0.250893 0.314437 0.370218 
-0.193102 0.298779 0.304834 
-0.0667869 -1.32249 -2.33523 
1.06149 -1.41277 0.833611 
0.688007 -1.73398 -2.00653 
0.336022 0.309851 -0.299154 
4.0563 -4.14995 5.97116 
5.80054 -4.23791 0.612228 
0.68 -1.71186 -1.98488 
-0.507468 -1.06825 -0.0671034 
-0.297876 -0.450807 0.886954 
1.22881 -3.7559 7.02048 
1.73743 0.431234 -0.414218 

-0.125577 0.315907 0.183726 
0.416316 -0.371905 0.397192 
0.493254 0.383557 0.0822333 
-0.456275 0.180399 0.332481 
-0.259865 -0.46123 0.572796 
-0.0461232 0.319835 0.178309 
-2.65774 -2.63009 0.703629 
-0.118448 0.0708335 0.299353 
-0.245349 -0.748166 0.866553 
1.01766 -1.46372 0.109157 
-1.07976 -1.07179 0.84821 
0.139088 -0.829586 0.523172 
-2.50136 -2.56319 0.34692 
-0.264818 -0.775969 0.976617 
0.375 -0.248612 0.0397292 
1.623 -1.73651 1.75361 
0.0901792 -0.72122 0.480102 
-0.00362613 0.322996 0.175339 
3.37515 -3.01907 0.582765 
0.105442 -0.0817139 0.283573 
0.424417 0.353199 0.121234 
-4.62292 -4.87188 2.80208 
2.40124 -1.8872 0.856365 
-0.503723 -0.164868 0.409155 
1.43981 -2.64239 0.00805692 
-1.06702 -1.35566 0.105628 
-1.77672 -1.82375 1.78684 
-0.171679 -0.138774 0.356804 
