0.794859 -0.268706 -0.544056 0.256168 0.100365 0.942476 -0.318851 0.0118634 0.598437 0.198838 0.776104 -0.128086 0 0 0 1
0.914582 -0.0325703 -0.403087 -0.00751455 0.0685636 0.99481 0.075184 0.00674846 0.398546 -0.096399 0.912068 -0.00631572 0 0 0 1
###
11.1289 -7.86598 12.7812 
-0.367037 0.139688 0.746036 
1.63968 -1.27759 0.958896 
0.446737 0.40341 0.487696 
0.896688 -0.856034 2.30995 
-0.298702 -0.433061 0.921481 
3.78516 -2.85469 1.88928 
2.73657 -1.4255 -0.38418 
2.58269 -2.57608 5.90527 
1.69502 0.932462 1.64971 
1.10271 -1.73124 2.29143 
0.57383 -1.11422 0.246172 
0.506427 -1.05681 0.0492251 
2.95781 -0.747475 -0.547026 
-2.75342 -4.16216 8.78174 
0.481046 0.515027 0.610109 
-1.44721 -1.99745 4.479 
2.66686 -0.801667 -0.60223 
3.45187 -5.04844 -0.59144 
0.245136 0.375205 0.510998 
2.77673 -1.38986 -0.365152 
4.35006 -6.24164 -0.708027 
4.39687 -6.34297 -0.711846 
1.5909 0.921326 1.55372 
1.78003 -7.89949 15.4428 
3.93678 -3.28247 7.98784 
-2.72931 -4.20626 8.87925 
-6.70325 -5.9992 8.10732 
0.734128 -1.41949 1.58108 
3.80666 -2.81705 5.09715 
2.91351 -1.31923 0.430483 
1.05648 -1.97383 2.06075 
0.507494 -1.06814 0.0577349 

-0.372764 -0.550798 0.469035 
0.0853952 0.0679214 0.196067 
0.0881923 -1.45532 1.86829 
-0.0333578 0.0968536 0.18123 
0.106499 0.0125648 0.135231 
-1.14537 -1.71614 1.15822 
0.102091 -0.0948111 0.055274 
0.141463 -0.0575941 0.000943672 
-0.0328508 0.100879 0.187048 
0.0101667 0.120105 0.361435 
0.307266 -0.368214 0.0662612 
0.0496967 0.106254 0.214115 
0.0160089 -0.0165396 -0.00150979 
-0.181242 0.0213614 0.232268 
0.170465 -1.71941 2.2372 
-0.0343619 0.101334 0.188396 
-0.411592 -1.61508 1.96375 
-0.173573 -0.0490213 0.260961 
0.237041 -1.10851 -0.551408 
0.0119827 -0.0452097 0.0446141 
-0.223986 -0.00424553 0.321638 
0.0744495 -0.301581 -0.147022 
0.692143 -2.2157 -1.70204 
-0.179802 0.0867167 0.242156 
-1.36837 -2.18159 1.62006 
0.413501 -0.658011 -0.504626 
-0.554826 -0.917121 0.680695 
0.130216 0.0970116 -0.130784 
0.211077 -0.278257 0.0614765 
0.120453 -0.0691292 0.119974 
0.100033 0.111608 0.0201199 
0.245726 -0.378052 0.0796716 
0.27023 -0.448681 0.525747 
