-0.608881 -0.328463 -0.722064 0.0175507 -0.0273944 0.91841 -0.394679 -0.238662 0.792788 -0.220532 -0.568201 -0.106799 0 0 0 1
0.999929 -0.0119102 0.000208076 0.00809637 0.0119102 0.999929 4.92614e-05 0.00347017 -0.000208648 -4.67796e-05 1 0.000955631 0 0 0 1
###
0.506619 -0.478458 -0.217525 
0.540121 -0.967028 -0.830377 
0.0743114 0.151954 -0.150326 
-0.0277954 -0.337811 -0.441453 
-0.0864431 -1.16986 -0.969759 
1.62797 -3.03293 -1.41233 
0.289337 0.232833 -0.399353 
-0.521991 -0.99316 -0.73856 
0.0425022 -1.30317 -1.07551 
0.0585111 -0.273225 -0.260285 
1.52322 -3.13342 -1.36133 
2.24131 -4.44869 -2.31542 
0.216647 -1.19017 -1.05092 
0.616646 -0.807067 -0.495108 
0.637468 -1.02823 -0.740953 
0.0742821 0.15151 -0.15049 
0.853533 -0.621747 0.64793 
0.109412 0.258979 -0.195645 
0.00151247 -0.492521 -0.17106 
0.026734 -1.10794 -0.316939 
0.3418 0.28077 -0.168632 
0.101224 -0.0228538 -0.513035 
0.0469187 -0.313875 -0.157809 
1.59831 -1.81577 0.664924 
2.0849 -2.68931 0.8892 
0.212388 0.264827 -0.194854 
0.133787 0.267963 -0.142184 
-0.070783 -0.298063 -0.224427 
0.104716 0.259326 -0.194756 
0.803338 -1.22115 -0.720811 
0.977512 -1.7765 -0.994265 
0.102092 -0.0293922 -0.52243 
0.392601 -0.514656 -0.479344 
0.612129 -0.793561 -0.497597 
0.106745 0.183651 -0.415599 
0.108981 -0.0142207 -0.517908 
0.448061 -0.376346 -0.213714 
0.256287 -0.252793 -0.362068 
0.332667 -0.123874 -0.346879 
0.356594 0.312366 -0.000838836 
0.633941 -2.36067 -1.87427 
0.359715 0.299927 -0.0697043 
0.368665 0.317939 0.0125777 
0.0359769 -1.06343 -0.31217 
0.362672 0.308296 -0.0327374 
0.361634 0.304817 -0.0459833 
0.0953154 0.256418 -0.19038 
0.16131 0.108902 -0.204875 
0.106531 0.183758 -0.412616 
0.612588 -0.793297 -0.503112 
0.312423 -0.224208 -0.298971 
-0.0060489 -0.257334 -0.231734 
0.197026 -1.08463 -0.988055 
-0.0308907 -1.05395 -0.591313 
0.361319 -0.191434 -0.385918 

-1.06463 -1.97265 1.3279 
-1.17467 -4.36259 5.25237 
4.05461 -2.76084 1.43103 
2.39882 -3.93569 7.04852 
1.22943 -3.72857 6.79871 
-0.477893 -1.63881 2.24031 
-0.985342 0.312604 0.490935 
-0.144206 0.250313 0.398472 
4.14737 -3.88767 5.86376 
0.68028 -3.63418 1.65707 
-2.24663 -9.54418 10.7515 
-11.5497 -30.5595 33.0857 
2.0791 -1.68132 2.25271 
-0.799854 -1.71769 1.61265 
-0.830362 -1.52996 1.08765 
-0.893151 0.350372 0.593993 
0.0274118 -0.044318 0.395893 
-0.104045 0.0426524 0.42296 
0.735962 -1.68921 0.300161 
0.334078 -3.61043 1.83175 
2.10112 -1.63201 2.24238 
-0.124471 0.0921518 0.349474 
2.13063 -0.763604 0.419633 
-0.233398 -3.78383 2.23536 
-1.03409 -4.42729 2.47857 
-0.54049 0.406434 0.593553 
-0.131085 0.101275 0.36352 
0.895949 -1.07341 0.0982608 
0.165636 0.0554177 0.172099 
3.88013 -3.60484 5.5593 
0.194789 0.112838 0.297893 
0.0273532 -0.110425 0.417189 
-0.994151 -3.11179 2.17692 
-0.848391 -1.77801 1.59088 
-0.881948 0.376297 0.676568 
-0.129252 0.096149 0.345937 
-1.23141 -2.2657 1.52897 
10.8239 -9.01451 4.70179 
-0.657634 -1.1779 1.52612 
-0.881185 0.375377 0.672771 
3.13857 -2.48159 2.27091 
-0.896843 0.377605 0.685996 
-1.01321 0.291001 0.438274 
0.323867 -3.60961 1.83511 
-0.206318 0.318572 0.0103157 
-0.895986 0.347199 0.587481 
0.0184054 0.262842 0.224696 
2.87826 -1.23023 1.38011 
-0.20653 0.319879 0.0102251 
0.21454 -0.0403708 0.193036 
-1.23868 -0.781744 0.221462 
2.2098 -8.252 9.63215 
0.215286 -0.0402157 0.192092 
-0.883732 0.377826 0.682644 
0.0203291 -0.0147381 0.375066 
