-0.207344 -0.331444 -0.92041 0.199009 0.00943271 0.940135 -0.340672 -0.0750212 0.978223 -0.0793181 -0.191805 0.361911 0 0 0 1
0.991746 -0.121313 -0.0415195 0.08546 0.121219 0.992614 -0.00478323 -0.0143805 0.0417931 -0.000289194 0.999126 -0.023898 0 0 0 1
###
0.280256 0.301673 -0.208946 
0.373446 0.316234 -0.306097 
0.740455 -1.70676 0.340114 
-0.483225 -1.56524 -0.690917 
1.579 -6.00656 -2.99665 
1.22834 -3.7267 6.79589 
0.859797 -1.05265 1.86092 
0.112171 -1.26455 -2.97388 
1.8815 -7.01409 8.30812 
4.28511 -3.45783 0.659581 
1.99402 -2.87723 0.314482 
0.352626 0.307112 -0.303655 
0.0656544 -1.9535 -2.01785 
-0.0925934 -1.11746 -2.39836 
0.262788 0.333334 -0.116893 
-0.00949782 -1.71104 -2.20559 
-0.475345 -1.68327 -0.775375 
0.0964696 0.203524 0.193592 
0.699154 -1.7437 -2.02257 
-0.0623211 -1.34077 -2.37302 
-1.1107 -7.76946 -4.02613 
-0.455849 -0.683472 -0.163275 
1.45054 -0.346132 -0.199169 
-0.000386455 0.181384 0.625236 
2.33184 -6.15736 11.1283 
-0.460307 -0.982312 -0.0818961 
1.05422 -1.40065 0.839622 

0.0139477 0.325029 0.174845 
-0.0461232 0.319835 0.178309 
0.139127 -0.829706 0.523226 
0.870098 -1.25297 0.101888 
0.699501 -0.577216 0.472126 
0.392257 0.376145 0.161928 
-1.88536 -1.91359 1.12887 
0.110259 -0.122623 0.297693 
-0.164713 0.121896 0.26455 
-1.41524 -1.42164 0.284861 
0.181463 -0.681298 0.707233 
0.427171 0.336485 0.0738456 
0.11 -0.0754772 0.290893 
-0.0630767 0.299016 0.0884891 
-0.153087 0.317691 0.195327 
0.111715 0.00750111 0.275903 
1.71079 -1.56205 0.209324 
0.444624 0.351453 0.0768354 
-0.0600039 0.128854 0.277212 
0.0211023 0.325501 0.175979 
1.43179 -1.96552 0.205543 
0.244275 -0.335508 0.0140138 
-0.237833 -0.0306956 0.340037 
-0.249189 0.0558717 0.313133 
-2.65774 -2.63009 0.703629 
0.298351 -0.549129 0.0807483 
3.37554 -3.01935 0.582893 
