0.410762 -0.254132 -0.875609 0.204714 0.0925306 0.96703 -0.237258 0.0466188 0.907035 0.0164361 0.420735 -0.83277 0 0 0 1
0.999779 -0.0136645 -0.0159805 -0.00204468 0.0135068 0.999859 -0.00993237 -0.00493632 0.016114 0.00971433 0.999823 -0.0185782 0 0 0 1
###
1.02369 -1.46095 0.205834 
1.25058 -0.723785 0.826288 
1.82522 -1.25176 0.831545 
10.5738 -12.9298 4.52588 
0.335652 -0.803249 1.5318 
1.41387 -1.86923 -0.600327 
0.438628 -0.471532 1.12361 
1.55699 -1.29358 0.0405243 
1.18273 0.348155 1.09581 
1.60174 -0.484127 0.962649 
0.963917 0.226863 0.534743 
13.3527 -14.5827 -2.17678 
2.77478 -2.60354 1.57258 
1.34223 -1.76241 -0.597411 
1.45787 -1.74729 0.188473 
2.08592 0.16984 0.176734 
0.935272 0.375732 1.26265 
0.37161 -0.706207 1.40048 
0.196888 -1.77229 2.88223 
2.22846 0.14967 0.034125 
1.50642 0.0983085 0.312428 
2.08528 0.179289 0.181137 
0.263186 -1.45651 2.45702 
0.966369 -0.432072 0.361347 
0.943763 0.232679 0.557577 
1.75306 -0.50062 0.0917945 
1.66795 -3.76604 0.357235 
1.53055 -0.353984 -0.51067 
2.04159 0.134559 0.0881462 
0.741909 0.399273 1.40439 
2.09191 -0.759903 -0.112736 
2.0734 -0.709095 -0.11275 
2.54399 -4.15688 -0.333454 
2.20054 0.141514 0.0368826 
1.8576 0.195845 0.266276 
0.775566 0.392209 1.37673 
1.61616 0.277431 0.708863 
0.840866 0.201846 0.448027 
1.71406 -1.26908 1.03655 
0.41328 -1.65325 2.61411 
1.75981 -0.474279 0.0352869 
1.93658 -1.24038 0.0863931 
0.780447 0.205803 0.47635 
3.00726 -3.11117 -0.367092 
2.25182 -1.79375 0.156192 
1.06756 -2.43086 -0.177019 
0.587351 0.383511 1.41663 
0.844612 0.226083 0.557833 
1.82883 -0.832423 0.107024 
0.822831 0.182695 0.362163 
0.719052 0.225707 0.571686 

1.14831 -2.38329 0.180825 
-1.7685 -4.8613 5.99602 
-3.18167 -5.00659 3.9972 
-1.9867 -6.823 8.85026 
-0.261121 0.239014 0.156328 
0.126225 0.203602 0.208903 
-2.85666 -3.48141 0.311859 
1.78873 -5.82972 9.58657 
-1.32174 0.350766 0.603102 
-0.821284 -0.485886 1.8655 
0.0820186 0.24092 0.189351 
2.13776 -6.37582 10.5491 
-0.816764 -1.57424 2.23046 
12.4107 -13.1877 4.71499 
1.66249 -2.25628 0.596191 
0.241325 0.175669 0.0899214 
0.322544 0.116795 0.244407 
0.201887 0.168202 0.162502 
-0.787846 -0.591686 1.99977 
0.108 0.211658 0.218303 
-1.11436 0.443662 0.95541 
0.182561 0.192126 0.15105 
-1.62603 -1.29423 1.02537 
0.378105 0.168615 0.0660811 
-0.0228242 0.195485 0.557056 
0.129881 0.174606 0.235249 
-0.159784 -5.14981 2.63127 
0.143305 0.231372 0.137616 
-0.953567 0.454934 1.05252 
0.00474056 0.263937 0.274884 
0.212004 0.0773705 0.391776 
0.221996 -0.352108 0.632581 
-2.60434 -3.36856 1.64558 
0.112641 0.21096 0.213362 
0.0337392 0.176627 0.330517 
-1.41867 0.355817 0.605523 
-0.920709 0.49405 1.17761 
-0.365519 0.239756 0.11171 
0.133835 0.224257 0.143422 
-3.64735 -5.0253 1.91879 
0.178072 -0.0264673 0.559418 
-0.0187478 0.272805 0.300601 
-1.21496 0.407935 0.809993 
0.154075 0.191718 0.206547 
0.0146935 -0.0548169 0.56274 
0.586532 -5.45933 2.13845 
-1.86021 -2.21106 0.234592 
-0.11173 0.240132 0.177121 
1.60354 -1.63455 0.194974 
-0.326053 0.223022 0.135912 
0.00573194 0.265412 0.275738 
