-0.368669 -0.279087 -0.886676 0.343531 0.148863 0.923828 -0.352677 0.152122 0.917564 -0.262015 -0.299042 0.41874 0 0 0 1
0.995046 -0.0116815 -0.0987293 -0.00766701 0.0098931 0.999778 -0.0185848 -0.00103309 0.0989246 0.017516 0.994941 -0.0048963 0 0 0 1
###
1.23612 -2.43164 1.1234 
0.563362 0.0947855 -0.343133 
-0.848596 -1.54291 -0.337787 
1.78873 -5.82972 9.58657 
5.04729 -6.62057 7.42557 
-0.719208 -1.18334 -0.188408 
1.2399 -2.43611 1.13021 
-0.718323 -1.65442 -3.07896 
-0.0755236 0.213034 0.569195 
4.35554 -4.96192 0.304499 
0.974432 -3.48949 5.92888 
0.0055455 0.120758 0.589852 
0.0146935 -0.0548169 0.56274 
1.24134 -2.42531 1.1371 
-0.0226717 -0.0450921 0.601941 
5.69181 -8.01489 -1.56784 
0.181865 -2.72219 -2.84833 
2.41754 -0.106945 -0.706316 
2.23953 -6.77692 11.1771 
0.360796 -3.29648 -3.69458 
0.00752282 0.183857 0.550741 
-1.12491 -2.28778 -0.099172 
1.40721 2.68266 2.87361 

0.946925 -1.4811 0.478357 
0.288248 0.0023271 0.209633 
0.0445671 0.151112 0.37084 
0.0958959 0.071935 0.320416 
0.36696 -1.56077 2.40344 
0.204515 0.00870398 0.226224 
2.22878 -2.41779 1.42817 
0.457673 0.0644305 0.0209742 
0.127623 0.0708939 0.248895 
1.75338 -1.69905 -0.0356298 
0.0940009 0.121828 0.145191 
0.177714 0.015836 0.258271 
0.187059 -0.0880826 0.237596 
0.946501 -1.47406 0.485063 
0.155946 0.0611049 0.197694 
0.163416 0.033671 0.306817 
0.134969 0.10891 0.0798352 
1.64278 -0.0379467 -0.654248 
0.0170144 -0.0936199 0.0900317 
-0.752495 -0.550848 0.24085 
0.177365 0.0550269 0.236913 
1.63995 -2.37317 2.64897 
-0.0339772 0.342443 1.24141 
