-0.288469 -0.203524 -0.935609 0.122715 -0.0183666 0.978144 -0.207114 -0.254053 0.957313 -0.0425621 -0.285902 0.373867 0 0 0 1
0.993827 0.0446198 -0.101577 0.173535 -0.0487726 0.998057 -0.0387729 -0.268098 0.0996491 0.0434876 0.994072 0.00853783 0 0 0 1
###
-2.53044 -22.4869 -12.0705 
1.81645 -3.21389 5.55134 
0.249283 0.247844 -0.492517 
5.50469 -5.01993 -0.743962 
0.687228 -7.50992 -4.50966 
0.15947 0.181608 -0.688867 
0.0473126 0.375079 0.615648 
7.3364 -6.61858 -1.00052 
-0.964179 -5.54614 -2.79665 
0.690263 -1.72462 -2.00197 
6.49692 -5.84539 -0.952416 
-1.10947 -7.03642 -3.54137 
1.48422 -0.68899 -0.0668413 
1.00864 -1.50641 0.792069 
0.386306 0.29939 -0.420122 
-0.638702 -2.03596 -0.543685 

1.28618 -1.22741 -0.151563 
-2.16325 -2.00203 0.308761 
-0.138229 0.319942 0.202583 
0.109916 -0.531364 0.536634 
0.173078 -0.93985 0.359085 
-0.0638836 0.305 0.106231 
-0.268223 0.307955 0.184682 
0.990314 -0.903268 -0.0444826 
-0.249865 0.301941 0.163058 
-0.131835 0.279237 0.179091 
-0.0874716 0.16738 0.00406795 
0.102973 -0.0136175 0.0132851 
-0.126978 0.288616 0.160187 
0.112741 -0.790676 0.522031 
-0.258573 0.307794 0.19454 
-0.426302 -0.193838 0.379381 
