-0.427101 -0.15632 -0.890589 0.280177 0.104424 0.969825 -0.220307 -0.11983 0.898154 -0.187092 -0.39789 0.452284 0 0 0 1
1 0 0 0 0 1 0 0 0 0 1 0 0 0 0 1
###
5.70934 -6.83221 0.471715 
-0.073591 0.213106 0.568018 
-0.525717 -1.73048 -3.46187 
1.23598 -2.43219 1.1236 
-0.312807 0.2346 0.129709 
-0.741103 -2.03692 -3.14155 
0.754704 -0.912339 -2.75106 
0.598203 -0.0649308 -1.01959 
-0.0328163 0.205391 0.379932 
0.660321 -0.0857269 -1.127 
6.33227 -8.85938 -1.78282 
1.39585 -2.46826 0.70676 
0.512792 0.0555236 -0.532697 
-0.999521 -1.84966 -0.266976 
0.128644 -0.396003 0.693026 
5.71486 -18.5475 -5.53975 
0.235953 -1.63949 -2.69205 

2.05484 -2.1835 0.0288403 
0.113508 0.093427 0.221089 
0.124724 0.0997395 0.145737 
0.943794 -1.46821 0.481129 
0.0200426 0.158111 0.397281 
0.288605 0.0299181 0.158584 
0.385905 -0.290427 0.298567 
-0.462702 0.138461 0.331489 
0.262944 -0.186679 0.273825 
-0.528076 0.143122 0.330265 
0.163433 0.0336744 0.306843 
1.02247 -1.46482 0.223409 
-0.331865 0.21389 0.643802 
3.46051 -6.15143 7.72462 
0.270289 -0.672264 0.0780147 
-0.735667 -1.34665 0.690667 
0.0994074 0.12101 0.140446 
