0.746083 -0.187235 -0.638987 0.231393 -0.048846 0.941675 -0.33296 -0.162777 0.664059 0.279628 0.693422 -0.107438 0 0 0 1
0.914582 -0.0325703 -0.403087 -0.00751455 0.0685636 0.99481 0.075184 0.00674846 0.398546 -0.096399 0.912068 -0.00631572 0 0 0 1
###
8.92638 -2.95 -2.56375 
-3.87807 -3.77565 6.05243 
2.62933 -3.49604 -0.53472 
-0.0867359 -0.132165 0.723409 
1.94705 0.128451 0.239223 
4.58516 -5.73487 -0.61255 
2.81924 -1.40877 -0.370736 
3.77226 -2.74768 5.05459 
1.22464 0.485403 0.445993 
0.353873 -1.34345 2.10027 
3.12669 0.327281 0.197092 
3.21732 -1.71049 -0.41079 
3.57256 -2.60904 4.8168 
-0.0852832 -0.0957718 0.670398 
2.80802 -1.41085 -0.355737 
1.48996 0.456632 1.65833 
9.1927 -9.62175 7.23411 

-0.0459842 0.0950198 0.175502 
0.0920637 0.116908 0.0769186 
0.0433842 -0.152284 -0.0751167 
-0.25062 -0.436167 0.319174 
0.103059 0.111309 0.0129977 
0.015605 -0.0139055 -0.000310453 
-0.199244 -0.0148352 0.288199 
0.100033 0.111608 0.0201199 
0.132143 0.104487 -0.0677133 
0.522933 -0.514806 0.198005 
-0.187741 0.077078 0.240215 
-0.239199 -0.0631973 0.355902 
0.126272 -0.0703433 0.126188 
0.260775 -0.262037 0.0983094 
-0.224078 -0.0497073 0.330372 
0.123697 0.0359818 0.0500805 
0.245259 -0.377276 0.0795721 
