-0.417026 -0.25691 -0.871829 0.308024 0.0548118 0.950365 -0.306272 -0.0256806 0.90724 -0.17551 -0.382245 0.440293 0 0 0 1
1 0 0 0 0 1 0 0 0 0 1 0 0 0 0 1
###
-0.186642 0.0159554 0.64723 
0.72802 -0.983115 -2.79654 
-0.344121 0.223773 0.111273 
-0.18385 0.016408 0.648765 
4.55717 -5.1561 0.285125 
-0.737983 -2.48452 -2.99579 
0.572138 -0.0506749 -0.974167 
0.197156 -0.0333768 0.933505 
1.13213 -2.51997 1.06322 
-0.091262 0.25539 0.409304 
1.24155 -2.42593 1.13717 
4.9801 -8.78309 -3.51175 
0.00619385 0.182885 0.551023 
0.311278 -0.148315 0.334893 
2.51755 -6.79682 1.15516 
0.0671143 0.0940505 0.513794 
5.72812 -8.38364 -2.14839 
1.40856 -2.47654 0.705511 
13.0007 -15.5795 4.60304 
0.291772 -0.241905 0.40111 
-0.423463 -0.337346 0.296568 
-1.04026 -2.26557 -0.324113 
1.20651 -2.41019 0.491548 

0.095897 0.0719342 0.320412 
-0.10334 0.188145 0.508367 
-0.326431 0.123923 0.336452 
0.0939983 0.121825 0.145189 
1.71732 -1.66185 -0.0320974 
0.0200426 0.158111 0.397281 
0.143441 0.113212 0.101436 
0.175281 0.0143117 0.330227 
0.886859 -1.53725 0.444591 
0.114053 0.0984545 0.152864 
0.946846 -1.47479 0.485325 
0.118144 -0.384 0.611908 
0.139851 0.111223 0.118875 
0.336551 0.0258905 0.0982136 
8.7298 -9.12074 3.14289 
0.216157 0.00382539 0.212898 
0.164168 -0.205118 0.0423067 
1.02972 -1.46844 0.223951 
6.65246 -6.59952 1.43898 
0.353444 -0.189904 0.130156 
1.98352 -2.98447 3.49959 
7.46698 -8.20902 2.1002 
-0.622153 -1.46019 0.983524 
