0.432453 -0.26056 -0.863188 0.211201 0.241453 0.955837 -0.16756 -0.0661253 0.868726 -0.135957 0.476267 -0.84966 0 0 0 1
0.999779 -0.0136398 -0.0159819 -0.00205306 0.013482 0.99986 -0.00994073 -0.00494003 0.0161153 0.00972307 0.999823 -0.0185784 0 0 0 1
###
1.42947 -0.897734 0.849049 
0.884702 -1.53367 0.444342 
8.42284 -8.33198 2.27895 
10.4406 -12.765 4.46837 
6.00272 -6.93164 3.63088 
0.910108 -1.56855 0.444437 
0.615896 0.283704 0.85899 
0.831447 -0.20761 0.654771 
1.70584 -0.909677 0.921785 
0.935707 -1.46363 0.474101 
0.699784 -0.0641223 0.613196 
7.17365 -11.2266 7.13976 
0.69111 -0.078722 0.517666 
1.06324 -1.55023 0.231923 
0.193677 -1.78047 2.89369 
2.75284 -2.57872 1.55974 
1.01565 -1.40791 0.208997 
2.22356 0.146716 0.038769 
2.08947 -3.26754 -0.0946912 
0.89964 -1.48992 0.491666 
2.04877 -1.58903 0.219418 
0.801271 0.386483 1.35103 
0.740654 0.39708 1.40055 
1.67588 -3.78918 0.353904 
1.79923 -0.875318 0.961266 
1.62652 -3.7728 0.312063 
1.90659 -1.90957 1.15274 
1.94775 -1.24568 0.0789616 
10.0258 -10.6927 3.01704 
1.8306 0.200592 0.299778 
2.10986 1.95369 -1.36546 
1.33333 -1.70854 0.206409 
0.849068 0.344966 1.13128 
1.36437 0.321339 0.95576 
1.25425 0.336649 1.03431 
1.9583 -1.20041 0.0648279 
1.74052 0.241036 0.526215 
2.20172 0.142939 0.0210439 
0.799947 0.38555 1.35087 
0.74053 0.391961 1.39077 
1.05235 0.364544 1.18085 

-1.98667 -6.82295 8.8502 
0.345171 -0.231986 0.336637 
-3.18161 -5.00655 3.99716 
-2.52171 -8.83074 10.6174 
-1.7685 -4.8613 5.99602 
1.1322 -2.52023 1.0633 
0.126225 0.203602 0.208903 
-1.21834 -2.28285 2.22208 
-0.840745 -1.78061 2.37378 
0.070445 0.250701 0.248363 
1.88668 -1.50967 0.0128865 
-0.816989 -1.57469 2.23112 
-0.353633 0.2411 0.14671 
0.249456 0.0258998 0.394422 
-1.62615 -1.2943 1.02541 
9.54829 -11.771 7.16352 
1.40682 -2.47288 0.705013 
-0.953492 0.454901 1.05245 
1.66227 -2.25595 0.59612 
1.92861 -8.20627 2.12833 
-0.46112 0.440762 1.00109 
-1.11065 0.44113 0.945691 
0.0047405 0.263941 0.274887 
-0.159987 -5.15321 2.6327 
-0.80932 -1.55211 2.24031 
-0.4663 -5.03694 2.83798 
-1.82734 -5.17914 3.29914 
0.604431 -0.0627023 0.45219 
-1.57407 -2.59448 2.2492 
0.00573194 0.265412 0.275738 
-1.41866 0.355814 0.605521 
1.22917 -5.88005 1.66781 
2.40105 -0.694265 0.339564 
-0.920584 0.493991 1.17747 
0.378867 0.169832 0.0648629 
0.00515504 0.263413 0.274628 
0.0794144 0.236181 0.18637 
-1.0121 0.439849 0.955338 
-0.107856 0.294616 0.384444 
0.03374 0.176637 0.330528 
-1.78339 -0.971912 0.633945 
