0.761492 -0.271003 -0.588801 0.251691 0.0201884 0.917876 -0.396354 -0.0852159 0.647859 0.289934 0.704426 -0.121551 0 0 0 1
0.914582 -0.0325703 -0.403087 -0.00751455 0.0685636 0.99481 0.075184 0.00674846 0.398546 -0.096399 0.912068 -0.00631572 0 0 0 1
###
0.398877 -0.517208 0.0843809 
-0.222391 0.0605934 0.372528 
-0.0724369 0.322336 0.267989 
1.39525 0.549876 0.467666 
1.86145 0.121555 0.237218 
8.64323 -8.60238 2.51384 
-0.222473 0.0610726 0.376303 
7.9847 -8.33557 2.71897 
2.8246 -1.41123 -0.371901 
2.73143 -0.81829 -0.614792 
0.0966735 0.226622 0.044526 
3.22117 -1.71215 -0.410832 
0.595596 0.487906 0.552812 
-1.39214 -1.88532 4.25555 
2.80164 -1.07387 -0.522994 
7.84473 -5.14808 6.59521 
0.55034 -1.04626 0.103392 
0.631438 0.45672 0.487224 
0.732347 -1.67325 0.19745 
1.20919 -2.52464 0.144982 

0.017277 -0.0138536 -0.00146031 
0.104929 0.048408 0.0964988 
0.0724287 0.117315 0.0329882 
0.131295 0.103831 -0.065824 
0.103059 0.111309 0.0129977 
0.251395 -0.308193 0.224795 
-0.230914 -0.0721967 0.329778 
-0.25062 -0.436167 0.319174 
-0.176239 0.0200755 0.24857 
0.136084 -0.0292406 -0.00132913 
0.088281 0.0692635 -0.122376 
-0.209665 -0.0152547 0.304455 
0.0123951 -0.0718349 0.0600492 
-0.111344 -0.446017 0.537625 
-0.223986 -0.00424553 0.321638 
0.0753276 -0.416915 0.559576 
0.27023 -0.448681 0.525747 
-0.0333578 0.0968536 0.18123 
0.227881 -0.205659 -0.0287551 
0.0157714 -0.0157061 -0.00136198 
