-0.599186 -0.238153 -0.764369 0.000215977 0.00949123 0.952553 -0.304225 -0.231702 0.800554 -0.189542 -0.568496 -0.116507 0 0 0 1
0.999929 -0.0119178 0.000274557 0.00808126 0.0119178 0.999929 4.30882e-05 0.00346975 -0.000275051 -3.9813e-05 1 0.000951204 0 0 0 1
###
0.728252 -1.08871 -0.689197 
0.756222 -1.47821 -1.13418 
-0.0139036 -0.566689 -0.609836 
0.0577577 0.120643 -0.179728 
0.2287 -1.07381 -0.893021 
0.534698 -0.755589 -0.459072 
0.263088 -1.41366 -1.19367 
0.645231 -1.04453 -0.75111 
1.46824 -3.01932 -1.83572 
0.0245363 -0.136181 -0.337428 
0.613025 -0.801472 -0.493114 
0.231316 -1.23779 -1.08476 
1.66841 -3.39551 -1.43181 
0.44037 -0.369619 -0.211232 
0.334817 -0.0286443 -0.334583 
0.132712 0.127774 -0.146179 
0.724149 -1.12398 -0.750429 
0.133594 0.267546 -0.142084 
0.134125 0.268778 -0.14195 
0.113245 0.260095 -0.15776 
0.0834623 0.171296 -0.628105 
0.07363 -0.0383262 -0.603047 
0.203729 0.184901 -0.615171 
0.472782 -0.289606 0.0680099 
0.401696 -0.534893 -0.489564 
-0.0999229 0.157099 -0.56548 
0.108544 -0.0144633 -0.519358 
0.0491113 -0.3054 -0.156566 
0.00108288 -0.49802 -0.171764 
0.0577629 -0.287213 -0.171955 
0.160165 0.100216 -0.15587 
0.378756 0.323482 0.0452083 
0.20883 -1.18707 -1.05705 
0.134449 0.268482 -0.142619 
0.0303855 -0.193523 -0.373756 
0.105063 0.259724 -0.195096 
0.141957 0.253459 -0.223097 
1.281 -3.99715 -2.54572 
0.45726 -0.203093 0.244383 
-0.184834 -0.431807 -0.340915 
0.623606 -0.813258 -0.512671 
-0.156255 0.126562 -0.722243 
0.0775086 0.0182505 -0.200582 
0.0667279 -0.367413 -0.140757 
0.0363929 -1.06678 -0.312141 
0.560333 -0.446927 -0.120447 
0.0406861 -1.20708 -1.02841 

-0.477893 -1.63882 2.24031 
4.14338 -3.88463 5.85939 
1.22704 -3.72336 6.78994 
-0.896001 0.347207 0.587472 
2.54046 -4.30874 7.15923 
-0.970342 -1.83714 1.32242 
2.07922 -1.68158 2.25302 
-0.830836 -1.53091 1.08834 
4.05868 -4.15054 5.97385 
2.40391 -3.93859 7.05759 
3.13471 -2.47893 2.26867 
1.81645 -3.21389 5.55134 
-2.2469 -9.54374 10.7516 
-1.23198 -2.26659 1.52968 
-0.805637 -0.370574 1.29352 
-1.03481 -4.43031 2.48035 
-11.5507 -30.5591 33.0857 
-0.131087 0.101277 0.363516 
-0.132229 0.101289 0.364593 
-0.128672 0.0966064 0.34647 
-0.119066 0.351978 0.0991238 
0.0990187 0.203515 0.207785 
-1.00051 0.313693 0.494872 
2.10288 -1.63334 2.24439 
-0.995099 -3.11317 2.17826 
-0.17565 -0.270771 0.0842689 
-0.122794 0.0948803 0.340306 
2.13079 -0.763669 0.419711 
0.616974 -0.360192 0.0591978 
0.964925 -1.97674 0.425912 
-0.60653 -1.10089 1.46437 
-0.882147 0.376363 0.676703 
-1.23866 -0.781735 0.221466 
-0.125523 0.0959642 0.351241 
2.02815 -1.59569 2.16575 
-0.132049 0.353887 0.110271 
0.0273361 -0.110408 0.417149 
1.03217 -4.02619 1.65187 
0.0274135 -0.0444045 0.396036 
0.485147 -3.48291 1.69715 
-1.23133 -0.770291 0.210225 
0.144313 0.0978717 0.166996 
-0.884016 0.377927 0.682839 
0.324244 -3.61219 1.83662 
1.07692 -10.3237 5.23183 
5.35313 -5.64883 5.81485 
-0.893083 0.350359 0.593933 
