-0.263026 -0.318664 -0.910643 0.167126 -0.0967131 0.947833 -0.303743 -0.21837 0.959929 0.00817866 -0.280124 0.353106 0 0 0 1
0.991746 -0.121313 -0.0415195 0.08546 0.121219 0.992614 -0.00478323 -0.0143805 0.0417931 -0.000289194 0.999126 -0.023898 0 0 0 1
###
1.82253 -3.21772 5.55666 
1.39544 -1.79644 0.966518 
4.50291 -3.61751 0.728963 
-0.284617 0.335711 0.237523 
0.341553 0.31667 -0.250787 
-0.329598 0.28338 -0.0296484 
-0.129456 -1.09999 -2.49927 
0.740675 -1.70557 0.34194 
-0.0876292 -1.12819 -2.4202 
0.260994 0.24574 -0.46265 
0.0710562 -2.15199 -2.90545 
0.687457 -1.72929 -2.00467 
-0.380132 -0.801861 -0.0656994 
6.84852 -9.17279 -0.924541 
-0.379884 -0.803321 -0.0662346 
1.2508 -1.45653 0.550633 
5.74075 -4.21886 0.601427 
0.00685541 0.157058 0.595494 
0.682322 -1.71431 -1.98919 
1.52596 -0.077893 -0.5079 
-0.379532 -0.80535 -0.0663397 
1.21184 -1.41227 0.534905 

-0.164713 0.121896 0.26455 
1.19914 -1.07924 0.220015 
-0.249189 0.0558717 0.313133 
0.428792 0.334109 0.0515867 
0.240024 0.34623 0.173411 
0.424442 0.353221 0.121246 
-0.0630767 0.299016 0.0884891 
0.139127 -0.829706 0.523226 
-0.0651505 0.300697 0.0927338 
-0.358247 0.333726 0.257073 
-0.567197 -0.15089 0.385485 
-0.1213 0.0709197 0.322826 
0.811064 -1.81381 -0.00214655 
0.0900676 -0.681832 0.853406 
-0.995487 -1.13863 0.0889246 
-0.456275 0.180399 0.332481 
2.42861 -1.88898 0.848341 
-0.35127 0.196367 0.323678 
-0.503723 -0.164868 0.409155 
0.115359 0.016339 0.278992 
0.244275 -0.335508 0.0140138 
0.498708 0.382115 0.085384 
