0.5132 -0.334345 -0.790468 0.133278 0.305319 0.931875 -0.195932 -0.0875087 0.802126 -0.140792 0.58032 -0.887282 0 0 0 1
0.999779 -0.0136398 -0.0159819 -0.00205306 0.013482 0.99986 -0.00994073 -0.00494003 0.0161153 0.00972307 0.999823 -0.0185784 0 0 0 1
###
1.43573 -1.88962 -0.614671 
10.0824 -12.3295 4.31929 
1.89704 -1.45692 1.02731 
0.94312 -1.46681 0.480663 
2.26105 -2.35424 -0.357109 
1.63431 -0.488875 0.980618 
4.40152 -4.11104 1.51668 
2.04247 -1.71973 1.22114 
0.884873 0.2372 0.621143 
0.0981283 -2.16925 3.39477 
-0.270208 -1.94502 2.60488 
1.73035 -6.76793 6.62948 
2.03281 0.160285 0.188926 
0.931241 -1.53552 0.498782 
1.22895 -3.85765 0.228529 
1.53973 0.302745 0.813703 
0.682916 0.264893 0.769263 
9.4558 -10.3815 0.302609 
2.28692 0.170063 0.106472 
0.561295 -0.116393 0.734752 
1.92855 -2.91533 -0.0322096 
1.66864 -3.76624 0.351979 
0.238329 0.568641 1.9048 
2.07262 0.175053 0.181612 
2.20908 0.142841 0.0441206 
2.24477 -2.05473 -0.0917959 
1.31722 0.0497763 0.242245 
1.06027 -1.31134 0.203883 
0.918327 -0.971477 0.313518 
0.521658 0.420246 1.50857 
2.2669 0.164227 0.112235 
1.50999 -1.16942 1.29285 
2.03142 0.132225 0.0898668 
0.530982 0.390108 1.43693 
0.849935 0.345531 1.13193 
0.800801 0.386294 1.35194 
0.691579 0.270131 0.750923 
0.93976 0.22932 0.556531 
0.616321 0.436425 1.52659 
1.36581 0.322136 0.958008 
1.0538 0.364629 1.18098 
2.18501 0.145141 0.0265881 
1.29106 -1.06657 -0.0918509 
0.60396 0.412607 1.48556 
12.1277 -13.4407 3.04978 
1.5962 0.261983 0.721173 
2.53262 -2.11881 0.0935268 
1.3028 0.327491 0.9924 
2.07973 -1.25555 0.115271 

0.0910928 0.239496 0.184831 
-2.52171 -8.83074 10.6174 
-1.98667 -6.82295 8.8502 
1.1322 -2.52023 1.0633 
1.78523 -5.81854 9.56544 
-0.82126 -0.485797 1.86556 
-1.57407 -2.59448 2.2492 
-1.7685 -4.8613 5.99602 
0.137042 0.222378 0.135417 
-0.80932 -1.55211 2.24031 
-3.18161 -5.00655 3.99716 
-1.82734 -5.17914 3.29914 
-1.1142 0.443601 0.955315 
1.92861 -8.20627 2.12833 
0.230488 -0.154774 0.605517 
-0.803628 0.402215 0.820623 
0.00573194 0.265412 0.275738 
0.136692 -2.77181 4.85174 
-0.324117 0.243604 0.14705 
-0.105788 0.291809 0.379816 
1.66227 -2.25595 0.59612 
-0.159987 -5.15321 2.6327 
0.175918 0.159194 0.202653 
-0.24355 0.320644 0.498152 
-0.953492 0.454901 1.05245 
0.322551 0.116797 0.244409 
0.333126 0.0836955 0.255132 
1.40682 -2.47288 0.705013 
1.23599 -2.4322 1.12356 
0.00515504 0.263413 0.274628 
-0.236291 0.259778 0.620753 
-0.816989 -1.57469 2.23112 
-1.33261 0.38165 0.698384 
-0.353633 0.2411 0.14671 
2.40105 -0.694265 0.339564 
-0.107856 0.294616 0.384444 
-0.246333 0.248627 0.207747 
0.122457 0.0861222 0.502935 
-1.52893 -1.79916 0.239763 
-0.920584 0.493991 1.17747 
-0.46112 0.440762 1.00109 
-1.0121 0.439849 0.955338 
-1.28263 -0.091918 0.753018 
-2.8564 -3.48115 0.311854 
-1.6229 -4.76955 3.53956 
-1.1195 0.437804 0.946431 
-1.78339 -0.971912 0.633945 
0.0794144 0.236181 0.18637 
3.01994 -2.00238 0.422458 
