0.764591 -0.155959 -0.625362 0.217017 0.016138 0.97461 -0.223328 -0.158428 0.644314 0.160662 0.747695 -0.0873531 0 0 0 1
-0.785139 -0.269944 -0.557393 -0.0106636 -0.0293894 0.915234 -0.401849 -0.0476798 0.618622 -0.299126 -0.72652 0.0567768 0 0 0 1
###
-5.1662 -7.86693 7.89907 
0.63678 -0.221447 0.0337446 
2.20195 -4.76665 11.7917 
2.0046 -1.98315 4.62049 
-5.33306 -5.98779 7.02293 
-6.25814 -5.84522 7.70172 
3.60833 -2.63648 4.86278 
-0.201637 0.022325 0.548743 
0.930967 -2.28622 2.1089 
-5.72157 -5.21078 7.05253 
3.87667 -2.93219 5.31851 
2.99246 -2.90573 6.61353 
-7.11077 -6.73039 8.89148 
2.39581 -1.89007 -0.706384 
0.713733 0.537112 0.617319 
0.342518 -1.79705 2.46597 
0.686951 -1.53914 1.70665 
1.75599 -7.8187 15.2826 
3.11418 -1.33993 0.368947 
0.35222 -1.34109 2.09713 
-7.8276 -7.38548 9.80827 
1.26467 0.446986 1.62183 
-0.0813252 0.221693 0.465902 
0.27864 -0.576963 0.0167904 

0.0492021 -0.0367452 0.144584 
-0.00424954 0.0441788 0.00173345 
-0.00636371 0.0751379 0.000600048 
-0.0368187 0.0707002 -0.0229057 
0.10337 0.0118757 0.135063 
-0.0351824 0.0729008 -0.00344542 
-0.0880266 -0.128406 -0.0272586 
0.190154 -0.185986 0.168122 
0.171351 -0.186481 0.255911 
-0.21778 0.06926 -0.211648 
-0.00385016 0.0794752 0.00309606 
-0.132651 -0.167473 -0.0597366 
0.0636998 0.106494 0.00220264 
0.104334 0.010035 0.136278 
-0.0363283 0.0684375 -0.0245081 
-0.0522325 -0.139557 -0.0301374 
-0.015478 0.0874423 0.00115913 
0.0695205 -0.692988 -0.552974 
0.130163 0.0969591 -0.130712 
-0.0688422 -0.16023 0.036938 
0.065022 0.106945 0.00169889 
0.111764 0.0576153 0.0938839 
-0.0971488 -0.128621 0.00670871 
0.349874 -0.433305 -0.326542 
