-0.24975 -0.237499 -0.938733 0.134314 0.0940331 0.958924 -0.267625 -0.182474 0.963734 -0.155111 -0.217158 0.405638 0 0 0 1
0.991746 -0.121313 -0.0415195 0.08546 0.121219 0.992614 -0.00478323 -0.0143805 0.0417931 -0.000289194 0.999126 -0.023898 0 0 0 1
###
6.95654 -10.9883 -4.26383 
1.22648 -3.7238 6.7896 
-0.0190802 -1.85911 -2.45752 
-0.135015 -1.07507 -2.43819 
-2.55825 -22.4893 -12.06 
-1.09789 -4.13708 -2.1401 
3.37495 -2.64133 0.722139 
-0.347675 0.276555 -0.059817 
0.0849738 -0.845831 1.9548 
1.81776 -3.2145 5.55947 
-0.126266 0.0796951 0.415274 
4.4076 -3.52487 0.660665 
0.334381 -3.61366 1.83383 
-0.0782129 -1.15915 -2.4993 
0.240637 0.248836 -0.480153 
-0.154185 0.104767 0.381495 
0.703319 -1.75202 -2.03482 
6.51842 -8.75668 -0.879412 
0.27343 0.253539 -0.482346 
0.154476 0.0965908 0.169492 
0.709388 -1.76478 -2.05318 
5.5179 -5.02118 -0.747648 
0.0273384 -0.108613 0.415608 
-0.128821 0.289759 0.299276 
-1.55206 -4.83314 -1.64465 

-1.86676 -2.2173 1.99833 
-0.945911 -0.869751 0.133435 
-0.0630767 0.299016 0.0884891 
0.117227 -0.0195582 0.288541 
0.870098 -1.25297 0.101888 
-0.0461232 0.319835 0.178309 
-0.259212 0.0541788 0.323149 
0.444624 0.351453 0.0768354 
0.4021 0.361658 0.123775 
-0.486052 -0.584438 0.662612 
-0.224311 -0.689662 0.955129 
0.390832 0.356669 0.121867 
0.138131 -0.883349 0.258684 
-0.169216 0.31182 0.190134 
0.240034 0.346246 0.173423 
-0.456275 0.180399 0.332481 
-0.0600039 0.128854 0.277212 
0.0900369 -0.681719 0.85325 
-0.246296 0.0807732 0.305642 
0.394386 0.362515 0.12272 
-0.162005 0.176902 0.248321 
-0.0457606 0.321584 0.178103 
-0.337514 -0.817111 0.868936 
-0.242214 0.317499 0.223705 
0.18671 -0.234697 0.297832 
