-0.603437 -0.322568 -0.729256 0.0272679 0.0785189 0.886049 -0.456893 -0.241334 0.793536 -0.332967 -0.509347 -0.0843732 0 0 0 1
0.999817 -0.0184494 -0.00503721 0.0214154 0.018502 0.999772 0.0106131 0.0140161 0.00484026 -0.0107043 0.999931 0.00174935 0 0 0 1
###
0.29055 0.23281 -0.400407 
0.020592 -1.36223 -1.12644 
-0.047193 -0.165241 -0.175552 
-0.0235769 -0.641136 -0.654277 
0.512633 -0.579951 -0.395586 
-0.135107 -0.187605 -0.324522 
0.259407 -1.39559 -1.18241 
0.0386534 0.21644 -0.324918 
0.0315614 -0.262496 -0.162463 
0.0557037 -0.548962 -0.246974 
0.327888 -0.318476 -0.313961 
0.000244504 -0.303112 -0.236614 
0.227472 -1.2132 -1.06951 
0.611255 -0.79908 -0.492255 
0.153948 0.258708 -0.200377 
0.792306 -0.564384 0.578551 
0.0295102 -1.13784 -0.323429 
0.546892 -0.321205 0.125049 
-0.0628077 -0.20128 -0.186096 
-0.00611071 -0.365995 -0.252321 
0.0333814 -0.432525 -0.178192 
0.410464 0.343261 0.0580378 
0.745842 -0.51419 0.539701 
0.130004 0.25844 -0.198076 
0.418896 0.354056 0.0965105 
0.036719 -1.07218 -0.31374 
0.0645556 -0.499243 -0.579851 
0.1966 -1.04147 -0.959573 
0.535071 -0.522984 -0.224145 
0.172172 0.0686689 -0.16468 
0.475825 -0.292601 0.0687484 
0.108533 -0.016504 -0.524299 
0.0577025 -0.28671 -0.171811 
-0.0998165 0.157025 -0.567831 
0.540648 -0.438829 0.52332 
0.0289697 -0.104473 -0.648483 
0.20852 -1.18512 -1.05722 
0.358645 0.299501 -0.0703543 
0.0415187 -0.772054 -0.166737 
0.350545 0.290082 -0.121603 
0.524449 -0.816648 -0.625536 
-0.326544 -0.913924 -0.709044 
0.315513 -0.0883481 0.152154 
0.971854 -0.910158 0.970872 
0.094503 0.170254 -0.629589 
0.369846 0.31857 0.0128233 
0.0427306 -1.14007 -0.981373 
0.396357 -0.546131 -0.341345 
0.0973245 -0.244205 -0.529494 
-0.0947198 -1.23305 -1.02398 
-0.136431 -1.17709 -0.985357 
0.484676 -0.725648 -0.412858 
-0.0957048 -0.162018 -0.212322 
0.339183 -0.078634 -0.352158 
0.300868 0.231129 -0.405339 
-0.0370958 -0.801506 -0.746961 
0.293619 0.235668 -0.381435 
0.072591 0.0667403 -0.598125 
0.335162 -0.11241 -0.347854 

-0.985643 0.312816 0.4915 
4.14291 -3.88422 5.85868 
-0.00331147 0.0293094 0.395574 
1.22648 -3.7238 6.7896 
-0.830833 -1.53091 1.08835 
4.05461 -2.76084 1.43103 
2.07856 -1.68107 2.25243 
0.0655401 -0.070879 0.360912 
-1.04411 -3.92017 2.38304 
0.0874248 -3.63226 1.98289 
-0.97031 -1.83708 1.32238 
0.025692 0.278999 0.210544 
1.81776 -3.2145 5.55947 
3.13467 -2.47897 2.2686 
-1.00698 0.272041 0.355604 
0.0274197 -0.044404 0.396076 
0.0858392 -1.4995 0.798766 
2.54019 -4.30856 7.15862 
-0.883983 0.377919 0.682817 
0.0990178 0.203515 0.207784 
2.08831 -0.748435 0.411795 
1.98147 0.634803 0.110827 
-0.00551942 -0.379228 0.640656 
-0.132052 0.353888 0.110272 
-0.882125 0.376358 0.676688 
1.07697 -10.3238 5.23219 
-0.119066 0.351977 0.0991236 
2.40388 -3.93837 7.05729 
-1.23204 -2.26671 1.5298 
-0.840919 -1.74763 1.5242 
2.10256 -1.63309 2.24405 
-0.122793 0.0948807 0.340304 
0.684741 -1.51063 0.357616 
-0.175636 -0.270753 0.0842867 
-0.141074 -2.68511 4.6229 
-1.2383 -0.146964 0.413916 
-0.140012 0.113021 0.384452 
-0.89725 0.377755 0.68627 
0.334381 -3.61366 1.83383 
-0.216362 0.283753 0.398772 
-0.995109 -3.11322 2.17827 
-0.0787199 0.206921 0.294182 
0.163958 -2.84968 5.39239 
-11.5507 -30.559 33.0858 
0.017642 0.263033 0.299472 
-0.147308 0.127882 0.409914 
-0.893084 0.350359 0.593934 
-1.0348 -4.43033 2.48037 
-0.854594 0.396424 0.729593 
4.05484 -3.13663 4.32539 
0.16573 0.0554464 0.1722 
1.92971 -7.27505 8.19882 
1.03194 -4.0256 1.6515 
0.0203279 -0.0147426 0.375088 
-1.01542 0.314394 0.497312 
0.192657 0.0672974 0.16552 
-0.537031 0.411222 0.599319 
0.0816726 0.0628377 0.362765 
-0.657204 -1.17699 1.52506 
