0.764591 -0.155959 -0.625362 0.217017 0.016138 0.97461 -0.223328 -0.158428 0.644314 0.160662 0.747695 -0.0873531 0 0 0 1
0.99975 -0.0159805 -0.0156135 -0.00302473 0.0165232 0.999241 0.0352683 0.00669715 0.0150381 -0.0355175 0.999256 -0.00165033 0 0 0 1
###
8.71145 -2.87699 -2.49109 
2.20195 -4.76665 11.7917 
-0.0854391 -0.128958 0.720086 
2.7389 -1.42703 -0.383016 
0.16349 0.107635 0.0841405 
0.0823344 0.263441 0.121343 
0.409059 0.015679 0.0271035 
-6.25814 -5.84522 7.70172 
3.60833 -2.63648 4.86278 
2.9362 -1.1185 -0.552451 
2.72823 -0.817633 -0.612817 
2.86119 -1.42694 -0.378457 
3.87667 -2.93219 5.31851 
-7.11077 -6.73039 8.89148 
2.98531 -1.34772 0.437827 
0.713733 0.537112 0.617319 
0.624483 -1.12406 2.11562 
1.75599 -7.8187 15.2826 
3.11418 -1.33993 0.368947 
-7.8276 -7.38548 9.80827 
1.26467 0.446986 1.62183 
0.27864 -0.576963 0.0167904 

0.120517 -0.0514006 0.117674 
0.0119827 -0.0452097 0.0446141 
-0.25062 -0.436167 0.319174 
0.141463 -0.0575941 0.000943672 
0.064407 0.1145 0.025318 
0.0961526 0.111899 0.0369257 
-0.0459842 0.0950198 0.175502 
0.0883497 0.113632 0.0807386 
0.0157786 -0.0143453 -0.000630767 
0.102627 0.111163 0.0139768 
0.0899739 0.109024 0.0383631 
-0.223986 -0.00424553 0.321638 
0.0152738 -0.0135561 -0.000126504 
0.0885781 0.114346 0.0610092 
0.173371 0.0304 0.000623713 
0.103059 0.111309 0.0129977 
0.0853952 0.0679214 0.196067 
0.0550636 -0.352941 0.44764 
-0.0343619 0.101334 0.188396 
0.0914303 0.110675 0.0438364 
0.0944768 0.0764133 0.0806524 
0.0722915 -1.43753 -0.574074 
