-0.396712 -0.139912 -0.907218 0.280282 0.229485 0.941817 -0.245598 -0.0391072 0.888795 -0.305624 -0.341523 0.466146 0 0 0 1
0.99504 -0.0116429 -0.0987965 -0.00765379 0.0098488 0.999778 -0.0186275 -0.00101569 0.0989914 0.0175621 0.994933 -0.00490604 0 0 0 1
###
-0.0738253 0.212944 0.567559 
5.70599 -6.82722 0.474067 
1.38526 -2.495 0.705999 
-0.311877 0.234928 0.123539 
6.85677 -7.58204 0.144201 
-0.0755935 0.212767 0.569027 
0.585077 -1.52974 0.34544 
-0.311447 0.23425 0.129422 
0.820078 -1.35488 -3.09393 
-0.721725 -1.67945 -3.14266 
0.124889 -0.383785 0.686137 
-0.742635 -2.06191 -3.1911 
6.33678 -8.85568 -1.77473 
0.169882 -0.449897 0.719579 
-0.090976 0.255974 0.409684 
0.0031272 0.1194 0.59003 
1.39597 -2.46803 0.706998 
3.77726 -10.5847 16.5093 
0.197849 -2.79145 -2.939 
0.0295909 0.0939189 0.54702 
1.06446 -2.40988 1.04569 
0.00646197 0.182684 0.550741 
2.31715 -6.75112 10.7773 
1.40682 -2.47288 0.705013 
-0.735298 -0.713602 0.0454671 

1.04095 -2.98775 0.124562 
2.05484 -2.1835 0.0288403 
1.06327 -1.55042 0.232032 
0.165605 0.0192284 0.309281 
1.71732 -1.66185 -0.0320974 
0.127624 0.070893 0.248894 
0.848233 -1.5488 0.00221367 
0.0989616 0.0854978 0.239521 
0.0200426 0.158111 0.397281 
0.128958 0.112301 0.0918862 
0.946846 -1.47479 0.485325 
0.288287 0.00232882 0.209657 
2.21603 -2.80109 -0.786313 
0.261166 -0.292036 0.303406 
0.11447 0.0988024 0.15349 
0.177705 0.0158325 0.258245 
1.02247 -1.46482 0.223409 
-0.0569095 0.197701 0.517854 
0.134961 0.108903 0.0798328 
0.193807 0.00247963 0.233565 
0.888877 -1.5414 0.446059 
0.139851 0.111223 0.118875 
-0.102866 0.190332 0.514615 
1.02972 -1.46844 0.223951 
-0.279251 -1.05724 1.2103 
