-0.427008 -0.397513 -0.812187 0.0176448 0.0723407 0.880295 -0.46888 -0.240574 0.90135 -0.25897 -0.347136 -0.0968222 0 0 0 1
0.999881 -0.0154221 0.00010146 0.0114729 0.0154219 0.99988 0.00169924 0.0056428 -0.000127654 -0.00169747 0.999999 0.00136221 0 0 0 1
###
0.785436 -1.55202 -1.18378 
0.122974 0.166185 -0.0859791 
1.20157 -2.73132 -1.45562 
0.604463 -0.787593 -0.488417 
0.0206583 -1.2923 -1.08233 
0.216982 -1.13397 -1.01635 
0.0917592 0.178464 -0.463358 
0.717424 -1.07253 -0.681418 
0.158878 -0.468723 -0.528183 
0.224315 -0.0177658 -0.17653 
0.350548 0.289981 -0.121808 
0.46713 -0.317965 0.0623471 
-0.0158152 -0.58892 -0.17857 
0.123876 0.167889 -0.0863168 
0.124887 0.166578 -0.0831689 
0.0835299 0.1713 -0.627639 
0.444839 -0.686802 -0.554198 
0.140527 0.167473 -0.647885 
0.0559132 -0.286758 -0.171724 
0.122601 0.163772 -0.0859573 
0.339333 0.320296 0.0731683 
0.0354988 -0.448966 -0.181656 
0.351081 0.290586 -0.124182 
0.375638 0.327342 0.0655533 
0.106748 -0.00776387 -0.525462 
0.0369914 -1.07158 -0.314539 
0.323198 -0.47331 -0.578594 
-0.00107782 -0.509251 -0.174638 
0.190257 -0.98688 -0.922916 
0.358946 0.299613 -0.0704072 
0.460749 -0.233088 0.0750521 
0.402918 -0.260776 -0.110052 
0.210878 0.0127336 -0.174981 
0.36419 0.303437 -0.0596094 
0.337408 0.02313 -0.305618 
0.324637 0.255882 -0.289905 
0.302367 0.288104 -0.116641 
0.101729 -0.00914363 -0.0857109 
0.0834003 -0.0861615 -0.57997 
0.0819277 -0.0800305 -0.590051 
0.373221 0.360746 0.157955 
0.05663 -0.302408 -0.172279 
0.0931359 0.176695 -0.506953 
0.33595 -0.1131 -0.348584 
0.0130562 -0.598184 -0.414096 
0.111177 -0.807525 0.18844 
0.340285 0.00218195 -0.321909 
0.396082 -0.390484 -0.357491 
0.417082 0.351287 0.0589951 
0.357713 0.3241 0.0496533 

-1.17537 -4.36477 5.25513 
-0.882438 -1.19855 0.045304 
1.22648 -3.7238 6.7896 
-0.799561 -1.71693 1.61204 
4.14291 -3.88422 5.85868 
1.81776 -3.2145 5.55947 
-0.119066 0.351977 0.0991236 
-0.477893 -1.63882 2.24031 
7.95779 -7.1664 6.06577 
-0.830833 -1.53091 1.08835 
-0.895998 0.347206 0.587472 
-1.0348 -4.43033 2.48037 
0.794273 -1.73278 0.252594 
-1.22114 -1.6072 0.0615589 
-4.08808 -6.28973 0.203283 
1.98147 0.634803 0.110827 
-0.995109 -3.11322 2.17827 
-0.882125 0.376358 0.676688 
2.49559 -0.944238 0.494639 
-3.78501 -5.80764 0.165485 
-1.00046 0.313692 0.49485 
0.96453 -1.97588 0.425903 
-0.216362 0.283753 0.398772 
-1.00698 0.272041 0.355604 
0.0200791 -0.0162375 0.374684 
1.07697 -10.3238 5.23219 
0.0592193 -1.44457 2.85153 
0.616997 -0.360203 0.0592036 
2.40388 -3.93837 7.05729 
0.198792 0.0680211 0.166824 
-1.96454 -3.68401 0.973984 
-1.06417 -1.97165 1.32731 
-1.23204 -2.26671 1.5298 
-1.01363 0.29114 0.438403 
-0.899017 -0.252132 0.949148 
-0.704274 0.655591 1.54762 
1.9287 -0.0301765 0.407146 
0.334381 -3.61366 1.83383 
-0.132052 0.353888 0.110272 
-1.23863 -0.78171 0.221461 
-0.845229 -1.39618 0.470913 
0.138198 0.144041 0.219483 
1.2106 -1.41077 0.534345 
0.0302187 -0.0435925 0.433701 
-0.883983 0.377919 0.682817 
0.0858392 -1.4995 0.798766 
-0.910756 -0.350904 1.35647 
2.02783 -1.59553 2.16545 
2.60935 -1.279 1.40172 
0.0816726 0.0628377 0.362765 
