0.597576 -0.301925 -0.742795 0.0460461 0.244254 0.950912 -0.190017 -0.0534935 0.763703 -0.0678811 0.641989 -0.953079 0 0 0 1
0.999779 -0.0136513 -0.0159866 -0.00204994 0.0134933 0.99986 -0.00994604 -0.00494166 0.0161201 0.00972813 0.999823 -0.0185807 0 0 0 1
###
2.32607 -1.96604 1.19804 
8.70939 -9.70082 2.48643 
2.36484 -3.01175 -0.867907 
2.12296 -1.92748 1.4094 
0.404751 -0.475976 1.00309 
1.83159 -3.90571 -0.580268 
1.32675 -0.832148 0.906924 
2.26874 -2.00509 1.32641 
0.510763 0.434402 1.58429 
1.78092 -2.58647 0.0334144 
0.607001 0.405092 1.4569 
0.214299 0.535511 1.77462 
0.522565 0.419597 1.50797 
0.942104 0.229314 0.556809 
1.37047 0.323399 0.957782 
0.848315 0.394716 1.34112 
1.52218 -1.18432 1.30184 
2.09144 -1.22758 0.648952 
2.07389 0.175738 0.183327 
10.6496 -11.7513 2.706 
0.5082 0.425802 1.5704 
0.530036 -0.27631 0.851819 
1.74198 -0.951177 0.160038 
0.417361 0.432371 1.61317 
2.01145 0.105525 -0.143904 
1.68694 -3.91992 0.316958 
1.69621 -1.1647 0.835194 
0.580617 -0.203318 0.794802 
1.9549 -1.66298 0.0203542 
0.928717 -1.61989 0.443688 
2.11564 -2.23325 1.25861 
0.384199 0.448249 1.62548 
2.63521 2.00932 -1.31541 
1.84709 -1.35103 0.292564 
6.77243 -7.62547 1.66051 
2.26488 0.162838 0.113813 
2.22912 0.146208 0.00989521 
1.30668 0.329019 0.994736 
1.73434 0.238387 0.526392 
0.321251 0.439653 1.63085 
1.5204 0.2962 0.805767 
0.957951 0.280939 0.792838 
2.14674 -1.97526 1.41542 

-1.9863 -6.82153 8.84845 
1.77869 -5.79762 9.53272 
2.49457 -2.59783 0.304739 
-3.18126 -5.00597 3.99674 
-2.85626 -3.48096 0.311855 
1.14924 -2.38524 0.180847 
-1.38149 -2.57134 2.5796 
-1.2183 -2.28278 2.22202 
-0.953411 0.454873 1.05239 
1.66236 -2.25608 0.59615 
-1.3217 0.350758 0.603093 
0.201893 0.168207 0.162503 
0.00474062 0.263942 0.274887 
-0.0228229 0.195485 0.557052 
-0.920445 0.493935 1.17733 
0.112907 0.210658 0.214327 
-0.81698 -1.57466 2.23111 
-0.741713 -0.966323 1.8369 
-1.40039 0.348121 0.600067 
0.191757 0.138786 0.337001 
0.0337406 0.176644 0.330535 
-1.529 -1.79922 0.239768 
1.40558 -2.47026 0.704746 
-1.33261 0.381656 0.698387 
-2.60437 -3.36859 1.6456 
-0.160005 -5.1541 2.63314 
-1.62328 -4.77061 3.54041 
0.311387 -0.190815 0.435335 
1.39551 -2.4668 0.706871 
0.345168 -0.231985 0.336636 
-1.82717 -5.17869 3.29886 
0.0794145 0.236181 0.18637 
0.241295 0.175652 0.08991 
-1.78343 -0.971928 0.633954 
0.215591 0.268941 0.194081 
-0.150272 0.203657 0.530278 
-1.01208 0.439867 0.955313 
-1.35663 0.388672 0.719389 
0.00573194 0.265412 0.275738 
-1.11928 0.437754 0.946296 
0.0820217 0.240931 0.189355 
2.64579 -0.886681 0.372929 
-1.83131 -2.95357 2.53656 
