-0.431407 -0.383498 -0.816589 0.255444 0.164711 0.856455 -0.489239 0.0831822 0.886994 -0.345562 -0.306314 0.455705 0 0 0 1
1 0 0 0 0 1 0 0 0 0 1 0 0 0 0 1
###
1.51071 -3.06407 0.190003 
5.03452 -6.60474 7.4084 
5.70542 -6.82563 0.473936 
0.05721 0.216337 0.286934 
1.15037 -6.95805 7.89147 
1.23655 -2.43267 1.12365 
0.12985 -0.391717 0.692188 
1.2562 -14.5875 -7.00917 
-0.745385 -2.07283 -3.21078 
-0.72483 -1.67869 -3.13748 
1.60643 -5.23109 8.64299 
0.286394 -0.0393744 0.411498 
0.0592204 0.214268 0.284066 
-0.449212 -0.448574 -0.829705 
5.00708 -5.99333 0.393535 
-0.0327639 0.205469 0.379854 
11.7591 -12.5865 4.35565 
-0.14373 0.275984 0.439557 
0.0378213 0.0908202 0.549869 
-0.0910689 0.255775 0.409406 
0.0478839 0.103348 0.535414 
0.0146906 -0.0547438 0.56236 
0.0064935 0.182678 0.550739 
1.61046 -3.03711 0.139457 
-3.05332 -5.44929 -1.257 
0.337536 -5.46182 2.37469 
-0.0205145 0.195373 0.378565 
0.066615 0.0937266 0.512732 
6.41648 -9.25591 7.30591 
0.284581 -2.00636 -2.96456 

1.02999 -1.69595 -0.12011 
0.356693 -1.31217 2.06533 
2.05606 -2.18479 0.0288097 
0.360772 -0.0600808 0.0778205 
0.0155011 -0.0965687 0.0910528 
2.23942 -2.42943 1.43496 
0.26113 -0.29198 0.303363 
1.2263 -1.65185 1.78796 
0.0221637 0.180719 0.455242 
0.128962 0.112309 0.0918887 
0.0169334 -0.0937488 0.0900994 
0.157443 0.0608464 0.237402 
0.202154 0.0804737 0.0762934 
0.0200533 0.158106 0.397266 
1.45289 -1.98169 -0.769829 
0.151051 0.0720274 0.135741 
7.69211 -7.68616 2.02724 
0.0849528 0.110276 0.173259 
0.193803 0.00247914 0.23356 
0.114468 0.098802 0.15349 
0.204509 0.0087029 0.226214 
0.187051 -0.0880755 0.237583 
0.139851 0.111224 0.118877 
1.06838 -1.68508 -0.140915 
-0.279219 -1.05719 1.21028 
0.491102 -3.58776 1.21033 
0.155048 0.066078 0.134086 
0.763183 -1.30155 0.00772406 
7.83433 -10.4647 7.16774 
0.0939957 0.121825 0.14519 
