-0.341805 -0.231222 -0.910882 0.0601873 -0.087649 0.972878 -0.214069 -0.284363 0.935675 0.00666809 -0.352801 0.355919 0 0 0 1
0.991746 -0.121313 -0.0415195 0.08546 0.121219 0.992614 -0.00478323 -0.0143805 0.0417931 -0.000289194 0.999126 -0.023898 0 0 0 1
###
4.22513 -3.40951 0.714094 
-0.126092 -1.11491 -2.52677 
-0.338034 0.283862 -0.0210941 
-2.55033 -22.4979 -12.0334 
-0.0738718 -1.18782 -2.55858 
9.65111 -8.17836 4.41578 
4.59025 -4.1426 -0.567285 
0.863017 -1.17477 0.749117 
-0.299198 0.0566519 -0.167774 
-0.314917 0.178906 -0.0928735 
-0.35096 0.283678 -0.026077 
1.25632 -1.48226 0.555447 
5.24147 -3.86102 0.571424 
-0.183608 0.313491 0.194448 
0.721671 -1.81047 -2.23895 
-0.166348 0.302939 0.19653 
-0.429176 -0.406154 -0.146284 

-1.41524 -1.42164 0.284861 
0.394187 0.359004 0.122639 
0.206387 0.309365 0.157758 
1.7204 -1.57067 0.210402 
-0.0651505 0.300697 0.0927338 
-1.77672 -1.82375 1.78684 
-0.0457606 0.321584 0.178103 
3.37851 -3.02201 0.583352 
-0.169216 0.31182 0.190134 
-0.153087 0.317691 0.195327 
-2.50136 -2.56319 0.34692 
-0.410092 0.102252 0.302722 
2.42991 -1.88997 0.848778 
0.145966 -0.738677 0.605729 
-0.125577 0.315907 0.183726 
0.426181 0.342815 0.104882 
-2.25886 -2.304 1.38338 
