0.714155 -0.212033 -0.667102 0.183478 -0.0585169 0.931599 -0.358746 -0.1615 0.697538 0.295237 0.652899 -0.110893 0 0 0 1
0.914582 -0.0325703 -0.403087 -0.00751455 0.0685636 0.99481 0.075184 0.00674846 0.398546 -0.096399 0.912068 -0.00631572 0 0 0 1
###
1.55048 -7.54153 14.6295 
2.39915 -2.42151 5.5493 
9.24244 -6.60119 10.6857 
0.727495 -1.62305 1.73739 
6.36037 -2.06619 -1.76305 
0.320394 -0.311523 0.0529707 
0.365616 0.0333561 0.038603 
4.492 -3.71436 4.06164 
0.650764 -1.17914 2.19068 
0.454231 -0.492698 0.021834 
3.15994 -0.783286 -0.583404 
0.339733 -0.347027 0.0452966 
1.58441 -7.40315 14.4036 
2.87797 -1.43355 -0.381812 
-0.0801081 0.223429 0.480062 
0.0709056 -0.0800858 0.131512 
0.51934 -0.874708 0.0247601 
3.88865 -1.79036 0.513836 

0.1416 0.0994906 -0.121342 
-0.0809431 -0.508115 0.665722 
-0.372764 -0.550798 0.469035 
0.245288 -0.377223 0.0795612 
0.136084 -0.0292406 -0.00132913 
0.0433842 -0.152284 -0.0751167 
-0.0459842 0.0950198 0.175502 
-0.0809928 -0.337395 0.403681 
-0.134948 -0.0128668 0.298288 
-0.0333578 0.0968536 0.18123 
-0.216471 0.0236252 0.274544 
0.319494 -0.863346 -0.909562 
0.141083 -1.41895 1.85736 
-0.223986 -0.00424553 0.321638 
-0.314611 -0.104844 0.293828 
0.0159427 -0.0172525 -0.00169431 
0.0157714 -0.0157061 -0.00136198 
0.0536998 0.0968696 -0.00169613 
