-0.469557 -0.171305 -0.866124 0.19082 0.0689063 0.970894 -0.229383 -0.130833 0.880209 -0.16739 -0.444086 0.453712 0 0 0 1
0.995037 -0.0116027 -0.0988264 -0.00764758 0.00980501 0.999778 -0.0186565 -0.00100154 0.0990209 0.0175949 0.99493 -0.00490869 0 0 0 1
###
1.23743 -2.43396 1.12497 
5.60038 -6.70916 0.482561 
-0.309288 0.23235 0.135438 
0.704162 -2.79029 0.518311 
-0.354136 -0.0162223 -0.0516485 
-0.641165 -0.661404 -0.167078 
-0.74758 -2.09323 -3.24681 
-0.630488 -0.646375 -0.162021 
-0.0103528 0.237624 0.34037 
1.43281 -2.55516 0.719958 
0.672545 -2.68717 0.51815 
1.13003 -2.59307 0.293007 
5.61603 -7.83486 -1.49119 
-0.0876773 0.256612 0.410186 
1.39559 -2.46648 0.707251 
1.24144 -2.42632 1.13674 
-0.0910831 0.255838 0.40955 
-0.567999 -0.245883 -0.0194646 
0.0666033 0.0937145 0.512784 
0.20832 -2.83887 -2.9992 
1.12535 -2.51785 1.06629 
-0.790031 -1.16288 -0.120488 
1.4039 -2.46683 0.704129 
2.8443 -5.43759 8.27852 

0.932516 -1.45904 0.473293 
2.05428 -2.1829 0.0288651 
0.189813 0.0570847 0.103904 
0.853765 -2.43322 0.111029 
0.0200563 0.158059 0.39715 
0.293096 -0.00646788 0.215699 
0.18929 0.0568661 0.103911 
0.163392 0.0336631 0.306755 
0.125238 0.0678247 0.0843296 
1.00839 -1.47512 0.242868 
1.04108 -2.98818 0.12458 
0.84918 -1.52544 0.00707362 
2.21205 -2.79613 -0.784178 
0.11405 0.0984511 0.152859 
0.164081 -0.20501 0.0422949 
0.943502 -1.46945 0.484069 
0.114466 0.0987991 0.153486 
0.0334879 -1.35221 1.82188 
0.216151 0.00382446 0.212891 
0.134972 0.108917 0.0798385 
0.884429 -1.53309 0.443999 
1.9903 -2.99452 3.51149 
1.02752 -1.46503 0.223679 
3.46527 -6.16023 7.73538 
