-0.455058 -0.349436 -0.819034 0.231031 0.115432 0.888876 -0.443368 -0.000403945 0.882949 -0.296301 -0.364154 0.460743 0 0 0 1
1 0 0 0 0 1 0 0 0 0 1 0 0 0 0 1
###
-0.312 0.235644 0.08261 
1.18785 -14.5736 -7.10079 
5.65163 -6.76527 0.478444 
0.707051 -2.79513 0.518012 
-0.340968 0.23498 0.143905 
-0.72443 -1.69537 -3.17214 
0.129768 -0.391555 0.691901 
0.160484 0.0109235 0.928927 
5.18125 -6.25913 7.17094 
5.64118 -7.87999 -1.51485 
1.13118 -2.5953 0.296374 
5.98626 -8.37532 -1.63912 
0.00671642 0.179243 0.543205 
1.24147 -2.42627 1.13685 
1.13233 -2.52056 1.06339 
1.39551 -2.4668 0.706871 
1.10593 -2.48382 1.05954 
3.31579 -6.58632 9.31214 
-0.0312703 0.206251 0.37953 
-0.091082 0.255771 0.409536 
2.47667 -6.71428 1.14819 
0.0478681 0.103331 0.535403 
-0.47366 -0.235028 0.306479 
-0.0907626 0.255545 0.409586 
0.297784 -0.0924759 0.401218 
0.298438 -2.03967 -3.02534 
-0.0278234 0.195535 0.379033 
1.40558 -2.47026 0.704746 

0.173822 0.0626586 0.117582 
-0.580263 -0.957667 0.291949 
2.05428 -2.1829 0.0288651 
0.853765 -2.43322 0.111029 
0.359604 -0.129931 0.0923079 
-0.103299 0.188092 0.508246 
0.261134 -0.291988 0.303367 
0.175959 0.0534815 0.164115 
1.57529 -0.0278094 -0.583597 
0.17215 0.015391 0.319575 
1.01682 -1.87609 -0.0255313 
0.163392 0.0336631 0.306755 
0.184899 0.053168 0.236387 
0.268397 -0.296045 0.335977 
0.884429 -1.53309 0.443999 
0.164081 -0.20501 0.0422949 
0.892565 -1.54825 0.447637 
0.573303 -1.97869 3.02831 
0.151051 0.0720275 0.135741 
0.114466 0.0987991 0.153486 
1.68694 -3.91992 0.316958 
0.204509 0.00870249 0.226215 
1.9903 -2.99452 3.51149 
0.114162 0.0981015 0.153023 
0.36007 -0.102074 0.134922 
0.0943615 0.12129 0.144993 
0.155049 0.0660781 0.134086 
1.02752 -1.46503 0.223679 
