-0.493414 -0.308019 -0.813429 0.00278534 0.0664329 0.91912 -0.388337 -0.240588 0.867254 -0.24565 -0.433044 -0.140158 0 0 0 1
0.999881 -0.0154197 0.000111151 0.0114709 0.0154195 0.99988 0.00168105 0.00565009 -0.000137059 -0.00167914 0.999999 0.00135832 0 0 0 1
###
0.52101 -0.599513 0.968004 
0.158051 -0.455865 -0.567317 
0.696671 -2.57065 -1.68749 
0.274348 -0.264229 -0.432826 
0.349944 0.290065 -0.121916 
0.434968 -0.194027 0.0623705 
0.415064 -0.403794 -0.328509 
0.0831354 0.171269 -0.626061 
0.544584 -0.681391 -0.449153 
0.180202 -0.888256 -0.856284 
0.392332 -0.246078 -0.225043 
0.369719 -0.442039 -0.474112 
0.0260734 -0.0883841 -0.291124 
0.0549651 -0.91638 -0.0927061 
0.011692 -0.606883 -0.417289 
0.342266 -0.109034 -0.35938 
0.368352 0.323969 0.0516923 
0.0566044 -0.656314 -0.293426 
0.286135 0.231944 -0.395485 
0.175092 0.265309 -0.177797 
0.346587 -0.430972 -0.561229 
0.388162 -0.369048 -0.347286 
0.362916 0.30533 -0.0463423 
0.334159 -0.124646 -0.348003 
-0.218804 -0.855889 -0.724713 
-0.0307271 -0.447851 -0.530745 
0.3692 -1.60415 -1.34594 
0.0621699 -0.901043 -0.0543087 
0.276647 0.407956 -0.003349 
0.0935234 0.170288 -0.624324 
0.0370492 -1.06333 -0.312232 
0.334896 0.0311262 -0.298929 
0.299916 0.230976 -0.404932 
0.343598 0.281561 -0.167863 
0.325202 0.290871 -0.113991 
-0.0316719 -0.214913 -0.279669 
0.377729 0.323207 0.045182 
0.081714 -0.0819589 -0.591939 
0.126297 0.16599 -0.732731 
0.182884 0.260553 -0.210268 
0.071503 -0.439233 -0.537012 
0.53267 0.373991 -0.130834 
0.360305 0.300876 -0.0694931 
0.360454 0.3 -0.0796744 
-0.0513038 -2.73434 -1.33123 
0.297064 -1.12565 -1.03267 
0.276763 0.228734 -0.379879 
0.60596 -0.527631 0.026253 
0.309342 0.244998 -0.332599 

-1.08942 -1.38457 0.020324 
1.82197 -3.2209 5.56988 
-0.141072 -2.68479 4.62243 
-1.17542 -4.36481 5.25521 
-0.896003 0.347206 0.587473 
-1.06413 -1.97158 1.32727 
-1.2323 -2.2672 1.53015 
1.98147 0.634803 0.110827 
3.11874 -2.47448 2.25912 
1.22645 -3.72343 6.78923 
0.164091 -2.85043 5.39407 
-2.24679 -9.54344 10.7517 
4.44263 -3.17791 3.96939 
0.087492 -3.63268 1.98315 
-0.884028 0.37793 0.682851 
0.0274207 -0.0444002 0.396069 
-0.142784 0.285697 0.32707 
0.47506 -2.76731 1.29213 
-0.881599 0.375504 0.673085 
-1.23138 -0.77033 0.210235 
-11.5508 -30.5587 33.086 
2.10227 -1.63283 2.24376 
-1.00702 0.272044 0.355613 
-1.51538 -1.18617 0.651426 
-0.893088 0.350359 0.593934 
2.4036 -3.93803 7.0565 
4.12811 -3.87452 5.83929 
0.334476 -3.61407 1.83408 
-0.75307 -1.31581 0.00116713 
-0.854605 0.396429 0.729597 
1.07701 -10.3238 5.23164 
-0.0563293 0.0323497 0.360377 
-1.01552 0.314401 0.497371 
-0.133654 0.101295 0.3603 
1.99227 -0.114625 0.417338 
0.731485 -3.64631 1.64057 
-0.882159 0.376366 0.676713 
-1.07732 0.150798 0.369169 
-1.13064 0.245446 0.304928 
-0.140012 0.113021 0.384452 
1.92871 -0.0301672 0.407154 
1.21272 -1.41307 0.535631 
-0.8973 0.377776 0.686289 
0.165718 0.0554402 0.172191 
2.19488 -8.20319 9.57187 
-0.895762 0.346615 0.586423 
0.0203288 -0.0147415 0.375091 
-1.03484 -4.43053 2.48051 
-0.882505 -1.19867 0.0453154 
