0.539451 -0.266172 -0.798839 0.113326 0.225805 0.959702 -0.167287 -0.0631067 0.811175 -0.0901389 0.577815 -1.00726 0 0 0 1
0.999196 -0.0245522 -0.0317102 -0.00311097 0.0241456 0.999622 -0.0131404 -0.00801513 0.0320208 0.0123642 0.999411 -0.0305189 0 0 0 1
###
2.72491 -2.89394 1.75911 
1.49068 -1.53449 -0.244596 
0.423019 -0.443464 1.11256 
10.338 -12.1099 3.9735 
3.9549 -5.36689 -1.7774 
2.05885 -2.06346 -0.248477 
1.79206 -3.80114 -0.553635 
1.61541 -0.48587 0.968804 
1.27134 -1.07798 0.0888756 
0.19095 -1.70917 2.78845 
1.07896 -0.58128 0.19477 
0.805754 0.392009 1.35956 
1.48341 -1.03774 0.979706 
6.37126 -6.76315 0.475281 
1.45916 -2.59143 -0.190889 
2.02868 -1.04738 -0.0125476 
1.82336 -2.67303 0.00819863 
-0.0190016 -0.42814 1.71955 
2.08297 0.176989 0.181477 
2.5682 -1.88615 0.834266 
0.175321 -0.946149 1.48009 
0.957367 0.280183 0.792054 
1.658 -3.25502 0.293697 
2.49405 -1.98967 1.02993 
0.94086 0.378054 1.2615 
0.712507 0.412586 1.4323 
1.36507 -1.83293 0.197305 
1.52519 -1.18741 1.30424 
0.86861 0.386219 1.32097 
0.802475 0.388095 1.35486 
0.392996 0.455817 1.66689 
2.20166 0.140914 0.0453829 
2.45543 -2.04104 0.109996 
1.76578 -1.69142 -0.16175 
2.11576 -2.23009 1.25699 
1.25692 0.337813 1.03546 
-0.139975 -1.16679 1.83685 
1.6803 0.250382 0.592891 
0.936284 -1.67045 0.490808 
2.00984 0.105379 -0.143472 
1.39296 -1.08868 0.128813 
2.13026 -1.88227 -0.0445107 
1.71684 -0.710385 0.951033 
1.93399 -1.96227 -0.288684 
1.47746 0.304978 0.859716 
1.4375 0.313493 0.902958 
0.288642 -1.35462 2.34848 
-0.185874 -1.16264 1.92539 
0.30341 -0.388109 1.28439 
2.43613 -2.04914 0.109725 
0.829103 0.388171 1.33815 
0.870576 0.38845 1.32387 
1.10004 -1.27072 0.00341104 

-3.18124 -5.00597 3.99674 
0.0910943 0.2395 0.184833 
-1.86004 -2.21088 0.234607 
-1.98627 -6.82153 8.84844 
0.273778 -0.880373 1.42427 
1.77823 -5.79621 9.53008 
1.14978 -2.38639 0.180659 
-0.821148 -0.48573 1.86549 
2.47305 -2.56449 0.299152 
-0.809121 -1.55174 2.2398 
-1.35663 0.388674 0.719391 
-1.11012 0.440953 0.945391 
-1.3814 -2.57119 2.57945 
0.136463 -2.7677 4.84441 
1.18825 -2.43066 0.215567 
-0.242433 0.321285 0.49878 
-2.60436 -3.36859 1.6456 
-6.30537 -4.2456 0.427976 
0.182572 0.192137 0.151053 
-1.57409 -2.5945 2.24922 
-2.85627 -3.48096 0.311853 
0.143305 0.231372 0.137616 
-0.160014 -5.15422 2.63312 
-3.42179 -4.16756 1.02976 
0.00573194 0.265412 0.275738 
0.0794153 0.236184 0.186371 
1.2294 -5.88108 1.66782 
-1.68092 -1.86154 1.14389 
0.00474018 0.263945 0.274889 
-0.461281 0.446164 1.01236 
-1.21478 0.407886 0.809912 
-0.953277 0.454813 1.05229 
0.0147523 -0.0547509 0.562468 
0.0503761 0.0583528 0.535713 
-1.82695 -5.17807 3.2985 
-1.11899 0.437652 0.94613 
-1.52885 -1.79908 0.23977 
-0.0187503 0.272828 0.30062 
1.3855 -2.49543 0.705966 
1.403 -2.46482 0.703988 
-0.132904 0.225269 0.697367 
-0.356976 0.235233 0.109969 
-0.787718 -0.591538 1.99966 
-0.460961 0.440627 1.00084 
0.369799 -0.352775 0.360347 
-1.33261 0.381651 0.698384 
-1.62635 -1.29444 1.02553 
-1.40038 0.348116 0.600064 
-1.41867 0.355821 0.605522 
0.643686 -0.0675327 0.463458 
0.293655 -0.136583 0.335003 
1.39545 -2.46624 0.707193 
0.587637 -5.46297 2.1383 
