-0.290581 -0.286935 -0.912815 0.0939116 -0.0203632 0.955617 -0.293907 -0.232701 0.956634 -0.0668162 -0.283527 0.373721 0 0 0 1
0.991746 -0.121313 -0.0415195 0.08546 0.121219 0.992614 -0.00478323 -0.0143805 0.0417931 -0.000289194 0.999126 -0.023898 0 0 0 1
###
3.33125 -2.60921 0.704266 
-2.56228 -22.5062 -12.0117 
0.738823 -1.69742 0.343045 
-0.0199137 -1.79886 -2.34085 
-0.074639 -1.18753 -2.55881 
-1.03779 -6.89312 -3.549 
-0.211889 0.355702 0.170751 
-0.91528 -7.08234 -3.67469 
-0.0905388 -1.10099 -2.44617 
5.55687 -5.05369 -0.748836 
5.24374 -3.85962 0.573159 
0.710434 -1.79169 -2.1957 
-0.477788 -0.569787 -0.170641 
-0.163249 0.303616 0.197377 
0.717492 -1.77993 -2.07238 
-0.103073 0.281162 0.281699 
-0.505994 -0.788823 -0.247255 
1.62227 0.295721 -0.695214 
10.8432 -10.024 6.11015 
-0.505948 -0.780739 -0.244146 
2.31719 -1.4068 -0.327972 
0.15594 -0.46132 -1.04527 

-0.259212 0.0541788 0.323149 
0.375 -0.248612 0.0397292 
0.0993184 -0.610899 0.508316 
-0.0630767 0.299016 0.0884891 
0.111715 0.00750111 0.275903 
0.364963 -0.484111 0.113631 
-0.117173 0.323763 0.19818 
1.7204 -1.57067 0.210402 
-0.171156 0.317865 0.194353 
-0.0457606 0.321584 0.178103 
2.40446 -1.88966 0.857473 
-0.0651505 0.300697 0.0927338 
0.298351 -0.549129 0.0807483 
-0.0828338 0.319481 0.177407 
-0.495977 -0.160851 0.404948 
-0.249837 -0.828861 1.11895 
0.18671 -0.234697 0.297832 
-0.358097 0.317319 0.231838 
2.28984 -3.18292 0.316996 
0.69862 -0.563313 0.432969 
-0.149918 0.272998 0.227232 
-0.107762 0.085934 0.296553 
