-0.290581 -0.286935 -0.912815 0.0939116 -0.0203632 0.955617 -0.293907 -0.232701 0.956634 -0.0668162 -0.283527 0.373721 0 0 0 1
0.924117 0.336994 -0.180119 0.0508159 -0.350894 0.935031 -0.0508982 -0.179759 0.151265 0.110239 0.982327 -0.0132845 0 0 0 1
###
0.991122 -1.46718 0.769992 
-2.56228 -22.5062 -12.0117 
0.738823 -1.69742 0.343045 
-0.0611775 0.031705 0.396855 
-0.0199137 -1.79886 -2.34085 
0.0268247 -1.90484 -2.37245 
4.59869 -4.14913 -0.565443 
5.55687 -5.05369 -0.748836 
5.24374 -3.85962 0.573159 
0.710434 -1.79169 -2.1957 
-0.477788 -0.569787 -0.170641 
-0.112038 -0.00592988 0.133417 
1.21469 -1.4152 0.536841 
-0.505994 -0.788823 -0.247255 
10.8432 -10.024 6.11015 
-0.505948 -0.780739 -0.244146 
2.31719 -1.4068 -0.327972 
0.15594 -0.46132 -1.04527 

0.148871 -0.666729 0.542849 
-0.495096 0.275293 0.182204 
0.139172 -0.829845 0.523287 
-2.5598 -2.68695 2.59823 
-0.171443 -0.0859235 0.338259 
-0.0630767 0.299016 0.0884891 
-0.0461232 0.319835 0.178309 
-0.0457606 0.321584 0.178103 
2.40446 -1.88966 0.857473 
-0.25156 0.0453 0.324514 
0.42996 -0.340279 0.36375 
-0.275237 0.0600366 0.322879 
-0.464938 0.169866 0.344089 
-0.320621 -0.753823 0.818868 
-2.94133 -2.97533 1.76675 
0.500945 -0.432986 0.428741 
-0.149918 0.272998 0.227232 
-0.0788917 0.117419 0.280893 
