0.50641 -0.270689 -0.818704 0.148369 0.203994 0.960107 -0.191261 -0.0406088 0.837816 -0.0701544 0.541427 -1.02824 0 0 0 1
0.999196 -0.0245522 -0.0317102 -0.00311097 0.0241456 0.999622 -0.0131404 -0.00801513 0.0320208 0.0123642 0.999411 -0.0305189 0 0 0 1
###
1.43085 -1.42981 -0.193248 
10.034 -11.7523 3.85934 
0.412148 -0.641495 1.32096 
1.61913 -0.486746 0.970679 
1.54243 -0.542793 0.222916 
1.09776 -0.843884 1.22384 
1.14342 -0.683094 0.109234 
0.389108 -0.687111 1.34509 
2.00872 -0.722805 -0.064563 
2.25423 -1.9956 1.31887 
1.56104 -1.10373 1.02396 
0.797588 -1.14732 1.8439 
1.14841 -0.84119 0.145485 
7.53366 -7.18324 -0.0338439 
1.10391 -1.69549 0.0113945 
9.66464 -9.30347 3.25006 
1.60849 -0.822833 0.884645 
0.99939 0.278056 0.401869 
1.98947 0.102645 -0.182151 
2.05401 0.165278 0.18458 
1.36709 0.322356 0.956739 
1.24527 0.0375679 0.361754 
1.63399 -1.71623 -0.26469 
3.56184 -2.76935 0.650645 
1.6442 -0.917612 0.718789 
1.65965 0.0892545 0.266147 
1.67814 -2.31722 0.0698268 
2.21883 -2.39008 1.29966 
1.52284 -1.1857 1.30276 
0.716923 0.572831 1.72007 
0.803658 0.283546 0.836261 
2.00812 0.104904 -0.142735 
2.40611 -1.70973 0.802189 
0.950995 -1.76227 0.487382 
0.942376 -1.46773 0.483697 
1.53857 0.29953 0.833463 
1.71213 0.232137 0.526698 
0.710244 0.429227 1.46604 
1.65864 0.264342 0.657 
0.871773 0.104431 1.42545 
2.16181 -1.729 1.1314 
7.50039 -8.2573 2.10768 
2.12508 -2.20736 -0.369907 
1.36812 0.323379 0.959181 
0.829221 0.388499 1.33853 
1.48015 0.305783 0.860831 
0.951492 0.256887 0.686255 
1.50523 0.297018 0.819492 
0.281188 -1.3773 2.37843 
1.51124 0.29946 0.820819 
1.33143 -0.15955 1.14346 
0.589181 0.392896 1.44247 
0.927935 0.108166 0.783709 

12.4189 -13.1988 4.71362 
-1.98627 -6.82153 8.84844 
-0.0187503 0.272828 0.30062 
-0.821148 -0.48573 1.86549 
0.00515472 0.263417 0.274631 
1.88684 -1.50979 0.0128962 
-1.33261 0.381651 0.698384 
0.283543 -0.157171 0.396919 
-1.78345 -0.971939 0.633964 
-1.21794 -2.28218 2.22148 
-1.3814 -2.57119 2.57945 
-1.7685 -4.8613 5.99602 
0.31401 -0.34449 0.668504 
-0.816873 -1.57447 2.2309 
0.608345 -6.05809 2.33753 
-0.74144 -0.965984 1.83625 
-0.840632 -1.78047 2.37376 
-1.41867 0.355821 0.605522 
1.39545 -2.46624 0.707193 
-1.11012 0.440953 0.945391 
-0.920241 0.493832 1.17713 
0.0337412 0.176654 0.330543 
0.00474018 0.263945 0.274889 
1.77823 -5.79621 9.53008 
-1.83127 -2.95352 2.53651 
-1.01196 0.4398 0.955209 
1.6624 -2.25615 0.596158 
-1.82695 -5.17807 3.2985 
-1.68092 -1.86154 1.14389 
0.00573194 0.265412 0.275738 
0.331007 -0.0741532 0.302493 
-2.60436 -3.36859 1.6456 
-2.40231 -4.10551 3.42466 
1.3855 -2.49543 0.705966 
0.345175 -0.23199 0.33664 
-1.14212 0.382663 0.754899 
0.0910943 0.2395 0.184833 
0.322553 0.116798 0.24441 
0.00437591 0.264303 0.275902 
2.64524 -0.886483 0.372886 
-0.00884625 -0.0596015 0.541958 
1.16199 -2.55202 0.339185 
-0.460961 0.440627 1.00084 
-0.107856 0.294617 0.384444 
0.13384 0.224266 0.143421 
-1.86004 -2.21088 0.234607 
-0.333078 0.228299 0.139802 
0.333133 0.0836967 0.255135 
4.3261 -5.10665 0.623846 
-0.347438 0.237479 0.143232 
-0.438984 0.257177 0.23948 
0.293655 -0.136583 0.335003 
-0.105804 0.291842 0.379853 
