0.756212 -0.231563 -0.611982 0.186527 0.082245 0.961506 -0.262188 -0.142639 0.649137 0.147937 0.746147 -0.0987453 0 0 0 1
1 0 0 0 0 1 0 0 0 0 1 0 0 0 0 1
###
9.09189 -6.50767 10.5268 
1.37703 -3.60582 3.91738 
-0.153273 -0.0477 0.658471 
0.139275 0.0774467 0.111191 
2.75512 -1.43426 -0.389087 
1.68585 -0.281554 0.476668 
0.268413 0.0746841 0.0604457 
4.46332 -3.74228 4.19333 
0.307777 -1.25184 2.18185 
2.86437 -1.42817 -0.38012 
4.14129 -3.11007 5.64968 
0.654428 -1.18279 2.19608 
3.22604 -2.36294 4.41777 
0.362796 -0.379471 -0.106436 
-7.58462 -7.2244 9.4946 
0.933964 -0.114356 0.168312 
0.683438 0.15641 1.30295 
0.597932 0.488312 0.552907 
-0.0300211 -2.28373 1.65263 
3.82219 -1.76118 0.510428 
0.474672 -0.518873 -0.171186 
-0.0799244 0.223183 0.479131 
-6.50196 -6.14585 8.13038 
2.97895 -0.753341 0.201392 
0.672683 0.471984 0.498832 

-0.372764 -0.550798 0.469035 
-0.118794 -0.0364966 0.315017 
0.199763 -0.182318 0.0872057 
0.120517 -0.0514006 0.117674 
0.141463 -0.0575941 0.000943672 
-0.43046 -1.19544 1.48155 
0.136084 -0.0292406 -0.00132913 
0.251395 -0.308193 0.224795 
0.0501745 -0.0844734 -0.0571923 
-0.199244 -0.0148352 0.288199 
0.100033 0.111608 0.0201199 
0.0853952 0.0679214 0.196067 
0.0988657 0.105992 0.015731 
0.239194 0.337223 -0.460796 
0.104929 0.048408 0.0964988 
0.119141 0.0107228 0.0864547 
0.135944 -0.0152788 -0.00214095 
0.0905339 -0.398359 0.0183506 
0.169691 -0.395397 0.0314379 
0.0536998 0.0968696 -0.00169613 
0.118154 0.109669 -0.00126731 
-0.212036 0.0790082 0.201988 
-0.249512 -0.0649378 0.351859 
0.119253 0.0152139 0.0825544 
0.0961526 0.111899 0.0369257 
