-0.524611 -0.306538 -0.794241 0.00906165 0.0357568 0.924171 -0.380303 -0.239045 0.850591 -0.22791 -0.473869 -0.155539 0 0 0 1
0.999881 -0.0154107 0.000117198 0.0114659 0.0154105 0.99988 0.00169361 0.00564063 -0.000143283 -0.00169161 0.999999 0.00136424 0 0 0 1
###
0.306953 -0.344359 -0.482259 
0.0295326 -1.11013 -0.318359 
-0.156217 -0.488358 -0.506485 
0.287562 -0.0916148 0.213107 
0.670484 -0.499296 0.243792 
0.119629 0.181488 -0.344089 
0.160652 -0.447565 -0.515478 
0.207823 0.172373 -0.665947 
0.0967684 -0.225958 -0.53602 
-0.0571953 -0.379695 -0.450887 
-0.0222085 -0.389795 -0.320492 
0.203942 0.184152 -0.617157 
-0.0993614 -0.461698 -0.510859 
-0.0238082 -0.329582 -0.286128 
0.36275 0.299062 -0.0857915 
0.363427 0.303172 -0.0595562 
0.0105818 -0.621784 -0.42323 
0.350774 -1.49912 -1.27424 
-0.0511135 -0.918875 -0.182346 
0.175716 0.265436 -0.178072 
0.163844 0.256007 -0.2315 
0.334 0.250773 -0.388147 
0.153521 0.172157 -0.840285 
0.338824 0.272385 -0.216721 
0.338209 -0.124024 -0.350275 
-0.0561706 -0.660781 -0.648465 
0.048555 0.147934 -1.04498 
0.294058 -1.10194 -1.01761 
0.33474 0.277346 -0.168573 
0.339759 0.00936135 -0.316418 
0.354936 0.31906 0.0232438 
0.0944405 0.170315 -0.626866 
0.363314 0.305216 -0.04783 
0.209498 0.171751 -0.662732 
0.294239 0.235808 -0.381801 
0.363388 0.307491 -0.0366294 
0.368737 0.317653 0.0125506 
0.0106699 -0.463966 -0.540399 
0.287647 0.233176 -0.392789 
0.637643 -1.0527 -0.720272 
-0.081562 -0.431535 -0.496037 
0.0110091 -0.285502 -0.430802 
0.344985 0.281824 -0.168104 
0.339105 0.272437 -0.226181 
0.0236284 -1.12793 -0.317921 
0.361304 0.300163 -0.0797196 
0.958174 1.46964 0.542783 
-0.0585132 -0.263737 -0.315417 
-0.0224493 -0.502128 -0.565851 

-1.17542 -4.36485 5.25522 
-1.03483 -4.43053 2.4805 
-0.896001 0.347204 0.587472 
1.2264 -3.72323 6.78892 
-1.06414 -1.97161 1.32728 
-0.119066 0.351976 0.0991224 
7.95757 -7.16605 6.06578 
-0.882513 -1.19869 0.0453026 
-0.854604 0.396426 0.729594 
0.0273403 -0.110409 0.417164 
0.193432 0.0407613 0.177615 
0.825967 -2.13959 0.384438 
-0.973266 0.371432 0.66764 
1.21469 -1.4152 0.536841 
-1.00701 0.272043 0.355611 
-0.985656 0.312809 0.491507 
-0.88403 0.377925 0.68285 
4.12544 -3.87244 5.83646 
0.794115 -1.73239 0.252558 
0.215328 -0.0402298 0.192147 
0.13711 0.0939649 0.196051 
-1.21995 -0.753888 0.201577 
-1.13064 0.245446 0.304927 
-0.8816 0.375496 0.673085 
-0.657195 -1.17698 1.52504 
-0.147308 0.127882 0.409914 
-0.175641 -0.270781 0.0842877 
-0.895764 0.346613 0.586423 
-0.140012 0.113021 0.384452 
-0.910756 -0.350904 1.35647 
0.0816757 0.0628415 0.362771 
-0.28088 0.336251 0.238312 
-0.893091 0.350359 0.593935 
-4.08799 -6.28974 0.203269 
-0.0159348 0.295735 0.102755 
-0.882161 0.376363 0.676714 
0.214686 -0.0404296 0.19319 
0.192655 0.0672976 0.165518 
0.0821634 0.171031 0.251687 
2.10388 -1.63409 2.24545 
0.0200828 -0.0162358 0.374689 
-1.23139 -0.770335 0.210233 
-0.133656 0.1013 0.360308 
-0.990737 0.271297 0.349198 
0.0769442 -3.63827 1.99466 
0.165741 0.0554522 0.172209 
0.164057 -2.85055 5.39421 
1.03219 -4.02626 1.65192 
-0.131088 0.10128 0.363521 
