0.827485 -0.26857 -0.493092 0.17418 0.159241 0.95438 -0.252587 -0.123426 0.538434 0.130492 0.832502 -0.130061 0 0 0 1
0.914582 -0.0325703 -0.403087 -0.00751455 0.0685636 0.99481 0.075184 0.00674846 0.398546 -0.096399 0.912068 -0.00631572 0 0 0 1
###
-0.366642 0.138511 0.741097 
-0.138338 -0.00573279 0.57822 
9.21729 -9.1836 2.63661 
9.55995 -13.3075 -2.10648 
7.99279 -5.75826 9.31636 
0.564983 -0.0238189 0.307823 
1.06916 0.389732 0.236524 
3.17381 -2.37686 1.27619 
-0.267581 0.142432 0.590891 
4.27897 -3.19353 5.80587 
3.10209 -0.778074 -0.579565 
-0.147725 0.296657 0.229636 
-0.0725824 0.322485 0.267395 
-0.10313 0.135026 0.208965 
-1.76118 -2.44201 5.50401 
3.14207 -1.6678 -0.393106 
2.94546 -1.1219 -0.555279 
-0.149089 0.297648 0.230297 
0.798288 -0.57793 1.94177 
2.4916 -1.52434 1.88187 
3.02857 -1.16146 -0.574724 
0.388497 -0.171638 0.754952 
-3.81507 -3.28634 4.46422 
0.134917 -0.155771 0.0977624 
1.21589 -1.40361 2.19562 
-4.73544 -7.63429 7.4502 
0.130504 -3.50628 2.53095 
-2.74017 -3.54093 2.49706 
-2.30903 -1.88795 2.5981 
-0.173716 0.126093 0.484049 
-0.126311 0.288277 0.257808 
3.12152 -1.34311 0.367448 

0.0853952 0.0679214 0.196067 
0.413897 -0.658718 -0.505146 
0.456593 -0.537626 0.389824 
0.0433842 -0.152284 -0.0751167 
-0.372764 -0.550798 0.469035 
0.0986166 0.111023 0.0206487 
0.0886399 0.118015 0.099476 
0.282893 -0.260475 0.0212004 
0.0854549 0.118009 0.0932227 
0.100033 0.111608 0.0201199 
0.0538784 0.122542 0.171858 
-0.0333578 0.0968536 0.18123 
0.0940833 0.115643 0.0577324 
-0.230914 -0.0721967 0.329778 
0.118635 -0.1283 -0.0833692 
-0.173573 -0.0490213 0.260961 
0.0536998 0.0968696 -0.00169613 
0.0977613 0.111316 0.0307246 
0.173443 -0.361405 0.475999 
0.0160032 -0.0163951 -0.00153374 
-0.223986 -0.00424553 0.321638 
0.0152738 -0.0135561 -0.000126504 
0.219282 -0.199751 0.0914612 
0.27023 -0.448681 0.525747 
0.105882 0.0138365 0.135483 
0.260959 -0.360554 0.287395 
0.147752 -0.399012 0.0661179 
-0.237736 -0.474012 0.521525 
0.0119827 -0.0452097 0.0446141 
-0.0459842 0.0950198 0.175502 
0.0990552 0.120087 0.0614826 
0.136084 -0.0292406 -0.00132913 
