0.466375 -0.275488 -0.840596 0.191947 0.22126 0.956392 -0.19068 -0.0611681 0.856469 -0.0970618 0.506991 -1.03834 0 0 0 1
0.999779 -0.0136526 -0.0159941 -0.00204675 0.0134947 0.99986 -0.00993888 -0.00494219 0.0161276 0.00972084 0.999823 -0.018576 0 0 0 1
###
0.92265 -0.930955 0.432919 
9.73906 -11.4022 3.74739 
3.0158 -3.30223 1.73062 
-0.102099 -1.56685 2.25738 
0.236763 -1.53171 2.55427 
2.15039 -0.997763 1.10094 
1.09539 -0.602771 0.170015 
1.58278 -2.60788 0.00455547 
2.0189 0.098373 -0.102964 
1.34284 -5.68399 -0.0730048 
0.803297 0.388922 1.35476 
1.79707 -2.60212 0.00624069 
2.92425 -2.59499 1.22898 
2.201 0.143849 0.0111148 
1.31108 -1.06714 0.0929782 
1.71058 -1.30467 1.08829 
6.66417 -6.66617 1.78202 
2.19712 0.139908 0.0460734 
1.76186 0.0988993 0.222678 
1.58546 -1.62767 -0.223662 
2.08736 0.176495 0.180426 
2.3836 -1.6852 0.796856 
2.42834 -1.91888 1.01286 
1.211 0.532452 0.129774 
1.62031 0.277881 0.710815 
2.8815 -2.94167 -0.460127 
1.66244 0.265544 0.656872 
2.00784 0.104901 -0.142818 
1.21841 0.0396378 0.377953 
2.0388 0.134986 0.035152 
0.725438 0.486106 1.55659 
1.05937 0.360287 1.17044 
2.47763 -2.7431 -0.534925 
1.71661 -3.95096 0.343612 
1.64348 0.276036 0.729975 
0.734207 0.388825 1.38801 
1.36773 0.322976 0.95888 
1.52168 -1.1845 1.30181 
0.58914 0.394115 1.44666 
3.48988 -4.27206 -1.12551 
3.90501 -8.90045 -1.69336 
1.18368 0.351486 1.09733 
0.743727 0.396525 1.39667 
0.956511 0.411162 1.31459 
1.61513 0.260235 0.678769 
1.03083 0.333425 1.13515 
0.362918 -0.768359 1.4522 
0.4197 -1.02376 1.93961 
1.081 0.390619 1.21202 
1.11349 0.343322 1.11529 
1.53543 0.294935 0.829017 

-0.920241 0.493832 1.17713 
-1.98627 -6.82153 8.84844 
-1.21794 -2.28218 2.22148 
-1.52885 -1.79908 0.23977 
-1.62635 -1.29444 1.02553 
-0.809121 -1.55174 2.2398 
-1.33261 0.381651 0.698384 
1.2294 -5.88108 1.66782 
-0.0219752 0.133917 0.695811 
2.47305 -2.56449 0.299152 
-1.11012 0.440953 0.945391 
1.6624 -2.25615 0.596158 
1.77823 -5.79621 9.53008 
-0.953277 0.454813 1.05229 
0.322553 0.116798 0.24441 
-1.3814 -2.57119 2.57945 
-1.83127 -2.95352 2.53651 
1.88684 -1.50979 0.0128962 
0.108012 0.211683 0.218319 
0.00515472 0.263417 0.274631 
-1.40038 0.348116 0.600064 
-1.57409 -2.5945 2.24922 
-1.3338 -2.14993 1.8283 
-1.41867 0.355821 0.605522 
-0.24354 0.320634 0.498152 
0.0337412 0.176654 0.330543 
0.00474018 0.263945 0.274889 
0.246333 0.0281008 0.411391 
1.39545 -2.46624 0.707193 
-1.35663 0.388674 0.719391 
0.00573194 0.265412 0.275738 
-1.78345 -0.971939 0.633964 
-0.107856 0.294617 0.384444 
-0.160014 -5.15422 2.63312 
-0.150333 0.203723 0.530448 
0.0794153 0.236184 0.186371 
-0.461281 0.446164 1.01236 
-1.68092 -1.86154 1.14389 
-1.86004 -2.21088 0.234607 
0.369799 -0.352775 0.360347 
0.587637 -5.46297 2.1383 
0.13384 0.224266 0.143421 
-0.0370128 -0.0527483 0.664012 
-0.0553608 0.211415 0.416686 
0.333133 0.0836967 0.255135 
-0.325942 0.222946 0.135869 
1.72009 -9.04529 9.95244 
-0.787718 -0.591538 1.99966 
-0.277098 0.240041 0.162484 
0.0820232 0.240936 0.189357 
-1.21478 0.407886 0.809912 
