0.830183 -0.272018 -0.486624 0.16849 0.127949 0.942549 -0.308595 -0.103581 0.54261 0.193927 0.817292 -0.149405 0 0 0 1
1 0 0 0 0 1 0 0 0 0 1 0 0 0 0 1
###
4.61333 -3.62852 2.13851 
9.29359 -9.24978 2.64207 
1.18034 0.398731 0.247952 
3.32372 -2.43779 1.62088 
3.10714 -0.779106 -0.582469 
2.89252 -1.44197 -0.38641 
2.77798 -0.831194 -0.627755 
4.4786 -3.34333 6.06475 
3.24158 -0.0556483 -0.927708 
0.655061 0.513618 0.587485 
2.07109 0.893616 0.839643 
3.12299 -1.3614 0.379393 
4.77817 -3.96048 4.36161 
-2.71871 -4.09113 8.63593 
0.810967 0.46801 0.494254 
0.495873 0.665317 1.02191 
1.24882 -1.43282 2.24128 
-4.20589 -3.74726 5.10992 
-4.74887 -7.65905 7.4745 
-0.0798563 0.223268 0.47901 
-0.132145 0.0828101 0.478243 
0.414654 -0.957877 0.135703 
0.653634 -1.14711 0.0414284 
1.79997 -8.00066 15.6531 

0.227881 -0.205659 -0.0287551 
0.21323 -0.269178 0.249074 
0.0869239 0.117224 0.0984587 
0.332779 -0.301262 -0.0162543 
-0.181242 0.0213614 0.232268 
-0.204984 -0.0424493 0.302432 
-0.0395316 0.108522 0.202252 
0.0988657 0.105992 0.015731 
-0.162174 0.0659718 0.175013 
-0.0493786 0.102425 0.189019 
0.135905 0.0961202 -0.145181 
-0.226706 -0.0611675 0.32192 
-0.257636 -0.388859 0.177705 
0.0753276 -0.416915 0.559576 
-0.0343619 0.101334 0.188396 
0.0914762 0.11221 0.0584902 
0.105882 0.0138365 0.135483 
0.219282 -0.199751 0.0914612 
0.357406 -0.413989 0.298501 
-0.264145 -0.0876468 0.247821 
0.21848 -0.366301 0.0438195 
0.0157175 -0.0157918 -0.00139752 
0.0157714 -0.0157061 -0.00136198 
0.229509 -1.23202 -0.610397 
