0.971784 -0.178433 0.154265 -0.796062 0.194366 0.976304 -0.0951394 -0.116798 -0.133634 0.122439 0.983438 -0.577595 0 0 0 1
0.999779 -0.0136526 -0.0159941 -0.00204675 0.0134947 0.99986 -0.00993888 -0.00494219 0.0161276 0.00972084 0.999823 -0.018576 0 0 0 1
###
0.588276 -0.0656348 0.679035 
0.591327 -0.103464 0.695515 
0.596895 -0.0986468 0.697072 
0.612271 -0.07663 0.68293 
0.593019 -0.0965151 0.688051 
0.960585 0.279541 0.792821 
0.510397 0.433784 1.58293 
-0.817819 -2.23964 1.99427 
0.7347 0.261797 0.722707 
-0.552146 -3.28171 1.75655 
-0.590749 -3.15675 1.85866 
0.807294 0.392597 1.36183 
-0.22111 0.877439 2.63588 
0.354513 0.424169 1.5735 
0.796956 -1.19947 1.90181 
0.780352 0.398572 1.38683 
0.20364 0.383791 1.46191 
0.170703 0.6116 1.94342 
0.512563 0.427844 1.5797 
0.805905 0.390755 1.36069 
1.31173 0.331107 0.997571 
2.2275 -2.08024 1.38037 
0.507451 0.467695 1.60296 
1.05955 0.368213 1.188 
0.321586 0.443078 1.60175 
1.25976 0.338116 1.03653 
1.2398 0.340476 1.04892 
1.16473 0.289133 0.987784 
0.871427 0.384134 1.30252 
0.682264 0.408898 1.45344 
0.0855457 -1.33309 2.04689 
0.66011 0.0987635 0.806341 
0.527533 0.427942 1.51491 
0.60162 0.423069 1.48868 
0.362144 0.329938 1.32831 

-1.52885 -1.79908 0.23977 
-0.0187503 0.272828 0.30062 
0.2019 0.168212 0.162505 
-1.86004 -2.21088 0.234607 
-2.85627 -3.48096 0.311853 
0.00573194 0.265412 0.275738 
0.00437591 0.264303 0.275902 
-1.33261 0.381651 0.698384 
-0.133784 0.245456 0.169558 
-2.28409 -6.00402 4.11975 
-1.4016 -4.98503 3.48763 
-0.920241 0.493832 1.17713 
-1.11012 0.440953 0.945391 
-1.40038 0.348116 0.600064 
-1.7685 -4.8613 5.99602 
0.241246 0.175616 0.0898918 
-1.11398 0.443528 0.955183 
-0.460961 0.440627 1.00084 
0.0337412 0.176654 0.330543 
-0.107856 0.294617 0.384444 
0.322553 0.116798 0.24441 
12.3995 -15.3286 6.32783 
0.0820232 0.240936 0.189357 
-1.78345 -0.971939 0.633964 
0.143305 0.231372 0.137616 
0.293655 -0.136583 0.335003 
-1.11899 0.437652 0.94613 
0.184388 0.189934 0.149943 
0.00515472 0.263417 0.274631 
-1.35663 0.388674 0.719391 
-1.3814 -2.57119 2.57945 
0.507274 0.143745 0.259383 
0.0914298 0.238591 0.184401 
-0.277098 0.240041 0.162484 
-0.111733 0.240137 0.177121 
