0.833102 -0.286319 -0.473247 -0.306742 0.233791 0.957689 -0.167847 -0.095131 0.501281 0.0291928 0.864792 -0.987894 0 0 0 1
0.999196 -0.0245522 -0.0317102 -0.00311097 0.0241456 0.999622 -0.0131404 -0.00801513 0.0320208 0.0123642 0.999411 -0.0305189 0 0 0 1
###
0.786797 -1.10688 1.81282 
0.544564 -0.162366 0.840241 
9.3778 -10.976 3.61127 
1.43323 0.31513 0.90977 
1.84034 -1.47363 1.13575 
-4.17683 -6.57295 4.87166 
0.459875 0.324268 1.06119 
0.439688 0.430678 1.59269 
6.52003 -6.52824 1.75569 
0.330106 0.389226 1.50723 
0.793365 -1.12408 1.81813 
0.462461 0.319887 1.05671 
0.270391 0.401846 1.50817 
0.166065 0.832716 2.46635 
2.28574 -1.59113 0.780659 
2.20398 0.142098 0.0439726 
0.427007 -0.93512 1.83155 
0.462529 0.320336 1.05914 
0.63129 0.420997 1.4948 
8.81113 -8.48544 2.97705 
0.741999 0.397835 1.40193 
0.508502 0.425605 1.57057 
0.317105 0.428195 1.55994 
3.84341 -5.8879 -0.338105 
0.802679 0.387676 1.35504 
0.54037 0.173127 0.999912 
1.66945 0.247372 0.592966 
0.16349 0.39348 1.49121 
0.968046 0.372669 1.23596 
1.96061 -1.71032 1.30026 
2.20557 -2.3742 1.30196 
0.742983 0.396475 1.39884 
0.311459 -1.26231 2.23019 
0.806396 0.259065 1.11358 
1.05528 0.365533 1.18328 
0.84282 0.355554 1.24807 
7.75875 -8.53862 2.16956 
0.543174 0.16925 0.992079 
1.0624 0.376182 1.19893 
1.08634 0.582997 1.56307 
0.887626 0.253942 0.681451 
1.36703 0.32218 0.958244 
1.53307 0.293772 0.828045 
-0.100284 -1.17719 1.40772 
0.86987 0.386455 1.32155 
0.283268 0.479933 1.72016 
1.57709 0.253455 0.681599 

-1.7685 -4.8613 5.99602 
-1.86004 -2.21088 0.234607 
-1.98627 -6.82153 8.84844 
-0.920241 0.493832 1.17713 
-1.3814 -2.57119 2.57945 
0.2019 0.168212 0.162505 
0.543677 0.150931 0.27509 
-1.35663 0.388674 0.719391 
-1.57409 -2.5945 2.24922 
-2.36779 -2.57485 0.325782 
-1.68092 -1.86154 1.14389 
-0.0553608 0.211415 0.416686 
-0.24354 0.320634 0.498152 
0.00474018 0.263945 0.274889 
-1.83127 -2.95352 2.53651 
0.137047 0.222386 0.135419 
-0.809121 -1.55174 2.2398 
0.238333 0.0389832 0.405217 
-1.3217 0.350757 0.603093 
-0.74144 -0.965984 1.83625 
0.108012 0.211683 0.218319 
0.0337412 0.176654 0.330543 
-0.0187503 0.272828 0.30062 
1.6624 -2.25615 0.596158 
-0.107856 0.294617 0.384444 
-1.11398 0.443528 0.955183 
-0.111733 0.240137 0.177121 
-1.40038 0.348116 0.600064 
0.00515472 0.263417 0.274631 
11.8537 -15.4057 6.57669 
-1.82695 -5.17807 3.2985 
-0.953277 0.454813 1.05229 
1.77823 -5.79621 9.53008 
-0.23625 0.259743 0.620685 
-1.78345 -0.971939 0.633964 
-0.133784 0.245456 0.169558 
-1.3338 -2.14993 1.8283 
-1.11012 0.440953 0.945391 
0.13384 0.224266 0.143421 
0.333133 0.0836967 0.255135 
0.307838 0.231016 0.131913 
-0.461281 0.446164 1.01236 
-1.21478 0.407886 0.809912 
-0.125262 0.228489 0.632689 
-0.0219752 0.133917 0.695811 
-0.150333 0.203723 0.530448 
2.40105 -0.694265 0.339564 
