-0.583408 -0.351147 -0.732346 -0.0443364 -0.151233 0.932903 -0.326834 -0.0889141 0.797975 -0.0799229 -0.597369 -0.0486116 0 0 0 1
0.967031 -0.177528 -0.182578 0.0176622 0.142314 0.971287 -0.190653 -0.0106469 0.211182 0.158384 0.964529 0.0134569 0 0 0 1
###
0.0076521 0.05412 -0.0792159 
0.10586 0.0933328 -0.159008 
0.179161 -0.145193 -0.138477 
0.0110108 0.0478772 -0.0760991 
0.00812053 0.0522148 -0.0783413 
0.10109 -0.125539 -0.157212 
0.139481 -0.0992826 -0.130202 
0.0117197 0.0838176 -0.182826 
0.00855161 0.0505431 -0.0774201 
0.12154 0.0952339 -0.155001 
-0.00805634 -0.319881 -0.241872 
0.0153678 0.093416 -0.0914963 
0.119843 0.0933099 -0.143578 
0.327671 -0.351608 -0.202078 
0.0409642 0.0868732 -0.176705 
0.0804865 0.082556 -0.121992 
0.185845 0.112465 -0.161591 
0.176876 -0.160324 -0.151789 
0.141821 0.0994506 -0.121768 
0.0811506 0.0910664 -0.170796 
0.115521 -0.0927897 0.0422081 
-0.0124714 0.0812915 -0.185878 
-0.00662907 0.0819342 -0.185316 
-0.0515386 0.0742464 -0.178439 
0.0606986 0.0889496 -0.174361 
0.42755 0.179573 -0.269504 
0.105748 0.0940416 -0.158817 
0.142968 -0.184709 -0.168411 
0.215344 -0.284418 0.0619758 
0.323583 -0.302308 -0.0222556 
0.179853 0.107917 -0.170179 
0.0669607 0.0935899 -0.188305 
-0.0270273 0.0764313 -0.173776 
0.517498 0.289234 -0.895575 
0.0365365 0.0887216 -0.155768 
0.0830643 0.0855997 -0.118393 

-0.589356 0.252244 0.223846 
-1.80313 0.610341 1.1552 
-1.95603 -1.58808 2.08499 
0.0951487 0.226034 0.0447495 
-0.589158 0.25254 0.224408 
0.297105 -0.640151 0.02871 
-4.64133 -4.5042 7.47585 
-2.0168 0.912497 1.73979 
1.99481 -4.13812 3.77786 
-0.239004 0.160751 -0.0484217 
-0.667443 -3.60244 2.04229 
-0.0725055 0.322368 0.267832 
0.478085 0.497703 0.58756 
12.2324 -8.05995 10.7868 
0.590899 0.484467 0.549417 
0.582735 0.524802 0.623488 
0.139845 0.182139 -0.0460959 
6.07354 -4.22411 7.1477 
-1.99522 0.550166 1.07568 
-0.23906 0.161235 -0.0476562 
2.7047 -2.0248 3.91301 
-0.591064 0.251419 0.222767 
0.888554 0.469534 0.471782 
0.595104 0.48729 0.552169 
0.650521 0.496853 0.567625 
0.09664 0.226584 0.0444583 
-0.445025 0.299896 0.304153 
-1.36186 -1.45459 1.24623 
-0.939853 -2.44924 0.928524 
-2.48383 -3.53782 8.05489 
-0.447068 0.304736 0.315159 
0.744403 0.451923 0.470024 
0.654924 0.497192 0.564232 
-0.31417 0.136155 0.728272 
0.158244 0.158022 0.663535 
-0.613237 0.213183 0.0162954 
