0.351453 -0.371828 -0.8592 -0.0944686 0.103211 0.927542 -0.359185 -0.251847 0.930499 0.0375573 0.364364 -0.0893837 0 0 0 1
0.999881 -0.0154107 0.000117198 0.0114659 0.0154105 0.99988 0.00169361 0.00564063 -0.000143283 -0.00169161 0.999999 0.00136424 0 0 0 1
###
0.16099 0.273043 -0.126675 
0.218215 0.299674 -0.0163007 
0.122629 0.155625 -0.0791919 
0.124217 0.167668 -0.0846916 
0.43217 -0.189228 0.0616337 
0.218711 0.298877 -0.0161626 
0.349635 0.289749 -0.121828 
0.122983 0.153439 -0.0794538 
0.423757 -0.618069 -0.60632 
0.122919 0.154156 -0.0797931 
0.123109 0.158273 -0.0806358 
0.258948 0.275687 0.00170839 
0.219416 0.299451 -0.0161402 
0.204207 0.272981 -0.145499 
0.336266 -0.332268 0.420729 
0.143418 -0.450378 0.396897 
0.282498 0.237074 -0.296488 
0.290228 0.308612 0.0640539 
0.217167 -0.00391551 0.0773334 
0.331163 0.26379 -0.253498 
0.468766 -0.21028 0.254038 
0.145212 -0.917256 0.617036 
0.277856 -0.12346 -0.25006 
0.361046 0.302235 -0.0597416 
0.34333 0.281318 -0.169123 
0.210957 0.280117 -0.145871 
0.305163 0.319413 0.0848094 
0.361949 0.306877 -0.0372447 
0.35507 0.301375 -0.0465524 
0.347954 0.290312 -0.124546 
0.342894 0.281041 -0.167686 

0.0200828 -0.0162358 0.374689 
-0.8816 0.375496 0.673085 
-1.08948 -1.38466 0.020313 
-0.882513 -1.19869 0.0453026 
3.1082 -2.46784 2.2522 
0.192655 0.0672976 0.165518 
-0.896001 0.347204 0.587472 
-4.08799 -6.28974 0.203269 
4.05461 -2.76084 1.43103 
-1.22129 -1.60745 0.0615657 
-3.78493 -5.80759 0.165466 
-1.59022 -0.865604 0.23088 
1.92872 -0.0301628 0.407157 
-0.378451 0.332608 0.195724 
4.05745 -4.14928 5.97227 
2.07618 -0.743652 0.40926 
-1.03483 -4.43053 2.4805 
0.0655457 -0.0708795 0.360928 
-1.06414 -1.97161 1.32728 
-0.985656 0.312809 0.491507 
-0.00550993 -0.37922 0.640691 
-0.758509 -4.33904 2.75325 
2.10388 -1.63409 2.24545 
-1.00055 0.313692 0.494897 
-0.897263 0.377745 0.686259 
-0.540698 0.406546 0.593827 
2.02888 -1.59632 2.16655 
-0.206318 0.318572 0.0103157 
-0.882161 0.376363 0.676714 
-0.893091 0.350359 0.593935 
-1.23139 -0.770335 0.210233 
