0.838789 -0.262128 -0.477202 0.162027 0.145267 0.952448 -0.267842 -0.08231 0.524719 0.155342 0.836982 -0.158253 0 0 0 1
0.914582 -0.0325703 -0.403087 -0.00751455 0.0685636 0.99481 0.075184 0.00674846 0.398546 -0.096399 0.912068 -0.00631572 0 0 0 1
###
0.0762163 0.326947 0.4207 
-1.81125 -1.40886 1.75604 
3.52045 -2.61225 1.72264 
0.65064 0.497026 0.567776 
2.38435 -2.40973 5.53133 
0.37387 -0.609812 0.134983 
9.36388 -9.30514 2.65747 
-0.943216 -0.66534 1.03866 
0.701203 -1.54856 1.66226 
0.517643 -0.596401 0.0766565 
3.10847 -0.779086 -0.583342 
-2.69167 -4.04282 8.53458 
-4.38155 -4.59607 7.35599 
1.38679 -0.510881 -0.155141 
0.255134 -3.77674 2.47804 
-2.21189 -1.82882 2.37892 
0.396034 -0.648054 0.0685998 
4.019 -2.73583 4.6075 
0.546065 -0.954704 0.031034 
0.546221 -0.955198 0.031651 
3.16396 -1.36481 0.376361 
0.999923 -0.115258 0.173311 
-4.74281 -7.65343 7.4662 
0.0812284 -3.52103 2.68723 
0.378442 -0.887911 0.12531 
3.63991 -0.0376005 -0.244017 

-0.0328508 0.100879 0.187048 
-0.43046 -1.19544 1.48155 
-0.212156 -1.4205 1.77893 
0.0886399 0.118015 0.099476 
0.106103 0.0131434 0.139042 
0.017277 -0.0138536 -0.00146031 
0.21323 -0.269178 0.249074 
0.390039 -0.615868 -0.478344 
0.219369 -0.407376 0.0510001 
-0.0333578 0.0968536 0.18123 
-0.198407 0.0230678 0.247968 
-0.145729 -0.31727 0.35807 
0.0722915 -1.43753 -0.574074 
-0.173573 -0.0490213 0.260961 
0.0379214 -0.0784872 0.0139655 
-0.101092 -0.47227 0.59338 
0.0160671 -0.0171714 -0.0015013 
-0.297614 -1.70446 2.15376 
0.0159427 -0.0172525 -0.00169431 
0.0591757 -0.158137 0.205793 
-0.0459842 0.0950198 0.175502 
-0.181242 0.0213614 0.232268 
0.357406 -0.413989 0.298501 
0.905706 -1.20111 0.226632 
-0.237736 -0.474012 0.521525 
0.121432 0.0334018 0.0572641 
