0.872338 -0.23832 -0.426884 -0.115022 0.144684 0.959877 -0.240215 -0.246691 0.467004 0.147786 0.871818 0.0274524 0 0 0 1
0.999929 -0.0118796 0.000303628 0.00806779 0.0118796 0.999929 2.26085e-05 0.00347203 -0.000303876 -1.89999e-05 1 0.000950588 0 0 0 1
###
0.103273 -0.429012 0.368711 
-0.121633 -0.205725 0.280818 
0.0162392 -1.286 1.73629 
0.013836 -1.20634 1.65867 
0.445452 -0.281116 0.338613 
-0.0617206 0.320088 0.181676 
-0.809968 -0.941164 0.999537 
0.347822 0.28715 -0.140071 
0.11217 0.213186 -0.110393 
0.0943202 -0.224091 0.328178 
-0.0996655 -0.32943 0.409047 
0.218711 0.298877 -0.0161627 
0.43217 -0.189228 0.0616337 
-0.179982 0.318424 0.21328 
0.15045 -0.800292 0.535289 
0.154905 -0.672224 0.477374 
0.219416 0.299451 -0.0161403 
0.139172 -0.829845 0.523287 
0.103588 0.185706 -0.117196 
0.599988 -0.365168 0.3991 
-0.0051402 0.321051 0.171685 
0.187752 0.100721 -0.0308107 
0.358911 0.300034 -0.0698362 
0.402581 0.317182 -0.0701813 
-0.0408315 0.310376 0.149721 
-2.5598 -2.68695 2.59823 
-0.136894 0.116763 0.396568 
0.049156 -0.853909 0.326193 
0.283251 0.281192 -0.0222994 
0.295772 -0.289765 0.378911 
0.118285 -0.123496 0.118667 
-0.0777145 0.322997 0.191192 
-0.0335864 0.324417 0.182316 
-0.215444 0.0782581 0.241212 
0.286269 -0.375061 0.469821 

-0.657598 -3.80969 2.43823 
0.164057 -2.85055 5.39421 
-0.643722 -1.79383 2.18084 
-11.5508 -30.5586 33.0861 
-1.34633 -2.6459 1.88266 
-0.216369 0.283759 0.398784 
4.05745 -4.14928 5.97227 
-0.88403 0.377925 0.68285 
-1.00701 0.272043 0.355611 
-0.830854 -1.53097 1.0884 
-2.51819 -7.77738 8.64469 
-0.540698 0.406546 0.593827 
2.54416 -4.30932 7.16746 
-0.985656 0.312809 0.491507 
-0.663431 -3.74021 2.39415 
-1.12443 -4.84359 2.70755 
1.92872 -0.0301628 0.407157 
-0.639383 -3.75371 2.32416 
-0.882513 -1.19869 0.0453026 
-0.141069 -2.68474 4.6223 
-0.895764 0.346613 0.586423 
-0.970296 -1.83705 1.32236 
-0.897263 0.377745 0.686259 
-1.01551 0.31439 0.49737 
1.98147 0.634803 0.110827 
-1.22505 -1.94598 0.702872 
-1.02849 -0.402198 0.702039 
0.334481 -3.61406 1.83403 
4.05461 -2.76084 1.43103 
4.12544 -3.87244 5.83646 
-1.13698 -3.81341 2.53264 
-0.882161 0.376363 0.676714 
-0.893091 0.350359 0.593935 
-1.23865 -0.781736 0.221462 
-1.23236 -2.26733 1.53021 
