0.841633 -0.24144 -0.483074 0.155885 0.127741 0.958117 -0.256309 -0.0660791 0.524725 0.15401 0.837224 -0.171116 0 0 0 1
0.914617 -0.032613 -0.403004 -0.00753263 0.0685769 0.994813 0.0751302 0.00676203 0.398463 -0.0963521 0.912109 -0.00631683 0 0 0 1
###
2.35761 -2.38591 5.47979 
-0.366454 0.138418 0.740072 
-0.269857 0.177521 0.57111 
67.9098 -53.2983 22.9682 
9.70013 -8.47122 6.71541 
-3.00015 -2.47652 2.83739 
7.88185 -5.68521 9.19615 
0.419862 -0.430012 0.0935029 
-0.736868 -0.659452 1.34859 
-0.0929157 0.0946595 0.499262 
-4.35715 -4.57 7.31366 
3.11534 -0.781266 -0.586537 
0.520171 -0.597871 0.0802222 
1.35268 -0.499429 -0.139552 
-0.102449 -3.63735 2.60593 
0.483983 -0.733568 0.0436766 
0.654924 0.497192 0.564232 
1.80071 -8.00901 15.6745 
2.93092 -1.11967 -0.555174 
0.311401 -0.472526 0.0986705 
-1.68675 -1.38231 1.75169 
0.944825 0.142718 1.7025 
2.90048 -1.12593 -0.535451 
3.00405 -0.760499 0.202359 
1.34899 0.276731 1.84438 
-4.96828 -7.4868 7.27455 
2.66007 -0.969431 -0.392533 
3.61893 -0.823487 0.143507 
-0.942592 1.09422 0.658654 
1.37821 1.04165 1.80717 

-0.0379992 0.109985 0.203441 
0.0870254 0.0448835 0.210273 
-0.0521454 0.0949058 0.170827 
-0.00331584 -0.351065 0.443565 
0.36422 -0.374089 0.287558 
-0.430622 -1.19539 1.48194 
-0.376327 -0.555886 0.473417 
0.0152648 -0.0135079 -0.000116503 
0.140907 -1.41854 1.85703 
0.0883587 0.113631 0.0807331 
-0.390243 -1.21975 1.48773 
-0.181195 0.0213508 0.232185 
0.0433296 -0.152028 -0.0749464 
-0.173526 -0.0490048 0.260871 
0.164975 -0.382599 0.0314299 
0.0160364 -0.0165659 -0.00151785 
-0.0493283 0.10232 0.188823 
-1.36852 -2.18165 1.62018 
-0.223677 -0.00424126 0.321173 
0.0724398 -1.43921 -0.574458 
0.0119772 -0.0452781 0.0446643 
-0.198207 0.0230408 0.247704 
-0.246874 -0.1233 0.361186 
0.118731 0.00389098 0.0913272 
0.118758 0.00501006 0.0906106 
0.52305 -0.514889 0.198134 
0.0884679 0.0694014 -0.12271 
0.120827 0.0314565 0.0617488 
0.270036 -0.448407 0.525511 
0.126269 -0.0703492 0.126195 
