0.543421 -0.0300639 0.838922 -0.885553 -0.00697703 0.999162 0.0403258 -0.0509088 -0.839431 -0.0277671 0.542756 0.234715 0 0 0 1
0.999196 -0.0245522 -0.0317102 -0.00311097 0.0241456 0.999622 -0.0131404 -0.00801513 0.0320208 0.0123642 0.999411 -0.0305189 0 0 0 1
###
0.294458 -0.42593 0.479543 
0.293207 -0.424929 0.480194 
-0.88096 -0.63044 0.266 
-0.477309 0.231714 0.65452 
-1.0709 -1.74252 0.592793 
0.940212 0.378014 1.26799 
0.695198 0.263738 0.750189 
-0.272665 -0.657155 1.10771 
-0.722974 -2.38431 1.60734 
0.321047 0.397056 1.51502 
0.522803 0.258467 0.713152 
-0.18055 -0.957173 0.804174 
0.297103 0.473815 1.7291 
0.463062 0.308834 1.28701 
0.46468 0.324383 1.06395 
0.454592 0.453985 1.63189 
-0.182613 -0.958064 0.805987 
-0.568137 -1.62102 1.34523 
-0.88795 -0.642452 0.269907 
0.500138 0.226393 1.09959 
0.216206 0.263046 1.10301 
0.209667 0.531315 1.80466 
-0.287149 0.185925 0.563182 
0.523664 0.257305 0.712047 
-3.30328 -12.8406 15.8472 
-0.846793 -3.06955 1.83403 
0.73984 0.393979 1.39916 
0.319857 0.447581 1.66087 
0.874122 0.391497 1.32995 
0.718857 0.408376 1.42842 
-0.297392 0.214844 0.661366 
0.320418 -0.818558 2.03373 

-1.68092 -1.86154 1.14389 
0.136747 -2.69029 4.64164 
-1.78345 -0.971939 0.633964 
-1.33261 0.381651 0.698384 
-3.18124 -5.00597 3.99674 
0.322553 0.116798 0.24441 
2.40105 -0.694265 0.339564 
-0.883551 -0.914142 2.20168 
-2.28409 -6.00402 4.11975 
0.378698 0.169748 0.0648505 
-0.325942 0.222946 0.135869 
-1.85181 -2.38177 1.26286 
-1.11899 0.437652 0.94613 
0.13384 0.224266 0.143421 
0.0794153 0.236184 0.186371 
0.0337412 0.176654 0.330543 
-2.00317 -2.52209 1.23739 
-1.83127 -2.95352 2.53651 
-0.460961 0.440627 1.00084 
-0.150333 0.203723 0.530448 
-0.826866 0.525313 1.30064 
0.2019 0.168212 0.162505 
-0.0553608 0.211415 0.416686 
-0.324119 0.243603 0.147047 
0.262108 -3.23324 5.77518 
-1.30166 -5.00966 3.19308 
0.00474018 0.263945 0.274889 
-0.23625 0.259743 0.620685 
1.403 -2.46482 0.703988 
-1.86004 -2.21088 0.234607 
0.00573194 0.265412 0.275738 
-0.0328315 -1.6125 1.60737 
