0.824651 -0.245142 -0.50976 0.151384 0.0652628 0.936424 -0.344747 -0.0984318 0.561864 0.251028 0.788222 -0.182275 0 0 0 1
0.914617 -0.032613 -0.403004 -0.00753263 0.0685769 0.994813 0.0751302 0.00676203 0.398463 -0.0963521 0.912109 -0.00631683 0 0 0 1
###
4.86051 -4.13497 4.57125 
67.832 -53.34 23.0981 
0.478421 -0.430694 0.0996249 
0.843241 0.334516 0.219547 
-0.0039969 0.320287 0.334471 
-5.27765 -4.88439 6.42757 
2.85642 -0.0595317 0.303759 
3.11476 -0.781828 -0.587368 
-1.45903 -1.18461 1.86487 
3.16211 -1.37896 0.37807 
3.56236 -0.600734 0.683204 
2.92134 -1.11706 -0.553837 
4.50696 -3.36167 6.10472 
2.57711 -1.60623 1.9761 
-2.71574 -4.07661 8.61274 
2.89098 -1.44164 -0.388282 
1.45742 0.447308 1.62931 
0.336486 0.454322 0.505771 
-0.0254582 0.280415 0.347401 
-0.0525673 0.269944 0.548716 
1.80389 -8.01973 15.6947 
0.63451 -1.13694 2.14039 
3.52723 -1.61094 0.482022 
0.978504 -1.56103 0.0411643 
-0.0510992 0.282323 0.353195 
0.350256 -1.33997 2.10035 
-0.0798041 0.223302 0.479087 
-6.86928 -6.49735 8.55123 
0.992658 -1.58232 0.0412711 
1.36721 1.03363 1.79533 
1.52211 0.895148 1.50093 
3.00882 -0.762211 0.202699 

0.05194 -0.326015 0.415766 
0.312982 -2.11746 2.86956 
-0.376327 -0.555886 0.473417 
0.0869282 0.117217 0.0984478 
0.0119772 -0.0452781 0.0446643 
-0.230623 -0.0721186 0.329342 
-0.199048 -0.0148181 0.287897 
-0.181195 0.0213508 0.232185 
0.0889967 0.115215 0.0725111 
-0.0328315 0.100814 0.186929 
-0.249277 -0.0648835 0.351503 
0.121064 -0.0334211 0.11117 
0.100069 0.111632 0.0201108 
0.0489139 -0.130532 0.169727 
-1.36852 -2.18165 1.62018 
-0.204958 -0.0424505 0.302368 
0.141419 -0.057608 0.000955641 
0.225871 -0.285999 0.0583512 
0.183477 -0.350207 0.0657891 
0.0950625 -0.210238 0.24615 
0.0550569 -0.352902 0.447675 
0.0853962 0.0679234 0.196061 
0.0537486 0.096981 -0.00172339 
0.0157604 -0.0158396 -0.00141665 
0.260589 -0.379243 0.0700663 
0.52305 -0.514889 0.198134 
-0.265285 -0.0879997 0.248832 
0.130408 0.0971063 -0.131048 
0.015807 -0.0157434 -0.00137659 
0.138056 -0.201226 0.279849 
-0.0483102 0.0839213 0.168791 
0.119579 0.0107346 0.0864236 
