-0.329748 -0.281794 -0.901032 0.237665 0.105747 0.937382 -0.331862 -0.0182686 0.938128 -0.204712 -0.279301 0.351942 0 0 0 1
1 0 0 0 0 1 0 0 0 0 1 0 0 0 0 1
###
1.23775 -2.43431 1.12517 
2.03192 -6.71135 0.456186 
1.56774 -3.14612 0.176762 
1.778 -5.79378 9.52436 
-0.0719066 0.243355 0.51548 
1.13342 -2.5226 1.0654 
-0.0104116 0.237775 0.340571 
0.701731 -2.78555 0.519005 
0.50454 0.149462 -0.0996774 
2.04724 -2.30701 0.324151 
4.33127 -5.11563 0.615025 
0.507947 0.109709 -0.278995 
0.0506139 0.0454907 -0.365381 
-0.529555 -0.80626 -1.52001 
0.723113 -2.80306 0.505939 
-0.0329197 0.205427 0.380149 
-0.676117 -1.34949 -0.59105 
0.668033 -2.68648 0.507452 
0.291141 -0.248061 0.578177 
0.211239 -0.0166544 0.518905 
-0.0553108 0.21183 0.417085 
0.177902 0.105308 0.505201 
0.130642 -0.240745 0.624643 
0.689725 -2.74504 0.460427 
-0.0252401 0.195923 0.379692 
-0.0244645 0.200258 0.374798 
0.179668 0.10518 0.505028 
1.24168 -2.42653 1.13716 
0.54414 0.109458 -0.31204 
6.6391 -11.4966 -4.46232 
0.238465 -2.85109 -2.83469 
0.209212 0.0785483 0.39724 
0.21198 -0.0371512 0.520414 
1.78214 -1.49972 -0.15804 
1.40306 -2.46422 0.70443 

0.933561 -1.46063 0.473627 
0.128289 0.070613 0.247255 
1.03069 -1.6971 -0.120297 
0.0958866 0.0719218 0.320357 
0.127721 0.0910401 0.217009 
0.886416 -1.53671 0.445027 
-0.326732 -0.474511 0.0850432 
0.85403 -2.43393 0.111072 
-0.382555 0.211006 0.62296 
1.71415 -1.66005 -0.0299164 
2.05513 -2.1838 0.0288316 
-0.0505615 0.185485 0.506275 
-0.100555 0.190996 0.515851 
0.242506 0.0526164 0.0638693 
1.04192 -2.99074 0.124674 
0.151048 0.0720266 0.135735 
0.0989453 0.0854782 0.239471 
-0.564498 -3.33714 1.78956 
0.346604 -0.191429 0.235436 
0.307154 -0.061773 0.211556 
0.13797 0.0743933 0.157701 
-0.735936 -1.34717 0.690834 
0.262433 -0.201514 0.269529 
0.118193 0.0655387 0.24913 
0.154793 0.0657761 0.133893 
0.155155 0.068371 0.131066 
0.281138 0.0128469 0.204814 
0.944233 -1.47065 0.484571 
-0.423052 0.15224 0.404531 
-0.280494 -1.06097 1.21441 
0.165632 0.0192401 0.309423 
0.299061 0.000441747 0.138962 
0.30627 -0.0729492 0.210815 
-0.29492 -0.766495 1.14597 
1.0314 -1.4712 0.224322 
