0.290195 -0.223603 -0.930478 -0.0591052 0.207211 0.963934 -0.167018 -0.0733114 0.934265 -0.144337 0.326062 0.0376334 0 0 0 1
1 0 0 0 0 1 0 0 0 0 1 0 0 0 0 1
###
0.176473 -0.142609 -0.138093 
0.10674 -0.541449 -0.432688 
0.140089 -1.40467 1.8412 
0.255927 -0.398613 0.052478 
0.178531 -0.411636 0.525091 
-0.031063 -0.241454 0.312946 
0.217348 -0.381825 0.0460791 
-2.6201 -5.70551 6.84094 
0.197268 -0.164684 -0.145328 
0.0237762 0.0961339 -0.0813343 
0.786122 -1.78741 2.3799 
0.17576 -0.271319 0.326186 
0.142306 0.0997069 -0.122234 
0.17616 0.109418 -0.15658 
0.110862 0.0507941 -0.167204 
0.0659202 0.0954723 -0.108989 
0.150589 0.10293 -0.165272 
0.0665341 0.0959877 -0.109936 
0.0760682 0.088789 0.0514617 
0.0879515 0.105843 0.0195823 
0.0696449 -0.04118 0.00691768 
0.171105 -0.404481 0.0313574 
0.130267 0.0979432 -0.131 
0.101601 0.111104 0.0141134 
0.101002 0.0226462 0.128723 
0.0967826 0.0623023 0.0866216 
0.0223068 0.0994103 -0.0867019 
0.0939745 -0.405296 0.0189753 
0.0749433 0.0898557 -0.171566 
0.101407 0.110903 0.01368 
0.324275 -0.308534 -0.189989 
0.132082 0.0986086 -0.13142 
0.193607 -0.40405 0.533336 
0.100628 -0.170591 -0.171016 
-0.575865 -1.06416 1.33205 
0.108591 0.0920521 -0.132667 

-1.98056 -1.61282 2.11864 
0.737626 -0.627308 0.096148 
-2.6938 -4.04228 8.54038 
-1.49821 -3.84113 1.41138 
0.297923 -0.641513 0.0289646 
11.5519 -7.61406 10.1917 
-1.35748 -4.05571 1.6515 
-4.07587 -3.6283 4.94984 
-4.62699 -4.48944 7.45177 
-0.44496 0.299823 0.304071 
-0.556263 -1.53749 4.22534 
-0.512789 -1.49994 4.09948 
-1.99067 0.548924 1.07283 
0.650163 0.496432 0.567455 
-1.74343 0.347898 1.51054 
-0.637937 0.228241 0.162952 
0.139959 0.182149 -0.0461104 
0.097701 0.226796 0.0430324 
-0.589324 0.252214 0.223811 
-0.23887 0.161421 -0.0477782 
-1.66103 -1.63493 1.59891 
-0.667833 -3.60446 2.04348 
0.655244 0.497509 0.56456 
-0.239097 0.161285 -0.0476708 
-0.590988 0.251351 0.222696 
-0.589108 0.252507 0.224363 
1.47903 0.452489 1.64709 
-0.947462 -3.74393 1.87218 
0.461522 0.419562 0.502305 
-0.239021 0.160742 -0.0484342 
1.50576 -7.35466 14.2687 
-0.106031 0.212176 0.0415631 
-1.19521 0.592652 1.11812 
-3.84837 -3.73684 6.00076 
1.52522 0.896589 1.50302 
-0.314078 0.13607 0.727809 
