0.995986 -0.075395 -0.0482499 -0.102942 0.0783395 0.994974 0.0623615 -0.19657 0.0433057 -0.065891 0.996887 0.138842 0 0 0 1
0.999818 -0.0184188 -0.00497559 0.0213974 0.0184708 0.999773 0.010615 0.0140081 0.00477895 -0.0107049 0.999931 0.00174664 0 0 0 1
###
-1.88536 -1.91359 1.12887 
-0.0120754 -0.0707739 0.123555 
-0.237918 0.0711267 0.282467 
-1.95796 -1.92183 1.25957 
-0.279372 -0.240528 0.214453 
0.0864417 0.159476 -0.0874616 
0.00374017 0.00724449 0.0680426 
-0.245316 -0.748042 0.866401 
0.0943202 -0.224091 0.328178 
0.112565 0.279991 -0.0981509 
0.403348 0.338641 0.0581757 
0.248604 -0.0238737 -0.137528 
0.0992844 -0.46086 0.435877 
0.110215 -0.0504593 0.0256021 
0.77157 4.35617 2.26988 
-1.07799 -1.05732 0.415024 
-0.469113 -0.446275 0.38764 
0.0996904 -0.0481776 0.144013 
-0.0696675 0.322008 0.186002 
-3.02242 -3.02407 0.12245 
0.147944 -0.037292 0.123891 
0.173063 0.289244 -0.0822291 
0.109372 0.16776 -0.126265 
-0.276548 0.13068 0.310389 
-0.0819163 0.188509 0.117021 
0.353673 0.340285 0.117779 
0.134348 0.288035 -0.0919946 
0.413819 0.389037 0.234144 
0.342838 0.333606 0.0950234 
0.398451 0.224248 0.0270111 
0.132678 0.283639 -0.101297 
0.147983 0.29561 -0.0496255 
0.0797294 0.289495 0.193495 
0.16709 -0.843307 0.437171 
-0.439438 -0.0409351 0.885258 
0.462306 -0.273657 0.0546613 
-0.138235 -0.461113 0.596328 
0.00513864 0.275283 0.0189222 
0.292652 0.329627 0.12728 
0.254503 0.289362 0.0431894 
0.363017 0.305279 -0.0464761 
0.168909 0.286032 -0.0839486 
0.292657 -0.370772 0.475726 
-0.666321 -0.754646 0.833105 
-0.139928 0.268915 0.175478 
-0.169892 0.311735 0.184623 
0.438869 -0.170706 0.212887 

-0.14139 -2.6846 4.62201 
-0.942668 -1.96367 1.52137 
2.02631 -1.59449 2.16395 
-1.17552 -4.36489 5.25527 
0.113605 -3.55126 6.23583 
0.16249 -2.83585 5.36744 
-0.617298 -1.29172 1.61199 
-2.51861 -7.77801 8.64398 
-0.830879 -1.5311 1.08841 
2.61217 -1.28048 1.40333 
-0.119061 0.351969 0.0991099 
-0.884073 0.37791 0.682802 
-0.6575 -3.8084 2.43705 
-0.907607 -3.77587 2.53845 
-0.131077 0.101263 0.363452 
2.54857 -4.31562 7.17712 
-1.9113 -3.56283 0.927697 
-0.97031 -1.8371 1.32227 
-0.896031 0.347204 0.587433 
-0.844515 -1.39467 0.470392 
-0.814325 -1.80874 1.7864 
-0.216412 0.28377 0.39881 
0.334255 -3.61304 1.8332 
-1.20337 -0.504641 0.184233 
-0.897321 0.377729 0.686229 
-0.88166 0.375496 0.673028 
0.0558034 -0.114696 0.405791 
-0.883288 -1.19978 0.0451551 
0.0202525 -0.0147058 0.374769 
0.169598 0.0318151 0.174029 
4.44203 -3.17786 3.96944 
0.141448 0.0424639 0.211094 
-0.820675 0.340129 1.10351 
-0.233761 -3.78933 2.23866 
-4.08798 -6.28978 0.203022 
2.10049 -1.6316 2.24197 
4.12089 -3.8685 5.83007 
-0.0563356 0.0323532 0.360358 
-1.01396 0.291208 0.438471 
-0.985658 0.312803 0.491456 
-0.893037 0.350318 0.593833 
1.92926 -0.030181 0.407309 
-0.799029 -1.71529 1.61023 
-1.06407 -1.97139 1.32703 
-1.2314 -0.770357 0.210139 
0.155585 0.0655982 0.247693 
1.22564 -3.72193 6.78502 
