-0.175733 -0.324642 -0.929368 0.113074 0.111482 0.931424 -0.34644 -0.142175 0.978105 -0.164489 -0.12749 0.321118 0 0 0 1
0.991746 -0.121313 -0.0415195 0.0854605 0.121219 0.992614 -0.00478328 -0.0143805 0.0417931 -0.000289157 0.999126 -0.0238982 0 0 0 1
###
-2.58557 -22.4446 -11.9725 
2.27068 -8.08022 -4.17283 
-0.183131 -0.452884 1.2651 
0.107041 -0.166479 -0.508438 
0.198942 0.19033 -0.73692 
3.51831 -6.51996 -3.76352 
-0.125719 0.289286 0.302233 
3.28386 -2.57126 0.6915 
0.260231 0.247 -0.463518 
2.31612 -9.5337 -4.84803 
-0.124749 -0.661055 1.64812 
0.0219766 -0.104417 0.445741 
0.0465833 -1.99835 -2.49428 
-0.0762458 -1.18216 -2.55638 
0.74117 -1.69889 0.342864 
-1.07915 -7.28163 -3.77444 
3.8587 -5.06782 -1.58774 
0.478866 -7.80319 -4.87174 
4.20324 -3.389 0.714415 
-0.0906957 0.119492 0.310572 
-0.00679047 -1.69126 -2.32361 
0.296495 0.296888 -0.354716 
4.14655 -4.8395 -2.14501 
-0.123573 0.203694 0.337749 
5.22029 -4.96492 -1.03455 
0.026854 -1.19622 2.62184 
-1.33211 -4.72024 -1.97743 
2.24489 -1.60814 0.369534 
-1.31021 -4.61732 -1.92904 
10.8523 -10.0267 6.1181 
0.0904282 -1.38436 2.90191 
1.25598 -3.78437 6.93929 
-0.117262 0.219208 0.310771 
1.57378 -1.93423 0.120844 

1.01766 -1.46372 0.109157 
-0.259853 -0.461201 0.572746 
-2.50136 -2.56319 0.34692 
-0.0225418 0.32172 0.172535 
-0.216705 0.317261 0.215178 
0.0244695 -0.440372 0.622241 
0.188507 -0.716883 0.741735 
-0.259212 0.0541789 0.323149 
0.176791 0.345221 0.183964 
-1.86647 -1.90345 1.15529 
-1.13 -1.12585 0.179143 
3.37574 -3.01951 0.582964 
-0.173276 -0.0944103 0.355213 
-0.258661 0.0533158 0.320965 
0.139172 -0.829845 0.523287 
0.364963 -0.484111 0.113631 
-1.32241 -1.30226 0.863877 
1.623 -1.73651 1.75361 
-0.275237 0.0600365 0.322879 
2.84885 -2.20354 0.96689 
0.0211022 0.325501 0.175979 
0.328765 -0.208199 0.0186596 
1.29814 -1.04261 0.800325 
0.124168 -0.00833046 0.294269 
-0.300581 -0.291492 0.344361 
-1.07031 -1.01278 0.195678 
0.298351 -0.549129 0.0807483 
2.4292 -1.88939 0.848587 
0.244275 -0.335508 0.0140137 
-0.217631 -0.754876 0.941787 
-2.65774 -2.63009 0.703629 
2.40271 -1.88823 0.856944 
-0.0833476 0.31688 0.174039 
-0.249189 0.0558717 0.313133 
