0.353483 0.0802211 0.931995 -0.804163 -0.263413 0.964535 0.0168839 0.161202 -0.897588 -0.251467 0.362078 0.386869 0 0 0 1
0.999779 -0.013634 -0.0159785 -0.00205422 0.0134762 0.99986 -0.00993886 -0.00493793 0.0161118 0.00972134 0.999823 -0.0185692 0 0 0 1
###
0.299398 -0.437118 0.480082 
-0.894092 -0.642601 0.266986 
0.117854 -0.667428 0.709325 
0.688316 -3.05979 0.827553 
0.320622 -0.423638 0.457106 
0.107096 0.400724 1.46961 
0.67834 0.407629 1.45002 
0.415562 -0.523764 0.290173 
0.456189 0.457403 1.63835 
-0.840294 -3.06633 1.81925 
-0.332938 0.188477 0.564235 
0.519763 0.261093 0.715167 
0.589219 0.277744 0.82288 
0.32962 0.43791 1.63825 
0.163558 0.399629 1.50381 
-0.42367 1.07382 2.98614 
0.764006 -0.09097 0.771334 
0.739261 0.391047 1.39193 
0.30875 -1.27675 2.2498 
0.235393 -0.498303 0.464805 

-1.76848 -4.86114 5.99625 
-1.78298 -0.971767 0.633844 
5.00867 -6.0717 6.92559 
-2.02959 -5.74903 3.64726 
-0.816964 -1.57468 2.23115 
-1.11015 0.440886 0.945325 
-1.33268 0.381675 0.698408 
-1.98626 -6.82153 8.84834 
-2.60463 -3.36921 1.6459 
-1.39973 -5.10358 3.43596 
0.0794172 0.236189 0.186372 
-0.461358 0.446194 1.01239 
0.00515486 0.26342 0.274632 
-1.52779 -1.79804 0.239688 
-1.119 0.437605 0.946088 
-0.0187516 0.27283 0.30062 
1.89269 -1.5143 0.0127914 
0.00473824 0.263946 0.274889 
0.902653 -2.90298 4.87522 
0.136764 -2.69077 4.64247 
