0.813624 -0.256374 -0.521812 0.148967 0.109609 0.949069 -0.295386 -0.117299 0.570966 0.183138 0.800287 -0.183468 0 0 0 1
0.914617 -0.032613 -0.403004 -0.00753263 0.0685769 0.994813 0.0751302 0.00676203 0.398463 -0.0963521 0.912109 -0.00631683 0 0 0 1
###
7.95966 -5.73812 9.28959 
67.7465 -53.3352 23.0327 
-4.8794 -4.49921 5.91927 
0.801729 -1.1834 0.211966 
0.889353 0.469152 0.472928 
0.655184 0.497555 0.564622 
1.29144 -1.47375 -0.109135 
4.11372 -3.05912 1.99042 
2.76551 -1.44096 -0.390485 
3.6744 -0.615633 0.694355 
3.00363 -0.739551 -0.564203 
1.00774 -1.12966 -0.0410434 
0.619215 0.499257 0.567358 
3.13604 -1.66471 -0.39618 
0.914361 -1.0626 -0.0199935 
-4.16848 -4.36091 6.96753 
4.47115 -3.32583 6.05241 
-0.13444 -0.175384 0.811708 
1.1948 -1.91456 -0.17671 
-0.0519467 0.269623 0.548488 
-6.06695 -5.68956 7.50547 
1.20394 -0.401305 1.78757 
0.576801 0.435965 0.461279 
5.33876 -4.38241 4.94744 

-0.376327 -0.555886 0.473417 
0.312982 -2.11746 2.86956 
0.0914574 0.11069 0.0438322 
0.0171176 -0.0135757 -0.00141907 
0.0812804 0.123615 0.148704 
-0.0493283 0.10232 0.188823 
0.0152648 -0.0135079 -0.000116503 
0.102048 -0.0947757 0.0552612 
0.141419 -0.057608 0.000955641 
-0.249277 -0.0648835 0.351503 
-0.198207 0.0230408 0.247704 
0.0153059 -0.0135861 -0.000137252 
0.0861243 0.11622 0.0787794 
-0.173526 -0.0490048 0.260871 
0.0496664 0.106189 0.213985 
-1.02891 -3.2188 3.8552 
0.100069 0.111632 0.0201108 
0.0500653 -0.0841857 -0.0569119 
0.0159948 -0.0173171 -0.00171973 
-0.510307 -0.726082 0.454371 
0.413922 -0.658803 -0.505176 
0.0887359 0.0896788 0.0715154 
-0.0333411 0.0968015 0.181134 
0.242255 -0.307137 0.0628829 
