-0.153337 -0.00736293 0.988146 -0.457094 -0.268116 0.962771 -0.0344315 0.192364 -0.951105 -0.270217 -0.149603 0.73755 0 0 0 1
0.999196 -0.0245421 -0.0317097 -0.00311372 0.0241355 0.999622 -0.0131422 -0.00801322 0.0320202 0.0123663 0.999411 -0.0305143 0 0 0 1
###
-0.485588 -1.46818 0.695924 
-0.727284 -2.45874 1.63108 
-0.42925 -1.27081 0.243348 
-1.30332 -4.91531 2.69665 
-0.889885 -0.63803 0.261165 
-0.70668 -1.84583 1.46925 
-0.713131 -1.53927 1.48335 
-0.890746 -0.644675 0.27019 
-0.530865 0.221643 0.555778 
0.64644 -0.989983 0.244397 
-1.14954 -2.08903 1.00815 
0.30097 0.101375 0.459036 
-0.117122 -1.24042 1.4708 
-0.099632 -0.975596 0.657409 
-0.0366432 -1.44155 -0.260616 
0.830919 -1.07458 0.183891 
0.484843 -0.00225154 0.416833 
0.478696 -0.222193 0.350341 
0.897423 -1.58128 -0.0054177 
-0.502771 0.2535 0.666451 
0.449208 -3.50124 1.21094 
0.305781 -0.0362256 0.48135 
0.173438 -1.88883 3.06121 
0.899253 -1.57476 0.00652904 
0.478327 0.0225762 0.43162 

-1.21879 -2.28394 2.22322 
-1.39973 -5.10358 3.43596 
-0.816964 -1.57468 2.23115 
-6.29349 -17.5268 11.2091 
-1.78298 -0.971767 0.633844 
-1.57567 -2.59702 2.25137 
-1.68078 -1.86146 1.14383 
0.643599 -0.0675247 0.463396 
-1.33268 0.381675 0.698408 
-2.02959 -5.74903 3.64726 
-1.85428 -2.38525 1.2644 
1.13342 -2.5226 1.0654 
-3.18119 -5.00598 3.99672 
-3.25595 -4.5278 1.77558 
-3.42066 -4.16621 1.02914 
0.0504223 0.0583918 0.535873 
-1.70477 -0.598649 0.538761 
0.135623 -0.26422 0.633839 
-0.461025 0.440657 1.00088 
-1.35666 0.388672 0.719398 
-0.466302 -5.0377 2.83831 
-0.0203784 0.131298 0.690834 
4.33127 -5.11563 0.615025 
12.3997 -15.3282 6.32794 
-0.242491 0.321331 0.498835 
