-0.579967 -0.0476975 0.813242 -0.0404387 -0.276719 0.950461 -0.141598 0.263128 -0.766202 -0.307161 -0.564435 0.8538 0 0 0 1
0.999196 -0.0245421 -0.0317097 -0.00311372 0.0241355 0.999622 -0.0131422 -0.00801322 0.0320202 0.0123663 0.999411 -0.0305143 0 0 0 1
###
0.682357 -0.000679399 0.511985 
0.0822106 -1.29918 1.83443 
-1.29947 -4.90006 2.68177 
0.634751 -0.0755771 0.557345 
-0.864824 -1.79262 0.981811 
-0.289383 -0.386415 0.380725 
0.547158 0.069266 0.382514 
-0.703147 -1.83519 1.46694 
0.612463 -0.230063 0.398578 
0.400626 -0.576632 0.21374 
-0.729525 -2.47075 1.63692 
-0.060172 -1.91359 1.18472 
0.606836 -0.105345 0.546771 
0.0750635 -1.30666 1.86638 
0.376931 -1.25355 -0.323773 
-0.335083 0.189893 0.567462 
-0.896842 -0.644001 0.262184 
0.389318 -0.971734 1.50013 
0.296086 -3.31804 1.27605 
-0.891228 -0.645321 0.269871 
-0.458759 -1.01204 1.2545 
0.890877 -1.5667 0.00239438 
0.455904 -0.278994 0.353145 
-0.501542 0.258205 0.672053 
0.585901 -0.107881 0.554866 
-0.297459 0.215208 0.661391 
0.470202 -0.450897 0.283475 
0.409639 -0.381229 0.344973 
-2.62054 -4.12312 6.67383 

2.40105 -0.694265 0.339564 
0.246339 0.0281013 0.411402 
-6.29349 -17.5268 11.2091 
-1.57567 -2.59702 2.25137 
-4.5576 -5.77064 3.05513 
-0.461025 0.440657 1.00088 
0.122453 0.0861201 0.502925 
-1.8314 -2.95373 2.53671 
-1.68078 -1.86146 1.14383 
-0.843709 -1.75859 2.3666 
-1.39973 -5.10358 3.43596 
0.163114 0.138639 0.44914 
7.39185 -10.2719 8.04245 
2.49494 -2.59807 0.304811 
0.11802 -6.59838 11.5074 
-1.33268 0.381675 0.698408 
-1.78298 -0.971767 0.633844 
-1.70246 -2.63219 0.0906586 
-1.82705 -5.17841 3.29874 
0.222 -0.352122 0.632593 
-0.809215 -1.55192 2.23995 
-0.261141 0.239027 0.156331 
0.277953 0.0720252 0.335005 
0.238342 0.0389914 0.405231 
-0.74153 -0.966091 1.83649 
0.00473824 0.263946 0.274889 
-3.42066 -4.16621 1.02914 
-0.826871 0.525281 1.30061 
0.133843 0.224271 0.143421 
