0.968543 -0.142218 -0.204204 0.0039132 0.154712 0.986865 0.0465003 -0.0574271 0.194908 -0.0766303 0.977823 0.0806601 0 0 0 1
1 0 0 0 0 1 0 0 0 0 1 0 0 0 0 1
###
0.0811746 0.0286962 0.0912222 
-0.18525 -0.134606 0.0233782 
0.321125 -0.318977 -0.139874 
0.213054 -0.177661 -0.119296 
-0.202284 -1.36945 1.72284 
-0.337008 -1.5829 2.01087 
0.364446 -0.358842 -0.144021 
0.21904 -0.385785 0.0462367 
0.910672 -2.4474 3.41469 
-0.523985 -0.86678 0.642599 
-0.0976352 -0.130268 0.00647743 
0.0882637 0.10612 0.0194159 
0.352253 -0.433309 -0.181147 
-0.239725 -0.0884737 0.168735 
-0.105727 -0.469292 0.59065 
-0.0498113 -0.42238 0.033645 
0.273678 -0.352447 -0.162173 
-0.511003 -1.09944 1.33126 
-0.238602 -0.206174 -0.00172765 
0.179612 -0.366616 0.488708 
0.0799534 0.102917 0.00890688 
0.17252 -0.409088 0.0313734 
0.0210167 -0.367559 0.0354541 
0.629416 -1.35748 1.80795 
-0.54848 -1.18882 1.43996 
0.132174 0.103038 -0.0755108 
0.0588986 -0.307305 0.416489 
-0.0972479 -0.129325 0.00669379 

-0.589332 0.252254 0.223858 
4.24523 -3.02834 5.32807 
4.53663 -3.38334 6.16302 
0.12654 -0.0928498 0.181969 
11.2471 -7.41632 9.92277 
-1.13272 -1.47981 0.828692 
0.628461 -1.12415 2.1137 
-1.36129 -4.06865 1.65607 
-1.2791 0.796864 1.49046 
2.41591 -4.0941 4.08199 
1.82955 -2.70493 3.95998 
-0.23913 0.161396 -0.0476555 
0.298613 -0.642674 0.0288771 
2.64037 -1.14035 0.875998 
-4.44212 -4.70461 7.49206 
0.20719 -3.78994 2.72513 
1.03388 -1.54096 0.0240132 
-0.555704 -1.53714 4.2223 
0.798626 0.42499 0.390838 
-1.51713 0.751989 1.4123 
0.594557 0.486328 0.551428 
-0.667239 -3.60197 2.04131 
0.156233 -3.51204 2.54718 
8.74102 -6.49251 4.31278 
-1.23864 -1.66428 1.03071 
0.649768 0.49646 0.567415 
-2.6596 -3.98822 8.41868 
0.848205 -1.21707 1.86084 
