0.820714 -0.255786 -0.510883 0.13386 0.164897 0.96218 -0.216837 -0.0421214 0.547026 0.0937183 0.831853 -0.200555 0 0 0 1
0.914599 -0.031903 -0.403102 -0.00756809 0.0674221 0.994959 0.0742291 0.00716323 0.398702 -0.0950678 0.91214 -0.00632477 0 0 0 1
###
0.126507 -0.0929522 0.181978 
4.88326 -7.03515 -0.950156 
-1.64262 -1.30544 1.63283 
2.20012 -2.2472 5.17811 
2.79403 0.222867 0.209464 
3.4117 -5.09375 -0.638404 
-2.30439 -1.96895 2.33207 
3.14742 -0.785731 -0.597004 
4.54146 -3.38679 6.17 
1.77058 -3.69102 -0.0156811 
-2.67439 -4.00942 8.46999 
2.94892 -1.56094 -0.360404 
2.91263 -1.11361 -0.553044 
1.55682 -7.3043 14.2092 
1.35686 -1.34629 3.34522 
-0.0968131 -3.62454 2.59988 
0.268019 -0.01517 0.154559 
0.629098 -1.12569 2.11764 
1.09038 -1.02384 2.71502 
-0.18923 0.065911 0.492694 
-2.64692 -4.06359 8.57378 
0.273666 -0.411613 0.112138 
1.79273 -7.98136 15.6257 
2.84711 -0.711424 0.194167 
2.88944 -1.44848 -0.377238 
3.00331 -0.760566 0.200397 
3.03406 -1.36947 0.438826 
-4.67505 -4.16071 5.63464 
-0.799247 -0.965656 0.885648 
0.249335 -0.564286 0.143529 
3.3721 -0.760639 0.144441 
1.36645 1.03298 1.79383 

0.0172184 -0.0141749 -0.00145001 
0.0435083 -0.152276 -0.0749582 
-0.430472 -1.19634 1.48337 
0.421263 -0.668427 -0.49998 
-0.237702 0.0667953 0.155474 
0.219913 -1.29718 -0.621497 
-0.208159 -0.0168513 0.287261 
-0.186443 0.0217652 0.238551 
-0.131834 -0.0127101 0.290654 
0.0576775 -0.0447323 -0.0140243 
-0.0796869 -0.334189 0.39982 
-0.204942 -0.0153616 0.296197 
-0.209927 -0.0436175 0.309472 
-1.36712 -2.18339 1.62279 
0.130588 0.0970818 -0.131278 
0.166903 -0.387227 0.0315174 
-0.227804 -0.00453384 0.326922 
-0.405135 -0.598628 0.510319 
0.10563 0.016716 0.147472 
0.0973784 0.114164 0.0337624 
-0.415549 -1.63644 1.99066 
0.0739923 -1.45277 -0.579249 
-0.5548 -0.919678 0.683268 
0.131903 0.00221994 0.104245 
-0.230642 -0.0512686 0.33978 
0.118973 0.00373409 0.0914257 
-0.0467811 0.0950904 0.175393 
0.193607 -0.40405 0.533336 
0.227621 -0.205317 -0.0285781 
0.259765 -0.322115 -0.156195 
0.128926 -0.0107973 0.109334 
0.13799 -0.200627 0.279208 
