0.344531 0.0101754 0.93872 0.10531 -0.187755 0.980485 0.058282 -0.163553 -0.919808 -0.196329 0.339718 0.178524 0 0 0 1
0.999932 -0.0116844 0.000512168 0.00795415 0.0116844 0.999932 9.44464e-06 0.00346339 -0.000512244 -3.4596e-06 1 0.000946789 0 0 0 1
###
-0.0273966 0.318291 0.167931 
-0.0234333 -0.128867 -0.139627 
0.0922087 -0.20527 0.302318 
0.0742329 0.170835 -0.139404 
-0.0996655 -0.32943 0.409047 
-0.191007 -0.348927 -0.409243 
0.0172936 0.221126 -0.0545832 
-2.20502 -2.22936 0.779604 
-0.274094 -0.747657 0.842569 
-0.486152 -0.474911 0.463776 
0.0558422 0.153071 -0.133079 
0.103043 0.0520309 -0.10175 
0.112743 -0.790669 0.522028 
-0.237918 0.0711268 0.282467 
0.0195722 0.159566 -0.159125 
-0.0742893 0.135893 0.307672 
-1.45398 -1.48246 0.648069 
-2.38383 -2.62764 2.4271 
0.235185 -0.0936171 0.17008 
0.0742958 0.266746 -0.119516 
-0.0696675 0.322008 0.186002 
0.0743244 0.26757 -0.119178 
0.056725 -0.27125 0.397783 
-0.149622 -0.0612419 -0.0631935 
-0.00106381 0.318002 0.159365 
-2.43035 -2.66049 2.50716 
-0.181551 -0.110781 0.10344 
0.0206994 0.214073 -0.0731812 
-0.142777 -0.0539228 -0.0654342 
-0.0697027 0.3224 0.179483 
0.19143 -0.791486 0.634883 
-0.00364647 -0.329005 -0.293016 

-0.884361 0.377798 0.682819 
-0.993513 -4.25088 2.37567 
-0.969679 -1.83669 1.32177 
-1.06195 -1.96819 1.32468 
-0.839626 -1.74527 1.5219 
-1.22442 -1.94574 0.702397 
0.143392 0.151049 0.164876 
-0.606414 -1.10091 1.46404 
1.82257 -3.22172 5.56562 
0.113499 -3.55116 6.236 
2.07768 -1.68017 2.25175 
-1.12266 -4.83942 2.7051 
-0.905932 -3.77082 2.53484 
-1.2316 -0.770951 0.20999 
1.21406 -1.41326 0.53699 
-1.02862 -0.402497 0.701929 
-0.797967 -1.71359 1.60855 
-1.23198 -2.26736 1.52984 
1.34867 -1.25472 0.783061 
2.88253 -1.23129 1.38307 
-1.00709 0.271838 0.355348 
0.0184089 0.262797 0.224643 
1.09407 -1.40105 0.376402 
-0.476805 -1.63485 2.23485 
-0.882504 0.376243 0.676673 
2.09877 -1.62981 2.24038 
4.0774 -4.16599 6.00126 
-0.0117987 0.0856194 0.435796 
4.13188 -3.87736 5.83915 
-0.893318 0.350229 0.593833 
-1.03249 -4.42311 2.47613 
0.0202479 -0.0146854 0.374547 
