-0.163031 -0.334293 -0.928261 0.106974 0.0931155 0.931436 -0.351791 -0.0698031 0.982217 -0.143788 -0.120725 0.298633 0 0 0 1
0.991983 -0.124232 -0.0231402 0.0527087 0.124596 0.992094 0.0150252 -0.00838973 0.0210907 -0.0177879 0.999619 -0.0208217 0 0 0 1
###
3.70419 -2.88051 0.822663 
0.356641 0.311787 -0.301796 
-2.59414 -22.4514 -11.9529 
0.0586977 -1.44343 2.85229 
0.743521 -1.70382 0.344046 
0.678898 -3.63314 1.65853 
-0.0751561 -0.0582552 -0.176349 
-0.505007 -2.005 -0.992037 
0.0806304 -1.09823 -2.61618 
-0.50687 -2.02241 -1.00344 
1.70306 0.296612 -0.726477 
-0.0615555 -1.35181 -2.39506 
-0.93633 -7.05601 -3.65736 
-0.140765 0.114937 0.390796 
4.07863 -4.16494 6.00275 
1.05521 -1.40096 0.840074 
0.0603853 -1.36701 2.80315 
-1.02283 -6.28056 -3.2072 
1.25697 -3.79147 6.93408 
-0.476322 -1.03812 -0.210667 
0.0769079 0.144894 0.276638 
0.651629 -1.18828 -2.18424 
0.721177 -1.80984 -2.22337 
-0.245787 -0.578778 1.12801 
1.73201 0.430956 -0.411435 
0.708432 -1.78353 -2.20551 

2.40271 -1.88823 0.856944 
0.278957 0.35381 0.16966 
1.7204 -1.57067 0.210402 
-2.65774 -2.63009 0.703629 
0.0993184 -0.610899 0.508316 
0.0482536 -0.450156 0.222349 
-0.0228215 0.322893 0.172518 
1.00823 -1.4775 0.122482 
0.110245 -0.122625 0.297677 
-0.0461231 0.319835 0.178309 
-0.0968343 0.321535 0.195127 
0.0139477 0.325029 0.174845 
0.364963 -0.484111 0.113631 
-0.0213204 0.322899 0.173423 
-1.86647 -1.90345 1.15529 
3.37574 -3.01951 0.582964 
-1.34381 -1.37169 0.216971 
1.43305 -1.96722 0.205693 
2.84885 -2.20354 0.96689 
0.298351 -0.549129 0.0807483 
0.134975 -0.703232 0.619893 
-0.136369 0.0390781 0.315067 
-0.275237 0.0600365 0.322879 
-1.06702 -1.35566 0.105628 
-0.171679 -0.138774 0.356804 
-0.0630767 0.299016 0.0884891 
