0.999482 -0.029386 -0.013112 0.0116561 0.0312838 0.982785 0.182083 -0.0456191 0.00753555 -0.182399 0.983196 0.0848973 0 0 0 1
0.967082 -0.177658 -0.182181 0.017646 0.142491 0.971244 -0.190738 -0.0105589 0.210829 0.1585 0.964587 0.0132813 0 0 0 1
###
0.102005 0.110029 0.0153399 
-0.337492 -1.5788 2.00597 
0.0048084 -0.0160789 0.0261597 
2.65878 -1.77516 -0.301413 
0.166041 -0.284284 0.0144791 
0.185149 -0.420618 0.537623 
-0.186875 -0.137821 0.023169 
0.0119512 0.0737036 -0.0374784 
0.366659 -0.339023 -0.0988247 
-0.0789403 -0.266211 0.320129 
-0.000650521 0.0474477 -0.0599088 
-0.0364824 0.0501523 -0.0350907 
-0.0396596 0.0488002 -0.0300209 
0.00884281 0.0881755 -0.0568411 
-0.239481 -0.0881483 0.168743 
-0.0210761 0.0589866 -0.0651427 
-0.17835 -0.143082 -0.0726042 
-0.131394 -0.163665 -0.0614469 
-0.053674 -0.135592 -0.0428401 
0.000510344 -0.174011 -0.0169418 
0.096424 0.018024 0.118495 
-0.10669 -0.463424 0.583626 
0.00378869 0.0648639 -0.0485748 
0.0332523 0.0802047 -0.0407746 
0.0926261 -0.607053 0.0735425 
-0.391078 -0.640593 0.693702 
-0.0226663 0.0851301 -0.0651581 
0.0148369 -0.418138 0.00641731 
0.121049 -0.06713 0.118872 
0.10638 0.0130273 0.135759 
-0.387723 -0.635152 0.688649 
0.124962 -0.0697683 0.124788 
-0.000312593 0.0673226 -0.0468326 

5.68239 -14.6786 4.58445 
11.1703 -7.36525 9.85662 
-2.64228 -3.96516 8.36187 
-0.0100691 0.177111 -0.0481452 
-1.34791 -4.0234 1.63732 
-2.45623 -3.49913 7.95967 
4.22288 -3.01343 5.30162 
2.21971 -1.66914 2.87057 
4.49868 -3.35679 6.11181 
-1.13151 -1.47787 0.827518 
-0.512685 -1.48844 4.07434 
-0.366353 0.138496 0.740358 
0.0978267 0.227085 0.0431709 
-0.0280229 0.202129 0.00794598 
3.30437 -0.361964 0.597202 
2.6621 -0.396544 0.538597 
1.44944 -1.54558 3.77206 
2.67818 -2.0055 3.87574 
0.710375 -1.66419 1.83237 
0.205861 -3.77779 2.71581 
3.77917 -4.04958 9.84468 
4.74234 -3.95821 4.42651 
0.582745 0.524906 0.623899 
-0.239045 0.16089 -0.0483945 
0.155245 -3.49931 2.53731 
-0.551861 -1.50963 4.14652 
-0.63792 0.228273 0.163014 
-0.666359 -3.59429 2.0367 
1.36323 1.03091 1.79148 
1.13444 -1.57001 2.42177 
0.769475 -1.21492 2.03951 
2.0243 -1.53439 2.96187 
-0.446984 0.304646 0.315114 
