0.81206 -0.255065 -0.524882 0.129856 0.0599939 0.931149 -0.35967 -0.00224439 0.580482 0.260584 0.771451 -0.207513 0 0 0 1
0.914684 -0.0318171 -0.402915 -0.00761447 0.0671823 0.994997 0.0739428 0.00723968 0.398547 -0.0947031 0.912245 -0.00634825 0 0 0 1
###
0.649768 0.49646 0.567415 
1.12089 -0.873128 2.63923 
6.23771 -5.8564 1.94753 
-5.18095 -4.80415 6.32041 
2.61612 0.172016 0.290624 
3.12026 -0.781578 -0.591123 
1.18651 0.604759 0.739833 
2.92162 -1.11547 -0.55501 
0.306025 -1.24855 2.176 
-2.6596 -3.98822 8.41868 
2.88239 -1.43701 -0.389319 
0.282486 -0.0221024 0.152324 
0.580037 -0.726492 1.22731 
3.13699 -0.340162 -0.981225 
11.3421 -8.12848 7.3488 
-0.170184 0.153121 0.437373 
0.628461 -1.12415 2.1137 
0.135681 -0.483549 1.34064 
-0.0798387 0.223422 0.480155 
2.22471 -4.00771 0.0192055 
-8.37751 -7.74493 10.5942 
0.710943 -1.09637 1.87455 
1.78411 -7.95096 15.5659 
0.701436 -1.24047 2.30086 
3.21704 -0.715972 0.146219 
1.07627 -1.40941 2.16043 
-0.171559 0.0693305 0.466697 
3.15514 -1.35733 0.365468 
-0.800494 1.44195 0.430748 
3.5257 -8.96911 0.729243 
1.03388 -1.54096 0.0240132 
1.36639 1.03329 1.79458 

0.0916134 0.112275 0.0584768 
0.420905 -0.667868 -0.499532 
-1.15899 -1.74011 1.17556 
0.0922906 0.117164 0.0770158 
0.0897375 0.0649021 0.186363 
-0.187361 0.0218424 0.239648 
0.439878 -0.996237 1.21566 
-0.17782 -0.0504069 0.267191 
0.0505455 -0.0853401 -0.0575519 
0.0521952 -0.324274 0.414475 
-0.211208 -0.0438899 0.311284 
-0.228809 -0.00457664 0.328286 
-0.120287 -0.0372326 0.316151 
-0.205959 -0.0154421 0.297605 
-0.084893 -0.539189 0.702211 
0.120623 -0.0693074 0.120046 
0.0854729 0.0679255 0.196243 
0.353914 -0.414494 0.301074 
-0.0463908 0.0952842 0.176308 
0.0156846 -0.016109 -0.00135065 
-0.257363 -0.0671264 0.362629 
0.16594 -0.157124 0.0607403 
-0.523985 -0.86678 0.642599 
0.364446 -0.358842 -0.144021 
0.142322 -0.0754272 0.0045887 
0.0855058 0.118026 0.0932202 
0.0973946 0.114166 0.0337549 
-0.0393819 0.112847 0.208644 
0.0906178 -1.46912 1.888 
0.0159941 -0.0167364 -0.00149981 
0.0157801 -0.0160787 -0.00134205 
0.126417 -0.0704878 0.126237 
