-0.764954 0.024816 0.643607 0.205064 -0.204181 0.938375 -0.27886 0.303023 -0.610864 -0.344727 -0.712747 0.802883 0 0 0 1
0.999204 -0.0243332 -0.0316053 -0.00320429 0.0239214 0.999625 -0.013342 -0.00795523 0.0319181 0.0125753 0.999411 -0.0305877 0 0 0 1
###
-1.16493 -2.33389 0.750729 
0.543964 -0.0286695 0.341953 
0.633377 -1.25201 0.155082 
1.18772 -1.26339 -0.223588 
-0.870258 -1.754 0.609773 
0.626383 -0.163576 0.261308 
-0.883936 -1.95826 1.42441 
0.654748 -0.0853605 0.495476 
1.22784 -3.87994 0.229259 
0.480541 -0.00384449 0.413866 
-0.451548 0.209533 0.557338 
0.614212 -0.346207 0.294802 
0.681498 0.1767 0.358619 
-0.205931 -5.6031 2.02878 
1.60836 -1.68101 -0.253836 
0.040647 -2.06157 1.10652 
0.448754 -0.288256 0.34642 
-1.08016 -0.491688 0.339031 
0.51166 0.090893 0.410267 
0.0236633 0.120084 0.537594 
-0.881418 -3.23637 1.97201 
1.71595 -3.21457 -0.229438 
0.601178 0.110058 0.398027 
-0.671175 0.252508 0.569368 
0.683287 0.169991 0.364268 
-0.01836 -3.24442 1.4938 
0.577194 -0.134043 0.691581 
0.887216 -1.55307 0.0120163 
0.627021 -0.481227 0.192544 
0.571617 -0.106674 0.246924 

-1.21894 -2.28571 2.22191 
1.16339 -2.5541 0.33979 
-2.03104 -5.7559 3.65192 
-2.60195 -3.36627 1.64533 
-3.64662 -5.02616 1.91883 
-0.0369954 -0.0526829 0.664275 
-3.20632 -5.04208 4.03121 
5.04751 -6.6154 7.42176 
-2.28729 -6.01445 4.12736 
-1.70424 -0.598912 0.538624 
-1.33186 0.3812 0.697853 
0.117991 -6.59693 11.5095 
3.10801 -0.904129 0.431048 
-1.82957 -5.18818 3.30525 
0.137114 0.222453 0.13548 
1.31867 -6.13585 1.51975 
0.278037 0.0720833 0.335145 
0.0627135 0.0508897 0.527389 
9.53912 -11.7554 7.15589 
-0.952509 0.454241 1.0511 
0.163081 0.138656 0.449143 
0.00572575 0.265451 0.275802 
0.0656751 0.133676 0.478997 
-1.20991 0.40616 0.806947 
-0.27696 0.23989 0.162413 
-0.159051 -5.15356 2.63429 
1.90526 -1.52398 0.0129241 
12.4001 -15.3224 6.32973 
0.261522 -3.24908 5.79257 
0.18648 -0.144671 0.605466 
