-0.241694 -0.249729 -0.937667 0.190921 0.146933 0.945755 -0.289756 0.140339 0.959164 -0.207806 -0.19189 0.303905 0 0 0 1
1 0 0 0 0 1 0 0 0 0 1 0 0 0 0 1
###
7.39629 -10.2665 8.03649 
-0.791219 -2.05431 -0.972828 
6.72334 -7.22529 0.471916 
0.951023 -4.90998 8.59564 
0.236647 -0.181056 0.60213 
1.56748 -3.39508 0.35491 
1.23767 -2.43273 1.12541 
0.0796643 0.179254 0.282052 
0.910436 -4.96124 8.73151 
3.24527 -6.42119 9.11369 
0.70217 -2.79029 0.518176 
0.0128529 0.180921 0.351504 
-0.0736807 0.213213 0.567528 
1.43238 -2.55369 0.720117 
0.180119 0.105662 0.508642 
0.183251 0.126115 0.4223 
0.0132435 0.181228 0.350717 
0.0591753 0.214516 0.284356 
0.387558 -0.362333 0.363101 
3.26173 -5.64701 -1.96797 
0.21892 -0.036323 0.525934 
-0.0331432 0.205782 0.379958 
0.135465 -0.263954 0.633136 
1.24178 -2.4254 1.13791 
0.284381 0.116872 0.332098 
0.0802931 0.191925 0.272736 
-0.00958166 0.237938 0.340245 
0.263719 -0.233264 0.589026 
0.165242 0.177052 0.215462 
-0.0555101 0.211701 0.416894 
0.047835 0.10324 0.535538 
0.177884 0.105348 0.505138 
0.198158 -0.0364649 0.542066 
0.131371 -0.240043 0.623621 
2.15725 -6.53756 10.7944 
0.248109 -0.0187172 0.433625 
0.270985 0.00925466 0.392662 
0.119805 0.149183 0.387319 
0.18648 -0.144671 0.605466 
0.161574 0.00425603 0.535499 
2.92252 -1.99034 0.446661 
0.0174001 0.179585 0.349347 
1.22992 -2.40162 1.13244 
13.2228 -17.0623 7.15729 
2.11334 -6.31131 10.4491 
0.243455 0.15676 0.145301 
0.263576 -0.233533 0.588292 
0.244515 -0.0664309 0.48185 
0.0482508 0.0939038 0.537569 
0.199701 -2.82897 -2.98477 
0.165992 0.214479 0.162878 
1.40279 -2.46263 0.70513 

7.27967 -9.56738 6.52585 
1.29153 -1.57113 0.273315 
1.71441 -1.66032 -0.0298252 
0.0959189 0.0719648 0.320476 
0.326611 -0.163888 0.25639 
0.849711 -1.52714 0.00793635 
0.933499 -1.46043 0.473675 
0.218801 0.0630165 0.0740915 
0.311737 -0.0585926 0.24842 
3.37408 -5.95084 7.44969 
1.0423 -2.99174 0.125043 
0.178712 0.0591153 0.117228 
-0.939452 -3.26283 1.91615 
1.03026 -1.50709 0.245889 
0.278786 0.0127965 0.203905 
0.288662 0.0299271 0.158614 
0.175948 0.0578531 0.114835 
0.202176 0.0804788 0.0762985 
0.405724 -0.258322 0.102361 
0.650217 -1.90291 2.86648 
0.314967 -0.0745255 0.22269 
0.151077 0.0720425 0.135766 
0.264958 -0.214801 0.272725 
0.94428 -1.4706 0.484709 
0.335815 0.0252153 0.0987118 
0.224787 0.0696644 0.0699866 
0.162894 0.0919982 0.111219 
0.346261 -0.193553 0.248164 
0.261454 0.06215 0.0324448 
0.137117 0.0741605 0.157262 
0.204569 0.0087167 0.226287 
0.281187 0.0128568 0.204846 
0.300058 -0.0734654 0.225761 
0.262763 -0.201288 0.269397 
1.53057 -4.01883 5.75996 
0.326261 -0.0584982 0.158211 
0.339823 -0.0400541 0.133739 
0.244941 0.0412255 0.137221 
0.295032 -0.141971 0.260052 
0.274587 -0.0491759 0.220784 
1.9619 -1.20281 0.0651323 
0.180167 0.0578144 0.114808 
0.944673 -1.4692 0.481545 
9.56352 -11.5425 3.94959 
0.558203 -2.26716 3.50809 
0.309942 0.0543477 -0.0131679 
0.3444 -0.194301 0.246977 
0.325163 -0.0882657 0.18349 
0.204556 0.0025285 0.226548 
0.242544 0.0526188 0.0638747 
0.24052 0.078017 0.000499979 
1.03162 -1.47147 0.224486 
