0.865557 -0.163499 -0.47337 0.0585738 0.0260253 0.958615 -0.283512 0.00758309 0.500134 0.233076 0.833991 -0.218255 0 0 0 1
0.914684 -0.0318171 -0.402915 -0.00761447 0.0671823 0.994997 0.0739428 0.00723968 0.398547 -0.0947031 0.912245 -0.00634825 0 0 0 1
###
0.710375 -1.66419 1.83237 
1.02058 -1.54732 2.14018 
1.40279 -6.96059 13.4968 
67.6476 -53.3426 22.9611 
0.649101 0.496175 0.567233 
0.97604 -0.169842 0.38226 
0.454245 -0.417408 0.149458 
-2.64228 -3.96516 8.36187 
16.3407 -15.8985 5.59251 
1.05552 -1.02834 0.0777466 
0.708674 -1.65778 1.82339 
0.0838741 0.249103 0.598115 
0.431406 0.491491 0.607033 
1.08921 -1.14085 0.0474752 
3.12646 0.119229 0.205232 
0.834904 -1.03232 1.61257 
3.74967 -4.13908 4.78305 
-2.53493 -3.86871 8.15119 
2.88414 -1.43772 -0.391598 
1.26586 -1.71365 0.0086408 
0.988748 -1.27053 1.91343 
3.1881 -1.37194 0.362984 
3.28006 -8.36526 0.652791 
1.36323 1.03091 1.79148 
3.05147 -5.49082 0.0262815 
1.5024 -2.50465 0.0962211 
0.404698 -0.554055 2.91893 
6.72727 -5.85407 4.8236 

0.246265 -0.338311 0.0676006 
0.250793 -0.550701 -0.455336 
0.0156567 -0.0143591 -0.000335307 
0.26344 -0.24839 0.171436 
0.136203 0.0961092 -0.145674 
0.098811 0.111123 0.0205594 
0.0173518 -0.0143153 -0.00148171 
-0.0795591 -0.334022 0.399709 
0.0164487 -0.178734 0.219461 
0.0152398 -0.0138755 -0.000102879 
0.254923 -0.387368 0.0673946 
-0.0332974 0.100815 0.187228 
0.0973946 0.114166 0.0337549 
0.101932 0.109941 0.0153674 
-0.249728 -0.0660227 0.371212 
0.130599 0.0970659 -0.131319 
0.0155436 -0.0142587 -0.000280738 
-0.523985 -0.86678 0.642599 
-0.228809 -0.00457664 0.328286 
-0.070931 -0.23904 0.287716 
0.126106 0.0958849 -0.140042 
-0.0463908 0.0952842 0.176308 
0.227319 -0.205001 -0.0284693 
0.126417 -0.0704878 0.126237 
-0.390395 -1.22419 1.49457 
-0.0774482 -0.234861 0.288217 
0.350662 -0.328157 -0.1042 
0.200323 -0.246932 0.0569674 
