-0.297196 -0.126195 -0.94644 0.117522 0.331615 0.915883 -0.226252 0.205983 0.89538 -0.381095 -0.230349 0.258468 0 0 0 1
1 0 0 0 0 1 0 0 0 0 1 0 0 0 0 1
###
12.3997 -15.3175 6.34007 
0.546188 0.0937163 -0.332313 
7.39641 -10.2649 8.03561 
5.04783 -6.61571 7.42074 
0.286864 -5.41206 2.38334 
-3.35862 -7.96237 -3.74755 
3.24488 -6.42139 9.11241 
0.111754 0.123804 0.49211 
11.818 -12.633 4.3799 
0.886353 -4.97737 8.73382 
1.43128 -2.55083 0.71988 
3.91464 -4.13896 3.9239 
0.33988 -5.46643 2.37679 
0.0614358 -1.48781 2.64127 
3.33804 -6.61133 9.35258 
1.97832 -0.731227 -0.788104 
0.385377 -0.360734 0.363465 
1.39476 -2.46382 0.705846 
1.17375 -2.57194 0.341883 
3.07966 -0.894665 0.429205 
0.0482577 0.104666 0.536198 
11.1882 -13.3019 4.482 
0.218939 -0.0363665 0.525526 
1.06326 -1.03517 0.711487 
0.35993 -0.346999 0.358246 
0.130618 -0.240501 0.623968 
0.234243 -0.17873 0.600217 
0.263889 -0.233223 0.588776 
0.315693 -0.0306338 0.303906 
0.159092 0.176051 0.215742 
0.0397214 0.270787 0.249367 
2.18255 -2.70337 0.447478 
2.15645 -6.53598 10.7918 
0.468523 -5.62832 2.09609 
0.287193 -0.216658 0.393514 
2.11165 -6.30903 10.4457 
1.2278 -2.39677 1.13107 
3.22962 -9.51051 -3.4819 

9.15764 -11.1875 3.93019 
-0.10065 0.191222 0.516231 
7.25939 -9.53879 6.50794 
-0.0534322 -0.726296 0.874115 
1.05017 -3.489 0.688881 
0.717576 -1.98817 -0.0477576 
3.39319 -5.98337 7.49224 
0.243434 0.0276032 0.19822 
7.94463 -7.85735 2.157 
-0.0573329 0.198281 0.51897 
0.164005 -0.204931 0.0423131 
2.70739 -2.63141 2.07474 
0.492077 -3.59428 1.21306 
0.0170252 -0.0936534 0.0900583 
3.81889 -6.86114 8.59217 
1.34575 -0.412601 -0.657652 
0.390304 -0.158077 0.0835595 
1.04424 -1.4985 0.225746 
0.767622 -1.30959 0.00780807 
1.8509 -0.484257 0.0608239 
0.204987 0.00958811 0.226143 
7.35367 -8.07495 2.0633 
0.306349 -0.0729547 0.21088 
1.03177 -1.47166 0.224606 
-0.891004 -0.644736 0.270256 
0.262532 -0.201573 0.269668 
0.324016 -0.161505 0.254984 
0.346264 -0.193553 0.248173 
0.385135 -0.0644419 0.0809436 
0.262288 0.0626727 0.03255 
-0.546401 0.125525 0.248244 
2.05535 -2.18395 0.0291498 
0.310282 -0.767095 1.10291 
0.179796 -3.34783 1.36602 
0.354189 -0.178198 0.128093 
1.41269 -3.52685 5.13115 
1.73736 -6.77466 6.62474 
-0.881418 -3.23637 1.97201 
