-0.147613 -0.167528 -0.974754 0.0149815 0.158512 0.968803 -0.19051 -0.0208796 0.97626 -0.182632 -0.116452 0.275803 0 0 0 1
0.991983 -0.124232 -0.0231402 0.0527087 0.124596 0.992094 0.0150252 -0.00838973 0.0210907 -0.0177879 0.999619 -0.0208217 0 0 0 1
###
6.78053 -8.89546 -0.855558 
0.388097 0.322422 -0.320143 
-0.433654 -1.23786 -0.621039 
2.30013 -8.18069 -4.21335 
0.0578377 -1.44375 2.85316 
0.67926 -3.63252 1.65867 
0.955463 -1.96261 0.434495 
-1.09704 -7.3106 -3.77853 
-0.0542067 -0.762648 1.62263 
3.81578 -2.96699 0.850666 
-0.17002 -0.583829 -1.08761 
3.70218 -4.98377 -0.47865 
0.0227099 0.279204 0.226819 
-0.108157 0.0435859 0.417395 
2.12496 -1.73606 2.25889 
0.144997 -1.49326 0.740265 
0.362963 0.378456 -0.124981 
1.08535 -1.50604 0.258366 
1.25515 -1.48018 0.5565 
-0.960323 -4.61628 -2.32065 
2.57624 -2.77759 -0.343378 
0.475908 -2.76248 1.28702 
-0.0282769 -1.07854 2.16256 
2.02397 -1.59205 2.16121 
0.704434 -1.7614 -2.05034 
0.0220852 0.239708 0.293637 
1.25504 -3.24811 5.98995 
1.05483 -1.4004 0.840155 
0.0781078 0.145022 0.275867 
-0.999267 -5.43878 -2.72407 
2.28976 0.77178 0.393404 

0.323056 0.3247 0.142585 
-0.216705 0.317261 0.215178 
1.7204 -1.57067 0.210402 
0.20699 -0.216543 0.26198 
-2.65774 -2.63009 0.703629 
0.0482536 -0.450156 0.222349 
0.0902461 -0.721729 0.480303 
0.364963 -0.484111 0.113631 
-1.34381 -1.37169 0.216971 
2.40271 -1.88823 0.856944 
-0.0630767 0.299016 0.0884891 
0.102142 -0.676029 0.745527 
-0.023769 0.319772 0.170703 
-0.428984 0.117289 0.304391 
-2.38383 -2.62764 2.4271 
0.138607 -0.847428 0.309318 
-0.0551175 0.323584 0.18425 
-0.249189 0.0558717 0.313133 
-0.257988 -0.81067 1.0537 
1.43305 -1.96722 0.205693 
-1.86647 -1.90345 1.15529 
0.173289 -0.940528 0.359284 
-1.41524 -1.42164 0.284861 
0.313372 -0.280241 0.155671 
0.429624 0.337246 0.0739467 
0.530998 0.424501 0.113841 
0.0244695 -0.440372 0.622241 
0.38878 -0.53173 0.210301 
0.16582 -0.834512 0.703952 
-0.337514 -0.817111 0.868936 
0.278957 0.35381 0.16966 
