0.824214 -0.0992639 -0.557511 0.0353852 0.0371636 0.991876 -0.12166 -0.00697557 0.565058 0.0795546 0.821207 -0.237493 0 0 0 1
0.91464 -0.032 -0.403 -0.00759863 0.0673915 0.994983 0.0739442 0.00722537 0.398612 -0.0947912 0.912208 -0.00630754 0 0 0 1
###
0.666589 -1.58378 1.74488 
4.7521 -4.05082 4.46989 
0.646305 0.494333 0.565683 
0.766163 -0.591445 0.288909 
2.73849 -1.43054 -0.389279 
2.83853 -0.5937 0.664267 
-2.66849 -4.00645 8.45101 
0.66842 -1.58483 1.74871 
4.75102 -3.96706 4.4341 
0.653282 0.496111 0.563631 
0.0279192 -1.44394 4.00192 
-4.0981 -3.57454 4.11893 
-4.30354 -4.53665 7.21834 
1.1734 0.602112 0.743723 
0.0389487 -1.43443 3.964 
0.65934 -1.19001 2.20152 
0.501451 0.51153 0.628124 
2.94553 -1.56081 -0.3625 
0.355971 -0.091173 0.15701 
2.91022 -1.11396 -0.55509 
0.154195 0.156264 0.656857 
-0.103808 -3.54832 2.54294 
-4.0936 -3.57106 4.12085 
0.85086 -1.22039 1.86957 
1.46951 0.448906 1.63763 
-0.0535955 0.186779 0.56009 
0.452789 -0.198663 0.00817734 
3.23614 -2.49972 1.35306 
-2.53411 -3.86915 8.14837 
0.0876137 -3.51167 2.67494 
0.745516 -1.17232 1.97331 
0.614683 0.490906 0.557344 
1.70901 -7.69167 15.049 
0.0822899 -3.53554 2.69519 
0.00889161 0.177327 0.651358 
0.292705 -1.22809 2.15109 

0.242212 -0.36526 0.0617719 
-0.0701444 -0.263869 0.311847 
0.0869933 0.117249 0.0984432 
0.359157 -0.366856 0.283595 
0.141574 -0.0577962 0.000946148 
-0.186322 0.0217543 0.238357 
0.442161 -0.519245 0.377301 
0.189446 -0.361908 0.0665945 
-0.097838 -0.397959 0.478836 
-0.0408054 0.0979089 0.179805 
0.267385 -0.245438 0.0380693 
-0.236272 -0.0739653 0.337325 
0.39467 -0.886483 1.08448 
0.0915917 0.110739 0.0437739 
0.0163978 -0.178752 0.219475 
0.102005 0.110029 0.0153399 
0.10508 0.112974 0.0287766 
0.120344 -0.0399489 0.113166 
-0.0462609 0.0950859 0.175883 
0.0158477 -0.0148146 -0.00069156 
0.101637 0.113218 0.0199394 
0.0672619 -0.283789 0.00975164 
0.0852877 0.10907 0.0589266 
0.0157304 -0.0144441 -0.000406277 
0.120097 0.0243678 0.0723674 
0.105624 0.0116517 0.137477 
0.102198 0.116866 0.046177 
0.267527 -0.289955 0.220945 
-1.13145 -1.86874 1.38049 
0.0238866 -0.0949512 0.00398591 
0.0489843 -0.130388 0.16935 
-0.220288 0.0817172 0.209224 
-0.502267 -0.830846 0.616718 
0.0377128 -0.137232 0.00618351 
0.270549 -0.402579 0.0727927 
0.196146 -0.348077 0.0370612 
