0.995358 -0.0948288 -0.0164206 0.024442 0.0957991 0.992583 0.0748455 -0.055425 0.00920134 -0.0760711 0.99706 0.0758533 0 0 0 1
1 0 0 0 0 1 0 0 0 0 1 0 0 0 0 1
###
0.254041 -0.237664 -0.0683343 
0.685413 -0.45764 -0.0794019 
0.20937 -0.367601 0.0371257 
0.0546905 -0.432723 0.0525163 
-0.225856 0.0274669 0.287666 
-0.0253495 0.0896888 -0.0634595 
0.134796 -0.252254 0.0269562 
-0.090013 -0.103354 0.127921 
0.280512 -0.192805 -0.0815706 
0.0609913 -0.0339996 0.0078139 
-0.02536 0.0900817 -0.0632996 
0.0686404 -0.325196 -0.00232528 
0.216742 -0.401291 0.0508195 
-0.0883677 -0.0998842 0.124951 
-0.106196 -0.425697 0.572726 
0.1012 0.110714 0.0142022 
0.188274 -0.184881 -0.0892291 
0.145427 -0.0179273 -0.00362013 
-0.0918866 -0.12338 0.00268348 
-0.0815478 -0.0849381 0.10712 
-0.1014 -0.405356 0.546888 
-0.00888302 0.0198486 -0.00996121 
0.104017 -0.325743 0.00598782 
-0.0081064 0.00742855 0.00943367 
0.715377 -0.294073 -0.0916379 

4.09227 -2.92518 5.14057 
0.723679 -0.778018 0.0339814 
-1.35944 -4.05652 1.65112 
0.203867 -3.77079 2.71022 
2.66716 -0.398883 0.537918 
0.743731 0.451369 0.469445 
-1.51332 -3.87818 1.42488 
0.862656 -1.50534 0.0566994 
5.63581 -14.5754 4.5467 
3.62388 -2.68989 5.19502 
-0.640404 0.229265 0.164088 
-0.945908 -3.73003 1.86495 
-0.176269 0.255222 0.367153 
0.740774 -1.1861 0.0259228 
-2.64454 -3.97825 8.38766 
-0.240218 0.162138 -0.0476799 
0.298272 -0.643626 0.0286039 
1.02424 -0.437442 1.56933 
1.27616 -6.41661 12.4453 
10.3323 -6.82322 9.11958 
-1.27825 0.796458 1.4895 
1.34633 1.01865 1.77079 
-0.667575 -3.59295 2.03654 
0.966923 -0.778567 2.93445 
0.464416 -2.80466 2.54169 
