0.383017 0.037736 0.92297 0.115373 -0.171984 0.984608 0.0311144 -0.170934 -0.90759 -0.170653 0.383612 0.164383 0 0 0 1
0.999932 -0.0116291 0.000637533 0.00791158 0.011629 0.999932 8.64668e-05 0.00344933 -0.000638496 -7.90471e-05 1 0.000947256 0 0 0 1
###
0.333235 -0.299035 0.408541 
0.00473667 0.1864 -0.147215 
-0.153013 -0.0663547 -0.134291 
-0.320621 -0.753823 0.818868 
-0.163848 -0.284489 0.366256 
-0.220209 -0.120226 -0.0189991 
0.0879832 -0.570815 0.734749 
-0.00377356 -0.639924 -0.17414 
0.165155 -0.578678 0.3939 
0.046742 -0.395869 0.548952 
0.32201 -0.143332 0.330966 
-0.702506 -1.09614 1.18003 
-0.207267 -0.650179 0.892878 
0.049471 0.255918 -0.0573554 
0.158669 -0.578833 0.465299 
0.0533378 -0.282711 0.408122 
0.0763074 -0.395271 0.543468 
-1.41088 -1.42662 -0.0818137 
-0.505825 -0.420337 0.0493239 
0.0535825 -0.297409 -0.158905 
-0.224792 -0.496435 -0.31856 
-0.199691 -0.412358 -0.458879 
-0.134165 -0.332226 -0.133542 
0.0719403 -0.445932 0.620414 
-0.0855872 0.132783 0.303539 
0.0928017 0.0797081 0.162739 
-0.0421568 -0.534846 -0.34164 
0.0344104 0.233991 -0.143201 
0.154829 -0.846347 0.330875 
0.095757 -0.0389397 0.176532 
-0.0671464 0.138648 -0.125217 
0.151944 -0.961275 0.271963 
0.0352303 -0.746284 0.11316 
-0.143566 -0.35085 -0.131592 
-0.00711183 0.146483 -0.162722 
0.306297 -0.243173 0.206177 

1.21745 -1.41706 0.538742 
0.192655 0.067327 0.165527 
0.161972 -2.83996 5.37473 
-1.9643 -3.68611 0.973323 
-1.9151 -3.57283 0.929518 
2.55355 -4.32122 7.1881 
-1.15599 -2.15196 1.53084 
-1.03813 -3.89814 2.36913 
-1.12097 -4.83233 2.70056 
1.09457 -1.40142 0.376654 
-0.896259 0.34697 0.58719 
-0.483346 -1.65125 2.25594 
-1.22396 -1.94527 0.701853 
-0.56046 -3.60578 2.12407 
2.08045 -0.744557 0.410738 
-1.23279 -2.26902 1.53082 
-0.969468 -1.83649 1.32123 
0.112835 -3.54953 6.2331 
4.08187 -4.16867 6.00522 
0.699607 -1.54052 0.366637 
-4.07784 -6.27824 0.201755 
1.20133 -1.46265 0.478235 
-1.20308 -4.83922 2.81496 
-1.34698 -2.64884 1.88367 
0.195539 -0.0405029 0.193485 
0.019931 -0.0161117 0.373805 
-0.854502 0.396034 0.729022 
-0.10243 0.053275 0.388896 
0.485818 -3.48473 1.69791 
-0.656324 -1.1756 1.52285 
-0.158843 0.269298 0.330354 
0.32537 -3.61402 1.83741 
0.873349 -3.71882 1.40977 
-0.993795 -4.25271 2.37615 
1.93021 -0.0295701 0.408088 
-0.830909 -1.53228 1.08882 
