-0.667115 -0.0429432 0.743716 0.127389 -0.26097 0.948546 -0.179321 0.278061 -0.697748 -0.313715 -0.643996 0.805208 0 0 0 1
0.999786 -0.0133386 -0.0158015 -0.00218477 0.0131804 0.999862 -0.0100757 -0.00488145 0.0159338 0.00986527 0.999824 -0.0186273 0 0 0 1
###
0.103638 -0.946539 1.33704 
-1.8936 -3.25409 0.804153 
-1.63169 -2.66445 1.16888 
-0.964241 -1.86842 0.61134 
1.13276 -3.42173 0.347106 
-1.06425 -4.63778 -2.59305 
0.671986 0.174712 0.369145 
-1.29181 -2.23689 1.04121 
-0.364187 -0.728021 1.16208 
-1.08284 -1.97982 0.999998 
0.481973 -0.00415667 0.415223 
0.358386 0.141268 0.542853 
2.12606 -2.39102 -0.192412 
0.681393 0.177287 0.35882 
-0.660753 -3.37906 1.97733 
1.18058 -1.52197 0.155795 
0.663013 0.113578 0.266031 
-0.476651 0.243322 0.665693 
0.599617 -1.57099 0.0521125 
0.886061 -1.55123 0.012248 
1.19877 -1.5638 0.152757 
0.382271 -0.282563 0.0703914 
-0.311825 -0.61148 1.10976 
0.663305 0.113235 0.265952 
0.0295623 0.0160899 0.180466 
0.417662 -0.252619 0.1118 

0.246265 0.0281537 0.411393 
-3.25851 -4.53385 1.77731 
1.67115 -2.26652 0.599354 
-3.64642 -5.02706 1.91866 
-2.28699 -6.01492 4.12736 
-0.816735 -1.57477 2.23101 
0.00572854 0.265459 0.275826 
-2.00652 -2.52801 1.23983 
-0.808845 -1.55147 2.23973 
-1.85483 -2.38737 1.2651 
-1.70443 -0.599199 0.538545 
0.310865 0.147877 0.0844021 
0.202043 0.168294 0.162626 
2.4034 -0.693889 0.340684 
-2.03074 -5.75623 3.65199 
1.40336 -2.46313 0.705205 
-0.353006 0.240542 0.146464 
-1.33191 0.381052 0.697754 
-1.68294 -4.87019 3.71857 
-0.260919 0.238763 0.15621 
1.39476 -2.46382 0.705846 
0.238311 0.0390918 0.405292 
0.233956 -0.177194 0.604026 
0.0486527 0.217179 0.292245 
0.0337757 0.176781 0.330749 
0.0911877 0.239643 0.184962 
