-0.303403 -0.201349 -0.931346 0.0967829 0.229899 0.933075 -0.276617 0.172567 0.924713 -0.298041 -0.236808 0.255766 0 0 0 1
1 0 0 0 0 1 0 0 0 0 1 0 0 0 0 1
###
1.38469 -2.49176 0.706754 
2.03922 -7.02902 0.490541 
0.238178 -0.182395 0.603633 
-0.68645 -1.20131 -0.464664 
0.544917 0.0935545 -0.331469 
0.992126 -5.02244 8.73694 
3.24573 -6.42219 9.11331 
5.03703 -6.60313 7.4078 
12.3592 -13.1298 4.70526 
1.10939 -2.45284 1.04509 
1.7707 -5.76815 9.49485 
-0.0534778 -0.300072 0.465233 
0.21788 0.156537 0.257181 
-0.653615 -2.66894 -2.39965 
0.125515 -0.179947 0.643579 
-0.6873 -1.20262 -0.466813 
0.17762 0.1057 0.507101 
1.12985 -2.51418 1.06573 
2.74433 -3.01843 2.84401 
-0.0116746 0.237803 0.34001 
0.248172 -0.0186807 0.433543 
0.162824 0.176536 0.215959 
1.3955 -2.46544 0.706158 
1.15805 -2.54261 0.341691 
0.270198 -0.230977 0.572213 
0.0482542 0.104658 0.536087 
0.209167 -0.0367549 0.553677 
0.254086 -0.0686059 0.48408 
2.67356 -0.893298 0.382296 
5.0787 -6.66284 7.35017 
2.97396 -0.862901 0.421494 
1.40559 -2.46751 0.706094 
0.307152 -0.141198 0.333583 
11.0475 -13.1306 4.43198 
0.263907 -0.233245 0.588734 
0.131817 -0.240338 0.624562 
-0.389205 -0.442631 0.107539 
1.22653 -2.39474 1.13089 
0.0442646 0.272489 0.25346 
0.135828 0.229364 0.19083 
2.10752 -6.29753 10.4286 
2.89702 -1.97339 0.446199 
0.195583 -2.83014 -2.98704 

1.03014 -1.50683 0.245946 
0.12639 0.10083 0.134435 
0.326587 -0.163863 0.256385 
1.2913 -1.57085 0.273398 
-0.0127256 -0.0455747 0.0257088 
-0.057344 0.19829 0.519009 
3.43204 -6.05251 7.57939 
2.56559 -3.86011 4.53816 
7.94285 -7.85538 2.15651 
0.913531 -1.57163 0.444323 
-0.326817 -0.474712 0.0851417 
0.277082 -1.93506 2.86836 
0.308753 0.0511911 0.0558719 
0.0160236 0.17634 0.433737 
0.26041 -0.167666 0.285796 
0.0446875 0.151822 0.372334 
0.278779 0.0127988 0.2039 
0.886858 -1.53728 0.445433 
2.70978 -2.63358 2.07641 
0.128979 0.112323 0.0918935 
0.326255 -0.0584989 0.158213 
0.261442 0.0621355 0.0324415 
0.164004 -0.204931 0.0423131 
0.767523 -1.30941 0.00780755 
0.346723 -0.191479 0.235539 
0.204991 0.00958868 0.226146 
0.300053 -0.0734599 0.225768 
0.332994 -0.088705 0.187674 
1.79014 -0.519386 0.0697472 
3.91284 -4.74983 4.5937 
1.83647 -0.470261 0.0686044 
1.03178 -1.47165 0.224592 
0.343451 -0.120654 0.0849754 
7.35495 -8.07627 2.06351 
0.344402 -0.194296 0.246988 
0.26277 -0.201285 0.26942 
3.56993 -6.34272 7.96767 
1.7369 -6.77294 6.6234 
0.182375 0.105694 0.0576594 
0.244589 0.093602 0.0190107 
1.53963 -4.04242 5.79543 
1.96181 -1.20268 0.0652264 
0.242541 0.0526135 0.0638726 
