0.831631 -0.150199 -0.534631 0.025737 0.0442492 0.97759 -0.205813 -0.000463033 0.553563 0.147503 0.81964 -0.248229 0 0 0 1
0.91464 -0.032 -0.403 -0.00759863 0.0673915 0.994983 0.0739442 0.00722537 0.398612 -0.0947912 0.912208 -0.00630754 0 0 0 1
###
0.658291 -1.56825 1.72745 
1.6768 0.919808 1.63308 
2.03357 -4.21809 3.86431 
0.723679 -0.778018 0.0339814 
67.5015 -53.3426 22.9084 
2.28775 -5.80817 12.4155 
1.06821 -1.00721 2.6651 
4.08096 -5.84717 -0.758743 
0.528001 -0.318012 0.0294875 
1.54285 -1.64218 4.00454 
-2.64454 -3.97825 8.38766 
1.38328 -0.512493 -0.149229 
2.91683 -0.422918 0.537218 
3.12892 -0.787312 -0.597724 
4.77019 -3.98136 4.44402 
1.39405 -1.59603 -0.133949 
0.655767 0.497744 0.565422 
2.92038 -1.11783 -0.559959 
3.15282 -0.783875 -0.604955 
5.99968 -8.6184 -1.19153 
0.864665 0.461604 0.446393 
0.798545 0.424643 0.390762 
-0.457066 -3.555 2.21159 
-2.54167 -3.89582 8.20483 
2.95903 -1.5666 -0.368844 
0.711286 -0.746848 0.0266344 
1.47021 0.448625 1.63713 
0.66089 -1.19195 2.20331 
0.873212 -1.2436 1.90977 
1.22485 0.630536 0.773887 
-0.0801088 0.223999 0.481809 
0.740774 -1.1861 0.0259228 
1.31219 -1.51476 2.36855 
3.18629 -1.37419 0.359125 
3.01089 -0.765086 0.196225 

0.319683 -0.362761 0.0639498 
0.010058 0.120216 0.361546 
0.285234 -0.344413 0.0664207 
0.0173364 -0.0143119 -0.0015204 
-0.00282257 -0.350717 0.443628 
0.101637 0.113218 0.0199394 
0.420439 -0.667139 -0.498986 
0.218996 -1.29191 -0.61871 
-0.0336243 0.0970088 0.181745 
0.414937 -0.660495 -0.506267 
0.0522026 -0.32515 0.414987 
-0.120356 -0.0370725 0.318961 
-0.191178 0.0213476 0.256536 
-0.186322 0.0217543 0.238357 
-0.097838 -0.397959 0.478836 
0.23921 -0.223627 -0.0641849 
0.0852877 0.10907 0.0589266 
-0.209863 -0.0435832 0.309354 
-0.204711 0.0235804 0.255342 
0.0171492 -0.0140084 -0.00146859 
-0.0588737 0.118406 0.214306 
0.0971192 0.112592 0.0303895 
0.0136066 -0.0942064 0.0799795 
0.254903 -0.352749 0.282446 
-0.247909 -0.0655105 0.368554 
0.0158477 -0.0148146 -0.00069156 
0.120097 0.0243678 0.0723674 
0.0854751 0.0679307 0.196201 
0.0156833 -0.0143846 -0.00037665 
0.131574 0.0972512 -0.134147 
-0.359744 -0.119147 0.335024 
0.0746232 -1.46812 -0.585189 
0.105624 0.0116517 0.137477 
-0.0398245 0.108698 0.202758 
0.120364 0.0285433 0.0664973 
