-0.15201 -0.240508 -0.95867 0.00442743 0.080806 0.963671 -0.254575 -0.0500916 0.98507 -0.116164 -0.127053 0.254958 0 0 0 1
0.991983 -0.124232 -0.0231402 0.0527089 0.124596 0.992094 0.0150253 -0.00838978 0.0210906 -0.017788 0.999619 -0.0208217 0 0 0 1
###
0.950121 -1.95499 0.430924 
3.81583 -2.96745 0.852122 
-0.362533 -0.868841 -0.530447 
2.30214 -8.19179 -4.22326 
3.81583 -2.96745 0.852122 
-0.43335 -1.94234 -1.20352 
0.0587377 -1.44788 2.85735 
1.2129 -3.67709 6.7338 
0.151061 -2.35563 -2.45065 
4.07738 -4.16525 5.99954 
-0.168753 -0.577982 -1.08028 
-0.473063 -2.36405 -1.46818 
1.25395 -1.47875 0.556513 
-0.472697 -2.35889 -1.46454 
0.24776 0.24847 -0.490427 
0.325837 0.329273 -0.210627 
0.176187 0.151965 0.146681 
1.21734 -1.41699 0.538696 
1.92457 -7.26666 8.18597 
2.41657 -4.18471 6.8901 
1.93055 -0.029515 0.408768 
-0.0762216 0.207606 0.296227 
0.69291 -1.76509 -2.1805 
0.760676 0.258646 -0.796384 
1.05383 -1.39933 0.839978 
0.706612 -1.7668 -2.05699 
0.169283 0.152851 0.150066 

0.0902461 -0.721729 0.480303 
2.40271 -1.88823 0.856944 
-0.0125243 0.327258 0.185611 
0.699501 -0.577216 0.472126 
-0.249189 0.0558717 0.313133 
-0.0461231 0.319835 0.178309 
-2.65774 -2.63009 0.703629 
-1.07031 -1.01278 0.195678 
0.104662 -0.0281379 0.277777 
-2.94133 -2.97533 1.76675 
-0.0630767 0.299016 0.0884891 
0.265857 -0.213123 0.0709616 
-0.257988 -0.81067 1.0537 
3.19821 -2.851 0.524939 
-0.0464523 0.319061 0.174265 
-0.116307 0.317615 0.189605 
-0.105294 0.0903567 0.297837 
-0.456275 0.180399 0.332481 
2.50244 -3.24491 1.08956 
-1.65374 -1.96089 1.76532 
-0.0213204 0.322899 0.173423 
-0.169216 0.31182 0.190134 
-0.0651504 0.300697 0.0927338 
0.000254437 0.327418 0.177015 
0.38878 -0.53173 0.210301 
0.427207 0.336508 0.0738501 
-0.610153 0.314659 0.324559 
