0.322326 0.0183696 0.94645 0.143481 -0.17948 0.982863 0.042048 -0.169955 -0.929458 -0.183422 0.3201 0.154959 0 0 0 1
0.999932 -0.0116291 0.000637533 0.00791158 0.011629 0.999932 8.64668e-05 0.00344933 -0.000638496 -7.90471e-05 1 0.000947256 0 0 0 1
###
-0.320621 -0.753823 0.818868 
-0.563537 -0.632972 -0.27422 
0.170809 -0.798068 0.55586 
0.0235795 0.239179 -0.176087 
-0.220775 -0.482849 -0.492131 
-0.0126374 0.145803 -0.166018 
-0.0273966 0.318291 0.167931 
0.0235022 0.205783 -0.105621 
-0.702977 -0.622413 0.120791 
-0.108787 -0.35369 -0.221646 
-0.0351891 -0.146278 0.243489 
0.102597 -0.260792 0.0134858 
0.123659 -0.416602 0.125442 
0.0435092 0.240257 -0.122719 
-1.66115 -2.47905 -1.15823 
-0.207267 -0.650179 0.892878 
-0.505825 -0.420337 0.0493239 
-0.272642 0.19802 -0.369947 
0.0391885 -0.24676 -0.168876 
-0.135202 -0.333716 -0.132905 
0.133799 -0.770963 0.182627 
-0.143566 -0.35085 -0.131592 
-0.0643643 0.245193 -0.240118 
0.0691182 -0.267336 0.390669 
0.0989857 -0.0901415 0.249118 
-0.0421568 -0.534846 -0.34164 
0.0321142 0.241695 -0.16961 
0.124164 -0.431484 0.137843 
-0.547814 -0.180212 -0.317027 

-0.941468 -1.9617 1.51926 
-0.896154 0.346397 0.586286 
-1.12097 -4.83233 2.70056 
-0.0158766 0.295854 0.102798 
1.21745 -1.41706 0.538742 
-0.896259 0.34697 0.58719 
4.09878 -3.84856 5.80299 
-0.0562114 0.0322725 0.359686 
5.48507 -5.52107 5.39382 
2.02397 -1.59205 2.16121 
-1.22396 -1.94527 0.701853 
0.0881854 -3.63504 1.98426 
0.335923 -3.6177 1.83574 
-0.0118105 0.0856212 0.435821 
-1.13919 -2.1351 1.47807 
-2.21766 -3.6733 1.4295 
4.08187 -4.16867 6.00522 
-0.132163 0.101208 0.364387 
-0.657515 -3.81457 2.44057 
1.12443 -1.88392 0.977057 
0.32537 -3.61402 1.83741 
-1.0331 -4.42645 2.47742 
0.13929 0.0813551 0.214639 
-1.15599 -2.15196 1.53084 
-0.656324 -1.1756 1.52285 
-0.854502 0.396034 0.729022 
-0.884738 0.377811 0.683116 
0.485818 -3.48473 1.69791 
-0.132072 0.353976 0.110282 
