-0.700554 -0.0691014 0.710246 0.200655 -0.272344 0.945854 -0.176604 0.280266 -0.659585 -0.317152 -0.681441 0.78932 0 0 0 1
0.99921 -0.0242524 -0.0314878 -0.00326812 0.0238443 0.999628 -0.0132728 -0.00797991 0.031798 0.0125115 0.999416 -0.0306181 0 0 0 1
###
-1.20466 -3.93862 -1.79295 
-1.40061 -2.39646 1.11111 
-0.171364 -4.0589 -2.19763 
-0.219068 -1.44373 1.76892 
0.98472 -0.582039 0.118473 
0.888418 -1.58244 0.00640699 
1.33637 -1.68984 -0.575444 
0.483143 0.0102679 0.431211 
-0.607655 -3.23536 1.90355 
0.655935 0.120137 0.318039 
-0.275623 -1.04662 1.21045 
-0.753702 -3.06432 1.9474 
-0.462054 -2.96873 1.78364 
-2.20496 -5.7203 -2.83485 
-1.75981 -3.20752 -0.82246 
0.880835 -1.54445 0.0118399 
1.18776 -1.53168 0.154267 
0.31768 0.460554 0.617952 
0.712518 0.121919 0.0287226 
0.669855 0.176455 0.367881 
0.376205 -2.51086 0.863234 
-0.249237 -1.51264 1.81574 
-1.66284 -2.75245 1.58907 
0.523819 -0.21292 0.73962 
1.20483 -1.57096 0.150157 
1.44469 -0.433758 -0.651151 
0.620814 0.124071 0.383915 
0.712716 0.120496 0.0360439 
0.393299 -0.459109 0.267916 
0.489697 -0.0364514 0.438003 

-0.817161 -1.57644 2.23175 
-4.55909 -5.77512 3.05636 
-3.22924 -5.07839 4.059 
0.246254 0.0281468 0.411401 
-2.58828 -3.34982 1.63862 
-0.132927 0.225197 0.697187 
-2.00689 -2.52814 1.23987 
-1.77896 -0.621571 0.594113 
-2.03065 -5.75538 3.65132 
0.199768 0.147776 0.496237 
-0.808776 -1.55152 2.23942 
0.163067 0.138659 0.44919 
-1.82965 -5.18889 3.30529 
-3.36569 -4.10418 1.01553 
0.117329 -6.59778 11.5104 
-0.260943 0.238807 0.156241 
1.40559 -2.46751 0.706094 
-1.41817 0.355318 0.604914 
-0.347015 0.237141 0.143071 
0.00572854 0.265459 0.275826 
1.32198 -6.1401 1.51707 
1.15805 -2.54261 0.341691 
-1.37884 -2.56617 2.57479 
1.91059 -1.52805 0.012961 
1.3955 -2.46544 0.706158 
0.289176 -5.44719 2.39706 
-0.352825 0.240452 0.146433 
0.332437 -0.0749008 0.302655 
0.254724 -3.22911 5.75011 
-0.0221878 0.134204 0.696479 
