-0.341091 -0.2465 -0.907135 0.0626882 0.231148 0.913384 -0.335111 0.169358 0.911168 -0.323986 -0.25457 0.214856 0 0 0 1
1 0 0 0 0 1 0 0 0 0 1 0 0 0 0 1
###
1.10859 -2.45066 1.04483 
-3.55012 -8.61295 -4.13599 
12.3265 -13.0918 4.70157 
0.345254 -0.29287 0.462971 
5.42386 -5.66855 4.14409 
0.695833 -2.68817 0.560274 
1.75873 -5.707 9.4111 
5.03721 -6.60301 7.40737 
0.13739 -0.265617 0.632074 
-0.733046 -2.42831 -2.64511 
1.43013 -2.54928 0.719981 
-0.595509 -1.2129 -0.166104 
1.39516 -2.46518 0.706223 
0.0588965 0.214499 0.284387 
1.78339 -2.21156 0.392266 
0.23283 -0.179914 0.60042 
-0.159108 -5.15061 2.6334 
0.245329 -1.84004 3.22397 
1.19414 -4.61521 7.92124 
0.166659 0.177442 0.21584 
0.981507 -0.0771732 -1.03546 
1.1558 -2.53753 0.342571 
0.248214 -0.0186947 0.433534 
1.57019 -2.1448 -0.0030774 
4.21549 -5.33843 -0.25477 
0.131866 -0.240411 0.624652 
0.369869 -0.352514 0.360581 
0.29019 -0.219615 0.396044 
2.64981 -0.884603 0.3822 
0.220739 0.0412419 0.426064 
3.15551 -6.84306 -2.10412 
0.15864 0.175726 0.216171 
0.174689 0.2121 0.148668 
0.0414427 0.26874 0.253737 
0.179612 0.105183 0.504853 
-0.790181 -1.3798 -0.284919 
2.22299 -2.8558 1.09062 
0.184707 0.221328 0.147164 

0.913717 -1.57201 0.444405 
1.29131 -1.57083 0.2734 
7.94835 -7.86088 2.15789 
0.385002 -0.219763 0.16669 
2.08091 -2.04709 1.30727 
0.190544 0.0558868 0.154134 
-0.326629 -0.474467 0.0850979 
-0.053408 -0.726164 0.873967 
0.264966 -0.214802 0.272753 
0.288653 0.0299272 0.158609 
1.03033 -1.50705 0.245944 
0.0330422 -0.702933 0.949941 
0.164 -0.204926 0.0423148 
0.202172 0.0804708 0.0762924 
2.05534 -2.18394 0.0291251 
0.321282 -0.159849 0.253076 
-0.0193492 -3.28645 1.51188 
0.0959217 0.0719852 0.320492 
-0.416409 -0.63868 0.104027 
0.261444 0.0621365 0.0324418 
0.165663 0.0192707 0.309509 
0.767922 -1.31011 0.00780214 
0.326254 -0.0584981 0.158213 
0.360835 -0.0601069 0.07784 
0.372317 -0.0621891 0.0789948 
0.26277 -0.201286 0.269421 
0.115372 0.113048 0.100487 
0.354195 -0.178196 0.12809 
1.79017 -0.51942 0.0697471 
0.308628 -0.0223653 0.157353 
-0.73567 -3.0369 1.91817 
0.26228 0.0626712 0.0325506 
0.240514 0.0779971 0.000494019 
0.182377 0.105695 0.0576593 
0.281174 0.0128598 0.204837 
-0.280503 -1.06163 1.21534 
8.83462 -10.6989 3.67857 
0.27765 0.0934866 -0.0101221 
