-0.699071 -0.0365004 0.71412 0.241247 -0.274807 0.935712 -0.221189 0.299284 -0.660137 -0.350872 -0.66416 0.77029 0 0 0 1
0.99921 -0.0242524 -0.0314878 -0.00326812 0.0238443 0.999628 -0.0132728 -0.00797991 0.031798 0.0125115 0.999416 -0.0306181 0 0 0 1
###
1.06751 -1.55651 0.231781 
0.57647 -0.0528734 0.313403 
0.675939 -0.0202029 0.381103 
-1.31122 -4.93352 2.68719 
-0.277127 -1.54009 1.8645 
-1.70589 -2.8995 1.0696 
0.624463 -0.177281 0.240529 
2.41098 -4.23775 -2.04705 
0.927037 -1.52584 0.498995 
0.642171 -1.5924 0.136511 
-1.88828 -5.22392 -2.51466 
-0.420534 -1.47017 -0.085808 
-2.5143 -6.28689 -3.16514 
0.863899 -1.55928 0.00523768 
0.642171 -1.5924 0.136511 
0.975241 -1.62139 -0.106101 
0.452871 -5.06518 0.919305 
-0.61064 -3.24861 1.91074 
0.299779 -5.13127 -3.18012 
0.44287 -0.086159 0.38797 
0.329874 0.113649 0.521047 
-0.275158 -1.04536 1.20893 
0.674104 -0.097496 0.43128 
0.490087 0.070046 0.416991 
0.711445 0.117284 0.0426352 
0.602605 -1.60091 0.0388009 
0.882123 -1.54289 0.0156918 
0.618409 -0.180284 0.248193 
0.620033 -0.177095 0.26085 
0.490087 0.0702882 0.416507 
-0.101394 1.02226 0.68539 

1.43084 -2.55023 0.719967 
0.00573945 0.265534 0.275917 
0.502186 0.129166 0.284204 
-6.29462 -17.5371 11.2177 
12.3592 -13.1298 4.70526 
-3.65649 -5.03995 1.92268 
0.0051628 0.26359 0.274847 
-2.58828 -3.34982 1.63862 
0.163067 0.138659 0.44919 
-1.82965 -5.18889 3.30529 
-3.36569 -4.10418 1.01553 
0.137127 -2.69535 4.6519 
-1.9818 -6.77749 8.78424 
-1.78199 -0.972143 0.633884 
0.240631 -0.0648331 0.491573 
3.00045 -1.98844 0.420476 
1.32198 -6.1401 1.51707 
-2.03065 -5.75538 3.65132 
1.7707 -5.76815 9.49485 
0.0686628 0.176687 0.318601 
-1.10984 0.440568 0.944833 
-0.808776 -1.55152 2.23942 
2.51321 -2.6156 0.307542 
0.234012 -0.178844 0.600048 
-0.347015 0.237141 0.143071 
-1.68075 -4.86192 3.7132 
12.3679 -15.291 6.33233 
1.40559 -2.46751 0.706094 
-0.325694 0.222724 0.135778 
0.206246 0.171198 0.164662 
1.91059 -1.52805 0.012961 
