0.325488 0.0472869 0.944363 0.155044 -0.21617 0.976019 0.0256339 -0.170584 -0.920504 -0.212487 0.327904 0.15707 0 0 0 1
0.999826 -0.0180892 -0.00456951 0.0211873 0.0181371 0.999778 0.0106901 0.0139749 0.00437512 -0.0107712 0.999932 0.0017327 0 0 0 1
###
0.162687 -0.0148302 0.0695679 
-2.65774 -2.63009 0.703629 
0.147542 -1.00707 0.264713 
-0.110488 -0.36571 -0.126971 
-0.238682 0.196964 -0.351268 
-0.392399 -0.865076 -0.700602 
0.158669 -0.578833 0.465299 
-0.0171004 0.1442 -0.166421 
0.0229224 0.239637 -0.175465 
0.131747 0.0907721 -0.027417 
0.138607 -0.847428 0.309318 
0.0976488 -0.698322 0.433128 
-0.108787 -0.35369 -0.221646 
-0.584895 -0.14849 -0.432276 
-1.12309 -1.0483 0.271184 
-0.0102303 -1.79388 0.387637 
-1.34078 -1.97072 -0.975305 
-0.104591 -0.341903 -0.221061 
0.0993524 -0.0838806 0.240667 
-0.0192668 0.20244 -0.174218 
0.156885 -0.852827 0.338505 
-0.0421567 -0.534846 -0.34164 
-0.0148065 0.111916 -0.0835961 
-0.648047 -0.563013 0.524652 
-0.0190687 0.143515 -0.165926 

1.21734 -1.41699 0.538696 
-1.06271 -1.96981 1.32534 
-1.12113 -4.83205 2.6999 
-0.993718 -4.25185 2.37548 
0.026844 -0.0412484 0.370843 
0.0201823 -0.0146696 0.37419 
2.07889 -0.743898 0.410678 
-0.175569 -0.271045 0.084139 
1.92762 -0.0416148 0.42034 
-0.884999 0.377843 0.683213 
0.0881072 -3.63554 1.98425 
-0.907466 -3.77796 2.53871 
-0.139929 0.112883 0.384133 
2.80536 -5.41881 0.494007 
-2.24584 -9.54026 10.7426 
-0.926278 -0.259372 0.864521 
-1.14164 -2.13991 1.48122 
3.5199 -2.71751 3.75373 
-0.657064 -1.17696 1.52447 
0.016108 0.248423 0.285243 
0.0857979 -1.4949 0.796314 
-0.854477 0.395962 0.728913 
-0.0220514 0.305746 0.0892121 
-0.617318 -1.29182 1.61225 
-0.0786971 0.206809 0.293905 
