0.817984 -0.221899 -0.530719 0.0166473 0.108625 0.965589 -0.236302 -0.0163764 0.564892 0.135642 0.81394 -0.285583 0 0 0 1
0.91453 -0.0319415 -0.403254 -0.00755162 0.0672797 0.995003 0.0737683 0.00724427 0.398883 -0.0945942 0.91211 -0.00639794 0 0 0 1
###
0.644516 -1.54217 1.69938 
-0.0650309 -0.0232722 0.653763 
0.81607 -0.870975 0.0414349 
0.6459 0.49459 0.565737 
5.05606 -7.28318 -1.01045 
1.70842 -1.98249 -0.203697 
2.80888 0.220073 0.207479 
-4.25798 -3.87915 5.13188 
-4.66859 -7.14409 7.12268 
2.74099 -1.43193 -0.389024 
0.0797928 0.249428 0.602947 
1.71977 -1.80907 4.45625 
-2.64217 -3.97581 8.37892 
2.99433 -0.432708 0.554193 
0.593256 -0.114752 0.103552 
0.471148 -0.409179 0.148358 
0.214236 -0.163438 0.409556 
0.651882 0.495906 0.563648 
0.599076 -0.752387 1.2847 
-0.0532184 -0.0305736 0.867151 
2.90509 -1.1109 -0.557109 
1.15664 -1.44339 -0.0412227 
-0.442543 -0.45027 0.822652 
-2.49604 -3.8124 8.02737 
4.36076 -3.30476 1.58519 
0.872146 -1.24176 1.90677 
3.56996 -4.2387 -0.560055 
0.291152 -1.22395 2.14405 
2.89571 -1.94117 3.58255 
4.09365 -4.86591 -0.682435 
3.06289 -0.235698 -0.980411 
3.21038 -0.717482 0.143304 
2.88844 -1.44986 -0.381602 
0.54269 -0.875899 0.125916 
0.225999 0.206349 0.49151 

0.321529 -0.364324 0.0643999 
0.141531 -0.057771 0.000978299 
0.213682 -1.26131 -0.604169 
0.0869178 0.117155 0.0983857 
0.0163631 -0.0141985 -0.00110284 
0.0157173 -0.0147163 -0.000543391 
-0.254815 0.0742341 0.160125 
-0.19268 0.0215677 0.258685 
-0.178248 -0.0504405 0.267962 
0.121832 -0.0508819 0.117728 
-0.0332404 0.101503 0.188428 
-0.0822026 -0.516225 0.67737 
-0.079815 -0.335104 0.401215 
-0.235845 -0.0636545 0.334765 
0.1307 0.0970508 -0.131405 
-0.0337603 0.0974406 0.18256 
-0.20624 0.0238129 0.257388 
0.0884734 0.113712 0.0807753 
0.106364 0.0130283 0.135753 
0.122362 0.0946494 -0.157337 
-0.211577 -0.0438954 0.31204 
0.0166048 -0.0140233 -0.0011571 
-0.257853 -0.0671681 0.363576 
0.168432 -1.69026 2.20352 
-0.473121 -0.696572 0.595075 
0.0155999 -0.0143504 -0.000262416 
0.0829503 -0.157077 -0.124682 
0.0999213 -0.220415 0.2588 
-1.42224 -2.1534 2.04855 
0.250531 -0.550148 -0.454892 
-0.179852 0.0674395 0.231725 
0.142397 -0.0754862 0.00460456 
-0.232303 -0.0515705 0.342376 
0.534403 -0.554988 -0.0940427 
0.105077 0.11296 0.0287589 
