0.99479 -0.0901665 0.047572 0.040631 0.0844131 0.990167 0.11155 -0.0543305 -0.0571623 -0.106953 0.99262 0.073233 0 0 0 1
0.96703 -0.177651 -0.182464 0.0178375 0.142516 0.971311 -0.190378 -0.010714 0.21105 0.158097 0.964605 0.0133825 0 0 0 1
###
-0.0251387 -0.973494 1.2589 
0.22022 -0.388346 0.0462817 
-0.227028 -0.17289 0.0196478 
-0.000308252 -0.131803 -0.0226656 
-0.229776 -0.00692452 0.320741 
-0.0351308 0.0482255 -0.0347664 
-0.0530335 -0.157038 -0.0392044 
-0.807829 -1.37195 1.51723 
-0.0353171 0.0480803 -0.0342564 
0.498417 -0.350105 -0.0587336 
-0.365985 -0.464597 0.43198 
-0.0411307 0.0843242 -0.053151 
0.517927 0.179761 0.329782 
-0.162726 0.0969482 0.0388499 
-0.109848 -0.451275 0.600015 
0.0786138 -0.453604 0.0661011 
-1.43214 -2.17266 2.06136 
0.00341721 0.0662922 -0.0497138 
-0.0965654 -0.134611 0.00811252 
-0.0455124 -0.00354925 0.0662603 
-0.849536 1.72704 0.0760118 
0.332493 -0.380247 0.279069 
-0.222445 -0.0673295 -0.050176 
-0.153532 -0.0137103 0.336514 

0.54269 -0.875899 0.125916 
-1.36694 -4.08098 1.66145 
4.13811 -2.95708 5.19603 
0.760543 -3.49605 3.04963 
-0.108933 0.277166 0.175805 
0.748022 0.453159 0.471442 
0.579877 -3.30561 2.86787 
-1.13446 -1.48029 0.829758 
-0.180907 0.255906 0.319269 
5.63437 -14.5748 4.54624 
2.21783 -1.66889 2.86683 
9.2568 -9.68918 7.28471 
-0.240302 0.161965 -0.0487037 
1.71977 -1.80907 4.45625 
4.78716 -3.99665 4.45818 
0.152359 -3.48731 2.52838 
4.79373 -3.40131 5.60231 
3.13531 -1.35176 0.358314 
-1.98694 -1.61647 2.12707 
2.99433 -0.432708 0.554193 
-1.65895 -1.63193 1.59581 
-2.64217 -3.97581 8.37892 
0.934849 0.431884 0.389793 
0.659279 -1.19124 2.20134 
