0.925954 -0.123032 -0.357033 0.00192004 0.0298678 0.966338 -0.255535 -0.0117467 0.376453 0.225949 0.89846 -0.28154 0 0 0 1
0.914273 -0.0320254 -0.40383 -0.0074541 0.067313 0.995022 0.0734876 0.00729271 0.399466 -0.0943707 0.911878 -0.00639791 0 0 0 1
###
-4.69318 -7.18936 7.16149 
0.638631 -1.53208 1.68939 
0.64322 0.493261 0.563978 
-3.14248 -4.79521 4.77353 
-4.70195 -5.03643 7.94482 
-2.41862 -3.43742 7.82874 
0.656896 -1.18803 2.19551 
-0.296909 -0.30051 0.577383 
8.28869 -8.75439 0.304951 
3.06629 -3.0932 0.116752 
0.649187 -1.56416 1.73416 
0.945074 -1.3697 2.08845 
0.435713 0.505785 0.619738 
0.0843419 0.249641 0.600163 
-2.65089 -3.9926 8.41355 
-4.18486 -4.41023 7.01317 
3.92057 -2.80402 4.95069 
-0.317697 -0.321135 0.591696 
-2.50385 -3.82699 8.05804 
-4.8984 -4.33398 5.88506 
0.0541133 0.361285 0.329813 
0.0104426 0.17429 0.641707 
2.92274 -4.69335 4.79468 
1.34552 1.01797 1.76995 

0.19427 -0.205292 0.187172 
0.246648 -0.339001 0.0677617 
0.088747 0.117976 0.0994653 
0.100018 -0.220521 0.258995 
0.319894 -0.389059 -0.240404 
0.322686 -2.14539 2.91317 
-0.15067 -0.013801 0.331473 
-0.0262578 -0.134024 0.156582 
0.101377 0.113115 0.0200264 
0.2117 -1.24916 -0.598208 
0.190353 -0.364688 0.066747 
0.0154382 -0.0143155 -0.0001953 
-0.0334317 0.102059 0.189411 
-0.118089 0.31558 0.553872 
0.0518307 -0.323758 0.415015 
-0.19931 -1.36148 1.71373 
-0.48369 -0.711929 0.608667 
0.0122435 -0.0450387 0.0440742 
0.258305 -0.3565 0.284916 
0.415155 -0.660901 -0.506562 
0.0895601 0.1159 0.0727766 
0.273872 -0.408293 0.0734888 
0.168458 -1.68257 2.19402 
0.124294 -0.069438 0.124089 
