0.993473 -0.0840701 0.0770903 0.0533351 0.0748404 0.990465 0.115664 -0.0553524 -0.0860791 -0.109139 0.990292 0.0705965 0 0 0 1
1 0 0 0 0 1 0 0 0 0 1 0 0 0 0 1
###
-0.471658 -0.699485 0.598772 
-0.279092 -0.228056 0.0401145 
-0.317354 -1.50636 1.91982 
-0.0149739 -0.190174 -0.00985417 
-0.1518 0.0949853 0.0334273 
-0.0242496 0.064444 -0.0419861 
-0.232319 0.0388991 0.318249 
-0.214953 0.0349837 0.292981 
-0.152953 0.0958638 0.0388101 
0.422518 -0.264426 -0.0424901 
0.346214 -0.529899 0.54955 
-0.216006 0.034861 0.293986 
-0.0348037 0.0766662 -0.0393984 
-0.0308605 0.0470589 -0.0350711 
0.401087 -0.272127 -0.0499724 
-0.00190267 -0.058909 -0.0460211 
-0.0521811 -0.15339 -0.0388846 
-0.0244549 -0.0416006 -0.0427675 
0.419986 -0.37182 -0.015803 
-1.52428 -2.4682 2.61719 
0.0889077 -0.381079 0.0125539 
0.0294088 -0.387606 0.521366 
-0.185384 0.0298501 -0.0324142 
-0.0802095 0.0900245 -0.0394332 
-0.0103263 -0.186605 -0.00894688 
0.392933 -0.345527 -0.0208053 
-0.102026 -0.398399 0.532771 
-0.0371739 0.0832062 -0.0498164 
-0.0061078 -0.45369 0.0229021 
-0.0893949 -0.305908 0.40671 
0.452696 -0.488968 -0.0783437 

1.66388 -7.47347 14.6159 
3.92351 -2.8059 4.95473 
0.325432 -1.69871 4.60716 
-1.36974 -4.08921 1.66518 
0.741823 0.349902 0.296531 
-0.239864 0.160928 -0.0483243 
-1.88746 -1.50193 1.99319 
-4.84987 -4.28821 5.82326 
0.807792 0.470927 0.478755 
0.831259 -0.890164 0.0376763 
9.60846 -6.34926 8.48609 
0.0966616 0.227397 0.0445247 
0.0952238 0.22693 0.0449252 
-1.81473 0.448876 0.822481 
5.64181 -14.5933 4.55415 
-0.67809 -3.77256 2.14255 
0.659573 -1.52666 1.69454 
0.188509 -3.69012 2.65501 
0.873534 -1.24441 1.90902 
-1.38578 -1.48178 1.27 
-0.667685 -3.59002 2.0352 
-1.57864 -1.63751 1.49537 
-0.161546 -3.54984 2.4904 
-0.640419 0.229342 0.164123 
0.152602 -3.49192 2.5319 
0.879061 -1.256 1.91974 
4.69229 -3.91973 4.37268 
0.932093 0.430826 0.388882 
-0.40249 -3.81163 2.20898 
-2.50673 -3.83 8.06672 
1.51869 -1.88696 0.0185558 
