0.303156 0.050993 0.951576 0.178124 -0.221007 0.975103 0.0181553 -0.173528 -0.926959 -0.215809 0.306878 0.150507 0 0 0 1
0.999827 -0.0180593 -0.0045103 0.0211753 0.0181064 0.99978 0.0106232 0.0140003 0.00431746 -0.010703 0.999933 0.00172723 0 0 0 1
###
-0.864393 -0.0394417 -0.292984 
0.0165974 -0.44262 0.613613 
0.35105 -0.430304 0.585404 
-0.671184 -0.885525 -0.33967 
0.120425 -0.834321 0.129226 
-0.320621 -0.753823 0.818868 
-0.00396482 -1.30953 1.70667 
-0.0203669 -0.382863 -0.254608 
-0.11668 -0.382552 -0.221951 
0.0292197 0.178374 -0.0973063 
-1.10355 -0.0998168 -0.311906 
-0.249837 -0.828861 1.11895 
-0.0190276 0.213423 -0.170947 
-0.272642 0.19802 -0.369947 
-0.915861 -1.15715 1.13196 
-0.490216 -0.391163 -0.174755 
-0.108787 -0.35369 -0.221646 
-0.169716 0.0288421 -0.537105 
0.019618 -0.831379 -0.661815 
-0.2674 0.223294 -0.260074 
-1.12309 -1.0483 0.271184 
0.34779 -0.239768 0.488243 
-1.27157 -1.20095 0.281752 
-0.107559 -0.359413 -0.126799 
0.0244695 -0.440372 0.622241 
0.372732 -0.468474 0.626299 
-0.0340209 -0.418317 0.600878 
-0.00691266 -0.302026 -0.242462 
0.0255227 -0.450857 0.645743 
-1.21073 -1.45078 1.3515 
0.0899865 0.00559139 0.223129 
-0.0168385 0.141622 -0.162614 

0.149154 0.021807 0.190432 
-1.0626 -1.96978 1.32533 
1.21696 -1.41617 0.53873 
4.0747 -4.16282 5.99608 
-0.92601 -0.259307 0.864284 
-1.96591 -3.68996 0.973917 
-1.23361 -2.27062 1.53182 
0.027298 -0.11034 0.417344 
0.054868 0.22013 0.228863 
-0.129243 0.0960972 0.345844 
0.0816163 0.0628206 0.36256 
-2.21693 -3.67275 1.42891 
0.136674 0.0787688 0.216318 
-0.131704 0.102166 0.365282 
5.48811 -5.52364 5.39623 
-0.617327 -1.29176 1.61231 
0.172874 0.00884617 0.26613 
0.00694729 0.125227 0.329803 
0.020181 -0.0147229 0.374356 
0.201286 0.0692573 0.167257 
-1.91632 -3.57591 0.929811 
-0.896448 0.346941 0.587188 
2.55113 -4.3167 7.18183 
-0.993457 -4.25157 2.37527 
2.07798 -1.6768 2.25201 
1.07914 -1.4978 0.257747 
-0.80344 -1.72586 1.61946 
0.169235 0.0110268 0.261203 
1.21713 -3.69667 6.77364 
2.41487 -4.18148 6.88608 
0.016785 -0.0173909 0.366569 
-1.00802 0.271759 0.355536 
