-0.71824 -0.0347956 0.694925 0.341229 -0.269278 0.934823 -0.231505 0.292387 -0.641577 -0.353404 -0.680797 0.749903 0 0 0 1
0.999211 -0.0242286 -0.031466 -0.00326121 0.0238158 0.999626 -0.0134287 -0.00792055 0.0317796 0.0126688 0.999415 -0.0306051 0 0 0 1
###
2.17368 -3.65059 -1.68608 
-0.2149 -1.43636 1.76511 
1.41281 -0.670663 0.0746764 
1.91417 -2.77034 -1.1099 
-2.1853 -3.37069 0.390363 
-0.397831 -1.35682 2.06989 
-0.748743 -2.54359 1.6591 
0.60389 -1.60675 0.0374075 
0.806069 -0.0285516 -0.763511 
-2.04551 -3.47834 0.862598 
-0.409512 -1.92397 -2.8498 
-0.321482 -1.42662 -2.65414 
0.603806 0.0309604 0.233615 
0.628451 0.110414 0.0514406 
-2.79006 -5.19791 -1.73921 
0.388237 -0.727477 -0.0961783 
0.637883 -1.57218 0.141288 
2.04157 -2.76872 -1.04902 
0.370058 -0.0235516 0.410371 
-2.4206 -3.63573 0.14519 
-1.33518 -3.95704 -1.85822 
1.41134 -0.416687 -0.599749 
-2.71422 -4.40877 -1.32465 
-0.175892 -1.39743 1.71839 
1.03888 -1.48229 0.22547 
0.589826 0.0617821 0.226359 
0.289925 -3.32431 1.2879 
0.600053 -1.57607 0.0480024 

-2.00377 -2.52441 1.23835 
0.246212 0.0281616 0.411336 
-1.52856 -1.8002 0.239959 
-2.58977 -3.35194 1.63983 
0.120224 -6.58124 11.5222 
1.67238 -2.26805 0.60006 
-1.3977 -5.09971 3.43491 
-2.03004 -5.75339 3.65061 
-0.260991 0.238815 0.156225 
-3.25006 -4.52247 1.77374 
-1.34992 -0.232144 0.774911 
0.199822 0.14785 0.49641 
-1.7268 -0.844544 0.615121 
0.00572384 0.265478 0.275872 
-3.23665 -5.08985 4.06856 
-1.57862 -2.60295 2.25618 
-1.8288 -5.18654 3.30416 
-0.132948 0.225233 0.697197 
0.0626837 0.0509261 0.527411 
7.37181 -10.2305 8.01005 
-3.35546 -4.09178 1.01308 
0.28916 -5.44274 2.39523 
-3.33871 -3.88535 1.08537 
0.817402 -1.83013 0.252696 
1.40313 -2.46276 0.705945 
0.0636803 0.16809 0.304109 
-2.47278 -5.63996 3.67823 
-1.67885 -4.8569 3.70984 
