0.906221 -0.148488 -0.395872 0.0584956 0.0242563 0.953018 -0.301942 -0.0107514 0.422108 0.264024 0.867247 -0.287713 0 0 0 1
-0.794906 -0.260263 -0.548077 -0.0154539 -0.0198893 0.914017 -0.405189 -0.0467314 0.606407 -0.311186 -0.731734 0.0562646 0 0 0 1
###
-0.0196556 0.183614 0.619847 
0.601832 -3.39482 2.95741 
1.72522 -1.81352 4.46734 
-1.33943 -1.14462 1.64367 
5.50815 -4.19471 3.6869 
-4.0535 -3.67143 4.85832 
-4.16083 -4.38075 6.9678 
0.978912 -0.899645 2.45264 
7.93683 -5.71459 9.28752 
-1.53331 -5.20273 9.71395 
0.302032 -1.24092 2.16395 
-3.78842 -3.28895 3.80127 
-0.913222 -0.773894 1.19657 
3.04166 -3.06433 0.114046 
1.67053 0.916486 1.62812 
-0.0633292 0.272318 0.501971 
1.04379 -1.435 2.06036 
-3.74406 -3.25591 3.76632 
1.59257 -1.53463 0.245667 
-0.0637623 0.278706 0.334141 
-0.052547 0.271151 0.552303 
0.798164 0.424653 0.39091 
1.17429 0.602923 0.742835 
1.08141 -1.48885 2.11889 
1.29279 -1.49504 2.33717 
-2.43487 -2.10106 2.41282 
1.27058 0.594612 0.69549 
0.0430066 0.215249 0.614308 
-2.26112 -2.02379 2.9265 
3.13261 -1.35258 0.354815 
-0.0252941 0.281867 0.348589 
-0.080318 0.224064 0.481218 
1.17073 -0.330494 1.71486 
0.340365 -1.31966 2.07117 
0.639164 -1.14328 2.13868 
-2.37908 -2.12576 3.06058 
0.752673 -1.18122 1.98724 
1.15242 -0.334577 1.69258 

0.0946612 0.092524 -0.162846 
0.0127882 -0.363821 0.00936427 
-0.120815 -0.143355 0.0109396 
0.000565784 0.0800331 0.00455865 
-0.121247 -0.349337 -0.277315 
0.416817 -0.660537 -0.494412 
0.264643 -0.65456 -0.502126 
-0.112715 -0.118134 -0.137207 
0.166774 -0.16236 0.154066 
-0.0550225 -0.93313 -0.586276 
-0.0545486 -0.135716 -0.042067 
-0.218953 0.0694343 -0.212547 
-0.0303646 0.0646435 -0.0210815 
-0.255726 -0.340185 -0.191146 
-0.0669719 0.0952445 -0.0313457 
-0.0563975 -0.110045 0.0262679 
-0.175062 -0.210697 -0.0660118 
-0.0102975 0.0709726 -0.00256247 
-0.133345 -0.158505 0.00568417 
0.000957024 0.0966064 0.0144365 
-0.00856056 0.0834269 -0.00283068 
0.102217 0.0872057 -0.135832 
0.102499 0.111497 0.0201524 
-0.0157499 0.0883981 0.00280899 
-0.0245197 0.0469002 -0.00175061 
0.0645021 0.0887021 -0.172776 
0.102277 0.110672 0.013488 
-0.0184647 0.0739448 -0.000344707 
0.415155 -0.660901 -0.506562 
0.130681 0.0970451 -0.13142 
-0.0238806 0.0515974 -0.000943387 
-0.0397741 0.0488844 -0.0292217 
-0.017953 0.0412355 -0.0206919 
-0.0477124 -0.0201616 -0.00241234 
-0.0887423 -0.130616 -0.0278472 
0.391659 -0.618686 -0.480215 
0.261898 -0.23978 0.0386135 
0.143191 -0.0844316 0.000246834 
