0.906221 -0.148488 -0.395872 0.0584956 0.0242563 0.953018 -0.301942 -0.0107514 0.422108 0.264024 0.867247 -0.287713 0 0 0 1
0.914273 -0.0320254 -0.40383 -0.0074541 0.067313 0.995022 0.0734876 0.00729271 0.399466 -0.0943707 0.911878 -0.00639791 0 0 0 1
###
1.82017 0.988855 1.92314 
2.67252 0.102048 0.251508 
1.72522 -1.81352 4.46734 
-1.33943 -1.14462 1.64367 
-2.64692 -3.51707 6.55089 
1.79447 -1.18837 2.2939 
15.0562 -14.3106 7.28861 
-4.0535 -3.67143 4.85832 
-4.16083 -4.38075 6.9678 
3.19027 -1.45156 0.449685 
3.04166 -3.06433 0.114046 
0.0491574 0.260803 0.588304 
-3.74406 -3.25591 3.76632 
1.59257 -1.53463 0.245667 
-0.0637623 0.278706 0.334141 
2.82419 0.14907 0.281065 
1.08141 -1.48885 2.11889 
0.968738 -1.16635 1.82819 
-2.43487 -2.10106 2.41282 
-0.00382595 0.321218 0.337155 
1.27058 0.594612 0.69549 
3.13261 -1.35258 0.354815 
5.75437 -8.47356 0.166761 
0.921348 0.360426 0.223433 
1.01649 0.893435 2.4513 
-2.37908 -2.12576 3.06058 
-0.0900182 0.0949656 0.496282 
5.84047 -8.58781 0.163227 
0.752673 -1.18122 1.98724 

0.0102418 0.120221 0.361715 
0.104481 0.110543 0.00721026 
-0.08161 -0.513852 0.674386 
0.0122435 -0.0450387 0.0440742 
0.0164824 -0.179006 0.21995 
-0.48369 -0.711929 0.608667 
-0.0792993 -0.885139 1.09742 
0.198682 -0.181434 0.0868837 
0.319894 -0.389059 -0.240404 
0.119243 0.014619 0.0829113 
0.124294 -0.069438 0.124089 
-0.0356791 0.105877 0.196274 
-0.227365 -0.00667004 0.311175 
0.101377 0.113115 0.0200264 
0.103222 0.111344 0.0128853 
-0.254043 0.0663072 0.156807 
-0.121162 -0.0373993 0.318803 
0.130681 0.0970451 -0.13142 
-0.240265 -0.075094 0.343294 
0.099366 0.120433 0.061532 
0.102057 0.110119 0.0154234 
-0.0466628 0.0959443 0.177456 
0.0158091 -0.016726 -0.0013759 
-0.0601796 0.121011 0.218801 
0.102886 0.108474 0.00696027 
0.416817 -0.660537 -0.494412 
0.104746 0.0409918 0.130777 
-0.0708958 -0.266896 0.315735 
0.196181 -0.183086 0.0861854 
