0.06888 -0.246279 -0.966748 0.0955541 0.0343885 0.96906 -0.244417 -0.0847707 0.997032 -0.0164096 0.075218 0.214124 0 0 0 1
0.991983 -0.124232 -0.0231402 0.0527091 0.124596 0.992094 0.0150253 -0.0083899 0.0210906 -0.0177881 0.999619 -0.0208217 0 0 0 1
###
3.48396 -2.75867 0.714151 
1.64888 0.292411 -0.697958 
0.768839 -10.2453 -6.24617 
0.355928 0.311175 -0.304094 
0.781024 -9.60567 -5.94439 
0.746635 -1.71037 0.342735 
6.04742 -5.75633 -1.19297 
-0.141218 -2.65372 4.56311 
0.193109 -0.217767 -0.66306 
4.07764 -4.16526 5.99914 
-0.206421 -0.213552 0.575804 
1.22235 -3.70661 6.78777 
0.096167 0.203281 0.193885 
7.97261 -5.94472 6.2238 
0.020177 -0.0147227 0.374306 
0.698203 -1.75608 -2.04102 
1.21807 -1.59509 0.167041 
0.779018 0.262527 -0.815051 
1.49623 -1.94878 0.204494 
-0.249968 -0.228331 0.419529 
-0.211458 -0.19716 0.538965 
1.42389 -4.09211 7.56358 
0.701921 -1.76409 -2.0527 
1.9285 -0.0291195 0.4085 
0.0428912 0.0778286 0.357497 
0.215338 -0.0401931 0.192096 
1.97722 -0.109567 0.419944 
0.169163 0.152925 0.150485 
1.6075 -0.94378 -0.175717 

-0.489063 0.102991 0.591478 
-0.0968343 0.321535 0.195127 
-0.0457607 0.321584 0.178103 
0.240039 0.346255 0.173433 
0.0139477 0.325029 0.174845 
0.139172 -0.829845 0.523287 
-7.44162 -7.16312 4.53261 
-1.34381 -1.37169 0.216971 
0.111261 -0.11307 0.298399 
-1.88536 -1.91359 1.12887 
-0.0559938 0.323327 0.185438 
-1.77672 -1.82375 1.78684 
-0.153087 0.317691 0.195327 
1.57071 -1.19769 0.704485 
1.00823 -1.4775 0.122482 
-0.0597281 0.128953 0.276918 
0.394137 0.358933 0.122646 
-0.00362645 0.322996 0.175339 
-0.125577 0.315907 0.183726 
-2.56488 -3.22887 0.193855 
-1.07031 -1.01278 0.195678 
-2.5598 -2.68695 2.59823 
-0.151696 0.215176 0.220707 
-0.00082485 0.324139 0.175048 
-0.154471 0.209282 0.23021 
-0.169496 0.0930345 0.277516 
-0.00892634 0.297935 0.0747469 
-0.610153 0.314659 0.32456 
-0.209561 0.449787 0.277291 
