0.903513 -0.232515 -0.360001 0.109818 0.122412 0.945046 -0.303156 -0.0264484 0.410705 0.229838 0.882324 -0.281578 0 0 0 1
0.914239 -0.0319573 -0.403912 -0.00743488 0.0671868 0.995041 0.0733477 0.00733541 0.399565 -0.0941949 0.911853 -0.0064054 0 0 0 1
###
1.97696 -2.05365 4.74769 
0.642311 0.492865 0.563459 
0.719013 -1.6152 1.72088 
-0.415761 -0.269297 0.690981 
2.67792 0.102556 0.251747 
5.24767 -5.76399 -0.0381434 
-1.7266 -1.40178 1.73796 
0.34015 -1.31947 2.07091 
0.510805 0.316417 0.351135 
0.554387 0.502324 0.594742 
-0.407378 -0.281561 0.636928 
-4.11055 -4.3244 6.87475 
2.40467 -0.421913 0.471249 
1.04186 -1.43278 2.05686 
0.511105 0.317249 0.351193 
0.543906 0.497185 0.590204 
0.333366 -1.31442 2.07489 
4.27892 -3.20707 5.84474 
3.49682 -5.03673 0.0634915 
4.90183 -4.05577 4.44984 
0.657193 -1.18864 2.19697 
1.4707 0.448711 1.63788 
0.15646 0.159559 0.657983 
-2.77007 -2.46566 3.49783 
1.1035 -1.61326 0.23341 
-0.215564 0.132573 0.501164 
0.73124 0.689341 -0.143088 
1.34338 1.0171 1.76787 
-0.277955 -0.285244 0.522873 
1.24883 -0.467153 1.87073 

-0.0823141 -0.518278 0.680318 
0.132744 0.104712 -0.0683254 
0.243371 -0.374152 0.0793713 
0.0850444 0.108728 0.0587002 
-0.0597709 0.120235 0.217548 
0.104957 0.110751 0.00745122 
0.131538 0.0972442 -0.134137 
0.244211 -0.368508 0.0717595 
0.13615 0.0960325 -0.145717 
0.142281 0.0996414 -0.122309 
-0.212808 -0.0170442 0.293914 
-0.20424 -1.31384 1.6539 
-0.183557 0.0305853 0.258809 
-0.174257 0.0834368 0.235514 
-0.0494719 0.0855369 0.172258 
0.396199 -0.349059 -0.0216842 
0.245032 -0.370459 0.0620246 
0.0150812 -0.0139573 1.03753e-05 
0.0155238 -0.0161883 -0.00123541 
-0.279268 -0.421445 0.193502 
0.0855141 0.0679178 0.196237 
0.141476 -0.0577778 0.000964958 
0.135711 0.00213651 -0.00866392 
0.198501 -0.181244 0.0868255 
0.184016 -0.416832 0.533028 
-0.13319 -0.0121451 0.339885 
0.0462006 0.0407193 -0.0474112 
0.12431 -0.0694438 0.124107 
-0.240141 -0.480474 0.529716 
0.0892 0.115388 0.0725785 
