0.0134724 -0.369972 -0.928945 0.184168 0.0522568 0.92802 -0.368846 -0.0855945 0.998543 -0.0435744 0.0318362 0.221627 0 0 0 1
0.991983 -0.124232 -0.0231401 0.0527092 0.124596 0.992094 0.0150254 -0.00838991 0.0210906 -0.0177881 0.999619 -0.0208217 0 0 0 1
###
0.343321 -4.55553 -2.78836 
0.0626131 0.175498 -0.471523 
6.05333 -5.75486 -1.18279 
0.372346 -1.17263 -0.696209 
0.68801 -10.2371 -6.29435 
0.345386 0.311938 -0.300122 
1.85204 -3.2715 5.62915 
-0.135032 0.221574 0.379966 
-0.20696 -0.158939 0.64765 
0.403806 -1.21319 -0.717574 
0.663048 -9.59075 -5.97754 
1.32171 -2.72405 0.46637 
2.54256 -4.36317 7.66434 
0.418253 -0.579385 1.21071 
1.05453 -1.39947 0.840159 
0.290661 0.265491 -0.410896 
0.149913 0.184072 -0.670061 
1.5311 -0.080068 -0.512867 
0.264157 -0.283016 0.395979 
0.692033 -1.74543 -2.03086 
-0.0697406 0.23409 0.27789 
10.8073 -9.98166 6.09703 
0.677888 -1.74312 -2.15184 
-0.116234 0.21917 0.311708 
-0.152083 0.299711 0.199588 
1.21795 -1.41685 0.539312 
-0.0610264 0.238897 0.285686 
0.287259 -4.28616 2.01107 
-0.0227683 0.361065 0.147581 
0.15719 0.0305586 0.312315 

-0.0213204 0.322899 0.173423 
-0.0457607 0.321584 0.178103 
-7.44162 -7.16312 4.53261 
0.385383 -0.374905 0.413509 
0.0139477 0.325029 0.174845 
0.240039 0.346255 0.173433 
-1.86647 -1.90345 1.15529 
-0.0125246 0.327257 0.185611 
-1.34381 -1.37169 0.216971 
1.623 -1.73651 1.75361 
1.7204 -1.57067 0.210402 
0.139172 -0.829845 0.523287 
-2.38383 -2.62764 2.4271 
0.257276 -0.207987 0.172037 
3.37574 -3.01951 0.582964 
-0.0651504 0.300697 0.0927337 
-0.342536 0.184812 0.298847 
0.0134348 0.0884262 0.182519 
-2.25886 -2.304 1.38338 
-0.0939073 0.102706 0.291513 
-0.00258028 0.292714 0.0535344 
-0.217631 -0.754876 0.941787 
-0.125577 0.315907 0.183726 
-0.0833475 0.31688 0.174039 
-2.65774 -2.63009 0.703629 
-0.456275 0.180399 0.332481 
0.477563 0.400778 0.0936203 
0.0500915 -0.821501 0.263453 
-0.169216 0.31182 0.190134 
-0.132909 0.0450688 0.308325 
