-0.163751 -0.349689 -0.922444 0.287933 0.179065 0.908997 -0.376379 0.132458 0.970114 -0.22681 -0.0862315 0.2039 0 0 0 1
1 0 0 0 0 1 0 0 0 0 1 0 0 0 0 1
###
0.0486648 0.10663 0.53581 
0.116137 0.12437 0.495242 
0.219684 0.0653037 0.460861 
1.11105 -2.45368 1.04542 
-1.51056 -7.74224 -4.45063 
0.144575 -0.204966 0.614784 
0.0120986 -0.054688 0.563342 
0.0127379 0.180815 0.351299 
0.164828 -2.92558 5.40739 
0.184089 0.126919 0.425197 
0.183189 0.0911482 0.508082 
1.23127 -2.42077 1.1239 
0.108512 -0.187036 0.721484 
0.700499 -2.78998 0.51732 
4.1935 -4.96177 0.59651 
1.12849 -2.51093 1.06567 
0.0284795 0.163639 0.444919 
0.540942 0.123261 -0.212367 
0.22268 0.0614008 0.465002 
1.23468 -2.4111 1.1348 
0.128338 -6.58325 11.5001 
3.23879 -6.4193 9.10256 
5.46461 -7.58067 -1.36746 
0.0297165 0.09415 0.547614 
-0.00357476 -0.147034 0.678726 
0.177774 0.105381 0.505169 
0.191454 -0.022433 -0.772928 
0.0456819 0.166932 0.339437 
-0.0555462 0.211715 0.416874 
0.186551 -0.144718 0.605652 
0.0605059 0.214055 0.283651 
-0.0132367 -0.0529915 0.580711 
0.0148245 -0.0545818 0.56265 
1.39441 -2.46301 0.706233 
-0.0371246 -0.0526105 0.664473 
2.15429 -6.5285 10.7937 
-0.009041 0.237611 0.339825 
0.0400965 0.270647 0.249923 
0.0454158 0.160068 0.345371 
1.27778 -2.64262 0.257813 
0.263995 -0.233184 0.588522 
0.176494 0.120754 0.490879 
0.271595 0.00897044 0.391957 
0.291242 -0.219633 0.396532 
0.0481887 0.0937802 0.537199 
0.360404 -0.346788 0.358897 
0.131751 -0.240223 0.624313 
0.136399 -0.262657 0.635509 
2.37089 -0.101949 -0.69035 
0.180469 0.0919715 0.513882 
-0.00979936 0.235165 0.339845 
1.40246 -2.4607 0.705945 
0.205533 -2.74109 -2.70583 

0.204968 0.00958982 0.226122 
0.243396 0.0276054 0.198191 
0.310927 -0.0129687 0.179677 
0.889204 -1.54137 0.446681 
0.16415 -0.205107 0.0423243 
0.267117 -0.175825 0.261033 
0.18573 -0.0880111 0.237771 
0.178685 0.0591084 0.117199 
0.0938696 0.121482 0.144954 
0.226327 0.0443769 0.158678 
0.286097 0.00447454 0.20698 
0.26854 -0.296179 0.336186 
0.263331 -0.17989 0.349851 
0.855765 -2.43867 0.111478 
2.05625 -2.18459 0.0291875 
0.886591 -1.53652 0.445025 
0.190231 0.0466341 0.172684 
0.124396 0.114055 0.0980917 
0.308533 -0.0154452 0.178976 
0.147536 0.0817667 0.138249 
0.0170427 -0.0936514 0.0900072 
3.45737 -6.09836 7.63724 
2.19147 -2.76853 -0.774422 
0.193849 0.00249736 0.233635 
0.176215 -0.142464 0.299728 
0.281148 0.0128663 0.204823 
0.0159937 0.176197 0.433454 
0.197462 0.0514789 0.108756 
0.137397 0.0736674 0.157312 
0.295003 -0.141948 0.260029 
0.201885 0.0799406 0.0757243 
0.170817 -0.0888942 0.249485 
0.187111 -0.0880986 0.237678 
1.04135 -1.49243 0.224932 
0.155852 -0.0892354 0.29698 
0.559358 -2.27289 3.51737 
0.162907 0.0910726 0.110509 
0.182352 0.105685 0.057649 
0.197753 0.0469603 0.112032 
9.10879 -11.1265 3.90992 
0.344402 -0.194286 0.246982 
0.279421 0.0222449 0.196145 
0.337907 -0.0398428 0.133267 
0.354203 -0.178177 0.128076 
0.204536 0.00253389 0.22653 
0.405754 -0.258313 0.102381 
0.262753 -0.201275 0.269389 
0.269308 -0.218438 0.278198 
1.5774 -0.0276993 -0.584699 
0.284886 0.00482668 0.21016 
0.288122 0.00234123 0.209542 
1.04404 -1.49022 0.226259 
-0.103391 0.188192 0.508391 
