-0.714172 -0.0972381 0.693184 0.400946 -0.309676 0.932008 -0.188313 0.305492 -0.627742 -0.34915 -0.695726 0.739309 0 0 0 1
0.999789 -0.0132884 -0.0156763 -0.00220978 0.0131284 0.999861 -0.0102678 -0.00482125 0.0158106 0.0100598 0.999824 -0.0186425 0 0 0 1
###
-0.213459 -4.10853 -2.54557 
1.09955 0.0630907 -0.272792 
0.564933 -0.00226487 0.375018 
-0.300093 -1.55439 1.86318 
0.0711579 -8.89259 -5.93403 
-0.237934 -1.15506 -2.70154 
1.03306 -1.47129 0.210253 
0.872074 -1.54184 0.0198105 
-0.120843 -2.10338 -1.06199 
-0.522358 -3.12907 1.68483 
0.657488 0.115108 0.324393 
0.712643 0.0931046 -0.0296872 
-4.28314 -4.66469 6.5916 
-1.94421 -5.17155 -2.5156 
0.60174 0.0300308 0.229965 
1.04404 -1.49022 0.226259 
-0.176764 -2.21285 -1.14187 
1.43087 -0.426911 -0.623794 
0.816946 0.132909 0.156389 
0.590717 -1.92525 0.111561 
-0.273675 -1.04105 1.20379 
-0.564143 -1.58512 1.26083 
0.662491 0.0994975 0.262484 
0.60729 0.188966 0.362594 
0.79926 0.119228 0.0886461 
0.662702 0.0996994 0.26239 
0.386818 -3.16764 0.874498 
-2.2923 -5.28226 -2.77635 

-3.23882 -5.09331 4.07111 
-0.332424 0.308906 0.44919 
0.296492 -0.137229 0.332133 
12.318 -13.0698 4.70286 
-1.83409 -2.36293 1.25594 
0.233795 -0.176999 0.60368 
0.0337791 0.176895 0.330925 
-0.114722 0.212711 0.631655 
-0.817074 -1.57573 2.23059 
-2.29026 -6.02312 4.13304 
-0.881985 -0.912113 2.19756 
-1.78397 -0.973557 0.634483 
0.0795699 0.236563 0.186674 
-3.35191 -4.08781 1.01201 
-0.107931 0.294571 0.384504 
1.40246 -2.4607 0.705945 
0.128338 -6.58325 11.5001 
-1.77888 -0.621696 0.593988 
2.65344 -0.885638 0.382982 
0.24059 -0.0647476 0.491513 
-0.807901 -1.54988 2.23751 
-1.57443 -2.59515 2.2495 
0.250855 0.191744 0.0925001 
0.290768 -0.0866189 0.347814 
2.39733 -0.691781 0.340734 
0.0686365 0.176683 0.318586 
1.31944 -6.1344 1.51939 
-2.59891 -3.36448 1.64341 
