0.898398 -0.271738 -0.345022 0.158443 0.183831 0.946141 -0.266502 -0.0427378 0.398858 0.175999 0.899965 -0.271926 0 0 0 1
-0.794899 -0.260315 -0.548062 -0.01545 -0.0199458 0.91401 -0.405201 -0.046732 0.606414 -0.311163 -0.731738 0.0562635 0 0 0 1
###
-0.0944342 0.094045 0.50099 
2.23678 -5.70869 12.2236 
-0.189159 0.176388 0.455979 
2.20172 -2.25041 5.18773 
-1.67905 -1.61656 1.58177 
2.6619 0.102194 0.248816 
-0.0933538 0.0949129 0.499916 
-0.112178 0.0835641 0.486419 
4.12865 -3.09203 5.65599 
-0.16357 -3.22148 2.28667 
0.33979 -1.31885 2.06964 
-0.080284 0.224047 0.481116 
0.554621 0.502392 0.594986 
-0.457355 -3.55834 2.21448 
0.746508 0.452155 0.470579 
-0.107965 -3.48929 2.49898 
0.790836 0.432847 0.407494 
0.637014 -1.14191 2.13446 
1.05159 -0.975299 2.60276 
8.48902 -5.71655 6.71082 
-0.428871 -3.3599 2.11833 
0.719011 -1.51796 1.62324 
1.11015 -1.23697 1.99372 
3.32296 -2.18663 3.22971 
0.0305693 0.288909 0.401123 
1.52504 -1.89649 0.0157294 

-0.0237689 0.0588023 -0.00183124 
-0.492694 -1.09395 -0.550796 
-0.187359 0.0649195 -0.147225 
-0.0368223 0.070701 -0.0229076 
0.29127 -0.341013 0.0993565 
-0.00183042 0.050112 0.00161576 
0.0654119 0.0890225 -0.173891 
-0.12613 0.0729461 -0.183179 
-0.00385267 0.0794757 0.00310085 
0.0739641 -0.404356 0.0133741 
0.217401 -0.40273 0.0508632 
0.000590145 0.107345 0.0473588 
0.142281 0.0996414 -0.122309 
-0.0598017 -0.397068 -0.00404525 
-0.191019 0.0645444 -0.15606 
0.0941266 -0.405857 0.0189811 
0.00255734 0.0675612 0.00551648 
-0.0886963 -0.130591 -0.0278547 
-0.0199311 0.0941712 0.0123752 
0.0563225 -0.0423379 -0.0107397 
0.014809 -0.417305 0.00646486 
-0.066644 -0.134123 0.0343857 
0.105478 0.0116775 0.137365 
0.184445 -0.167443 -0.0454917 
-0.0545419 -0.135684 -0.0420549 
0.350148 -0.433757 -0.326772 
