0.898398 -0.271738 -0.345022 0.158443 0.183831 0.946141 -0.266502 -0.0427378 0.398858 0.175999 0.899965 -0.271926 0 0 0 1
0.18801 0.26991 -0.944352 0.0162867 -0.0260632 0.962531 0.269917 -0.065576 0.981821 -0.0261341 0.188 -0.0233172 0 0 0 1
###
-1.38741 -1.07274 1.47449 
0.642118 0.492675 0.563245 
-4.72661 -7.2382 7.21142 
2.20172 -2.25041 5.18773 
2.6619 0.102194 0.248816 
-0.16357 -3.22148 2.28667 
0.554621 0.502392 0.594986 
-0.457355 -3.55834 2.21448 
0.746508 0.452155 0.470579 
-0.107965 -3.48929 2.49898 
-0.130759 0.191143 0.457763 
8.48902 -5.71655 6.71082 
-0.428871 -3.3599 2.11833 
0.289683 -1.22133 2.14047 
-0.187087 0.0676744 0.488583 
0.0266814 0.293435 0.380982 
1.11015 -1.23697 1.99372 
3.32296 -2.18663 3.22971 
1.52504 -1.89649 0.0157294 
1.34435 1.01721 1.76871 

-0.110626 -0.478027 0.603191 
0.131684 0.103963 -0.0664549 
0.414907 -0.94279 -0.434883 
0.416607 -0.660177 -0.494156 
0.0892 0.115388 0.0725785 
0.11012 -0.368511 0.0251929 
0.142281 0.0996414 -0.122309 
0.138774 -0.385892 0.0255121 
0.137136 0.103399 -0.0887328 
0.127297 -0.399937 0.0235326 
0.0916221 0.11306 0.0436148 
0.132488 -0.111773 0.133022 
0.0914097 -0.401906 0.0183649 
0.293243 -0.661036 0.806753 
0.101259 0.110708 0.0141727 
0.0947655 -0.0632946 0.252686 
0.102394 0.11166 0.0209891 
0.346214 -0.529899 0.54955 
0.147671 -0.171677 0.250093 
0.120623 -0.0693065 0.120043 
