0.898398 -0.271738 -0.345022 0.158443 0.183831 0.946141 -0.266502 -0.0427378 0.398858 0.175999 0.899965 -0.271926 0 0 0 1
0.914239 -0.0319573 -0.403912 -0.00743488 0.0671868 0.995041 0.0733477 0.00733541 0.399565 -0.0941949 0.911853 -0.0064054 0 0 0 1
###
0.642118 0.492675 0.563245 
3.66785 -2.72482 1.76994 
67.2723 -53.4492 22.5466 
2.40791 -5.13256 12.7632 
2.20172 -2.25041 5.18773 
1.07427 0.425915 0.321935 
12.1791 -12.0535 3.37642 
-0.0933538 0.0949129 0.499916 
4.84219 -4.00861 4.39402 
2.6112 0.200152 0.204816 
4.12865 -3.09203 5.65599 
-0.16357 -3.22148 2.28667 
0.33979 -1.31885 2.06964 
0.554621 0.502392 0.594986 
-0.0920859 0.0954186 0.4984 
-0.457355 -3.55834 2.21448 
0.746508 0.452155 0.470579 
0.657927 -1.18995 2.19942 
-0.107965 -3.48929 2.49898 
0.637014 -1.14191 2.13446 
8.48902 -5.71655 6.71082 
-0.428871 -3.3599 2.11833 
-0.0542506 0.190152 0.578249 
1.11015 -1.23697 1.99372 
3.32296 -2.18663 3.22971 
1.52504 -1.89649 0.0157294 
1.34435 1.01721 1.76871 

0.131684 0.103963 -0.0664549 
-0.00244419 -0.349898 0.442944 
0.19011 -0.178525 -0.0599803 
0.0745443 -0.405641 0.545509 
-0.0823141 -0.518278 0.680318 
-0.046759 0.0961013 0.177775 
-0.452497 -1.78502 2.17849 
-0.43399 -1.20152 1.49135 
0.1642 -0.142103 0.0392146 
0.12122 -0.0412427 0.114646 
0.0151328 -0.014046 -1.64839e-05 
0.0914097 -0.401906 0.0183649 
0.245032 -0.370459 0.0620246 
0.0155022 -0.0144457 -0.000224962 
-0.195223 0.0219338 0.262199 
0.0135582 -0.0937936 0.0797027 
-0.0339306 0.0978891 0.183407 
-0.487779 -0.71802 0.614055 
0.168853 -0.392082 0.0315557 
0.0855141 0.0679178 0.196237 
-0.5607 -0.921264 0.904046 
0.0668605 -0.388809 0.0132163 
-0.20594 0.076319 0.169222 
0.101066 0.0452677 0.124182 
-0.152262 -0.332061 0.375627 
0.0747234 -1.46761 -0.584655 
0.12431 -0.0694438 0.124107 
