0.296681 -0.036567 0.954276 0.229738 -0.1941 0.9761 0.0977484 -0.159596 -0.935043 -0.214225 0.282493 0.142915 0 0 0 1
0.999885 -0.0151547 0.000488581 0.0113161 0.0151538 0.999884 0.00170199 0.0056288 -0.000514317 -0.00169439 0.999998 0.0013788 0 0 0 1
###
-1.51866 -1.47937 -0.166493 
-0.471361 -1.06479 -0.775405 
0.0243371 0.192687 -0.200388 
-0.195465 -0.55198 -0.555415 
-1.55428 -1.5127 0.794806 
-1.42228 -0.310116 -0.266928 
-0.0906546 0.237955 -0.250672 
-0.481748 -0.906453 -0.685815 
-0.143566 -0.35085 -0.131592 
0.0165974 -0.44262 0.613613 
-1.09397 -0.185668 -0.274997 
-0.108787 -0.35369 -0.221646 
-0.0795706 0.233266 -0.263093 
0.107351 -0.446308 0.0967016 
-0.135202 -0.333716 -0.132905 
-0.0827525 0.235625 -0.247942 
-1.12309 -1.0483 0.271184 
-1.34446 -1.22164 0.4459 
-1.4177 -1.37351 1.01921 
-0.0652042 0.230351 -0.274216 
-0.111581 -0.374768 -0.118234 
0.0313991 0.180103 -0.110278 
0.00415533 0.154192 -0.0983647 
-0.0297331 0.120603 -0.174228 
0.0205245 0.200416 -0.131915 
-0.141433 -0.0531063 -0.548943 
-0.209666 -0.00176136 -0.589954 
-1.22744 -0.238083 -0.0371454 
-0.0264976 0.203935 -0.181361 
-0.01783 0.138577 -0.158825 
0.0074638 0.237584 -0.173439 
-0.174941 0.51765 -0.690613 
0.0287402 -0.195794 -0.125415 

-0.00547558 -0.379157 0.640759 
0.0557163 -0.114488 0.404925 
0.0199507 -0.0160658 0.373679 
4.06691 -2.76587 1.4441 
4.23745 -3.14987 3.90144 
0.0302687 -0.0436012 0.433845 
-0.139893 0.112855 0.384087 
0.020177 -0.0147227 0.374306 
-0.657411 -3.81743 2.44214 
-1.06216 -1.96891 1.32477 
-0.540897 0.406354 0.593735 
2.01933 -1.58836 2.15655 
-0.979937 0.374429 0.670492 
-1.0327 -4.4254 2.47647 
-1.20332 -4.84002 2.8151 
1.97722 -0.109567 0.419944 
-0.802922 -1.72474 1.61838 
2.073 -1.67415 2.24778 
-0.606293 -1.09994 1.46272 
0.186294 -0.025452 0.273507 
-0.993569 -4.25153 2.37503 
2.28968 0.771917 0.392801 
-0.0673152 0.28707 0.12991 
4.07764 -4.16526 5.99914 
-1.58576 -0.863533 0.229422 
-1.08554 0.150831 0.369609 
0.679556 -3.63314 1.65903 
3.85771 -3.585 5.5318 
6.61936 -4.59703 0.761444 
-0.893022 0.350106 0.593504 
-0.0490302 0.0367419 0.404935 
-11.5545 -30.5604 33.0827 
0.289047 -4.44109 2.08154 
