-0.65869 -0.0982335 0.745974 0.388794 -0.336766 0.92508 -0.175543 0.336333 -0.672842 -0.366848 -0.642423 0.757311 0 0 0 1
0.999789 -0.0132884 -0.0156763 -0.00220978 0.0131284 0.999861 -0.0102678 -0.00482125 0.0158106 0.0100598 0.999824 -0.0186425 0 0 0 1
###
1.20361 -1.45306 -0.171091 
1.99108 -3.18642 -1.40243 
0.119446 -7.54731 -4.94204 
-2.37222 -6.17031 -3.10307 
1.92648 -2.42094 -0.680474 
1.17972 -1.36646 -0.145426 
-1.29166 -4.87653 2.66201 
-0.199609 -1.11028 -2.57734 
0.429112 0.0539689 0.464816 
0.634914 -0.0474762 0.298089 
1.05083 -1.60542 0.266742 
0.64384 -1.50848 0.148586 
0.0505254 -8.98872 -6.00953 
0.717757 -0.177389 0.244385 
-0.236935 -2.34692 -1.23245 
0.563607 -0.0341178 0.352437 
0.567113 -0.00305081 0.375811 
0.610568 0.0342234 0.226462 
0.711257 0.0937209 -0.0323988 
-0.322944 -1.78998 -2.61082 
0.82982 0.132306 0.163803 
0.143548 -0.75502 1.30968 
0.610832 -1.5479 0.0536119 
0.565376 -0.00259542 0.375818 
0.501754 -0.0806773 0.448096 
-2.49541 -4.17296 -1.20744 
0.798863 0.117901 0.090403 
0.59451 -0.167752 0.275487 
1.02199 -1.31542 0.239849 
0.614217 0.0696145 0.235277 
-2.28927 -3.46972 1.34221 
0.497529 0.0671185 0.420977 

2.21355 -1.45104 0.311668 
-2.00064 -2.52053 1.23654 
-3.34938 -3.89035 1.09643 
0.128338 -6.58325 11.5001 
0.122334 0.0861625 0.50279 
2.99375 -1.98386 0.419825 
-6.2946 -17.5388 11.22 
0.233795 -0.176999 0.60368 
0.618396 -0.0632526 0.445611 
0.0337791 0.176895 0.330925 
1.39441 -2.46301 0.706233 
-1.82766 -5.18349 3.30212 
-1.83409 -2.36293 1.25594 
-0.842841 -1.75898 2.36798 
-0.817074 -1.57573 2.23059 
-0.460933 0.440213 1.00003 
0.199968 0.147986 0.496822 
-0.105936 0.291937 0.380024 
-1.78397 -0.973557 0.634483 
-0.276309 0.239283 0.162022 
-0.324599 0.221938 0.135321 
-2.59891 -3.36448 1.64341 
-2.02969 -5.7526 3.64994 
12.3568 -15.2756 6.32613 
0.00572475 0.265514 0.275911 
-1.97859 -6.76562 8.77007 
-0.345666 0.236189 0.142518 
0.363594 0.068548 0.249137 
1.40246 -2.4607 0.705945 
-0.12544 0.228584 0.632951 
5.03412 -6.59834 7.40126 
0.209361 -0.338991 0.61057 
