0.521902 -0.0644636 0.850566 0.221482 -0.119718 0.981735 0.147863 -0.141776 -0.844563 -0.178998 0.504652 0.185208 0 0 0 1
0.999934 -0.0114185 0.00104533 0.00776668 0.0114184 0.999935 0.000117046 0.00342893 -0.0010466 -0.000105102 0.999999 0.000962618 0 0 0 1
###
-0.424645 -0.284799 -0.180461 
-0.755912 -0.0790904 -0.259176 
-0.320621 -0.753823 0.818868 
-0.471361 -1.06479 -0.775405 
-0.685189 -0.676151 -0.352422 
-0.0662982 0.233104 -0.251422 
-2.20502 -2.22936 0.779604 
-0.0346581 0.12427 -0.228037 
-1.40202 -0.513628 -0.238487 
-1.42228 -0.310116 -0.266928 
0.0165975 -0.44262 0.613613 
0.0119468 0.19315 -0.140433 
-0.00223664 -0.290965 -0.240965 
-0.00936652 0.150934 -0.232132 
-0.29118 -0.135444 -0.194868 
-1.15664 -0.112724 -0.317089 
0.434775 -0.999063 1.31587 
-0.068198 0.243692 -0.210613 
0.302345 -1.65525 1.18048 
-0.105675 0.224137 -0.288618 
-0.068924 0.231684 -0.277164 
-1.38591 0.101836 -0.653495 
-0.143566 -0.35085 -0.131592 
0.0300808 0.249038 0.00201946 
0.024908 0.23394 -0.145355 
-0.0428497 0.114797 -0.21975 
-0.108787 -0.35369 -0.221646 
-1.34078 -1.97072 -0.975305 
-0.0691689 0.244543 -0.210388 
-0.207267 -0.650179 0.892878 
-0.0804075 0.182397 -0.139073 
-0.0868688 0.0598488 -0.144476 
-0.0946412 -0.300055 -0.224214 
0.343643 -0.815247 1.09714 
-0.118278 -0.280517 -0.145311 
-0.0334075 0.229574 -0.289872 
0.0409799 -0.459461 0.0930118 
-0.0234793 0.138759 -0.164304 
-0.269739 -0.798328 -0.700641 
-0.0167417 0.215905 -0.175695 
0.118253 -0.161428 0.215715 
-0.023158 0.203513 -0.184432 
-0.0275354 -0.516507 -0.340106 
0.020228 0.204593 -0.12817 
-0.0595263 -0.171871 -0.206245 
0.0179265 0.248987 -0.216672 
0.0249317 0.13789 -0.251347 
-1.13852 -0.214699 -0.314102 
-0.00815071 0.23983 -0.208011 
-0.00371154 0.240874 -0.207527 
0.0144887 0.249065 -0.207312 

-0.617425 -1.29215 1.61238 
-0.608249 -1.09096 1.46846 
5.49775 -5.53254 5.40433 
1.2002 -1.46113 0.477856 
-2.21069 -3.663 1.42415 
-1.23715 -0.781592 0.220266 
-0.482193 -1.64671 2.24931 
0.108602 -3.50993 6.16791 
0.192833 0.0674287 0.165641 
0.0302782 -0.0435993 0.433769 
-1.06168 -1.96836 1.32392 
3.85978 -2.98335 4.11912 
-0.560684 -3.60958 2.12541 
4.08844 -3.83917 5.78918 
-11.556 -30.5634 33.0793 
-0.0679926 0.202868 0.287916 
2.28125 0.769427 0.391515 
-0.132013 0.353869 0.110219 
-1.11832 -4.82112 2.69294 
0.215286 -0.0401604 0.192016 
-1.23044 -0.770703 0.209069 
-0.973754 -3.14137 2.19382 
-1.20286 -4.83906 2.81368 
1.22196 -1.4211 0.541116 
1.99673 -7.53378 8.49218 
-1.91394 -3.57233 0.928264 
0.17276 0.00885173 0.265938 
-1.23368 -2.27109 1.53162 
-0.131626 0.102089 0.365038 
-1.22193 -1.94252 0.700157 
-0.639528 -3.76062 2.3267 
4.07395 -4.16181 5.99418 
-0.145324 0.124598 0.401138 
-0.813152 -1.80654 1.78314 
-0.657546 -3.81981 2.44332 
-0.540966 0.406248 0.593622 
0.874814 -3.72281 1.41107 
0.0421087 0.0349658 0.363495 
0.0186687 -0.0656125 0.397203 
-1.58318 -0.862226 0.228819 
3.16567 -2.49662 2.28135 
6.62064 -4.597 0.762122 
-0.85445 0.395728 0.728517 
-0.989677 0.270935 0.346654 
-1.03223 -4.42468 2.47559 
-0.0850552 0.0319214 0.400617 
-0.139863 0.112823 0.383961 
0.0146638 -0.0429477 0.388573 
-0.104112 0.0426795 0.423275 
-1.01415 0.290759 0.437861 
0.0200284 -0.0161128 0.373855 
