0.89478 -0.269063 -0.356333 0.215302 0.19016 0.951687 -0.241102 -0.0571668 0.403989 0.147974 0.902716 -0.258395 0 0 0 1
-0.794989 -0.260306 -0.547935 -0.015453 -0.0200972 0.91406 -0.405081 -0.046738 0.60629 -0.311023 -0.731899 0.0562498 0 0 0 1
###
2.27534 -2.31413 5.32997 
0.0198953 0.184701 0.650047 
0.382646 0.36836 0.472685 
0.598809 -3.38116 2.94421 
-3.54077 -5.44804 5.4088 
6.5443 -7.08185 -0.082297 
-4.00336 -3.62717 4.7983 
-0.45966 -3.63185 2.26109 
-0.084459 -0.154963 0.762571 
-0.13493 0.224202 0.445892 
0.0843797 0.249747 0.600645 
-4.05748 -4.25473 6.77766 
0.341046 -1.32099 2.07349 
-4.74535 -7.66543 7.5099 
-0.457605 -3.57394 2.22522 
-0.133883 -0.00209857 0.601503 
-0.108382 -3.48149 2.49316 
0.300866 -1.23883 2.16039 
0.233745 0.37749 0.543989 
-0.196546 -1.95422 1.45967 
0.747799 -3.72093 3.34017 
-0.130254 0.258953 0.441402 
-0.0361532 0.311435 0.320357 
1.41631 -3.60748 0.278851 

-0.177784 -0.214068 -0.0675951 
0.000957007 0.0966065 0.0144364 
-0.255731 -0.340205 -0.19115 
-0.0339028 0.0953081 -0.00128839 
0.425556 -0.962515 -0.445465 
-0.133307 -0.158461 0.00568647 
0.416471 -0.659912 -0.49399 
0.0878113 -0.425313 0.0169911 
-0.0523281 -0.140657 -0.0304365 
0.00890124 0.0567137 -0.00255539 
-0.17417 -0.197554 -0.0606851 
0.264502 -0.654174 -0.501875 
-0.0544199 -0.14512 -0.0315222 
0.425756 -1.02479 -0.449945 
-0.0598017 -0.397068 -0.00404525 
-0.121256 -0.34938 -0.277356 
0.0388146 -0.384372 0.0108716 
-0.0542451 -0.135901 -0.0427899 
0.0133572 0.0687575 0.00524448 
0.0390241 -0.38948 0.0110602 
-0.0619068 -0.427377 -0.00164457 
-0.0696478 -0.170241 0.0380113 
-0.148992 -0.119603 -0.187775 
0.350099 -0.43369 -0.326721 
