-0.00216973 -0.393492 -0.919326 0.262994 0.122582 0.91229 -0.39077 -0.0734181 0.992456 -0.11354 0.0462555 0.244484 0 0 0 1
-0.556858 -0.303497 -0.773174 0.0156802 0.036587 0.920988 -0.38787 -0.241701 0.829802 -0.244277 -0.501755 -0.158073 0 0 0 1
###
1.49277 -1.893 0.17072 
0.422173 0.224727 -0.818946 
0.0719201 -1.26414 2.73015 
0.79163 -0.358504 -1.97525 
0.745296 0.272553 -0.691612 
0.355135 0.312752 -0.30504 
10.3492 -8.65552 4.56861 
0.335087 -3.60863 1.8316 
2.50962 -4.35216 7.58729 
1.19453 -2.43881 -1.37611 
0.344347 0.311849 -0.299626 
-0.0617737 0.0440322 0.378184 
0.0151686 -1.17112 2.5811 
-0.167191 0.298638 0.257387 
0.248728 0.248402 -0.491541 
-0.0697143 0.234181 0.278004 
-0.117375 0.241448 0.315395 
10.0917 -9.37159 5.77751 
0.730874 -3.64657 1.64142 
0.294455 0.266913 -0.413781 
0.656726 -1.44564 0.26194 
0.334303 0.272094 -0.456274 
1.22736 -1.61174 0.226031 
-0.134076 0.170016 0.356271 
1.03204 -4.02455 1.6503 
-0.350221 -1.27777 -0.623976 
1.64161 -2.01395 0.10274 

0.509611 -0.620831 -0.425775 
0.370342 0.324429 0.053395 
3.70972e-05 -0.454952 -0.477189 
0.0313864 -1.14843 -1.00684 
0.341492 0.28055 -0.169114 
0.155428 0.186628 -0.263621 
1.40442 -3.20678 -1.70051 
0.0667728 -0.400726 -0.143092 
0.585889 -2.13642 -1.71631 
1.42309 -1.52689 0.5562 
0.33678 0.319443 0.0718035 
0.432293 -0.462981 -0.379509 
0.00277805 -0.436373 -0.468289 
-0.0998164 0.157095 -0.565671 
0.389947 0.316441 -0.0579638 
0.0129033 -0.442887 -0.52673 
0.395759 0.225625 0.0396531 
1.68141 -3.45021 -1.49497 
0.0459276 -0.833604 -0.325652 
0.209022 0.259587 -0.217954 
0.406973 -0.512155 -0.376535 
0.369498 0.331567 0.081558 
0.436223 -0.461382 -0.329631 
0.10746 -0.0242853 -0.556052 
-0.00117776 -1.03968 -0.400298 
0.43217 -0.189228 0.0616339 
0.57569 -0.724507 -0.480368 
