-0.517486 -0.10263 0.849515 0.271251 -0.337109 0.936944 -0.0921596 0.330376 -0.786489 -0.334071 -0.519453 0.820855 0 0 0 1
0.99979 -0.0132404 -0.0156504 -0.00222494 0.0130805 0.999862 -0.0102803 -0.00481718 0.0157843 0.0100734 0.999825 -0.0186438 0 0 0 1
###
1.98397 -3.17162 -1.39172 
0.105515 -7.56439 -4.97262 
0.454397 -0.564212 0.0381831 
1.36753 -2.13686 -0.768768 
-1.29222 -4.88129 2.66758 
0.558207 -1.02248 -0.444681 
0.683089 -0.157084 -0.124871 
-0.265592 -0.761678 1.10974 
-0.547069 -1.2181 -1.79893 
0.356183 -1.78278 -0.979971 
0.474251 -7.05948 -3.85028 
0.512312 0.0739329 0.304402 
0.44852 -0.569789 0.0325408 
1.5801 -4.36905 -2.59182 
0.801579 0.0937306 -0.0305683 
0.657438 0.116284 0.0790192 
0.610259 -1.55012 0.0538637 
0.702893 -1.44025 -1.97746 
-0.28074 -0.770993 1.1159 
1.35038 -0.649876 -0.440083 
0.731929 0.101849 0.264217 
0.880066 0.107495 0.0309354 
0.613848 0.033388 0.226875 
0.566031 -0.00338832 0.375785 
0.895206 -1.54627 0.475753 
-0.286902 -0.463619 1.1042 
-2.54889 -4.24344 -1.23792 
-1.67435 3.02044 2.01485 
-1.59104 -2.73001 -0.452075 
0.647752 0.104828 0.332756 
0.703862 0.111638 0.206462 
0.630708 -0.00117058 0.19997 
0.457762 0.0632066 0.459218 
1.01216 -1.23834 0.241861 
-2.13536 -3.32785 0.43972 
-0.640867 -1.04786 1.38859 
1.45532 -0.566467 -0.438877 
-1.97925 -3.49646 -1.03583 
0.356971 -1.83315 -2.16006 
0.61903 -0.179874 0.253722 
0.992312 -1.64297 -0.114922 

-1.99913 -2.51875 1.23568 
-4.56015 -5.77756 3.05785 
-1.9778 -6.76302 8.76665 
-1.33334 -2.15355 1.8313 
-6.29429 -17.5396 11.22 
-1.6794 -1.86036 1.14265 
0.209442 -0.339133 0.610753 
-0.740782 -0.964788 1.83418 
-2.59892 -3.36478 1.64336 
-3.24087 -5.09675 4.07364 
5.1296 -6.70358 7.42672 
0.193285 0.175161 0.193557 
5.10388 -6.15841 7.04508 
-1.44411 -2.34556 1.95721 
-1.78347 -0.973404 0.634293 
-0.107916 0.294508 0.38444 
-1.82715 -5.18252 3.30152 
0.19962 0.164476 0.168618 
-0.80796 -1.55 2.23765 
11.6296 -15.1068 6.4663 
0.0337762 0.17687 0.330887 
2.39975 -0.692377 0.341062 
-0.105913 0.29186 0.37994 
12.3569 -15.2689 6.33135 
0.162967 0.13865 0.449072 
-0.778688 -0.580084 2.03439 
-3.35726 -3.8998 1.09889 
1.91596 -1.53209 0.0132154 
5.03081 -6.59437 7.39734 
0.343877 -0.230855 0.337306 
-0.132576 0.243813 0.16831 
2.68779 -2.79964 0.32335 
-0.460982 0.440195 0.999982 
1.40425 -2.46318 0.706828 
-3.3495 -4.08518 1.01141 
-0.882431 -0.91253 2.19846 
0.170136 0.212639 0.158608 
-1.8338 -2.36281 1.25578 
-0.320579 0.238632 0.139334 
-1.7287 -0.611458 0.545072 
-2.86377 -3.49274 0.312472 
