-0.179705 -0.382971 -0.906112 0.385385 0.249206 0.873338 -0.418543 0.149269 0.951632 -0.301022 -0.0615045 0.21307 0 0 0 1
1 0 0 0 0 1 0 0 0 0 1 0 0 0 0 1
###
0.0481289 0.104631 0.535787 
4.23126 -4.9998 0.598104 
1.74024 -9.1148 10.0282 
0.65718 -1.50843 -2.42374 
0.222685 0.0613139 0.465057 
0.473886 -0.690344 -2.01358 
-0.0371641 -0.0499697 0.68144 
-0.0123833 -1.15828 0.836748 
0.0479342 0.103403 0.53571 
0.170883 -0.452002 0.721769 
5.42707 -7.5709 -1.38477 
1.16887 -2.65853 0.288109 
0.0148537 -0.0545919 0.562731 
0.455159 -4.97559 2.05151 
0.130856 -0.24009 0.623866 
0.0292954 0.0937238 0.546821 
0.659536 -2.55829 0.525641 
1.23508 -2.41165 1.13508 
-0.279856 -1.51813 1.17221 
4.96519 -7.03036 -1.28034 
-0.00905064 0.23754 0.339736 
0.0481349 0.0937077 0.536896 
0.214781 -0.0381529 0.521682 
0.015152 -0.0545688 0.562599 
1.12883 -2.51145 1.06606 
-0.159826 -0.599965 -0.0226875 
-1.88774 -5.12113 -1.41109 
0.136186 -0.262414 0.634867 
-0.0218119 0.0236371 0.631222 
0.151465 -0.393655 0.682028 
0.264532 -0.233442 0.588265 
-1.23425 -3.05517 -0.884183 

0.204967 0.00958951 0.226121 
2.056 -2.1843 0.029192 
1.75117 -6.83371 6.6826 
-0.753871 -0.551882 0.241239 
0.310927 -0.0129689 0.179678 
0.189829 0.0570924 0.103901 
0.153549 -0.0872267 0.304174 
-0.0175749 -3.29036 1.50621 
0.204544 0.00872242 0.226261 
0.261252 -0.292091 0.303531 
0.16404 0.0207236 0.323474 
0.868084 -1.51987 0.0205878 
0.187108 -0.0880971 0.237673 
0.493113 -3.60225 1.21526 
0.262525 -0.201566 0.269644 
0.193848 0.00249671 0.233634 
-0.550973 -3.27451 1.75566 
0.944614 -1.4709 0.484912 
-0.0193743 -3.28584 1.51161 
0.207853 0.0841297 0.0788811 
0.162909 0.091074 0.110511 
0.204532 0.00253304 0.226525 
0.306334 -0.0729417 0.210864 
-0.894941 -0.64381 0.265909 
0.886622 -1.53656 0.445026 
0.0152701 0.361079 1.31731 
3.59071 -6.38098 8.01582 
0.269325 -0.218453 0.278214 
0.175294 0.014343 0.330278 
0.276185 -0.295897 0.299148 
0.344401 -0.194287 0.246982 
3.45877 -6.10082 7.64029 
