-0.00216973 -0.393492 -0.919326 0.262994 0.122582 0.91229 -0.39077 -0.0734181 0.992456 -0.11354 0.0462555 0.244484 0 0 0 1
0.991983 -0.124232 -0.0231401 0.0527093 0.124596 0.992094 0.0150255 -0.00838998 0.0210905 -0.0177882 0.999619 -0.0208216 0 0 0 1
###
0.17546 0.190047 -0.706379 
0.639253 -10.2468 -6.33359 
2.18913 -8.20615 9.55416 
-0.125515 0.232332 0.411176 
-0.0907084 0.119362 0.310957 
3.16088 -2.48326 0.664275 
1.19246 -2.92604 -1.76084 
0.422173 0.224727 -0.818946 
1.53356 -2.20241 0.289266 
0.79163 -0.358504 -1.97525 
0.228988 0.326922 -0.0920878 
2.50962 -4.35216 7.58729 
1.19453 -2.43881 -1.37611 
0.696994 -1.7556 -2.0401 
0.344347 0.311849 -0.299626 
1.92883 -7.28143 8.20134 
0.0151686 -1.17112 2.5811 
-0.0697143 0.234181 0.278004 
2.15613 -2.74514 1.38452 
0.326111 -3.61663 1.83877 
0.730874 -3.64657 1.64142 
0.294864 0.0362768 -1.27886 
0.362324 -0.365702 0.52819 
1.22736 -1.61174 0.226031 
-0.134076 0.170016 0.356271 
0.448079 -4.3308 2.15451 
-0.350221 -1.27777 -0.623976 
-0.00119779 -1.14861 2.54252 

0.444624 0.351453 0.0768354 
3.19821 -2.851 0.524939 
-1.65374 -1.96089 1.76532 
-0.0213204 0.322899 0.173423 
0.323056 0.3247 0.142585 
-0.259212 0.0541789 0.323149 
-0.0340209 -0.418317 0.600878 
0.278957 0.353809 0.16966 
0.181463 -0.681298 0.707233 
-0.0457607 0.321584 0.178103 
-0.0646161 0.321205 0.181437 
0.69862 -0.563313 0.432969 
-2.38383 -2.62764 2.4271 
-0.12444 0.0608908 0.305061 
-0.216705 0.317261 0.215178 
2.24498 -2.90546 0.983636 
-1.34381 -1.37169 0.216971 
-0.0761405 0.302315 0.115837 
3.37574 -3.01951 0.582964 
0.156884 -0.844474 0.358445 
0.173289 -0.940528 0.359284 
-0.156041 -0.207556 0.0725269 
-4.62292 -4.87188 2.80208 
-0.204283 0.314567 0.202267 
-0.567196 -0.15089 0.385486 
0.139923 -0.858726 0.259186 
0.118253 -0.161428 0.215715 
10.9524 -8.66475 4.79871 
