0.89478 -0.269063 -0.356333 0.215302 0.19016 0.951687 -0.241102 -0.0571668 0.403989 0.147974 0.902716 -0.258395 0 0 0 1
0.914332 -0.0319239 -0.403705 -0.00747964 0.0671849 0.995031 0.0734796 0.00731689 0.399353 -0.0943076 0.911934 -0.00638219 0 0 0 1
###
2.27534 -2.31413 5.32997 
-4.75889 -7.28653 7.26231 
-0.0846773 -0.124686 0.716054 
0.382646 0.36836 0.472685 
-0.0851007 -0.118108 0.705473 
0.854117 0.335445 0.230049 
0.0843797 0.249747 0.600645 
-4.05748 -4.25473 6.77766 
0.341046 -1.32099 2.07349 
-0.122669 0.165464 0.496778 
-0.457605 -3.57394 2.22522 
0.233745 0.37749 0.543989 
-0.196546 -1.95422 1.45967 
3.81232 -2.82506 5.09243 
0.746084 0.451939 0.470398 
0.922513 -1.18159 1.86265 
0.306837 -0.679702 0.267561 
1.41631 -3.60748 0.278851 

0.105485 0.0116747 0.137368 
0.10036 -0.221224 0.259773 
-0.454665 -1.79248 2.18696 
0.104965 0.110754 0.00744632 
0.189054 -1.86255 2.41533 
-0.0596723 0.119985 0.217143 
-0.117028 0.313892 0.551469 
0.0750011 -1.46878 -0.58534 
0.245621 -0.371615 0.0619791 
0.0503777 -0.0848931 -0.0572268 
0.0914439 -0.402026 0.0183498 
0.106647 0.0124732 0.135331 
0.0694761 -0.371371 0.00762294 
0.0151428 -0.0140058 -4.4274e-05 
-0.04675 0.0960491 0.177685 
0.136151 0.0960362 -0.145695 
0.0155367 -0.016145 -0.00126109 
0.227803 -0.205583 -0.0288065 
