0.367037 -0.0283657 0.929774 0.227445 -0.201528 0.973371 0.109251 -0.15233 -0.908114 -0.227475 0.351546 0.159569 0 0 0 1
0.999934 -0.0114354 0.00101371 0.00778167 0.0114353 0.999935 8.4235e-05 0.00344337 -0.00101461 -7.26373e-05 0.999999 0.000962686 0 0 0 1
###
-0.0072678 0.152344 -0.237658 
-0.127227 -0.441714 -0.216581 
0.0436089 -0.012289 0.0341737 
-0.471361 -1.06479 -0.775405 
0.335943 -0.315946 0.409477 
0.35105 -0.430304 0.585404 
-0.305126 0.237658 -0.231998 
-0.0650777 0.141152 -0.142205 
-0.0058107 0.15377 -0.237876 
-0.11668 -0.382552 -0.221951 
-0.864393 -0.0394417 -0.292984 
0.00331977 0.162708 -0.239255 
-1.95796 -1.92183 1.25957 
0.0294785 0.232975 -0.0638896 
-1.0661 -0.292602 -0.246984 
-0.0525457 0.242446 -0.227701 
-0.00223655 -0.290965 -0.240965 
-0.0812193 -0.272779 -0.135408 
-0.00640997 0.134332 -0.19148 
-0.665914 -0.351973 -0.441342 
0.0194743 0.20478 -0.123228 
-0.00117021 0.245157 -0.219329 
0.0320143 0.21275 -0.162141 
-1.20243 0.111167 -0.58194 
-0.0327933 0.229969 -0.284708 
0.0651761 -0.460092 0.638899 
-1.12309 -1.0483 0.271184 
-0.126416 0.0235623 -0.156578 
0.195104 -0.00485896 0.105321 
0.0201784 0.20402 -0.132158 
-0.120546 0.227966 -0.29353 
-0.0375752 0.229932 -0.286365 
-1.1104 -1.04345 -0.169784 
-0.206697 0.00156125 -0.586736 
0.0117609 -0.686876 -0.0194623 
-0.894304 -0.796758 0.552256 
-0.268865 -0.704921 -0.643796 
-0.720716 -0.572512 0.0210056 
-1.08632 -1.08073 0.986399 
-0.141432 -0.0531063 -0.548943 
-1.13394 -0.312501 -0.287123 
-0.0328032 0.163127 -0.18233 
-0.0295079 0.244233 -0.218963 
-0.00371168 0.240874 -0.207528 
-0.542804 0.28959 0.20352 

-0.617356 -1.29203 1.61233 
-0.0297356 0.283188 0.189253 
-0.969613 -1.83741 1.32115 
-2.21413 -3.669 1.42662 
6.61995 -4.5966 0.761944 
0.898145 -1.07512 0.0984765 
1.92758 -0.028757 0.408546 
-0.105371 0.140063 0.35912 
-0.803376 -1.72611 1.61917 
0.172752 0.00884775 0.265927 
0.0815667 0.0627854 0.36234 
-0.83107 -1.53326 1.08904 
-1.23359 -2.27109 1.53159 
-1.23085 -0.771012 0.209162 
0.0302799 -0.0436041 0.433782 
0.216961 -0.0401349 0.19245 
0.0264791 -0.110417 0.415279 
-0.992936 -4.25044 2.37388 
-0.606356 -1.10025 1.46278 
2.5807 -1.26412 1.38775 
1.92146 -0.0410408 0.417725 
0.0699638 0.219691 0.211528 
-1.23728 -0.781684 0.220312 
-0.973772 -3.14159 2.19393 
0.16756 -0.0398139 0.237401 
-1.35075 -2.6579 1.88889 
5.49709 -5.53174 5.40388 
2.54882 -4.31579 7.17705 
-0.884833 0.3775 0.682942 
-0.0706164 0.111299 0.31122 
0.215296 -0.0401637 0.192042 
-0.130039 0.328886 0.14413 
-1.06184 -1.96884 1.32422 
-1.26417 -0.762474 0.153355 
0.874918 -3.72284 1.4111 
4.09313 -3.84284 5.79461 
0.156986 0.116021 0.17192 
-0.94091 -1.961 1.51804 
0.10904 -3.51563 6.17748 
-1.08499 0.150601 0.369224 
-4.0713 -6.27019 0.19961 
1.25396 -1.47756 0.557371 
0.214626 -0.0401337 0.193154 
-1.01444 0.290851 0.438006 
-0.89619 0.34672 0.586853 
