-0.285541 -0.119503 0.950887 0.0689194 -0.339599 0.940431 0.0162109 0.310237 -0.89618 -0.318291 -0.309114 0.868032 0 0 0 1
0.99979 -0.0132562 -0.0156588 -0.00222171 0.0130957 0.999861 -0.0103104 -0.00480439 0.0157933 0.0101031 0.999824 -0.0186453 0 0 0 1
###
-0.682916 -1.3177 -1.92472 
-1.86605 -3.22657 0.816601 
0.501905 -0.0754571 0.280913 
0.766981 -0.0334356 -0.748966 
-0.301209 -3.51519 -2.13705 
-1.26491 -2.42815 1.78879 
0.0232818 -8.29758 -5.52915 
0.690781 -0.355301 0.034958 
-0.386746 -1.36549 -1.4642 
0.539766 -0.0413847 0.356369 
0.5775 -0.0336082 0.348348 
0.872221 0.121447 0.101283 
0.608385 -1.56842 0.0486335 
-0.61582 -3.7688 -2.28893 
0.663639 0.113654 0.0805479 
0.865121 -1.45369 0.0457191 
-0.137566 -1.51784 1.82549 
0.604746 -0.594638 -2.52575 
0.488862 -0.0767258 0.337777 
0.627087 0.110324 0.0433818 
-2.74326 -4.49644 -1.34257 
1.03926 -1.48843 0.224045 
-1.52286 -4.31183 -2.03886 
-0.536819 -3.20714 1.72152 
1.0409 -1.48529 0.226196 
0.867239 -1.5202 0.0189163 
0.363585 -4.52024 -2.43399 
0.817892 0.132641 0.154707 
-2.59979 -6.06363 -3.1126 
0.802928 0.0930888 -0.0263666 
0.271568 -2.71517 0.907522 
-1.4225 -4.07713 -1.91439 
0.700332 -1.51368 2.21313 
0.535667 -1.96584 3.09603 
0.615016 0.0335609 0.225687 
0.902211 -0.0800085 0.204847 
-2.56612 -4.23087 -1.32178 

-0.740705 -0.96467 1.83397 
-1.76965 -4.86478 6.00087 
-0.0555453 0.211681 0.416794 
-2.37657 -2.5861 0.326508 
-1.67941 -1.86037 1.14267 
-1.82128 -2.93844 2.5235 
-2.59836 -3.36406 1.64302 
0.139348 -2.69754 4.6579 
-0.807714 -1.54948 2.23702 
-0.276127 0.239119 0.161916 
-1.52773 -1.7998 0.23977 
-0.919959 0.493209 1.17583 
-2.02914 -5.75153 3.64932 
5.09737 -6.15365 7.03556 
-0.461334 0.44547 1.01106 
-1.78344 -0.973382 0.634272 
-1.5721 -2.59157 2.24652 
-1.34902 -0.232084 0.774277 
0.0337791 0.176903 0.330921 
0.0148354 -0.0545798 0.562674 
-1.97618 -6.75725 8.75942 
1.3974 -2.4674 0.70785 
-3.3448 -4.0795 1.01014 
-2.29048 -6.02406 4.13366 
1.40578 -2.46648 0.707284 
12.3523 -15.2634 6.32942 
-1.33293 -2.15292 1.83074 
0.180437 0.0919623 0.513811 
-2.41015 -4.1203 3.43595 
-0.11309 0.245333 0.178985 
1.31982 -6.13491 1.51968 
5.13692 -6.71119 7.43555 
-1.21584 -2.27894 2.21358 
0.590186 -5.46353 2.14039 
0.293889 -0.136463 0.335377 
1.91635 -1.53242 0.0132341 
-3.37413 -3.91938 1.10432 
