-0.0310109 -0.356374 -0.933829 0.264772 -0.00151376 0.934294 -0.356501 -0.129186 0.999518 -0.00964176 -0.0295126 0.275635 0 0 0 1
0.991983 -0.124232 -0.0231401 0.0527094 0.124596 0.992094 0.0150255 -0.00839002 0.0210905 -0.0177882 0.999619 -0.0208216 0 0 0 1
###
0.280018 0.247224 -0.479061 
0.388085 -0.321708 -1.09407 
-0.182548 -0.0695722 0.528551 
0.746958 -1.71063 0.343873 
3.15483 -2.47944 0.664083 
0.627918 -10.2575 -6.32277 
0.59014 -9.56403 -5.97884 
0.781785 -0.394592 -1.99391 
0.168266 0.18916 -0.695656 
0.0262965 -0.106103 0.415122 
1.05961 -1.40997 0.833683 
-0.079044 -0.836315 1.99076 
0.00750341 -1.15727 2.55605 
-0.126176 0.166928 0.365076 
1.35594 -0.0535453 -0.435975 
0.011754 -0.0946656 0.407632 
-0.133948 0.17011 0.35652 
0.158665 0.0299554 0.313337 
-0.335645 -5.73492 -0.625489 
-0.303372 -2.60224 -0.498999 

0.0567844 0.336459 0.208813 
0.124168 -0.00833046 0.294269 
-2.65774 -2.63009 0.703629 
0.0993184 -0.610899 0.508316 
-0.249189 0.0558717 0.313133 
-0.0457607 0.321584 0.178103 
1.7204 -1.57067 0.210402 
-0.000824838 0.324139 0.175048 
0.444624 0.351453 0.0768354 
-0.337514 -0.817111 0.868936 
3.37574 -3.01951 0.582964 
-0.945911 -0.869751 0.133435 
-1.34381 -1.37169 0.216971 
0.394137 0.358933 0.122646 
-0.173276 -0.0944103 0.355213 
-0.325264 -0.795764 0.854093 
0.111716 0.00750173 0.275903 
-0.1213 0.0709197 0.322826 
0.298351 -0.549129 0.0807483 
1.43981 -2.64239 0.00805692 
