0.629743 -0.115016 0.768241 0.213525 -0.0510563 0.980711 0.188678 -0.132342 -0.775124 -0.158042 0.611724 0.206357 0 0 0 1
0.999934 -0.0114136 0.00112202 0.00774154 0.0114135 0.999935 8.12627e-05 0.00344512 -0.00112288 -6.84512e-05 0.999999 0.00094681 0 0 0 1
###
-0.168504 0.103801 -0.257864 
-0.0636152 0.0933437 -0.191179 
-1.13041 -1.18997 -0.404864 
-0.127227 -0.441714 -0.216581 
-0.415422 -0.259634 -0.0970548 
-2.65774 -2.63009 0.703629 
-0.755912 -0.0790904 -0.259176 
-0.305293 -0.174034 0.0297852 
-0.565184 -0.666354 -0.484703 
-0.014839 0.168828 -0.26394 
-1.4177 -1.37351 1.01921 
-0.108755 0.0540348 -0.223036 
-0.078832 -0.238736 -0.151784 
-0.0758156 0.231759 -0.26238 
-0.864393 -0.0394417 -0.292984 
-1.22144 -1.29396 -0.41926 
-0.0118266 0.139078 -0.153179 
-1.24903 -0.130586 -0.353756 
-0.0497264 0.243295 -0.216837 
-1.12309 -1.0483 0.271184 
0.00116869 0.161531 -0.238175 
-0.0640886 0.230091 -0.273975 
-0.0691688 0.244543 -0.210388 
-0.0529063 0.244295 -0.214562 
-1.52785 -1.47643 0.828785 
-0.283383 -0.167932 0.0965422 
-0.0654171 0.0954055 -0.213062 
-0.278195 0.200014 -0.358966 
-0.120546 0.227966 -0.29353 
-0.00387777 0.239248 -0.252369 
0.0432632 0.254048 -0.178002 
-0.08158 0.142626 -0.1298 
-1.32701 -1.23298 0.36752 
-1.76507 -1.7859 0.795362 
-0.00371112 0.240874 -0.207527 
-0.904256 -0.824577 0.783474 

-0.608203 -1.09115 1.46858 
-0.803016 -1.72521 1.61833 
-2.21039 -3.66248 1.42395 
-0.0297111 0.283294 0.189271 
-1.05309 -1.94716 1.3082 
-0.847711 -1.76369 1.53698 
4.26754 -1.88235 2.05588 
-0.482209 -1.64675 2.24936 
-0.141483 -2.6469 4.5511 
-1.25936 -0.888047 0.52109 
4.08794 -3.83867 5.7888 
-0.941149 -1.96141 1.51874 
-0.991894 -4.24377 2.36879 
-0.979259 0.37394 0.66977 
-0.067977 0.202868 0.288024 
-1.22298 -1.94332 0.700558 
0.134519 0.0921163 0.192842 
0.603968 -0.352446 0.0582126 
0.201286 0.0692799 0.167244 
-2.24591 -9.53671 10.7376 
5.49759 -5.5324 5.40467 
-0.131153 0.101623 0.363588 
-0.629552 0.355839 0.432225 
-1.23062 -0.770771 0.209069 
-2.53354 -7.77258 8.63717 
4.07629 -4.16405 5.99676 
2.54367 -4.30939 7.16607 
-1.23784 -0.781899 0.220367 
0.0809969 0.168533 0.250964 
1.927 -0.0286412 0.408162 
-0.378338 0.332367 0.19546 
3.85189 -3.57974 5.52536 
5.81988 -6.48545 5.73061 
2.18746 -8.20791 9.55483 
-1.01455 0.290887 0.437984 
-0.606489 -1.10089 1.46397 
