0.899125 -0.242454 -0.364405 0.225599 0.105383 0.927984 -0.357407 -0.0460745 0.424817 0.282951 0.859924 -0.1898 0 0 0 1
0.914332 -0.0319239 -0.403705 -0.00747964 0.0671849 0.995031 0.0734796 0.00731689 0.399353 -0.0943076 0.911934 -0.00638219 0 0 0 1
###
0.861429 0.337392 0.220605 
-1.91477 -1.53538 2.03286 
-5.29925 -8.141 8.14424 
0.718067 -1.61651 1.7243 
2.31289 -2.3453 5.39874 
-0.197622 0.24796 0.318538 
1.48519 0.706089 0.833043 
0.99096 -1.01258 0.187339 
0.642781 0.493369 0.563572 
-0.196993 0.248107 0.318939 
7.77253 -8.21303 0.259466 
0.22201 0.229181 0.257551 
0.914336 0.352936 0.218365 
-4.56805 -3.95761 4.53905 
0.731919 0.429946 0.423865 
-0.0605886 -0.114615 0.732855 
-4.08895 -4.28814 6.83893 
0.976786 -0.749842 2.31579 
0.746819 0.452019 0.471048 
-0.15348 -1.19008 1.03604 
-2.6573 -3.99378 8.42901 
-0.146767 0.288088 0.357634 
0.359682 -0.556866 0.231054 
0.208413 -0.511994 0.291883 
0.203544 -0.458657 0.274876 

0.0884801 0.113743 0.0807769 
0.0123303 -0.0448328 0.0437599 
-0.109498 -0.474232 0.597541 
0.243432 -0.374203 0.079358 
0.416471 -0.659912 -0.49399 
-0.0339282 0.0978358 0.183318 
0.049477 0.0446671 -0.0546141 
0.0171055 -0.0142904 -0.00135438 
0.128669 0.106262 -0.0506679 
-0.260166 -0.129878 0.380897 
0.102096 0.110154 0.0153987 
0.086912 0.117161 0.0983765 
0.132924 0.105844 -0.17514 
0.13063 0.0970247 -0.131391 
-0.117028 0.313892 0.551469 
0.0155111 -0.0144041 -0.000252152 
-0.0713172 -0.268464 0.317545 
0.414703 -0.660078 -0.505997 
0.105067 0.112965 0.0287431 
0.0694761 -0.371371 0.00762294 
-0.0793534 -0.333984 0.399825 
-0.247495 0.0310226 0.315614 
0.0158412 -0.016766 -0.00140831 
0.528261 -0.545907 -0.204312 
0.0155367 -0.016145 -0.00126109 
