0.0259991 -0.357639 -0.933498 0.275923 0.0167148 0.933838 -0.357304 -0.122272 0.999522 -0.0063136 0.0302569 0.337463 0 0 0 1
0.991983 -0.124232 -0.0231401 0.0527094 0.124596 0.992094 0.0150255 -0.00839002 0.0210905 -0.0177882 0.999619 -0.0208216 0 0 0 1
###
2.39694 0.311167 -2.653 
0.00773573 -1.15611 2.5546 
0.362442 0.318495 -0.260999 
-0.322677 0.354894 0.240381 
0.0118409 0.173677 0.638916 
3.15271 -2.47926 0.662042 
6.05265 -5.75786 -1.22216 
1.11616 -1.63684 2.84158 
0.34474 0.312017 -0.299909 
0.573724 -9.59922 -5.94015 
1.84754 -3.26134 5.60924 
1.05984 -1.41017 0.833535 
4.9983 -4.50981 -0.636787 
0.353657 0.256232 -0.54664 
2.50384 -4.33709 7.54299 
0.695281 -1.75569 -2.04208 
-0.339924 -0.115068 0.0654098 
0.249338 -2.13901 1.10531 
2.5385 -4.30363 7.1538 
5.60374 -5.08489 -0.762617 
-0.330767 -6.46434 -1.27303 
0.804029 -12.9633 -8.02239 
1.49926 -0.0751343 -0.500916 
6.68774 -4.92548 0.666669 
0.32743 -3.62108 1.8414 
-0.328468 -1.26665 -0.314157 
-0.468888 -2.96228 3.85781 
-0.203046 0.353632 0.137529 
-0.192181 0.288783 0.320546 
0.00730447 -1.16403 2.57108 
-0.294612 -4.48827 -1.0686 

0.119832 0.338224 0.192376 
-2.65774 -2.63009 0.703629 
0.206387 0.309365 0.157758 
0.427207 0.336508 0.0738501 
-0.422181 0.167506 0.302344 
2.40271 -1.88823 0.856944 
-7.44162 -7.16312 4.53261 
0.0944601 -0.128446 0.176003 
-0.116307 0.317615 0.189605 
-0.0461231 0.319835 0.178309 
0.732184 -0.612566 0.449231 
3.37574 -3.01951 0.582964 
-0.239707 -0.0542074 0.354239 
-0.567196 -0.15089 0.385486 
1.45078 -1.15411 0.985896 
-0.0853858 0.112455 0.290404 
-1.06702 -1.35566 0.105628 
0.173289 -0.940528 0.359284 
0.714782 -0.576366 0.443178 
0.25186 -0.506404 0.685435 
0.811064 -1.81381 -0.00214654 
0.870098 -1.25297 0.101888 
-0.0771548 0.310061 0.122014 
2.4292 -1.88939 0.848587 
0.16709 -0.843307 0.437172 
0.298351 -0.549129 0.0807483 
-2.56488 -3.22887 0.193855 
-0.0651504 0.300697 0.0927337 
0.0139102 0.32475 0.174404 
-2.16325 -2.00203 0.308761 
0.0995552 -0.125743 0.165247 
