0.728309 -0.257383 -0.635075 0.0300679 0.266878 0.960144 -0.0830687 -0.0507761 0.631144 -0.108988 0.767971 0.098177 0 0 0 1
1 0 0 0 0 1 0 0 0 0 1 0 0 0 0 1
###
-0.304904 -1.45258 1.85488 
0.125248 -0.244081 -0.218417 
-0.071816 0.0933126 -0.0290277 
0.103295 -0.187168 0.00773765 
-0.192264 -0.469348 0.656835 
-0.279134 0.0130921 0.419268 
-0.224169 0.0297736 0.313998 
-0.259163 -0.85639 1.11455 
0.126412 -0.570134 0.789996 
0.164051 -0.354552 0.426526 
-0.227034 -0.00613823 0.311189 
-0.209828 -0.058907 0.296419 
-0.0183905 -0.00779443 0.0209925 
-0.0921462 -0.123845 0.00439254 
-0.0390726 -0.279521 0.387936 
-0.830245 -1.64066 1.90416 
0.223548 -0.396139 0.0469532 
0.151724 -0.613074 0.853175 
-0.0550776 0.0926427 -0.033184 
-0.115031 -0.352736 0.472981 
0.108846 0.0939177 -0.160455 
-0.055184 0.0923879 -0.0383969 
-0.0304214 -0.0361831 -0.0382919 
-0.264434 0.0161678 0.172119 
0.0679286 -0.361474 0.527696 
0.431974 -1.06011 -0.483169 
-0.0958825 -0.132145 0.00791331 
0.0873511 0.0453252 0.211218 
-0.0355142 0.0473944 -0.0330727 
-0.00686303 0.0790419 -0.00948462 
-0.0876448 0.0981079 0.0339745 
-0.100576 -0.434038 0.579558 
-0.00922997 -0.0550248 0.106195 
-0.122626 -0.145612 0.0115893 
0.165668 -1.63486 2.1341 
-0.0445971 0.0881865 -0.057756 

0.298861 -0.6454 0.0290005 
0.810682 -0.681378 0.109876 
1.7064 -1.79377 4.41952 
5.21029 -4.28255 4.8252 
-2.41512 -3.42852 7.81682 
-4.68323 -4.13844 5.62379 
0.0953704 0.226282 0.044322 
0.788786 -1.31019 0.0451727 
-1.38969 -1.4854 1.27375 
-4.10328 -4.30263 6.86764 
-0.592546 0.251459 0.218268 
0.200957 0.0416038 0.782527 
0.89789 -1.57966 0.0586386 
1.13379 -1.57068 2.42202 
-1.46325 -1.41875 1.37958 
3.6684 -2.7259 1.77081 
-1.37423 -4.10078 1.67084 
-1.37902 -1.47224 1.26198 
0.184572 0.199113 0.213505 
-0.517392 -1.46753 4.04546 
-1.79928 0.609387 1.15278 
-0.107049 0.213227 0.0421766 
0.188068 -3.69523 2.65987 
2.69122 -0.395562 0.537095 
-4.28794 -4.52571 7.21544 
-0.669043 -3.59251 2.03761 
0.85589 -0.902935 2.26047 
-0.329563 0.12907 0.731671 
-0.447072 0.301312 0.305606 
-0.177201 0.252876 0.135633 
-0.592341 0.253666 0.225259 
4.68705 -3.91546 4.3616 
-1.31903 0.808821 1.51257 
3.77755 -1.57322 0.385337 
-2.6584 -3.99854 8.43895 
0.0127466 0.299639 0.451194 
