0.910707 -0.210287 -0.355516 0.207348 0.128116 0.962064 -0.24087 -0.0581101 0.392681 0.173815 0.9031 -0.119132 0 0 0 1
0.91419 -0.032188 -0.404005 -0.00739984 0.0674605 0.99502 0.0733753 0.00732118 0.399631 -0.0943333 0.911809 -0.00638997 0 0 0 1
###
-0.366512 0.140106 0.737536 
-4.74135 -7.26163 7.23264 
-4.86435 -5.20511 8.22733 
0.820539 0.441861 0.435201 
2.22662 -2.26804 5.23434 
-0.188642 0.281843 0.19984 
-4.10328 -4.30263 6.86764 
0.654054 0.315698 0.262727 
0.643603 0.49378 0.564041 
2.17313 -3.66823 0.248536 
0.184572 0.199113 0.213505 
0.867978 0.344662 0.232484 
-5.58946 -9.02828 8.69818 
-2.6584 -3.99854 8.43895 
-2.36747 -1.93798 2.46776 
3.04479 -1.38457 0.437712 
0.958197 0.397182 0.319502 
-0.457067 -3.5908 2.23803 
-1.57223 -2.20675 4.95803 
0.290572 -1.22399 2.14612 
0.499397 -0.812098 0.0875707 
1.45011 0.443045 1.61995 
4.27977 -3.19643 5.80963 
2.04946 -1.40165 2.58128 
-0.123992 -1.35299 1.10977 
0.777437 -1.2926 0.04376 
1.6454 -7.40147 14.4804 
1.34638 1.01845 1.77094 
0.788786 -1.31019 0.0451727 
1.14307 -0.241203 1.89339 
-0.0664076 -0.0382196 0.635662 
0.89789 -1.57966 0.0586386 
3.1902 -1.37919 0.355308 

0.085511 0.0679184 0.196238 
0.100633 -0.221859 0.260598 
0.167685 -1.66779 2.17554 
0.0823992 0.124537 0.149868 
0.106639 0.0124778 0.135327 
-0.0467867 0.0961627 0.177866 
0.0164691 -0.178619 0.219409 
0.0869063 0.117161 0.0983727 
-0.0500963 0.103484 0.191167 
0.0575893 -0.0447013 -0.0139824 
0.0884609 0.113725 0.0807642 
0.0892011 0.115397 0.0725775 
0.243367 -0.374201 0.0793545 
-0.0790794 -0.332889 0.398599 
0.106366 0.0130267 0.135759 
0.133983 0.00234367 0.105944 
0.0850312 0.10872 0.0586908 
0.0370715 -0.135038 0.00624677 
-0.466333 -1.83863 2.24406 
0.050013 -0.0840019 -0.0565467 
0.0158061 -0.0169596 -0.00137171 
0.141627 -0.0578326 0.000951892 
0.102113 0.110191 0.0153943 
-0.495476 -0.729017 0.623564 
0.090184 -0.41417 0.0141089 
0.0156247 -0.0174848 -0.00147045 
0.390208 -0.456723 0.330966 
0.124339 -0.0694743 0.124149 
0.0600091 -0.507195 -0.242978 
0.0888962 0.0897935 0.0716094 
-0.047121 0.0957949 0.176676 
0.0155658 -0.0161325 -0.00122282 
0.0924175 0.113195 0.0441407 
