-0.0110883 -0.0542019 0.998469 -0.153956 -0.241303 0.969165 0.0499314 0.228324 -0.970387 -0.240379 -0.0238254 0.874985 0 0 0 1
0.99979 -0.0132562 -0.0156588 -0.00222171 0.0130957 0.999861 -0.0103104 -0.00480439 0.0157933 0.0101031 0.999824 -0.0186453 0 0 0 1
###
0.740572 0.10857 0.279684 
0.495501 -0.147984 0.310337 
-0.232435 -2.23625 -1.07183 
0.436594 -0.969685 -0.403946 
-1.81697 -5.07322 -2.49317 
-0.0414391 -9.2243 -6.19014 
-1.03727 -2.38458 -0.596622 
0.439161 -3.99898 -2.13647 
-2.8013 -4.99971 -1.62667 
0.593684 -0.174531 0.271187 
0.552686 -0.0345389 0.36227 
-0.235017 -1.31266 -2.27374 
-0.23067 -1.63514 -2.34534 
-0.273905 -1.39175 -2.54968 
0.634552 -1.5555 0.142991 
0.86623 -1.48198 0.0381664 
0.609842 -1.55597 0.0525998 
-2.0223 -4.93396 -2.5758 
0.622539 -0.180474 0.243083 
-0.90574 -3.26658 1.82754 
-2.35174 -4.18327 -1.22021 
0.536437 -0.240994 0.259236 
0.635278 -0.00954353 0.203157 
-1.486 -3.9614 -2.02395 
0.512819 -0.0299683 0.398885 
-0.989712 -3.4297 2.01065 
0.794065 0.101869 -0.0422579 
-0.44189 -1.2936 1.34675 
-0.187944 -1.91096 2.62616 
-2.58922 -4.53179 -1.34806 
0.55689 -0.664417 -0.182266 
0.600162 -1.56614 0.0501458 
0.742261 0.13006 0.257706 
0.494697 -0.0830513 0.449772 
-0.993909 -0.0565484 -0.624366 

0.186557 -0.144706 0.605648 
2.99614 -1.98533 0.420245 
-1.76965 -4.86478 6.00087 
-1.67941 -1.86037 1.14267 
0.128879 -6.55351 11.4536 
-1.83335 -2.3622 1.2555 
0.253599 -3.21222 5.72129 
-2.53204 -8.8696 10.668 
-3.24533 -5.10366 4.07916 
-0.320573 0.238625 0.139329 
0.202282 0.168479 0.162809 
-1.85837 -2.24987 0.298724 
0.00572124 0.265483 0.275882 
0.199976 0.148002 0.496851 
-0.774063 0.42188 1.74129 
-0.46093 0.440132 0.999853 
-2.02914 -5.75153 3.64932 
-0.817049 -1.57569 2.23053 
0.00514243 0.263632 0.274875 
-1.39601 -5.09088 3.42993 
5.02794 -6.59149 7.39367 
1.3974 -2.4674 0.70785 
2.91795 -0.846422 0.415078 
-3.37413 -3.91938 1.10432 
-1.77847 -0.621651 0.593807 
0.0705574 0.251097 0.248745 
0.239492 0.0385814 0.403538 
-0.807714 -1.54948 2.23702 
-1.5721 -2.59157 2.24652 
-3.3448 -4.0795 1.01014 
7.36601 -10.2239 8.00453 
-1.67795 -4.85447 3.70976 
-0.276127 0.239119 0.161916 
0.0916091 0.238935 0.184674 
-1.01117 0.439148 0.953967 
