0.84732 -0.0940183 0.522694 0.145576 -0.00668927 0.982238 0.187521 -0.131079 -0.53104 -0.162387 0.831641 0.258341 0 0 0 1
0.999934 -0.0114328 0.00107495 0.00776144 0.0114327 0.999935 7.14959e-05 0.00345948 -0.0010757 -5.92016e-05 0.999999 0.00094509 0 0 0 1
###
0.0108327 0.178559 -0.259797 
0.0164517 0.089206 -0.13437 
0.0204985 0.204175 -0.125057 
-0.415422 -0.259634 -0.0970548 
0.0651761 -0.460092 0.638899 
0.00988343 0.177914 -0.259074 
0.00380796 0.188643 -0.112175 
-0.864393 -0.0394417 -0.292984 
-2.20502 -2.22936 0.779604 
-1.13041 -1.18997 -0.404864 
-0.734013 0.00894438 -0.276037 
-0.068198 0.243692 -0.210613 
-0.110488 -0.36571 -0.126971 
-1.4177 -1.37351 1.01921 
-0.108787 -0.35369 -0.221646 
-0.143566 -0.35085 -0.131592 
-1.28612 -1.20787 -0.118978 
-1.09397 -0.185668 -0.274997 
-0.00374982 0.183223 -0.128635 
-0.0689897 0.244405 -0.2104 
-0.924715 -0.273102 -0.0611875 
-1.24903 -0.130586 -0.353756 
-0.383072 -0.245143 -0.222396 
-0.137906 0.112514 -0.228789 
-0.0961494 -0.322069 -0.220351 
-0.0645946 0.230397 -0.28255 
-1.42228 -0.310116 -0.266928 
0.0201785 0.20402 -0.132158 
-0.0233497 0.202003 -0.182707 
0.0418625 0.256261 -0.178587 
-0.0652036 0.230352 -0.274217 
0.165408 -0.758576 0.479104 
-0.863311 -0.761287 0.555797 
-0.283383 -0.167932 0.0965423 
0.0902463 -0.721729 0.480303 
-0.118278 -0.280517 -0.145311 
-0.0153315 0.183367 -0.156556 
-0.193509 0.234683 -0.243704 
0.706334 -0.79756 -0.00491234 

-1.90487 -3.55172 0.923436 
1.08967 -1.39358 0.374241 
0.0639522 -0.0709387 0.356438 
0.108589 -3.50862 6.16576 
-0.969393 -1.83681 1.32076 
4.07915 -4.16206 5.9958 
0.113019 0.172913 0.219774 
2.57395 -1.26088 1.38418 
-0.482213 -1.64677 2.24938 
-2.2101 -3.66198 1.42378 
-0.608092 -1.09094 1.46832 
-0.892604 0.349775 0.592983 
-0.990744 -4.2384 2.36585 
4.0865 -3.83633 5.78471 
2.01361 -1.58512 2.15181 
-1.20281 -4.8386 2.81356 
2.5385 -4.30363 7.1538 
-0.015847 0.29591 0.102907 
0.068961 0.221474 0.210232 
-0.132016 0.353873 0.110224 
-0.656038 -1.17452 1.52107 
0.00775379 -0.0010061 0.455702 
-1.23356 -2.27087 1.53158 
0.0302777 -0.044386 0.435024 
-0.139333 0.111736 0.381481 
1.92627 -0.0285985 0.407916 
0.192839 0.0674265 0.165654 
-0.5413 0.406419 0.594293 
0.0815668 0.0627906 0.362377 
-0.984551 0.311979 0.490018 
3.15271 -2.47926 0.662042 
-0.656943 -3.81829 2.44316 
-11.5565 -30.5632 33.0793 
-0.00552901 -0.379545 0.641155 
-1.11822 -4.82046 2.69266 
-1.03188 -4.42313 2.47479 
-0.881453 0.375769 0.67563 
1.23363 -1.43339 0.546364 
-1.04526 -1.93187 1.29807 
