0.0281234 -0.307066 -0.951273 0.255583 0.186467 0.936556 -0.296803 -0.0550483 0.982059 -0.169034 0.0835968 0.391513 0 0 0 1
0.991983 -0.124232 -0.02314 0.0527095 0.124596 0.992094 0.0150255 -0.00839012 0.0210904 -0.0177882 0.999619 -0.0208216 0 0 0 1
###
-0.442348 -1.98501 -1.22845 
0.165538 0.188719 -0.693728 
2.15435 -8.08697 9.41684 
0.00839211 0.174422 0.633221 
-0.320469 0.356065 0.239859 
-0.305572 -2.06874 -0.714333 
0.293401 0.24854 -0.489017 
4.07652 -4.15869 5.99121 
0.0497021 -1.21651 2.65063 
3.44431 -2.74743 0.588243 
-0.431784 -2.88427 -1.70726 
0.758784 -1.70745 0.340962 
0.0112783 -1.17322 2.5854 
0.699535 -1.7651 -2.05467 
4.60736 -9.02971 -3.26433 
1.52925 -0.0795969 -0.513189 
-0.272177 -0.784879 0.658092 
1.93948 -7.5828 8.92727 
1.49852 -0.0748358 -0.501102 
1.05231 -1.39638 0.838581 
1.42441 -4.10486 7.58398 
10.7049 -9.88827 6.04022 
-0.202737 0.353852 0.137837 

-0.0461231 0.319835 0.178309 
-0.216705 0.317261 0.215178 
-1.65374 -1.96089 1.76532 
-0.42218 0.167506 0.302345 
-0.0651504 0.300697 0.0927337 
0.870098 -1.25297 0.101888 
-0.358247 0.333726 0.257073 
0.69862 -0.563313 0.432969 
-1.77672 -1.82375 1.78684 
-0.489063 0.102991 0.591478 
3.19821 -2.851 0.524939 
0.139172 -0.829845 0.523287 
-2.65774 -2.63009 0.703629 
-0.0837224 0.111951 0.285791 
-0.0461113 -0.0516994 0.0263608 
0.115358 0.0163378 0.278993 
0.173289 -0.940528 0.359284 
0.0847406 -0.885086 0.757557 
-0.0771548 0.310061 0.122014 
3.37574 -3.01951 0.582964 
-2.5598 -2.68695 2.59823 
-0.217631 -0.754876 0.941787 
-0.153087 0.317691 0.195327 
