-0.131305 -0.285185 -0.949436 0.414721 0.354528 0.880881 -0.313623 0.174507 0.92578 -0.377782 -0.0145576 0.403491 0 0 0 1
1 0 0 0 0 1 0 0 0 0 1 0 0 0 0 1
###
1.01052 -5.0239 8.76104 
0.273122 -0.0260797 -0.94299 
-0.668367 -0.876989 -0.165651 
0.105872 0.231416 0.886306 
-0.243881 0.321186 0.49729 
11.6744 -12.4725 4.33766 
4.17985 -4.94544 0.587931 
0.5449 0.0935473 -0.331803 
0.198478 -0.0178034 -0.79498 
3.22945 -6.3949 9.06514 
1.23388 -2.42347 1.12482 
0.507992 0.109859 -0.278956 
0.692634 -2.66896 0.527525 
5.02803 -6.58838 7.38664 
0.0590604 0.214872 0.284537 
1.92298 -0.102669 -2.56483 
0.0481703 0.104748 0.535909 
1.2348 -2.41108 1.1345 
1.39967 -2.47203 0.70825 
3.34634 -6.61437 9.36123 
-0.62879 -0.487322 0.134885 
7.98286 -9.38358 3.30435 
0.00382729 0.119818 0.59055 
4.44756 -5.32226 0.424502 
-0.0914559 0.255796 0.409676 
0.0148372 -0.0546243 0.562768 
1.22369 -2.38787 1.12972 
2.48354 -6.72585 1.14814 
0.199848 -1.86337 3.70432 
-0.028123 -0.0445051 0.601165 
10.9416 -12.9911 4.37238 
2.2707 -2.36388 -0.471154 
-0.209253 0.302851 0.423132 

0.559653 -2.27441 3.51976 
-0.0128522 -0.045741 0.025724 
0.163385 0.0336797 0.306756 
0.356926 -0.112861 0.0901734 
0.128966 0.112309 0.0918702 
0.535558 -1.96524 3.09574 
2.05659 -2.1849 0.0292265 
-0.364569 0.140489 0.381911 
-0.495389 0.149404 0.358555 
-0.0533757 -0.725624 0.873164 
0.268519 -0.29615 0.336155 
-0.463683 0.13877 0.332093 
0.240153 0.0341913 0.163732 
0.272907 -1.89223 2.80921 
0.20215 0.0804694 0.0762826 
-0.382562 0.21099 0.622861 
0.204966 0.00958908 0.226121 
0.946774 -1.47159 0.483679 
1.03954 -1.48887 0.224076 
3.59199 -6.38299 8.01887 
1.64578 -2.38011 2.65721 
7.33123 -8.04996 2.06087 
0.196712 0.0216501 0.294891 
1.4511 -1.9783 -0.768131 
1.23336 -3.92876 0.238494 
-0.896025 -0.642988 0.262134 
0.887416 -1.53813 0.445659 
1.67926 -3.89296 0.318692 
0.360206 -1.32717 2.08864 
0.155953 0.0611185 0.197701 
0.141866 0.108435 0.115595 
-0.295025 -0.766597 1.14638 
0.175289 0.0143432 0.330271 
