0.801546 -0.147806 0.579377 0.201238 0.133897 0.988728 0.0669958 -0.165034 -0.582749 0.0238764 0.812302 0.21878 0 0 0 1
0.999935 -0.0113485 0.00114577 0.0077182 0.0113485 0.999936 2.44491e-05 0.00346436 -0.00114597 -1.14448e-05 0.999999 0.00092763 0 0 0 1
###
-0.0621222 0.229895 -0.281482 
0.0136493 -0.0467267 0.0490029 
-1.95796 -1.92183 1.25957 
-0.0927638 0.235135 -0.185148 
-0.864393 -0.0394417 -0.292984 
-0.0649638 0.230515 -0.275442 
-3.15352 -2.99186 1.0471 
-1.13041 -1.18997 -0.404864 
-0.105675 0.224137 -0.288618 
-0.883027 -0.151864 -0.267626 
-0.0640885 0.230091 -0.273977 
-2.20502 -2.22936 0.779604 
-0.0114986 0.138653 -0.149886 
-0.0587846 0.174642 -0.102293 
-1.4177 -1.37351 1.01921 
-1.0661 -0.292602 -0.246984 
-0.000711415 0.171217 -0.261593 
1.24574 -0.965013 0.880682 
0.000775986 0.161983 -0.247035 
-0.0410237 0.177807 -0.167758 
0.150451 -0.800292 0.535289 
-0.803482 0.202025 -0.230228 
-0.924715 -0.273102 -0.0611874 
-0.0237878 0.200904 -0.181739 
-0.065203 0.230353 -0.274218 
0.00299805 0.161535 -0.24802 
-0.362443 -0.191485 -0.110172 
-0.135202 -0.333716 -0.132904 
0.546472 0.870777 0.792002 
-0.0831763 0.142533 -0.128046 
1.28112 -0.982605 0.700665 
0.00302342 0.238319 -0.258798 
-0.00387852 0.239248 -0.252369 
-0.0666264 0.243337 -0.210911 
0.140871 -0.830291 0.530275 
0.00539745 0.167471 -0.257181 
0.0294286 -1.21867 0.27035 
-0.00571024 0.177232 -0.268919 
0.120128 -0.220133 0.403146 
-0.810128 0.204906 -0.216717 
-1.30199 -1.18827 0.87055 

1.92495 -0.0284766 0.407559 
-0.969568 -1.8372 1.32105 
4.07652 -4.15869 5.99121 
0.14334 0.0175711 0.203199 
0.000834505 0.186151 0.302457 
0.214972 -0.0401138 0.191878 
-0.831376 -1.53412 1.09016 
-2.21008 -3.66213 1.42396 
0.214423 -0.040089 0.193108 
-1.25991 -0.888481 0.521395 
-1.23088 -0.77096 0.209118 
-0.48215 -1.64662 2.24922 
5.01589 -3.60303 4.50558 
-0.0679761 0.20287 0.288024 
4.05459 -3.80589 5.74273 
0.030275 -0.0443719 0.434992 
0.106566 -3.46355 6.08795 
0.89897 -1.07612 0.0983988 
2.06287 -1.6675 2.23846 
0.168605 -0.0399113 0.238996 
-1.11437 -4.80257 2.68285 
-1.03048 -4.41654 2.47117 
-0.655896 -1.17427 1.52076 
2.38453 -3.908 7.00116 
1.97133 -0.108747 0.418437 
-0.94131 -1.96188 1.51909 
-2.24147 -9.51766 10.7167 
-0.662233 -3.74617 2.39639 
-0.855115 0.395805 0.729111 
3.82119 -3.55099 5.48263 
-0.642961 -1.79114 2.17684 
-0.131147 0.101617 0.363589 
0.0264628 -0.110398 0.415238 
-0.139336 0.11174 0.381497 
-0.637942 -3.75385 2.32407 
-0.845009 -1.75714 1.53161 
0.873849 -3.71501 1.40885 
-0.802854 -1.72492 1.61811 
-0.607873 -1.09047 1.46772 
-0.232825 -3.7853 2.23566 
-1.22312 -1.94357 0.700641 
