0.856819 -0.109451 0.503868 0.157886 0.0802782 0.993611 0.0793222 -0.16173 -0.50933 -0.0275152 0.860131 0.241579 0 0 0 1
0.999934 -0.0114328 0.00107495 0.00776144 0.0114327 0.999935 7.14959e-05 0.00345948 -0.0010757 -5.92016e-05 0.999999 0.00094509 0 0 0 1
###
-1.95796 -1.92183 1.25957 
-0.755912 -0.0790904 -0.259176 
0.0136493 -0.0467267 0.0490029 
-1.13041 -1.18997 -0.404864 
-1.42228 -0.310116 -0.266928 
-0.283383 -0.167932 0.0965423 
-0.0640885 0.230091 -0.273976 
-1.0661 -0.292602 -0.246984 
-1.09397 -0.185668 -0.274997 
-0.248627 -0.0925079 -0.0774839 
-0.44927 -1.19877 1.63646 
-1.35231 -1.49423 1.47912 
-0.0652034 0.230352 -0.274218 
0.15045 -0.800292 0.535289 
-0.0623143 0.230616 -0.280961 
0.0489716 -0.310454 0.421233 
-0.0691685 0.244543 -0.210388 
-0.0613897 0.230281 -0.280887 
0.497461 -0.686417 0.905107 
-0.111581 -0.374768 -0.118234 
0.0134899 0.140876 -0.0942414 
-0.491953 -0.485997 0.527289 
-1.15731 -0.212248 -0.273194 
-0.0995264 0.223714 -0.28766 
-0.135202 -0.333716 -0.132904 
-0.299008 0.201973 -0.368444 
-0.00139758 0.18374 -0.148647 
0.0238097 0.22585 -0.130465 
-0.23578 -0.0712208 -0.24669 
-0.0650406 0.241827 -0.212155 
0.611589 -0.657528 0.0706842 
-0.907497 -0.801959 0.536163 
0.249644 -1.46488 1.22186 
-0.0976523 0.0385754 -0.109519 
-0.0228498 0.171006 -0.170843 

-0.141384 -2.64626 4.55025 
-0.608092 -1.09094 1.46832 
0.108589 -3.50862 6.16576 
-1.22303 -1.9434 0.700583 
-0.5413 0.406419 0.594293 
2.50384 -4.33709 7.54299 
-1.23065 -0.770787 0.209083 
0.192839 0.0674265 0.165654 
1.92627 -0.0285985 0.407916 
-1.23356 -2.27087 1.53158 
-0.954873 -1.8448 1.40722 
2.08074 -1.62668 2.21815 
3.15271 -2.47926 0.662042 
-0.656943 -3.81829 2.44316 
0.020021 -0.0161496 0.373847 
-0.802915 -1.72502 1.61818 
-0.131148 0.101614 0.363573 
0.112581 0.175313 0.183654 
-0.941311 -1.96183 1.51906 
-0.990744 -4.2384 2.36585 
-0.118952 0.351948 0.0990386 
4.0865 -3.83633 5.78471 
0.0220381 0.238839 0.294441 
-0.14669 0.126703 0.40725 
-1.03188 -4.42313 2.47479 
-0.139333 0.111736 0.381481 
2.27784 0.768233 0.390672 
1.19931 -1.46007 0.477538 
-1.04526 -1.93187 1.29807 
-0.132826 0.102031 0.365624 
2.5385 -4.30363 7.1538 
3.84849 -3.5761 5.51969 
2.07967 -0.743736 0.411533 
-1.17587 -4.36437 5.25199 
-0.229318 0.310997 0.290584 
