0.821068 -0.127604 0.556386 0.202283 0.0777974 0.990615 0.112384 -0.149266 -0.565504 -0.0489898 0.823289 0.233868 0 0 0 1
0.999935 -0.0113456 0.00113375 0.00771538 0.0113455 0.999936 4.21394e-05 0.00346397 -0.00113415 -2.92737e-05 0.999999 0.000930465 0 0 0 1
###
-0.738967 -0.708196 0.662002 
-0.103585 0.224825 -0.289096 
-1.42228 -0.310116 -0.266928 
-0.700771 -0.527899 -0.139075 
-0.0927639 0.235135 -0.185148 
0.0289335 0.229485 -0.11849 
0.0651762 -0.460092 0.638899 
1.29814 -1.04261 0.800325 
-0.105675 0.224137 -0.288618 
-0.883027 -0.151864 -0.267626 
-1.20263 -0.422104 -0.243779 
-0.0758158 0.23176 -0.26238 
-0.298475 -0.108621 -0.186374 
-3.15352 -2.99186 1.0471 
-0.0583104 0.227547 -0.280664 
0.0132184 -1.00643 1.31859 
-0.0477501 0.109434 -0.203774 
-0.0593444 0.133265 -0.233668 
-0.831544 -0.183477 -0.538157 
-0.100979 0.223407 -0.288749 
-0.135202 -0.333716 -0.132904 
-0.89797 -0.723208 0.145679 
-0.149671 0.180485 -0.110624 
-1.51954 -1.32863 0.356367 
-0.00120871 0.160404 -0.256013 
-0.0237878 0.200904 -0.181739 
0.146865 -0.935666 0.542097 
-0.23072 0.228126 -0.230153 
-1.83179 -1.72018 0.601524 
-0.0196705 0.117965 -0.19044 
0.039604 0.251176 -0.183516 
-0.0379787 0.228606 -0.286947 
-0.894571 -0.705347 -0.0604352 
-0.222848 0.226335 -0.232021 
-0.103407 0.197697 -0.131564 
0.0154621 0.239627 -0.215259 
-0.0957763 0.241234 -0.219768 

2.06252 -1.66721 2.238 
-1.23827 -0.782247 0.220467 
-0.608014 -1.09086 1.46819 
-2.46544 -7.55921 8.40089 
-1.02713 -3.86121 2.34832 
1.2256 -1.42492 0.542504 
-1.18386 -2.20452 1.56665 
4.07659 -2.77195 1.44816 
0.214438 -0.0401074 0.193119 
-1.2599 -0.888491 0.521393 
0.192834 0.0674244 0.165648 
0.0264638 -0.110379 0.415133 
-1.02716 -1.89664 1.27467 
-0.831574 -1.53463 1.09058 
0.0201555 -0.0146565 0.373927 
7.88661 -5.87945 6.15656 
-1.89675 -3.5354 0.919531 
2.51528 -4.27154 7.10038 
0.201075 0.069195 0.16709 
-1.23112 -0.771167 0.209182 
-1.20049 -4.82987 2.80848 
-0.802893 -1.72517 1.61833 
-0.00331382 0.0292784 0.395217 
-0.617922 -1.29331 1.61479 
4.0715 -4.15674 5.98612 
-0.467275 0.407971 0.581719 
-0.745032 -4.28418 2.71803 
-0.132011 0.353872 0.110223 
-0.482131 -1.64663 2.24923 
-1.23188 -2.26795 1.52962 
-0.855093 0.395781 0.729113 
-0.139305 0.111704 0.381482 
-11.5569 -30.5618 33.079 
-0.111095 0.145158 0.439508 
0.17517 -0.0421278 0.221906 
0.143385 0.151018 0.164857 
0.168689 -0.0230369 0.178296 
