0.900912 -0.264922 -0.343765 0.271144 0.176623 0.947324 -0.267173 -0.0346648 0.396437 0.179982 0.900247 -0.056211 0 0 0 1
0.914238 -0.0321043 -0.403903 -0.00741339 0.0673996 0.995017 0.0734704 0.00732539 0.399532 -0.0943924 0.911847 -0.0063757 0 0 0 1
###
-4.73606 -7.25156 7.22442 
2.66153 0.102291 0.251588 
-0.550181 -1.49565 4.12398 
0.148383 -0.423066 0.16622 
0.825451 0.444312 0.437945 
1.41284 -7.00649 13.6936 
-3.70124 -3.59649 5.76036 
4.64376 -3.8786 4.32582 
-0.188964 0.281938 0.1999 
0.71678 -1.60968 1.72174 
1.20939 -1.84326 2.43932 
-2.45424 -2.01307 2.55905 
-4.1259 -4.32354 6.90179 
-0.187986 0.283081 0.200868 
-1.60517 -2.23439 5.05602 
-4.29165 -4.53128 7.22299 
-0.455547 -3.59532 2.24183 
0.225509 -1.054 0.176236 
-0.184532 -1.22447 1.00753 
-0.432188 -3.40431 2.14693 
1.64322 -7.39422 14.4671 
-0.259216 0.292681 0.229905 
0.4432 -0.77748 0.0262104 
0.445171 -0.780525 0.0267047 
0.744958 -2.22575 0.192334 
1.18664 -1.3353 2.11621 

0.0997757 -0.219928 0.258174 
0.10208 0.110158 0.0153951 
0.329397 -0.353588 -0.203018 
0.0168502 -0.0139994 -0.00128536 
0.082426 0.12459 0.14993 
0.136088 -1.28526 1.6928 
-0.112264 -0.216418 0.222508 
-0.0791829 -0.333263 0.398985 
-0.0468063 0.096172 0.177898 
0.245936 -0.379609 0.0803895 
0.303234 -0.362726 0.0655842 
0.106487 0.0130518 0.135913 
0.227851 -0.205723 -0.028823 
0.0900885 0.109072 0.0382831 
0.153972 -0.243048 0.344307 
-1.0563 -3.31194 3.98779 
0.0903738 -0.415367 0.0140986 
-0.86493 -1.70988 1.98398 
0.0693588 -0.371528 0.00764565 
0.0659788 -0.278352 0.00972567 
-0.513662 -0.851481 0.634725 
0.0888082 0.069484 -0.123449 
0.060466 -0.509849 -0.244155 
0.275268 -0.457614 0.533835 
-0.388644 -1.22153 1.49235 
0.10537 0.0117 0.13729 
