-0.126081 -0.11231 0.985642 0.0383993 -0.18456 0.97888 0.0879311 0.173134 -0.974701 -0.170824 -0.144146 0.899586 0 0 0 1
0.999789 -0.0132946 -0.0156805 -0.00220136 0.0131342 0.999861 -0.010288 -0.00481037 0.0158151 0.0100799 0.999824 -0.0186372 0 0 0 1
###
-1.76108 -3.11117 0.811034 
-0.174347 -10.1614 -6.82998 
0.502513 0.0732408 0.430757 
-0.448383 -1.97935 2.50679 
0.570285 -0.027402 0.354645 
-1.71301 -4.85633 -2.37335 
0.505066 0.0747637 -0.00953748 
0.869676 0.105749 0.0165573 
-0.0580799 -0.981484 -2.27017 
0.509569 0.0712533 0.425868 
-1.36379 -2.22437 0.667234 
-3.24975 -4.47417 -0.61873 
0.801975 0.095404 -0.0363504 
-0.985686 -3.05702 -1.54575 
0.869421 0.108527 0.01535 
0.809116 0.0551332 -0.11985 
0.317301 -5.09104 -2.78511 
0.428705 0.0224424 -0.487792 
-1.06705 -2.18918 1.58356 
0.592768 -0.0563585 0.265752 
0.236781 -1.07192 -0.416896 
0.505095 0.017552 -0.3915 
-1.81262 -3.18212 -0.83602 
0.610799 -1.56293 0.0514612 
-1.24762 -2.41297 1.76565 
-2.71103 -4.4412 -1.3212 
0.800793 0.095433 -0.0346074 
-0.820048 -2.69702 1.71274 
0.801387 0.0949455 -0.033517 
0.594744 -1.64362 0.0564094 
0.899292 -0.0348172 0.106164 
-0.304614 -1.07712 1.21004 
0.601667 -1.56817 0.0506712 
-2.91359 -4.90347 -1.46702 
0.597025 -0.193614 0.277442 
0.849159 -1.50874 2.10915 

-3.661 -5.04778 1.92517 
-2.59806 -3.36359 1.64288 
1.40857 -2.47191 0.707906 
-1.97535 -6.75458 8.75605 
-0.260935 0.238749 0.156176 
0.128936 -6.54498 11.438 
-2.29068 -6.02438 4.13392 
-0.345488 0.236064 0.142446 
0.233813 -0.177004 0.603698 
1.39967 -2.47203 0.70825 
-1.83307 -2.36178 1.25534 
-3.24744 -5.10681 4.0817 
-1.78341 -0.973313 0.634318 
-0.817216 -1.5761 2.23126 
-0.439352 0.257167 0.239509 
0.642494 -0.0671777 0.462986 
13.1189 -16.9167 7.10133 
0.296463 -0.137217 0.3321 
-1.57239 -2.59199 2.24694 
0.182917 0.192426 0.151319 
0.139386 -2.6952 4.6539 
-1.72494 -0.84379 0.614476 
-0.842975 -1.75955 2.36901 
-2.02908 -5.75102 3.64907 
-1.3232 -2.54994 2.65633 
5.09131 -6.14535 7.02545 
0.239489 0.0385755 0.403531 
0.343882 -0.230882 0.337312 
-0.276198 0.239183 0.161956 
-1.82663 -5.18073 3.30053 
-1.21574 -2.27875 2.21351 
-0.807816 -1.54971 2.23731 
-1.66895 -4.8098 3.67051 
5.02803 -6.58838 7.38664 
-1.77852 -0.621631 0.593859 
-1.67976 -1.86068 1.1429 
