0.0238049 -0.299404 -0.95383 0.289372 0.174597 0.940682 -0.290919 -0.0357915 0.984352 -0.159611 0.0746679 0.418099 0 0 0 1
0.991983 -0.124232 -0.02314 0.0527095 0.124596 0.992094 0.0150255 -0.00839019 0.0210904 -0.0177882 0.999619 -0.0208215 0 0 0 1
###
-0.303104 0.395476 0.427174 
0.0118327 0.173578 0.638301 
0.557461 -0.697084 1.41043 
0.164368 0.188307 -0.692172 
2.15491 -8.08057 9.40543 
0.865543 -1.60079 -1.36433 
4.0537 -3.80566 5.74086 
0.344389 0.311958 -0.299932 
0.81489 -0.410757 -2.06684 
0.293064 0.248806 -0.485509 
0.0240592 -1.17826 2.56736 
0.291071 0.253548 -0.474316 
2.12715 -3.72587 6.53799 
1.41479 -2.06399 -0.519754 
-0.443832 -3.50005 -2.09159 
-0.512768 -0.0960023 1.11737 
0.699299 -1.7662 -2.05609 
-0.730471 -2.49812 -1.12468 
-0.324998 0.372292 0.30708 
9.96087 -9.24819 5.70296 
2.17784 -2.16646 -0.37572 
1.09341 -1.61268 0.422236 
3.44841 -2.75232 0.588757 
3.81354 -3.54747 5.47144 
0.328072 -3.62596 1.84422 
1.65289 -0.0967891 -0.554323 
4.76002 -3.55733 0.552082 
-0.317806 0.357943 0.244535 
-0.0517979 0.380445 0.642132 
-0.499962 -0.589163 -0.186592 
-0.294999 0.350453 0.191275 
1.41913 -4.09632 7.5615 
0.874461 -3.71448 1.41001 
-0.298146 0.405657 0.432855 
1.45433 -0.677619 -0.0640877 
-0.646197 -1.65093 -0.377671 
-0.202854 0.353325 0.137881 
0.681704 -1.75338 -2.1673 
-0.284378 0.402047 0.43948 

-0.0651504 0.300697 0.0927337 
-0.42218 0.167506 0.302345 
-1.95796 -1.92183 1.25957 
-0.216705 0.317261 0.215178 
-1.65374 -1.96089 1.76532 
0.117186 -0.0701756 0.294973 
-0.491953 -0.485997 0.527289 
0.176792 0.34522 0.183964 
-0.171388 0.0947747 0.284845 
-0.358247 0.333726 0.257073 
-1.41524 -1.42164 0.284861 
0.429624 0.337246 0.0739467 
0.292657 -0.370772 0.475726 
-1.86647 -1.90345 1.15529 
3.19821 -2.851 0.524939 
-0.358124 -0.18318 0.0324168 
-0.0853859 0.112455 0.290404 
0.811064 -1.81381 -0.00214654 
0.424402 0.353191 0.121247 
-0.195503 -0.626085 0.80056 
0.25186 -0.506404 0.685435 
-2.65774 -2.63009 0.703629 
-0.489063 0.102991 0.591478 
-0.76314 -0.681835 0.467789 
0.138308 -0.88388 0.258791 
0.115358 0.0163377 0.278993 
2.40271 -1.88823 0.856944 
-0.116307 0.317615 0.189605 
-0.0207067 0.289442 0.0506218 
0.298351 -0.549129 0.0807483 
-0.0551089 0.321986 0.179081 
-1.77672 -1.82375 1.78684 
0.0866456 -0.786899 0.244895 
2.54045 -3.44124 0.424082 
-0.146918 0.234848 0.212588 
1.43981 -2.64239 0.00805692 
-0.0198287 0.323949 0.181225 
0.39293 0.360889 0.122116 
-0.25866 0.0533158 0.320965 
