0.794746 -0.29958 -0.527855 0.0569935 0.250083 0.954071 -0.164947 -0.0563827 0.553025 -0.000916419 0.833164 0.0889395 0 0 0 1
1 0 0 0 0 1 0 0 0 0 1 0 0 0 0 1
###
-0.0738731 0.092022 -0.0317758 
-0.092622 0.0928851 -0.0207873 
6.66224 -7.03387 -3.3805 
-0.00410721 0.0797128 -0.0475903 
-0.102414 -2.87618 4.02066 
-0.3111 -0.50236 0.611635 
0.0958719 -0.118376 0.138649 
0.224194 -0.39784 0.0472495 
-0.208704 -0.011471 0.274707 
-0.0922811 0.0917868 -0.0216397 
-0.0651456 -0.141403 0.0247255 
0.20165 -0.188988 0.087792 
-0.292399 -0.0241437 0.208857 
-1.94349 -2.47223 1.45137 
-0.0799061 0.0909314 -0.035944 
-0.0696101 0.0613221 -0.0524525 
-0.113296 -0.00596127 0.162772 
0.0844161 0.0657442 0.203876 
0.154037 -0.132363 -0.0692409 
2.29945 -3.15223 -1.59785 
-0.00517756 0.0589274 -0.0433159 
-0.095536 -0.131492 0.00771891 
0.0335534 -0.117509 0.195467 
0.149362 -0.129106 -0.0628896 
0.0617488 -0.340779 0.500327 
0.0257642 -2.1192 2.80025 
0.635946 -0.64673 -0.472364 
0.0982517 0.128618 0.0659356 
0.266794 -0.251887 0.173299 
-0.0421291 0.0819557 -0.0305163 
-0.076636 0.095969 0.00390178 
0.522056 -0.78267 -0.438415 
-0.0874143 0.0984822 0.0349829 
0.0862014 -0.384784 0.0360547 
-0.0951291 -0.130839 0.00800576 
-0.14894 0.112198 0.195498 

0.908964 0.421175 0.379968 
1.70796 -1.79493 4.42387 
3.00554 -3.0291 0.11487 
0.645451 -1.15724 2.16263 
9.30477 -6.15046 8.22336 
0.29926 -0.645722 0.029365 
-1.13646 -1.48239 0.831749 
-1.375 -4.1049 1.67251 
-0.108999 0.27727 0.17593 
2.22016 -2.26162 5.21678 
5.1933 -4.26842 4.81001 
0.445171 -0.780525 0.0267047 
-0.20504 0.000432514 0.596135 
-1.02223 -0.578277 0.18191 
0.854595 -0.901327 2.25745 
-1.58009 -1.63827 1.49685 
-0.592711 0.251515 0.218434 
-0.184919 -0.0388442 0.767686 
-1.77502 -1.75749 1.72682 
3.32417 -4.79985 0.0563363 
-0.0419719 -0.0735093 0.705731 
1.41284 -7.00649 13.6936 
-2.66448 -4.01031 8.46846 
-1.39178 -1.48818 1.27607 
-1.60517 -2.23439 5.05602 
-4.29165 -4.53128 7.22299 
3.44692 -2.5599 4.9477 
0.809397 0.47735 0.494902 
-4.1259 -4.32354 6.90179 
0.10107 0.200953 -0.0174489 
-0.592506 0.253717 0.225423 
-0.550181 -1.49565 4.12398 
0.643655 0.494027 0.564367 
0.188876 -3.69776 2.6619 
0.873126 -1.24398 1.90886 
-0.948298 -3.73728 1.87044 
