-0.0431384 -0.0858082 0.995377 0.0452 -0.226718 0.971153 0.0738942 0.253873 -0.973005 -0.222483 -0.0613482 0.879393 0 0 0 1
0.99979 -0.0132377 -0.015662 -0.00221888 0.0130773 0.999861 -0.0102981 -0.00480388 0.0157962 0.0100911 0.999824 -0.0186436 0 0 0 1
###
-0.558185 -2.32188 -1.03056 
-2.80878 -7.01664 -3.87509 
-3.56495 -7.37099 -3.79469 
-0.237818 -10.6707 -7.21574 
-1.25532 -2.42119 1.77066 
0.517286 0.071003 0.419888 
0.279631 -0.999954 -0.454985 
-0.771015 -1.77914 -1.96957 
-1096.15 -2277.54 -1383.54 
-1.33181 -3.78082 -1.87926 
-0.809434 -1.45882 -4.07597 
0.685353 0.124409 0.101725 
0.60955 -1.573 0.0492378 
0.474682 0.020253 -0.426261 
0.648529 0.0958538 0.0366614 
-0.121527 -1.37447 -0.446394 
0.875334 -1.53506 0.019793 
-0.897532 -1.75209 0.552676 
-0.92578 -4.01117 -2.45724 
0.668501 0.073934 -0.144787 
0.636867 -0.530445 -2.23575 
0.869761 -1.52429 0.0184149 
0.626435 0.11003 0.0409549 
-2.75532 -4.43776 -1.34554 
0.879818 0.0831723 -0.127198 
-1.64428 -4.30556 -2.19512 
0.626644 0.110002 0.0412635 
0.945164 -1.37793 0.470105 
1.21897 -4.92122 0.767955 
0.856185 0.0559252 -0.217194 
0.26309 -1.12531 1.46744 
0.613943 0.109598 0.0345948 
0.887298 -1.45562 0.0197818 
0.607145 0.0385754 0.150316 
0.823872 0.0948282 -0.0326976 
0.820529 0.0485775 -0.14711 

-1.76957 -4.86488 6.00114 
-3.40614 -5.35507 4.27686 
-1.83359 -6.26946 8.13736 
-2.59804 -3.36357 1.64287 
-1.82217 -2.93979 2.52469 
1.40573 -2.46683 0.706894 
0.13932 -2.6957 4.65462 
-0.807871 -1.54984 2.23747 
-0.817181 -1.57606 2.23116 
0.105752 -5.50568 9.64188 
1.14974 -2.30059 0.196641 
0.0337791 0.176928 0.330944 
-2.02779 -5.74744 3.64685 
0.64248 -0.0671471 0.462972 
0.323181 0.117076 0.244926 
5.04827 -6.60423 7.40286 
-0.460914 0.44014 0.999874 
-2.00058 -2.52052 1.23659 
-1.67969 -1.86063 1.14286 
2.91216 -0.844947 0.414159 
0.00514129 0.263637 0.274878 
12.5476 -15.503 6.42031 
0.14964 0.00931547 0.536298 
5.0807 -6.13501 7.01322 
0.0912732 0.239864 0.185119 
-1.57248 -2.59215 2.24708 
-1.78343 -0.973323 0.634322 
-1.82697 -5.18166 3.30105 
0.162966 0.138647 0.44907 
2.64947 -0.884358 0.382105 
0.252556 -3.20108 5.70171 
0.00572055 0.265492 0.275888 
-0.236384 0.259634 0.620585 
0.00472312 0.264151 0.275124 
0.894177 -2.87444 4.83505 
-2.29543 -6.03692 4.14231 
