0.0146293 -0.394421 -0.918813 0.331309 0.0314388 0.918639 -0.393846 -0.117137 0.999399 -0.0231247 0.0258392 0.42814 0 0 0 1
0.991983 -0.124232 -0.02314 0.0527096 0.124596 0.992094 0.0150255 -0.00839025 0.0210904 -0.0177882 0.999619 -0.0208215 0 0 0 1
###
0.0117591 0.173511 0.637965 
0.633907 -10.6662 -6.5765 
6.46111 -6.11321 -1.32871 
5.32097 -5.61875 5.79096 
-0.333187 0.409365 0.493025 
0.343464 0.311696 -0.299301 
2.15077 -8.08202 9.41353 
2.06771 -1.66922 2.24203 
-0.322718 0.355148 0.239746 
0.983294 -1.45671 0.76653 
4.0746 -4.15678 5.98887 
0.635799 -10.7364 -6.65685 
0.751222 -1.71478 0.344202 
2.12444 -3.72996 6.5373 
6.41433 -4.7304 0.645041 
0.145735 -6.81029 -4.14668 
0.184941 0.18385 -0.730406 
9.96128 -9.24839 5.70307 
0.0165591 -1.18471 2.60745 
-0.250758 0.31585 0.372756 
0.684674 -1.75913 -2.17529 
-0.433552 -0.430574 -0.024411 
-0.388192 -0.309871 -0.106973 
1.53445 -0.0801411 -0.514792 
0.339387 0.321807 -0.283318 
-0.324994 0.371044 0.306663 
-0.433172 -0.432108 -0.024714 
5.71192 -5.181 -0.777278 
4.03124 -4.14394 5.87843 
-0.439948 -0.626714 0.0536822 
-0.431484 -2.30007 -1.17809 
-0.489171 -9.5184 -3.71858 

-0.012525 0.327257 0.185612 
0.25186 -0.506404 0.685435 
-7.44162 -7.16312 4.53261 
0.732184 -0.612566 0.449231 
-0.0213204 0.322899 0.173423 
0.216211 0.339035 0.175489 
-1.65374 -1.96089 1.76532 
0.186185 -0.304721 0.409263 
0.444624 0.351453 0.0768354 
-0.325264 -0.795764 0.854093 
0.69862 -0.563313 0.432969 
1.7204 -1.57067 0.210402 
0.0993184 -0.610899 0.508316 
0.257276 -0.207987 0.172037 
2.4292 -1.88939 0.848587 
-0.0461231 0.319835 0.178309 
-0.216705 0.317261 0.215178 
-0.217631 -0.754876 0.941787 
-1.41524 -1.42164 0.284861 
-0.0559938 0.323327 0.185438 
-0.0651504 0.300697 0.0927337 
0.244275 -0.335508 0.0140137 
-0.0457607 0.321584 0.178103 
0.115358 0.0163377 0.278993 
0.240038 0.346254 0.173433 
0.424402 0.353191 0.121247 
0.298351 -0.549129 0.0807483 
1.43305 -1.96722 0.205693 
-2.94133 -2.97533 1.76675 
-2.20502 -2.22936 0.779604 
0.175588 -0.189674 0.232819 
0.337763 -0.307614 0.287502 
