-0.0773515 -0.0668602 0.99476 0.0512578 -0.246758 0.967991 0.0458734 0.26403 -0.965985 -0.241916 -0.0913737 0.877205 0 0 0 1
0.999789 -0.0132877 -0.015695 -0.00219735 0.0131269 0.999861 -0.0102992 -0.00480465 0.0158297 0.010091 0.999824 -0.0186395 0 0 0 1
###
0.61041 -0.496294 -0.194899 
0.799397 0.0620833 -0.144699 
-1.01586 -3.58725 1.98565 
0.823632 0.0957216 -0.0356467 
-2.39948 -6.23921 -3.44767 
-0.529454 -1.66997 -2.9967 
0.855224 0.0740247 -0.172357 
0.591868 -0.0570607 0.266726 
-2.43604 -4.06678 -1.17655 
0.612611 -0.48818 -0.174871 
-1.35592 -0.463468 -0.283052 
-0.22182 -10.6269 -7.18627 
-0.84793 -1.73798 0.61282 
0.516194 0.0712896 0.420852 
0.635807 -1.45262 0.0496231 
-0.807492 -1.81972 -2.01927 
0.506126 -3.60061 -2.27483 
-2.10766 -3.29958 0.401502 
0.542903 -0.392641 0.165717 
0.422086 -0.761156 0.943184 
0.881886 0.0806769 -0.123122 
0.546268 0.0612393 -0.207513 
0.489286 -0.0838869 0.452793 
0.626858 0.110258 0.0412521 
0.471938 0.0191808 -0.4127 
0.879374 0.0847596 -0.127166 
0.942663 -1.22591 0.42036 
0.052347 -0.939029 0.0182867 
-1.0931 -2.06945 -0.250845 
0.799877 0.118807 0.0834104 
-1.38237 -3.90398 -1.90462 
0.449507 -0.0385094 0.114251 
0.636599 -3.5042 1.05736 

-3.40614 -5.35507 4.27686 
-1.78343 -0.973321 0.634322 
-1.39709 -5.09503 3.43281 
0.00572055 0.265492 0.275888 
-0.817313 -1.57631 2.23151 
-1.34852 -0.231941 0.774099 
1.40564 -2.46649 0.707085 
0.200025 0.148028 0.496957 
-1.83359 -6.26946 8.13736 
0.139329 -2.69544 4.65424 
-0.0328747 -0.0482225 0.616511 
-2.59802 -3.36354 1.64286 
-2.00031 -2.52014 1.23643 
1.40604 -2.48358 0.710526 
-2.02853 -5.74946 3.64813 
0.320706 -0.276656 0.441348 
2.52542 -2.62797 0.309187 
7.34473 -10.1914 7.97966 
-1.83299 -2.36168 1.25531 
5.07865 -6.13186 7.01121 
0.126396 0.203798 0.209162 
0.253936 0.184236 0.0938651 
-0.246571 0.248704 0.207833 
-0.255623 0.254806 0.21061 
-0.320622 0.238663 0.139351 
0.0916059 0.238943 0.184675 
-1.82697 -5.18166 3.30105 
-2.55552 -8.95153 10.7664 
2.1127 -6.30121 10.4435 
2.65064 -0.884673 0.382504 
-3.32967 -4.0608 1.00598 
0.084125 0.19574 0.268748 
-2.47678 -5.64918 3.68402 
