0.771624 -0.278281 -0.571976 0.0613758 0.264946 0.958114 -0.108722 -0.0472871 0.578274 -0.06765 0.813033 0.0929864 0 0 0 1
1 0 0 0 0 1 0 0 0 0 1 0 0 0 0 1
###
0.258805 -0.345831 0.27795 
-0.222364 0.029989 0.312134 
0.0627452 -0.0730074 0.020256 
-0.0919479 0.0921445 -0.0216915 
0.283072 -0.281259 0.0315724 
-0.0891563 0.0976792 0.0316783 
-0.06601 0.0960933 -0.00207274 
-0.0693894 0.00175025 0.0382392 
-0.0917286 0.0913812 -0.0221641 
-0.444056 -0.985177 1.15308 
-0.0939855 -0.130306 0.00717702 
-0.08875 0.098543 0.0340599 
-0.0818551 0.0595793 -0.0379252 
0.225065 -0.39984 0.0475147 
-0.243745 0.0933508 0.317773 
0.155663 -0.646897 0.890352 
-0.0956054 -0.134906 0.00932252 
-0.227518 -0.0348494 0.317778 
0.130616 -0.19081 0.263961 
-0.230384 0.102437 0.311716 
0.334578 -0.312816 0.0436299 
-0.128576 -0.447589 0.593653 
0.162795 -0.157411 -0.0830017 
-0.0955371 -0.131618 0.00742361 
0.0871406 0.0448928 0.210453 
-0.14519 0.0946619 0.0338413 
0.185296 -0.384401 0.516359 
-0.217655 -0.0973801 0.333267 
-0.0550677 0.094244 -0.0256692 
-0.0871685 0.0977072 0.0327455 
-0.0942415 -0.376382 0.519076 
-0.134707 -0.0125449 0.343662 
-0.215199 0.032052 0.304835 
-0.055046 0.0942218 -0.0256336 
-0.0872063 0.0980926 0.0340638 
0.0756026 0.12372 0.153542 
0.0477214 -0.305311 0.0360363 
-0.0966944 -0.127645 0.00677697 
0.145943 -0.130852 -0.0239877 
0.0392084 0.104717 -0.00577044 
0.273341 -0.488239 0.108392 

0.299943 -0.647309 0.029401 
-4.54941 -4.02204 5.46644 
-1.58329 -1.64167 1.50049 
1.71074 -1.79761 4.42981 
5.66516 -14.6551 4.57581 
0.141213 0.183634 -0.04629 
-0.6429 0.230195 0.165009 
-0.229038 -0.624537 1.756 
0.912119 -1.16704 1.84709 
0.305861 -1.64647 4.45494 
1.13569 -1.57284 2.42587 
0.643755 0.494107 0.564435 
3.58456 -2.66797 1.73837 
-1.38062 -4.12282 1.68031 
2.96795 0.312181 0.198472 
-2.66841 -4.01607 8.47952 
0.967595 -1.40834 2.13933 
0.555283 0.503235 0.595862 
-2.41181 -3.4235 7.80785 
1.72166 0.924436 1.77997 
0.474083 -3.04215 7.98879 
-4.15036 -4.34913 6.94503 
-1.46913 -1.42498 1.38605 
0.875048 -1.24673 1.91279 
-0.369276 0.140307 0.748143 
1.28123 -1.4812 2.31552 
-4.48373 -4.34002 7.21328 
-0.447952 0.301777 0.306134 
-0.59532 0.253288 0.224771 
-0.450215 0.307103 0.317984 
1.64042 -7.37163 14.4237 
-0.204148 0.0225117 0.555337 
1.4507 0.443468 1.62083 
0.909924 0.421603 0.38017 
0.646722 0.493311 0.560818 
1.20285 0.607943 0.742732 
0.189274 -3.70557 2.66779 
-0.59352 0.254564 0.226537 
-0.517958 -1.47445 4.06714 
0.748398 0.452887 0.471894 
-0.680573 -3.78417 2.15055 
