-0.134305 -0.290153 -0.947509 0.5474 0.165722 0.936129 -0.310159 0.0405988 0.976985 -0.198679 -0.0776414 0.488739 0 0 0 1
1 0 0 0 0 1 0 0 0 0 1 0 0 0 0 1
###
0.70262 -2.79409 0.519961 
-1.19192 -4.31016 -2.23131 
0.248921 -0.45113 0.673057 
6.05734 -8.36448 -1.6028 
-0.437509 0.0616108 0.473751 
2.35198 -6.47997 1.15836 
1.46081 -3.50759 0.350861 
3.63437 -8.01266 -2.503 
-0.246829 0.318725 0.498046 
0.347566 -0.278558 0.460985 
2.60375 -2.79164 2.73958 
0.286649 -2.16738 4.18568 
0.339618 -5.4575 2.37198 
1.23369 -2.40856 1.13319 
2.49573 -6.75732 1.15181 
-0.138126 0.248139 0.667627 
0.00356001 0.11995 0.590044 
0.0141632 -0.05475 0.563284 
-0.969331 -2.26042 -0.187926 
-2.79703 -10.2538 -3.54405 

0.855834 -2.43888 0.111469 
0.16338 0.03368 0.306739 
8.82477 -10.6854 3.67496 
7.28802 -8.69823 -2.3182 
0.0446495 0.151697 0.372084 
1.58822 -3.68918 0.307591 
-0.79855 -2.70099 1.79248 
7.32893 -8.04738 2.06033 
0.38064 -0.241219 0.0968937 
0.359872 -0.130043 0.0923354 
0.538001 -1.97533 3.11156 
9.23904 -10.8079 3.56075 
0.477145 -3.53064 1.19509 
0.944661 -1.47095 0.484983 
1.67922 -3.89282 0.318743 
0.210231 -0.15913 0.295258 
0.177713 0.0158579 0.258277 
0.185719 -0.0880039 0.237755 
2.60722 -3.92419 4.61343 
1.22293 -3.69687 5.52378 
