0.914236 -0.194092 -0.355668 0.300883 0.0752548 0.943867 -0.321639 -0.0788236 0.398131 0.267288 0.877524 -0.0554015 0 0 0 1
0.851585 -0.0467436 -0.522128 -0.00791899 0.096133 0.993051 0.0678887 0.00802555 0.515326 -0.108007 0.850161 -0.00857295 0 0 0 1
###
0.724476 -1.62794 1.73999 
7.88912 -5.6746 9.20725 
0.305861 -1.64647 4.45494 
-0.447952 0.301777 0.306134 
2.56537 0.1954 0.204692 
2.0057 -1.35881 2.54483 
1.35064 -1.81119 0.479993 
-0.105168 -0.00197884 0.126334 
2.80712 -0.407679 0.53467 
1.42834 -7.04243 13.7764 
2.94724 -1.26091 0.979422 
2.71139 -0.386899 0.451123 
-0.111158 0.00448254 0.126883 
-0.193359 0.276572 0.196905 
-0.475799 0.324895 0.327629 
1.20849 -1.84369 2.43958 
-2.66841 -4.01607 8.47952 
-0.209932 0.000436111 0.414542 
3.12394 -2.1759 2.15131 
8.66954 -9.27727 -0.120378 
0.643755 0.494107 0.564435 
-1.57865 -2.18311 4.95502 
-0.200584 -0.0313756 0.475953 
0.765878 -1.15819 2.58916 
-1.20388 0.834789 1.55191 
1.64042 -7.37163 14.4237 
-0.454123 -3.58128 2.23625 
0.708199 -1.48898 0.203573 
3.14253 -1.35933 0.353785 
0.158003 -0.615359 0.184213 
1.22178 -0.49297 1.85643 

0.239458 -0.369197 0.0725252 
-0.116919 -0.181947 0.157741 
0.198781 -0.189121 -0.0791227 
0.0973823 0.114174 0.0337346 
0.0927622 0.0683822 0.158482 
-0.462772 -0.686562 0.587807 
0.049932 0.106782 0.215212 
0.210372 -1.24015 -0.593893 
-0.212666 -0.0170366 0.293696 
0.130495 -0.594228 0.819769 
-0.234485 0.0288301 0.30075 
-0.228704 0.0266373 0.318737 
0.582661 -1.82533 -1.4009 
0.105707 0.016742 0.14758 
-0.0339807 0.0979844 0.183583 
0.303234 -0.362726 0.0655842 
0.0758109 -1.49223 -0.594831 
0.324603 -2.15483 2.92565 
-0.104226 -0.647702 0.852039 
0.104952 0.110747 0.0074435 
0.088761 0.11802 0.0994974 
-0.133233 -0.530411 0.647636 
0.255648 -0.284195 0.212434 
0.0737048 0.136206 0.268265 
0.227851 -0.205723 -0.028823 
-0.513662 -0.851481 0.634725 
0.037092 -0.135174 0.00622616 
0.015457 -0.0161384 -0.00123627 
-0.222364 0.0302191 0.312143 
0.0156235 -0.0174784 -0.00148536 
0.0889096 0.0898088 0.0716213 
