0.8426 -0.103262 0.528548 0.203671 0.0408793 0.990877 0.128419 -0.13812 -0.536987 -0.0865991 0.839134 0.243558 0 0 0 1
0.999935 -0.0113478 0.00113195 0.00771685 0.0113477 0.999936 4.5046e-05 0.00346217 -0.00113239 -3.2198e-05 0.999999 0.000935907 0 0 0 1
###
-0.738967 -0.708196 0.662002 
-0.0640885 0.230092 -0.273978 
1.2863 -1.06014 0.658488 
-0.0979942 0.222184 -0.309694 
-0.0581632 0.195824 -0.153441 
-1.20263 -0.422104 -0.243779 
-0.886916 -0.0529783 -0.285069 
0.0289335 0.229485 -0.11849 
-0.133173 0.240168 -0.215046 
-0.320621 -0.753823 0.818868 
-0.963774 -0.28467 -0.0207973 
-0.288286 0.137091 0.0860103 
-0.0354469 0.171543 -0.283343 
-1.04189 -0.426636 -0.224201 
-0.128574 -0.321827 -0.1382 
-0.775763 -0.612952 0.0744246 
-0.0623609 0.131419 -0.230365 
0.0262912 0.226919 -0.122999 
0.203161 -2.69025 3.82322 
-0.110155 0.235349 -0.135317 
-0.23072 0.228126 -0.230153 
-0.111581 -0.374768 -0.118234 
-0.486737 -0.386226 0.331978 
-0.0650408 0.241827 -0.212155 
-0.0751563 0.22089 -0.309174 
-0.102432 -0.354667 -0.223648 
-0.0124349 0.149148 -0.253435 
-1.83179 -1.72018 0.601524 
-1.32241 -1.30226 0.863877 
-0.0404166 0.218634 -0.186028 
-0.0237878 0.200904 -0.181739 
0.162308 -1.17684 0.990386 
-2.42433 -2.36327 0.033937 
-0.100773 0.204762 -0.139543 
-0.112413 0.232732 -0.248025 
-0.85636 -1.00447 0.905386 
0.223139 -0.166647 0.171278 
0.105794 -1.02588 0.730576 
-0.0133998 0.144156 -0.246259 

2.06771 -1.66922 2.24203 
-0.131138 0.101615 0.363626 
4.0765 -2.77188 1.44812 
0.162019 0.152872 0.148012 
0.0237123 0.28722 0.241731 
0.192833 0.0674248 0.165647 
-0.0158407 0.295929 0.102921 
1.22104 -1.41992 0.54026 
10.0804 -8.85743 5.47459 
-1.89689 -3.5357 0.919598 
0.0302797 -0.0443769 0.435009 
0.0173373 -0.0429386 0.395885 
-1.02715 -1.89662 1.27465 
-0.608017 -1.09088 1.46821 
-1.20047 -4.82982 2.80844 
4.05264 -3.80512 5.73955 
-0.643307 -1.79245 2.1783 
0.143384 0.151018 0.164855 
-0.969901 -1.83802 1.32162 
-0.153859 0.29861 0.302352 
0.159034 0.0674687 0.252202 
-0.986067 -4.21599 2.35353 
1.19084 -3.62933 6.65039 
-1.23114 -0.771182 0.209184 
0.0700575 0.219728 0.211483 
-0.0707634 0.111132 0.310435 
-11.5569 -30.5618 33.0789 
-2.24108 -9.51767 10.7164 
4.0746 -4.15678 5.98887 
-0.897291 0.347352 0.588375 
9.50227 -8.04599 4.35186 
-0.656699 -3.81748 2.44274 
3.13219 -2.47025 2.2628 
-0.132818 0.102042 0.365687 
-1.23826 -0.782245 0.220464 
2.15077 -8.08202 9.41353 
-0.482131 -1.64665 2.24925 
-1.11433 -4.80261 2.68285 
-2.46516 -7.55834 8.39992 
