0.105935 -0.0783466 0.991282 -0.0737939 -0.21199 0.972194 0.0994926 0.242848 -0.971513 -0.220681 0.0863807 0.875809 0 0 0 1
0.999216 -0.0241452 -0.0313716 -0.00330007 0.0237307 0.999627 -0.0135181 -0.0078844 0.0316863 0.012763 0.999416 -0.0306058 0 0 0 1
###
0.794057 0.0657683 -0.16485 
0.748225 0.132474 0.129174 
-0.542726 -1.51861 -3.14143 
-1.26903 -0.442572 -0.271666 
0.600318 -0.0570378 0.258111 
-2.80231 -6.99574 -3.88893 
-3.15078 -6.81355 -3.46244 
0.900088 -0.0728946 0.00980934 
0.803652 0.0962251 -0.0438047 
0.602269 0.0365047 -0.221657 
-2.85644 -4.81348 -1.43566 
0.550327 0.0712702 -0.139811 
-0.260072 -1.35318 -2.46472 
-0.819305 -1.70591 0.611277 
-2.56313 -4.21693 -1.24054 
0.878116 -0.102448 0.0477202 
-0.291011 -1.4602 1.34874 
0.45735 0.0191098 -0.431014 
-0.279463 -0.252202 -0.139751 
0.795055 0.0277157 -0.202591 
0.874622 -1.53489 0.0159114 
0.880446 -0.0856519 0.0127858 
0.626476 0.110949 0.0366078 
0.735123 0.0886348 -0.0870233 
0.850024 -0.123711 0.052924 
0.566737 0.0530191 -0.203033 
0.54571 0.0619888 -0.204062 
0.903945 -0.00517301 0.0263479 
0.881159 -0.104311 0.0531905 
-0.787707 -1.32092 -1.92862 
0.549941 0.0689616 0.0452571 
0.633842 0.106947 0.0362258 
0.822359 0.100608 -0.0180897 
0.713433 0.12477 0.217543 
0.549285 0.0931102 -0.0448375 

-1.78342 -0.973318 0.634321 
0.0912754 0.239869 0.185121 
-1.34839 -0.231959 0.773976 
1.41865 -2.15417 0.517131 
0.199995 0.14801 0.496885 
-1.76957 -4.86488 6.00114 
-1.83303 -6.26762 8.13512 
0.105605 -5.50335 9.63705 
2.65154 -0.885025 0.382444 
0.0795567 0.236533 0.186648 
-1.57239 -2.592 2.24697 
0.266864 0.0106448 0.349409 
2.40356 -0.693646 0.34138 
-1.83277 -2.3614 1.2552 
5.07725 -6.13105 7.00852 
-1.82194 -2.93941 2.5244 
-4.34988 -5.05353 1.41568 
-0.324325 0.221736 0.13521 
1.40542 -2.46634 0.706838 
0.184735 0.19023 0.150208 
12.5419 -15.4981 6.41803 
-1.44869 -2.69161 2.6902 
0.642497 -0.0671599 0.462984 
0.149641 0.00931545 0.536298 
-1.2156 -2.27852 2.2133 
-0.11471 0.212657 0.631515 
-0.125454 0.228583 0.632953 
1.91705 -1.53304 0.0131962 
-3.40643 -5.35555 4.27731 
0.0148341 -0.0546192 0.562735 
0.173452 -0.334174 0.516984 
-0.331298 0.226967 0.139069 
-0.258539 0.237555 0.155723 
-1.28674 -0.0935734 0.754136 
0.176274 0.159458 0.203025 
