0.922929 -0.176175 -0.342293 0.367298 0.117569 0.975651 -0.185154 -0.0364101 0.366578 0.130641 0.92117 -0.0498883 0 0 0 1
0.85146 -0.0466796 -0.522338 -0.00786353 0.0962381 0.993024 0.068134 0.0080618 0.515514 -0.108282 0.850012 -0.00853594 0 0 0 1
###
-0.558657 -1.53167 4.24218 
0.462719 -0.726935 0.0883681 
4.53349 -3.3023 3.13854 
0.150026 -0.680139 0.156928 
2.77372 -0.402087 0.524633 
0.960732 0.36175 0.222872 
1.28374 -6.4138 12.4499 
4.5754 -3.82269 4.26034 
0.14912 -0.678831 0.157758 
0.640885 0.49182 0.561736 
-0.256866 0.234268 0.305784 
3.09841 -2.97638 6.78228 
0.340256 -1.31696 2.06967 
-0.429553 -0.0570386 0.472789 
-3.39138 -2.87252 3.66213 
3.04038 -1.38332 0.434786 
1.40953 -6.93163 13.5561 
0.697706 0.43834 0.455291 
-2.5557 -3.897 8.23531 
-0.454829 -3.6086 2.25298 
0.48547 -1.07378 0.0253178 
0.753292 0.454861 0.474202 
0.865261 -1.23241 1.89089 
-0.238666 0.231798 0.354937 
-2.48746 -2.53451 2.42071 
-0.403142 -3.81443 2.21295 
1.63959 -7.36525 14.4083 
-2.29249 -2.39956 2.17331 
0.30898 -0.812356 0.0551367 
5.48462 -3.8125 4.68566 
-4.44029 -7.1665 7.05494 
0.804774 0.465738 0.490105 
-2.18437 -2.22041 2.10143 
0.308877 -0.811456 0.0557025 

-0.301182 -1.44452 1.8453 
-0.499379 -0.734485 0.627285 
-0.104301 -0.642525 0.845045 
0.218426 -0.207595 -0.0737084 
-0.211229 -0.0605078 0.297649 
0.0924925 0.113474 0.0590046 
0.155663 -0.646897 0.890352 
-0.0776448 -0.329183 0.393522 
0.194591 -0.205809 0.187418 
-0.0504459 0.10407 0.192326 
0.0925063 0.113367 0.0441961 
-0.112995 0.30434 0.53621 
0.282369 -0.277446 0.10282 
0.0490536 -0.131014 0.170053 
0.10657 0.0129416 0.135982 
-0.234602 0.0293981 0.301783 
0.138725 -1.34174 1.76263 
0.0885972 0.114354 0.0609908 
-0.110572 -0.213172 0.219028 
0.0234645 -0.0939526 0.00403216 
-1.21756 -2.83639 3.41211 
0.0884173 0.113713 0.0807818 
0.383668 -0.337022 -0.0104005 
-0.109406 -0.474405 0.597265 
0.32901 -0.353039 -0.202833 
0.035862 -0.431997 0.0476604 
-0.551625 -0.912284 0.680885 
-0.474267 -0.847514 0.932836 
0.060456 -0.510187 -0.244478 
0.180199 -0.169495 0.115689 
0.190437 -1.87779 2.43353 
0.0976166 0.113274 0.0339412 
0.306148 -2.03482 2.75359 
0.275772 -0.458995 0.535053 
