-0.114952 -0.267626 -0.956641 0.609784 0.268211 0.918897 -0.289295 0.117124 0.956478 -0.289836 -0.0338489 0.474408 0 0 0 1
1 0 0 0 0 1 0 0 0 0 1 0 0 0 0 1
###
0.23173 -0.021171 -0.850925 
-0.784311 -1.34741 -0.29001 
-1.24313 -4.33376 -2.24504 
13.0673 -16.8546 7.07465 
0.703761 -2.79601 0.520687 
4.20822 -5.6124 2.81915 
1.2308 -5.87857 1.66948 
-0.77107 -1.30118 -0.269232 
7.35238 -10.2005 7.98705 
0.092626 -0.508935 -0.810541 
1.75548 -9.21626 10.1394 
0.760788 -1.65222 -2.46296 
-0.228917 0.344961 0.588945 
0.230883 0.0118972 -0.561447 
0.471982 0.0219318 -0.607906 
2.38516 -6.53978 1.15625 
1.12917 -2.51214 1.06643 
11.5563 -15.013 6.42377 
2.10818 -2.71697 0.503348 
1.23552 -2.42476 1.12515 
-0.229345 0.344294 0.588802 
6.47837 -9.28712 7.29833 
0.341009 -2.43036 4.63563 
1.73644 -2.33171 1.22752 
0.315269 -0.14926 0.333329 
-0.228828 0.344609 0.588846 
1.12888 -2.45669 0.222402 
-0.388438 -1.38744 2.5632 
1.23291 -2.40709 1.13267 
-0.387018 -1.39471 2.56855 
0.16982 -2.7359 -2.71864 
2.47912 -6.72226 1.14826 
10.6549 -12.6396 4.273 

-0.0128522 -0.045741 0.025724 
-0.318084 0.201718 0.611053 
0.16338 0.03368 0.306739 
9.52667 -11.4908 3.93415 
0.265793 -0.189724 0.276351 
0.415276 -1.66312 2.63185 
0.525098 -1.28767 0.108063 
0.286095 0.00447455 0.206979 
7.22489 -9.49158 6.4773 
-0.278917 -0.524944 1.08784 
1.75271 -6.84038 6.68976 
0.0938695 0.121479 0.144951 
-0.100615 0.191066 0.515917 
-2.24268 -2.9811 1.87522 
-0.694307 0.169199 0.375183 
1.58822 -3.68918 0.307591 
0.886814 -1.53688 0.445146 
8.82477 -10.6854 3.67496 
2.05681 -2.18515 0.0292176 
2.23232 -2.42093 1.43055 
-0.327016 0.124163 0.336963 
7.57593 -10.1097 6.92306 
0.533289 -2.14666 3.31884 
6.43983 -6.39257 1.40048 
0.111009 0.0928947 0.170536 
-0.382562 0.21099 0.622861 
-0.891966 -0.65164 0.274264 
-0.186346 -3.30009 4.03875 
0.944661 -1.47095 0.484983 
3.59274 -6.38411 8.0204 
-0.27242 -0.627464 1.04781 
1.67922 -3.89282 0.318743 
7.47241 -8.22086 2.1003 
