0.0496045 -0.286791 -0.956708 0.410611 0.136616 0.950832 -0.277947 -0.0693384 0.989381 -0.116914 0.0863459 0.434743 0 0 0 1
0.991983 -0.124232 -0.0231399 0.0527096 0.124596 0.992094 0.0150256 -0.00839038 0.0210903 -0.0177883 0.999619 -0.0208215 0 0 0 1
###
4.19677 -3.13122 3.86994 
-0.227269 0.0293926 0.45228 
-0.438767 -1.06164 -0.479564 
6.58377 -10.4769 -4.11149 
-0.397926 -0.630312 -0.227597 
2.21242 -8.30013 9.66193 
1.18966 -3.64297 6.66415 
0.165438 0.18779 -0.693552 
3.0594 -2.42157 2.21608 
4.52945 -3.33047 4.16811 
1.09952 -0.920293 -2.39747 
-0.383004 0.415421 0.527866 
0.343527 0.311759 -0.299284 
-0.078099 0.195769 -0.291808 
4.07365 -4.15627 5.98774 
1.9534 -7.6371 8.99002 
-0.324199 0.371859 0.307002 
0.352742 0.31479 -0.304656 
0.71618 -1.79833 -2.09288 
-0.520462 -1.05682 -0.336565 
1.98651 -1.4424 1.8085 
0.2288 -1.91418 3.87454 
-0.522699 -1.0685 -0.342098 
1.62456 -0.0926962 -0.543968 
1.05074 -1.39423 0.83733 
1.69457 -2.05352 0.0856762 
-0.266282 -1.12472 2.11989 
-0.323791 0.37279 0.307254 
-0.211762 0.35665 0.171169 
-0.523054 -1.0699 -0.342807 
-0.383385 0.333632 0.19876 
1.58163 -1.94458 0.0945803 
0.331434 0.318404 -0.281973 
-0.265334 -1.12907 2.12909 
-0.359339 0.348076 0.236468 

0.909941 -0.813868 0.779113 
-1.32241 -1.30226 0.863877 
-0.207267 -0.650179 0.892878 
-1.99819 -2.01659 0.699688 
-0.0461231 0.319835 0.178309 
-1.65374 -1.96089 1.76532 
-2.65774 -2.63009 0.703629 
-0.216705 0.317261 0.215178 
0.182032 -0.433793 0.557098 
0.0995552 -0.125743 0.165247 
-0.153214 0.31743 0.195707 
-0.00258028 0.292714 0.0535344 
0.240038 0.346254 0.173433 
0.424402 0.353191 0.121247 
0.14723 -0.201275 0.267699 
2.09783 -2.55027 0.915699 
0.163407 0.351026 0.19815 
0.453341 0.34391 0.0512498 
-0.0837226 0.111951 0.285791 
1.43981 -2.64239 0.00805692 
-0.710375 -0.60854 0.546957 
10.9524 -8.66475 4.79871 
0.298351 -0.549129 0.0807483 
-0.0771548 0.310061 0.122014 
3.37574 -3.01951 0.582964 
-0.0207067 0.289442 0.0506218 
0.360811 -0.294417 0.278472 
0.428792 0.334109 0.0515864 
0.142396 -0.756736 0.514931 
-1.19201 -1.60181 1.64898 
-0.0551089 0.321986 0.179081 
-0.0198287 0.323949 0.181225 
0.375108 0.32255 0.112654 
0.257276 -0.207987 0.172037 
-0.0651503 0.300697 0.0927337 
