0.889891 -0.138862 0.434524 0.197034 0.0942129 0.987952 0.122777 -0.134227 -0.446338 -0.0683203 0.892253 0.257386 0 0 0 1
0.999831 -0.017898 -0.00426887 0.021055 0.0179427 0.999782 0.0106575 0.0139893 0.00407719 -0.0107323 0.999934 0.00172039 0 0 0 1
###
-0.15903 0.225883 -0.247347 
-0.143246 0.244522 -0.20305 
-0.21745 0.225125 -0.237544 
-0.864393 -0.0394416 -0.292984 
-0.105675 0.224137 -0.288619 
-0.20081 0.00555126 -0.196304 
-1.0661 -0.292602 -0.246984 
0.0289335 0.229485 -0.11849 
-0.235795 0.229925 -0.232659 
-0.0429533 0.170735 -0.289629 
-0.380357 -0.209043 0.0209094 
-1.55428 -1.5127 0.794806 
-0.26705 0.0762911 -0.287189 
-0.176635 0.231816 -0.241957 
-0.101859 -0.328152 -0.141807 
-3.55699 -4.0739 -0.757496 
0.338242 -1.80621 1.50391 
-0.0988517 0.221287 -0.288381 
-0.0300898 0.153454 -0.265292 
-0.465702 0.112753 0.341338 
-1.47871 -1.28618 0.342585 
0.139172 -0.829845 0.523287 
-0.0522467 0.243297 -0.214708 
-0.00614186 -0.25854 0.343987 
-1.83179 -1.72018 0.601524 
0.132343 -0.891734 0.703206 
-0.463584 0.164985 0.324432 
-0.0650411 0.241827 -0.212155 
-0.0663639 0.243116 -0.211117 
-0.213365 0.234168 -0.203537 
0.0805987 -0.718831 0.246889 
0.00901137 -0.800274 1.12673 
0.00170923 0.240105 -0.212476 
-1.04272 -0.493468 -0.424332 
0.695507 -1.07546 0.00453553 

-0.00097444 0.0218205 0.419854 
-0.992235 0.27109 0.348916 
0.14518 0.100688 0.169647 
-0.607937 -1.0907 1.46801 
-1.23827 -0.782248 0.220465 
-1.89718 -3.53629 0.919733 
0.0302796 -0.0443764 0.435007 
1.22061 -1.41944 0.540048 
-0.139306 0.111704 0.381483 
-0.831649 -1.53477 1.09061 
4.04719 -3.80027 5.73254 
4.19575 -3.12681 3.86739 
0.0167927 -0.0173866 0.366314 
-0.854925 0.3957 0.728962 
0.168142 0.000935362 0.23354 
-2.21233 -3.66627 1.42556 
-0.911491 -3.80864 2.54721 
-0.145608 0.125731 0.402896 
-0.802988 -1.72542 1.61853 
-0.104128 0.0426695 0.423449 
-0.845187 -1.75767 1.53205 
-0.638177 -3.75593 2.32526 
0.201064 0.0691911 0.167082 
-0.969942 -1.83811 1.32168 
-2.2406 -9.51552 10.7141 
-1.02731 -3.86194 2.34874 
0.0264638 -0.110381 0.415133 
-0.131138 0.101615 0.363626 
0.159035 0.0674693 0.252204 
-0.629855 0.356002 0.432458 
0.677877 -3.62698 1.65643 
1.19039 -3.62894 6.64873 
3.14655 -1.33943 1.50966 
-0.102967 0.0555568 0.393434 
-11.5567 -30.5622 33.0786 
