0.55978 -0.0155703 0.828495 -0.478536 -0.152369 0.980841 0.121383 0.203497 -0.814512 -0.194185 0.546683 0.731882 0 0 0 1
0.999216 -0.024149 -0.0313801 -0.00329675 0.0237346 0.999627 -0.0135122 -0.00788631 0.0316947 0.0127568 0.999416 -0.0306058 0 0 0 1
###
-1.76934 -3.1282 0.817297 
-3.13508 -7.56978 -4.21766 
-1.37739 -2.24722 0.678516 
0.299109 -0.772512 -0.235254 
-0.138956 -2.09995 1.25413 
0.930244 -0.383807 0.374844 
-1.93863 -4.99303 -2.43628 
-1.2581 -2.42706 1.77777 
0.11219 -0.794552 0.127177 
-0.935737 -0.663267 0.251445 
-2.53112 -4.17131 -1.21773 
0.655828 -0.321155 -0.0108417 
0.807743 0.0975876 -0.0544769 
0.608991 -1.60169 0.0485449 
-11.02 -11.8402 3.48351 
0.641611 0.0998133 0.0308643 
-0.199676 -1.21671 -1.33842 
-1.37196 -0.461577 -0.286039 
0.737061 0.113311 0.277177 
-1.00883 -0.367488 -0.208297 
-0.545527 -3.27862 1.76277 
0.647069 0.115733 0.0596522 
0.633604 -1.56974 0.14154 
-1.68019 -2.74797 1.80161 
0.580061 -0.0370782 0.161354 
0.539229 -0.0310016 0.147963 
0.598944 -0.193565 0.273808 
-0.30487 -1.07796 1.21184 
0.81937 0.097789 -0.0403496 
-0.231635 -2.03133 2.75642 
0.602624 -1.57296 0.0492701 
0.67643 0.121573 0.086097 
0.458821 -0.473055 0.105797 
0.836781 -0.164949 0.113151 
0.188467 -1.66431 2.41132 
-0.926813 -3.27071 1.86529 
0.413123 -0.375973 0.313974 

-3.66127 -5.04815 1.9253 
-1.76957 -4.86488 6.00114 
-1.83275 -2.36138 1.25519 
0.252522 -3.20287 5.70454 
-1.71616 -5.02844 3.74449 
0.273681 -0.880357 1.42446 
0.105253 -5.49857 9.62849 
-1.82184 -2.93926 2.52428 
-1.21545 -2.27823 2.21308 
-1.78342 -0.973319 0.634321 
-1.83198 -6.26407 8.13058 
-0.816858 -1.57539 2.23147 
0.0897041 0.18049 0.290526 
-1.8267 -5.18092 3.30063 
-4.35444 -5.05883 1.41715 
0.00572055 0.265492 0.275888 
2.40356 -0.693646 0.34138 
1.40019 -2.4731 0.708398 
0.545259 0.15153 0.275955 
1.40584 -2.46702 0.707039 
-1.39843 -5.09968 3.43554 
0.134101 0.224615 0.143656 
-1.68352 -4.87444 3.72604 
-3.40704 -5.35654 4.27808 
-0.0561346 0.223403 0.401866 
-2.00037 -2.52023 1.23647 
-1.7124 -0.626152 0.583795 
-0.807919 -1.54992 2.23757 
-2.59796 -3.36347 1.64284 
5.07644 -6.12986 7.00825 
0.240591 -0.0647478 0.491499 
0.0337787 0.176918 0.330935 
-4.56617 -5.78492 3.06206 
-1.67959 -1.86051 1.14282 
-0.0325279 -1.30875 1.30229 
-2.29536 -6.03673 4.14224 
0.0125572 -0.176113 0.685498 
