-0.146135 -0.410788 -0.899943 0.658596 0.277924 0.856023 -0.43587 0.267733 0.949422 -0.313812 -0.0109274 0.46779 0 0 0 1
1 0 0 0 0 1 0 0 0 0 1 0 0 0 0 1
###
-0.61518 -0.565795 0.254906 
0.993582 -0.0613304 -0.925945 
1.23591 -2.42551 1.12546 
-0.270112 0.411788 0.892406 
-0.168692 -0.135957 1.04297 
0.675008 -4.05184 7.17559 
0.743434 -0.939413 -2.78923 
-0.168745 -0.133622 1.04095 
0.378937 -2.5472 4.82662 
1.12944 -2.51274 1.06666 
-0.274359 0.386946 0.877274 
2.10863 -2.7169 0.505473 
-0.252864 0.411125 0.897204 
2.62548 -2.79922 2.74579 
11.5559 -15.0113 6.4219 
-0.137802 0.2268 0.68312 
0.475525 0.0485504 -0.508341 
1.20739 -3.06374 1.31157 
1.23082 -2.40319 1.1316 
0.140572 -2.81463 4.9282 
-0.231525 0.343295 0.588645 
0.543062 0.0909672 -0.337444 

-0.318084 0.201718 0.611053 
-0.944533 -3.57929 1.90986 
0.937561 -1.46627 0.475458 
0.17407 -0.01738 0.265153 
-0.287081 -4.11525 5.02565 
1.54469 -4.05649 5.81641 
0.189829 0.0570922 0.1039 
3.59287 -6.38425 8.02074 
9.10619 -11.1232 3.90905 
0.891835 -1.54595 0.447562 
0.162907 0.0910728 0.11051 
0.208112 -0.0187532 0.227018 
0.288154 0.00234159 0.209567 
-0.186393 -3.30058 4.03932 
9.5293 -11.4939 3.93531 
0.144584 0.0764311 0.138846 
0.0946633 0.108075 0.0844659 
0.886881 -1.537 0.445181 
0.268518 -0.296148 0.336154 
0.185932 -1.70367 2.47058 
-0.382562 0.21099 0.622861 
0.390291 -0.158042 0.0835587 
