0.0320596 -0.456401 -0.889196 0.475883 0.147558 0.882066 -0.447422 0.0357842 0.988534 -0.116864 0.0956243 0.437334 0 0 0 1
0.991983 -0.124232 -0.0231399 0.0527097 0.124596 0.992094 0.0150256 -0.00839042 0.0210903 -0.0177883 0.999619 -0.0208215 0 0 0 1
###
-0.0505831 0.37817 0.633358 
-0.321659 0.355932 0.239559 
0.967605 -1.02841 1.08236 
-0.411679 0.443084 0.473018 
0.68149 -11.2787 -6.95146 
-0.0291788 0.384897 0.645943 
-0.32076 0.355959 0.23975 
2.22167 -8.33881 9.70865 
4.0729 -4.15494 5.98616 
5.53428 -5.54392 5.43343 
0.321732 0.250466 -0.507042 
1.1332 -3.50534 6.44182 
-0.192815 1.23797 0.762187 
0.70093 -1.76897 -2.05857 
-0.330274 0.890091 0.629724 
4.37226 -3.54261 0.566678 
1.19239 -1.04649 0.435724 
-0.0809873 0.500527 0.67107 
0.55892 -3.35194 1.58725 
0.169173 0.0453098 0.641952 
0.266603 0.308487 -0.234603 
0.696521 -1.76007 -2.05006 
0.809788 -3.59278 1.40245 
4.15415 -3.04926 3.62065 
0.808655 -1.99441 -2.32003 
-0.365885 -1.25841 2.0429 
-0.359353 0.348129 0.236554 

-0.113774 0.0774317 0.298628 
-0.125577 0.315907 0.183726 
-1.32241 -1.30226 0.863877 
0.424402 0.353191 0.121247 
0.265857 -0.213123 0.0709616 
-0.0600042 0.128851 0.277208 
-0.0822708 0.316935 0.178446 
-1.65374 -1.96089 1.76532 
0.14723 -0.201275 0.267699 
0.214801 -0.480935 0.64456 
0.176792 0.345219 0.183964 
0.394137 0.358933 0.122646 
-0.204427 0.316872 0.203612 
-0.12359 0.0619477 0.303224 
0.251093 0.211861 0.0353978 
-0.249189 0.0558717 0.313133 
1.90742 -1.68895 0.745256 
0.278958 0.353809 0.169661 
0.173289 -0.940528 0.359284 
0.139172 -0.829845 0.523287 
-0.116307 0.317615 0.189605 
-0.180891 0.00372371 0.327086 
0.12299 -0.840659 0.4311 
2.40271 -1.88823 0.856944 
-0.00082482 0.324139 0.175048 
0.0944601 -0.128446 0.176003 
-0.153214 0.31743 0.195707 
