-0.153443 -0.491764 -0.857102 0.698129 0.218481 0.829023 -0.514768 0.30378 0.963702 -0.266248 -0.0197663 0.481542 0 0 0 1
0.588026 -0.191013 -0.785964 0.0265241 0.10116 0.981453 -0.16284 0.318829 0.802491 0.0162463 0.596443 -0.859619 0 0 0 1
###
1.9255 -8.21399 2.1277 
0.686225 -4.007 7.08892 
2.00898 -2.21497 2.3621 
1.23513 -2.42437 1.12471 
0.193212 -0.692513 1.77562 
7.36287 -10.2109 7.99895 
2.44913 -2.6261 2.6387 
1.30522 -2.33345 3.9686 
-0.271195 0.390218 0.880203 
11.5279 -12.3236 4.29391 
-0.149511 -5.16425 2.62664 
0.131201 0.27409 0.911739 
0.760785 -1.36552 0.805707 
2.63152 -2.80497 2.75055 
11.5549 -15.0048 6.41984 
-0.159626 -5.16608 2.64024 
1.15452 -2.50012 0.221914 
-0.148778 0.373427 0.760204 
2.09482 -0.504669 1.84241 
0.212775 -0.0142171 0.987319 
13.0846 -16.8748 7.08664 
4.5908 -4.68269 4.0082 
0.207405 0.103762 -0.0879094 
-0.25707 -2.01249 3.47838 
6.41995 -9.22345 7.29281 
-0.294467 0.320871 0.499662 

1.02308 -1.91549 0.421765 
1.8282 -1.14066 0.577192 
3.20492 -2.65622 0.335549 
2.22792 -2.26552 1.35447 
2.6636 -3.25416 2.43743 
7.24664 -9.51836 6.49553 
2.08271 -1.83896 1.30054 
0.805489 -1.2959 2.00799 
1.5905 0.272246 0.71261 
7.8444 -7.75816 2.13546 
1.05175 -3.49345 0.689856 
1.63524 -1.21783 0.641123 
1.15453 -1.54734 0.376568 
2.71117 -2.6338 2.07717 
8.82461 -10.684 3.67434 
-0.0198521 -3.30381 1.51985 
1.99117 -1.61558 1.17048 
1.72582 -0.477912 0.0619799 
1.57087 -0.408271 0.98883 
1.82301 -0.491675 0.0977091 
9.52009 -11.4816 3.93103 
3.65737 -3.45487 -0.168935 
1.62002 0.277008 0.710481 
0.703167 -1.5238 2.22773 
7.61529 -10.16 6.95724 
0.403933 -0.678177 1.37242 
