0.988463 -0.143138 -0.0495257 0.0604982 0.147751 0.983184 0.107326 -0.130624 0.0333303 -0.113406 0.99299 0.313098 0 0 0 1
0.999888 -0.0149826 0.000715989 0.0112003 0.0149814 0.999886 0.00173011 0.00563561 -0.000741829 -0.00171919 0.999998 0.00137031 0 0 0 1
###
0.00353209 -0.16645 0.194479 
0.338242 -1.80621 1.50391 
0.134414 -0.780878 0.63278 
-0.963774 -0.28467 -0.0207973 
0.203439 -0.132324 0.116806 
-0.312545 -0.131774 -0.0404464 
0.21447 -1.55802 0.552284 
1.90742 -1.68895 0.745256 
-0.237526 -0.485332 0.62677 
0.0287749 0.229496 -0.119516 
0.0651762 -0.460092 0.638899 
-0.0233056 0.204159 -0.182865 
-0.465702 0.112753 0.341338 
0.787043 -0.677595 0.792874 
-0.116747 -0.235596 -0.164867 
-1.64048 -1.56686 0.76073 
-0.0699063 0.243217 -0.2087 
0.17867 -1.18676 0.423562 
0.773405 -0.625198 0.138136 
-0.0575807 0.0884603 -0.168012 
0.0228964 0.231772 -0.151513 
-0.1857 0.089705 -0.254226 
-1.08557 -0.424985 0.0508662 
-1.50747 -1.28835 0.345336 
0.139172 -0.829845 0.523287 
-0.00827661 0.238065 -0.206919 
0.0274935 0.241262 -0.177801 
-0.231627 0.228094 -0.230443 
0.429844 -0.340179 0.363694 
-0.254812 0.068251 0.274384 
-0.265289 0.140084 0.311408 
-0.0515252 0.197197 -0.164326 
-0.15108 0.0735595 -0.264966 
-0.0604337 0.229708 -0.279045 
0.110991 -0.154809 0.356265 
0.148986 -1.02851 0.850194 
-0.430099 0.174445 0.290244 

-0.97008 -1.83843 1.32191 
-0.903248 -3.76105 2.52779 
-1.12892 -3.7871 2.51374 
0.0302822 -0.0443784 0.435012 
0.106492 -3.45938 6.08071 
4.07603 -3.83125 5.77633 
0.335065 -3.60627 1.83119 
1.1332 -3.50534 6.44182 
-0.175849 -0.27177 0.0843088 
1.22054 -1.41938 0.540012 
-0.802963 -1.72538 1.61852 
-0.560834 -3.61221 2.12691 
-0.104117 0.0426501 0.423402 
-0.941437 -1.96235 1.51943 
-0.656483 -3.81619 2.44193 
2.51482 -4.27169 7.09909 
-0.884076 0.377205 0.682033 
0.328154 -3.62683 1.84452 
1.40878 -4.06981 7.51723 
-0.606565 -1.1011 1.46425 
0.0230372 0.280637 0.234749 
0.0815793 0.0627842 0.362351 
3.14508 -1.33869 1.50888 
-2.39028 -7.32288 8.13914 
-0.6383 -3.75715 2.32594 
2.01888 -1.58603 2.15592 
0.136881 0.291959 0.105667 
0.0700317 0.220028 0.212089 
-1.23188 -2.26808 1.52973 
-1.23837 -0.782336 0.220492 
-0.132801 0.102017 0.365647 
0.0173957 0.264234 0.300952 
4.0729 -4.15494 5.98616 
-1.22329 -1.94387 0.70076 
-0.608051 -1.091 1.46833 
-1.38135 -4.4099 2.81828 
0.0163084 0.249393 0.285752 
