0.209421 -0.270675 -0.939616 -0.00117191 0.245874 0.944626 -0.217319 -0.0501405 0.946409 -0.185516 0.264376 0.107639 0 0 0 1
1 0 0 0 0 1 0 0 0 0 1 0 0 0 0 1
###
0.0838425 0.0672427 0.197804 
0.0979185 -0.431869 0.610017 
-0.0527791 -0.149639 -0.0421544 
-0.0492601 0.0181258 0.0139925 
-0.074333 0.0921226 -0.031243 
-0.0291516 -2.88818 3.97291 
0.140298 -1.34135 1.76372 
-0.0728628 0.0403444 -0.0550573 
-0.0543435 0.0257546 0.00337767 
0.084463 0.0657279 0.204045 
0.0872093 0.0449397 0.210536 
-0.0822655 0.0908672 -0.0377483 
-0.09588 -0.132862 0.00839929 
-0.011438 0.0368012 -0.025821 
-0.042277 0.0722464 -0.0280719 
-0.066564 0.0921968 -0.0473327 
-0.0742632 0.0994981 0.0306647 
-0.0550127 0.0935233 -0.0317881 
-0.0554732 0.0942752 -0.0255305 
-0.0960185 -0.132757 0.00796146 
-0.032307 0.0686116 -0.0393786 
0.269323 -0.48189 0.105866 
-0.055297 0.0929524 -0.0356534 
0.228507 -0.209197 -0.0583121 
-0.0343558 0.0763368 0.000327084 

-0.0715709 0.320679 0.266964 
-1.54947 -2.14373 4.86454 
5.06513 -4.16652 4.68805 
-0.510004 -1.45555 4.01468 
0.903976 0.417776 0.377938 
-1.12212 -1.46312 0.821035 
-2.21967 -2.26615 2.21255 
-4.71445 -4.16833 5.6654 
-0.550799 -1.50684 4.16736 
-0.362939 0.137847 0.735286 
-0.363457 0.137907 0.736264 
-0.107605 0.273737 0.173663 
0.856441 -1.22022 1.87152 
0.0940529 0.223396 0.0437913 
1.69049 -1.77665 4.37569 
-0.584246 0.250689 0.2229 
-0.584576 0.248196 0.215402 
0.641346 0.488011 0.554591 
-0.586041 0.249457 0.221189 
0.546407 0.495163 0.586326 
0.336792 -1.3027 2.04711 
-1.36075 -4.06102 1.65489 
3.45503 -2.56667 4.95635 
-1.75745 -1.73971 1.7098 
0.797661 0.470205 0.487608 
