0.89333 -0.334729 -0.299864 0.421659 0.266623 0.931893 -0.245944 0.0471641 0.361765 0.139759 0.921734 -0.0459491 0 0 0 1
0.85146 -0.0466796 -0.522338 -0.00786353 0.0962381 0.993024 0.068134 0.0080618 0.515514 -0.108282 0.850012 -0.00853594 0 0 0 1
###
0.0492948 0.260019 0.580736 
2.4538 0.161679 0.288471 
5.15945 -4.882 1.689 
0.846348 0.453936 0.449801 
-0.503617 0.287407 0.271245 
-0.496527 0.334525 0.358088 
0.622605 -0.920982 0.0670621 
-4.78833 -7.31911 7.29385 
-1.31566 -1.01581 2.1259 
-0.0468645 0.281778 0.348471 
-2.55722 -3.06688 5.69256 
-0.675989 0.763535 0.285846 
2.89876 -2.2244 3.63866 
3.03062 -1.37793 0.433831 
1.52509 -2.9006 0.246427 
0.340519 -1.31762 2.07056 
-0.678255 0.802235 0.291208 
-0.667341 0.748051 0.276183 
-0.258324 0.290367 0.228772 
0.87639 0.461519 0.452998 
1.64177 -7.3775 14.4306 
0.921517 -0.965256 2.41917 
2.85215 -1.81429 -0.207038 
-0.203609 0.261221 0.164991 

0.0885972 0.114354 0.0609908 
0.0854719 0.0678369 0.196554 
0.256124 -0.28497 0.212693 
0.124765 0.107806 -0.0292644 
0.10657 0.0129416 0.135982 
0.102272 0.110672 0.0135055 
0.596188 -1.86878 -1.43516 
0.101116 -0.223122 0.261866 
0.0490536 -0.131014 0.170053 
0.101319 0.11304 0.0200757 
0.148543 -0.162524 -0.101137 
-0.0466261 0.0957954 0.17721 
0.157201 -0.140818 0.0509381 
0.118952 0.00481271 0.0906687 
-0.0340542 0.0980368 0.183829 
0.507856 -0.498812 0.192109 
0.0889145 0.0696615 -0.123731 
-0.033426 0.101864 0.189122 
0.129482 0.106346 -0.0427174 
-0.112995 0.30434 0.53621 
-0.0776448 -0.329183 0.393522 
0.142812 -0.0840035 0.00034352 
-0.217967 -0.045985 0.319902 
-0.141814 0.384524 0.670046 
