-0.153443 -0.491764 -0.857102 0.698129 0.218481 0.829023 -0.514768 0.30378 0.963702 -0.266248 -0.0197663 0.481542 0 0 0 1
1 0 0 0 0 1 0 0 0 0 1 0 0 0 0 1
###
1.9255 -8.21399 2.1277 
-0.250255 0.41922 0.903237 
2.00898 -2.21497 2.3621 
1.23513 -2.42437 1.12471 
0.193212 -0.692513 1.77562 
7.36287 -10.2109 7.99895 
2.44913 -2.6261 2.6387 
1.30522 -2.33345 3.9686 
0.636696 -3.28362 5.91916 
-0.149511 -5.16425 2.62664 
0.760785 -1.36552 0.805707 
1.12696 -2.50791 1.06504 
11.5549 -15.0048 6.41984 
-0.159626 -5.16608 2.64024 
-0.243199 0.320358 0.497185 
-0.150902 0.372002 0.760074 
-0.156949 0.37562 0.753501 
1.22127 -2.38322 1.12795 
-0.244036 0.320114 0.495487 
0.276619 -2.20889 4.33314 
6.41995 -9.22345 7.29281 

0.190519 0.0558843 0.154108 
1.03972 -1.63519 -0.133145 
0.563806 -1.95558 2.94875 
0.93808 -1.4671 0.475753 
-0.0533581 -0.725564 0.873103 
7.24664 -9.51836 6.49553 
0.541532 -1.98987 3.13474 
1.22636 -3.70717 5.53971 
-0.752692 -0.551067 0.240891 
-0.0165094 -3.27452 1.50128 
0.522716 -1.2815 0.10763 
0.296151 -0.01376 0.163731 
9.52009 -11.4816 3.93103 
-0.0198521 -3.30381 1.51985 
0.148412 0.0696611 0.158342 
0.166807 0.091638 0.0995663 
0.288156 0.00234249 0.209569 
0.944805 -1.4711 0.485085 
0.192579 -0.0976124 0.248493 
0.53605 -2.15991 3.33939 
7.61529 -10.16 6.95724 
