0.893401 -0.36965 -0.255331 0.467194 0.289446 0.908258 -0.302141 0.0653866 0.343593 0.196028 0.918432 -0.0459752 0 0 0 1
0.85146 -0.0466796 -0.522338 -0.00786353 0.0962381 0.993024 0.068134 0.0080618 0.515514 -0.108282 0.850012 -0.00853594 0 0 0 1
###
-0.550799 -1.50684 4.16736 
0.0839458 -0.561799 0.293542 
6.15828 -6.23138 2.27767 
-1.70728 -1.45397 2.91356 
0.336792 -1.3027 2.04711 
2.66107 0.0994048 0.248248 
-0.160621 0.254214 0.128896 
2.6082 -2.02363 3.30613 
3.45799 -2.97876 3.29475 
0.442578 0.394878 0.444899 
-0.49162 -1.36324 4.02065 
-5.59243 -7.3945 13.1101 
0.599491 0.492671 0.587794 
0.686246 -0.797747 2.07879 
-3.12651 -2.6378 3.3936 
1.6407 -7.3582 14.3916 
4.12747 -3.37229 1.59529 
3.0923 -1.33862 0.346723 
1.29712 0.624575 0.634557 
0.285757 -1.20114 2.10764 

0.0154857 -0.0164999 -0.00125116 
0.0167107 -0.0139716 -0.00124382 
-0.218962 -0.715576 0.886861 
0.0490536 -0.131014 0.170053 
0.230975 -1.23321 -0.610149 
0.103104 0.111302 0.0128993 
0.0537492 0.0968838 -0.0018455 
0.157201 -0.140818 0.0509381 
-0.0776448 -0.329183 0.393522 
-0.033426 0.101864 0.189122 
0.143741 -0.10847 0.00276534 
0.829997 -0.783322 -0.0803183 
0.0863579 0.0682728 0.196699 
0.105451 0.0116317 0.13738 
-0.0490945 0.0849713 0.171028 
-0.5059 -1.99425 2.43485 
0.0601715 -0.315079 0.427158 
-0.0466261 0.0957954 0.17721 
0.104488 0.047805 0.0962767 
0.0502156 -0.0846024 -0.0570339 
