0.460117 -0.0703807 0.885064 -0.314834 0.0155941 0.99734 0.071202 0.0523215 -0.887721 -0.0189594 0.459991 0.805465 0 0 0 1
0.999216 -0.024149 -0.0313801 -0.00329675 0.0237346 0.999627 -0.0135122 -0.00788631 0.0316947 0.0127568 0.999416 -0.0306058 0 0 0 1
###
0.364251 -0.219033 0.219561 
-1.78983 -3.15105 0.819688 
0.708572 -0.00597836 -0.175715 
-1.93996 -3.20127 2.14727 
-0.232936 -1.15142 0.294185 
0.554759 0.047883 -0.254516 
-1.12178 -0.412339 -0.245983 
-1.23981 -0.643595 -0.153537 
0.665918 0.075543 -0.153627 
1.57273 -4.51216 5.96362 
-2.57746 -4.22596 -1.24115 
-0.16151 -2.14276 1.26217 
-2.05655 -2.86146 0.917932 
0.8105 0.0953467 -0.0539818 
-1.58942 -2.78493 1.97577 
0.648232 0.122816 0.0734212 
-0.965108 -0.682468 0.245086 
-0.842622 -2.10667 1.86916 
0.577282 0.0926818 0.303563 
-0.898778 -1.2352 0.534377 
3 -6.03956 4.79145 
0.654525 0.118919 0.0688303 
0.878003 -1.51905 0.443753 
-1.11186 -2.23286 -2.5013 
-0.9879 -0.69351 0.245511 
0.825148 0.0964179 -0.04081 
1.02768 0.31172 1.05531 
-0.696969 -3.10879 1.89108 
0.863514 -0.283196 -0.0157638 
-2.68865 -4.03387 -0.323287 
-1.01405 -0.702095 0.255838 
0.677329 0.121345 0.0865372 
-0.82193 -0.246225 0.491711 
0.65795 0.114998 0.0662955 

0.243891 0.157012 0.145638 
-3.66127 -5.04815 1.9253 
0.0821854 0.241307 0.189649 
-1.57235 -2.59195 2.24693 
-4.35444 -5.05883 1.41715 
-0.353437 0.240761 0.146526 
-0.0328723 -0.0482211 0.616508 
0.0125572 -0.176113 0.685498 
-0.345365 0.235969 0.142399 
0.273681 -0.880357 1.42446 
5.07644 -6.12986 7.00825 
-1.71616 -5.02844 3.74449 
-2.00037 -2.52023 1.23647 
-1.7785 -0.621625 0.593858 
-1.82184 -2.93926 2.52428 
-2.86401 -3.49288 0.312619 
-1.78342 -0.973319 0.634321 
-1.21545 -2.27823 2.21308 
0.327386 0.163261 0.242552 
-1.67959 -1.86051 1.14282 
1.67784 -2.27525 0.602005 
-0.107919 0.294513 0.384444 
-1.8267 -5.18092 3.30063 
-0.0220971 0.236443 0.552319 
0.0148329 -0.0545942 0.562695 
1.40019 -2.4731 0.708398 
-0.920071 0.493293 1.17598 
-1.08105 -3.15524 2.41601 
-1.68352 -4.87444 3.72604 
2.02061 -10.721 11.2986 
-0.460986 0.440209 0.999996 
0.00514094 0.26364 0.27488 
2.40356 -0.693646 0.34138 
-0.260956 0.238759 0.156184 
