-0.121514 -0.488379 -0.86413 0.771627 0.208271 0.838656 -0.503269 0.290223 0.970493 -0.241128 -0.000193238 0.476511 0 0 0 1
1 0 0 0 0 1 0 0 0 0 1 0 0 0 0 1
###
0.0247214 -1.23533 2.90972 
7.58497 -7.76727 4.41429 
-0.721728 -1.42505 4.28419 
1.21679 -2.18664 3.77596 
9.62597 -11.8391 7.20468 
0.0605315 0.269098 0.901963 
2.31912 -2.5145 2.57826 
0.39547 -2.65045 4.86541 
0.39084 -0.98858 2.17056 
-5.61488 -41.1411 -24.947 
0.554386 0.0933028 -0.335125 
0.21438 -2.76543 -2.72485 
0.234041 -0.410782 0.611891 
1.23623 -2.42602 1.12527 
0.231782 0.0109807 -0.565953 
1.18573 -1.65067 0.614279 
2.48266 -3.76432 -0.457606 
0.270846 -7.3698 3.191 
-0.00720516 0.119707 0.0421678 
1.2269 -2.39597 1.12911 
1.4097 0.654215 1.95954 
2.10097 -0.318167 -2.87044 
13.1704 -16.9834 7.12954 
-0.209763 0.26693 0.600983 
0.669808 -2.8648 5.19892 
0.242013 0.105069 -0.11808 

0.535489 -2.1572 3.33537 
-0.186322 -3.29989 4.03856 
-1.29758 -1.71008 0.97353 
-0.0533657 -0.72561 0.873144 
5.45869 -6.27475 3.31052 
0.0939871 0.121812 0.145154 
0.541567 -1.99003 3.13509 
1.54861 -4.06606 5.83053 
3.47445 -6.12672 7.67409 
0.719015 -1.99186 -0.0480538 
0.286095 0.00447501 0.206981 
0.0993989 0.120999 0.140412 
0.380632 -0.241206 0.0968941 
2.229 -2.41705 1.42849 
-0.423082 0.152242 0.404453 
-0.893169 -0.646819 0.270088 
0.164161 -0.205118 0.0423235 
0.492826 -3.59902 1.21423 
-0.100633 0.191084 0.51596 
0.268515 -0.296143 0.336153 
-0.0221223 0.539368 1.94923 
0.0958784 0.0719486 0.32038 
9.52043 -11.4821 3.93122 
0.30213 -0.226878 0.260036 
1.4171 -3.53751 5.14731 
0.192579 -0.0976126 0.248492 
