0.0795667 -0.455468 -0.88669 0.589139 0.103047 0.888502 -0.447152 0.0190839 0.991489 -0.0557925 0.11763 0.433385 0 0 0 1
0.991983 -0.124232 -0.0231399 0.0527097 0.124596 0.992094 0.0150256 -0.00839046 0.0210903 -0.0177883 0.999619 -0.0208215 0 0 0 1
###
1.04737 -1.01393 1.10777 
5.30033 -5.59835 5.77158 
2.08426 -1.6772 2.25545 
0.733026 -11.9232 -7.33477 
-0.458675 0.420843 0.587848 
12.8007 -32.1516 -18.897 
4.06005 -3.03149 3.74843 
-0.0750315 0.463908 0.6251 
0.796253 -0.383772 -2.10758 
0.152989 -1.57212 3.34243 
-0.386029 0.331698 0.211408 
2.08185 -1.61985 2.2164 
0.697164 -1.7636 -2.05208 
-0.37657 0.413834 0.525258 
0.335473 -3.61068 1.83321 
9.94065 -9.22699 5.6901 
1.76785 -1.51884 0.45631 
2.2358 -2.31387 -0.355284 
-0.246321 0.302792 0.388951 
0.32898 -3.63565 1.84878 
1.04968 -1.39274 0.83657 
-0.284346 0.403324 0.439958 
0.161438 -1.62783 3.43735 
0.704121 -1.77653 -2.0667 

-0.296491 -0.310721 0.318717 
-1.88198 -2.23914 2.02184 
0.527562 -0.461134 0.439218 
0.870098 -1.25297 0.101888 
-0.0461232 0.319835 0.178309 
-0.48089 -1.0124 1.31903 
0.265955 -0.235061 0.24723 
0.0847406 -0.885086 0.757557 
-0.0651503 0.300697 0.0927337 
-1.41524 -1.42164 0.284861 
0.0211022 0.325501 0.175979 
0.125155 -0.192099 0.305989 
-0.0600042 0.128851 0.277208 
-0.125577 0.315907 0.183726 
0.138308 -0.88388 0.258791 
-0.217631 -0.754876 0.941787 
0.394137 0.358933 0.122646 
-2.22193 -2.1386 1.39644 
0.498708 0.382115 0.085384 
0.156884 -0.844474 0.358445 
3.37574 -3.01951 0.582964 
-0.259212 0.0541789 0.323149 
2.4292 -1.88939 0.848587 
-0.172666 0.0984095 0.287643 
