0.0631855 -0.503841 -0.861483 0.543374 0.10111 0.861998 -0.496726 0.0372217 0.992867 -0.0557189 0.105409 0.433043 0 0 0 1
0.991983 -0.124232 -0.0231399 0.0527097 0.124596 0.992094 0.0150256 -0.00839042 0.0210903 -0.0177883 0.999619 -0.0208215 0 0 0 1
###
-0.0439653 0.380789 0.637143 
3.07839 -2.4331 2.23129 
-0.187251 -0.544725 1.6801 
4.19001 -3.12541 3.8602 
-0.559618 -0.135096 1.52821 
0.866403 -0.430745 -2.17726 
0.418915 -4.0027 1.99769 
-0.0510443 -0.967703 2.35646 
0.783415 -0.376142 -2.09298 
2.66574 -2.29411 0.592064 
0.334975 -3.60513 1.83054 
-0.0615983 -0.948335 2.33157 
0.698586 -1.76496 -2.05474 
9.95653 -9.24287 5.69911 
0.696537 -1.7845 -2.19106 
-0.284544 0.403075 0.439738 
0.0139565 0.171639 0.639305 
-0.322736 0.354678 0.238237 
0.500892 0.280319 -0.592599 
10.6465 -9.83456 6.00571 
1.04984 -1.39305 0.836662 
7.132 -6.57464 5.59167 
0.678004 -1.7523 -2.16455 
-0.412067 -1.04372 1.78042 
0.019513 -1.19533 2.74075 

-0.067063 0.12453 0.280023 
0.187686 -0.520497 0.657925 
0.394137 0.358933 0.122646 
-0.710375 -0.60854 0.546957 
0.0879829 -0.570815 0.734749 
-0.00362672 0.322997 0.175339 
0.0482536 -0.450156 0.222349 
-1.77672 -1.82375 1.78684 
-0.169216 0.31182 0.190134 
0.313372 -0.280241 0.155671 
0.138308 -0.88388 0.258791 
-0.259212 0.0541789 0.323149 
-0.171388 0.0947747 0.284845 
-0.217631 -0.754876 0.941787 
-0.0651503 0.300697 0.0927337 
-0.194562 0.309072 0.171651 
-0.463584 0.164985 0.324432 
-0.0161444 0.564971 0.0821086 
-0.0551173 0.323584 0.18425 
-4.62292 -4.87188 2.80208 
3.37574 -3.01951 0.582964 
0.111261 -0.11307 0.298399 
-0.0630767 0.299016 0.0884891 
0.699501 -0.577216 0.472126 
0.499996 0.380598 0.136856 
