0.261947 -0.28062 -0.923383 0.0260625 0.216954 0.949425 -0.226988 -0.0507185 0.94038 -0.140873 0.309581 0.104205 0 0 0 1
0.967126 -0.177537 -0.182068 0.0175509 0.142378 0.971252 -0.190782 -0.0104663 0.210704 0.158587 0.9646 0.0128444 0 0 0 1
###
-0.432728 -0.749042 1.02819 
0.14027 -0.296049 -0.243089 
0.0992222 0.0162159 0.134239 
0.0101022 -1.46337 1.9679 
0.0288756 -0.301804 0.43994 
0.0457517 -0.798456 -0.676319 
-0.0793767 0.0952513 0.00948182 
0.343525 -0.372204 0.400533 
0.131112 -0.584885 0.803684 
0.020719 0.0526812 0.112673 
-0.0633963 0.0942025 -0.0191708 
0.0692798 -0.714907 -0.573247 
0.0844754 0.0657398 0.203926 
-0.0602521 0.0900955 -0.0370452 
1.02531 -0.895119 -0.101835 
0.10668 0.0129526 0.136096 
0.0872144 0.0449854 0.210305 
0.101254 0.0226874 0.129061 
0.0859554 0.114149 0.0603437 
-0.0968705 -0.127945 0.00683537 
-0.0474555 0.0302953 -0.0230405 
-0.149718 -0.0695825 0.345374 
0.106526 0.0134348 0.138642 
-0.0460756 0.0886289 -0.0474953 
0.323976 -0.289344 -0.0148356 
0.236552 -0.219968 0.0889499 
0.0247322 0.084548 0.0162075 

-4.71981 -4.17255 5.67161 
-2.00024 -1.60446 2.13696 
0.197603 0.0292548 0.757367 
-2.38226 -3.38387 7.71607 
-0.225009 -0.613792 1.72515 
2.68108 -2.00829 3.87994 
-0.441671 0.301421 0.311928 
0.0293307 -1.41906 3.93272 
-1.75145 -1.73364 1.70378 
-0.201657 0.000512384 0.586255 
-0.0412046 -0.0722988 0.694663 
0.797331 -0.67018 0.108201 
-0.362488 0.137483 0.73428 
2.81478 -2.02727 3.60567 
-1.50373 -1.60739 1.38961 
-0.16686 0.24417 0.124953 
0.130662 0.012938 0.708478 
0.897284 0.414968 0.375674 
-0.58229 0.24952 0.221541 
0.547396 0.496145 0.586817 
-1.66786 -1.64396 1.60921 
0.05561 0.331102 0.369654 
1.0425 -1.11148 2.70306 
0.0933222 0.222414 0.0438089 
-0.510995 -1.46011 4.02709 
0.47874 -3.1285 8.27121 
-0.438806 0.295985 0.300258 
