0.0503124 -0.4216 -0.905385 0.638725 0.127018 0.901873 -0.412907 0.0427474 0.990624 -0.094226 0.0989262 0.462877 0 0 0 1
0.991983 -0.124232 -0.0231399 0.0527098 0.124597 0.992094 0.0150256 -0.00839049 0.0210902 -0.0177883 0.999619 -0.0208215 0 0 0 1
###
1.94428 -7.20972 8.51361 
0.725236 -11.9786 -7.38107 
0.885225 -0.727291 -2.02219 
1.6675 -1.71111 2.79264 
-0.0146258 -1.04618 2.52883 
0.816091 -13.0955 -8.13084 
1.00732 -1.49796 0.783292 
0.819335 -0.395597 -2.14605 
0.917729 -1.25242 0.788427 
-0.0580959 0.375958 0.63448 
0.0373221 0.372323 0.612558 
9.91432 -9.20386 5.67515 
0.697122 -1.76419 -2.05266 
-0.381233 0.408413 0.52325 
9.23321 -7.85339 3.74834 
0.515416 -0.881876 -0.044066 
0.00895286 0.264464 -0.116807 
2.08108 -1.61853 2.21529 
0.329304 -3.63797 1.84999 
1.66523 -0.175744 1.45765 
0.198858 -1.72352 3.5863 
0.931393 0.0502997 1.17215 
0.0103927 0.170835 0.638284 
0.672346 -1.74262 -2.15388 
-0.362289 -1.37248 2.17701 
0.302721 -3.46228 1.787 
0.0930978 -3.20259 1.59359 

0.394137 0.358933 0.122646 
-0.0461232 0.319835 0.178309 
0.0998411 -0.0412982 0.264941 
-1.88536 -1.91359 1.12887 
-0.209561 0.449787 0.277291 
1.43305 -1.96722 0.205693 
2.28984 -3.18292 0.316996 
-1.07031 -1.01278 0.195678 
0.115364 -0.382905 0.42926 
0.323056 0.3247 0.142585 
0.139172 -0.829845 0.523287 
-0.217631 -0.754876 0.941787 
-0.0600042 0.128851 0.277208 
-0.259212 0.0541789 0.323149 
0.125155 -0.192099 0.305989 
0.359083 -0.276654 0.211334 
-0.216705 0.317261 0.215178 
-1.88198 -2.23914 2.02184 
0.156884 -0.844474 0.358445 
-0.16656 -0.0867012 0.331164 
-2.50136 -2.56319 0.34692 
0.0841714 0.139919 0.312291 
-0.446 0.13182 0.317796 
-0.0630767 0.299016 0.0884891 
0.360811 -0.294417 0.278472 
0.139923 -0.858726 0.259186 
0.255437 -1.84853 0.858758 
