0.910178 -0.285609 -0.300007 0.546779 0.21294 0.943865 -0.252539 0.0484512 0.355294 0.165972 0.919902 -0.0266025 0 0 0 1
0.85129 -0.0468147 -0.522603 -0.00782413 0.0963334 0.993026 0.0679664 0.00809315 0.515777 -0.108203 0.849863 -0.00854887 0 0 0 1
###
0.408753 -0.828216 0.147158 
0.477094 -3.08812 8.11576 
-5.21905 -8.00738 8.01706 
-1.45017 -5.01776 9.44916 
0.28375 -1.57701 4.24725 
-0.922936 -1.28023 3.16946 
8.65907 -9.26251 -0.143938 
-1.2783 0.564801 1.07184 
-2.0878 -2.03326 3.09304 
3.00335 -1.36644 0.428485 
-0.166799 0.246794 0.126721 
3.5107 -2.63992 2.37536 
-3.05717 -2.57446 3.3245 
2.97147 -1.35027 0.419796 
2.79084 0.144318 0.272205 
-0.279108 0.226303 0.463104 
1.64161 -7.3568 14.3899 
0.381466 0.359689 0.416658 
2.06039 -1.56457 2.68039 
-2.91864 -2.48155 3.3915 
-0.365888 0.136916 0.74531 

0.59612 -1.86949 -1.43524 
0.772637 -0.755894 -0.261965 
-0.812885 -0.955943 0.425624 
0.830424 -0.783401 -0.0804306 
-0.0775609 -0.329146 0.393617 
0.198332 -0.18523 0.0872104 
0.120853 -0.069617 0.120281 
0.110188 -0.132715 0.0930531 
0.320147 -0.389233 -0.240553 
0.119029 0.00479671 0.0907198 
0.053776 0.0969797 -0.00185296 
0.0866266 -1.3114 1.70886 
0.106334 0.0129606 0.138419 
0.120218 0.0242864 0.072457 
-0.256127 0.0673628 0.159249 
0.070101 0.109895 0.0332686 
-0.543297 -0.901742 0.673823 
-0.0340652 0.0981188 0.183995 
0.157558 -0.141209 0.0510643 
0.41389 -0.658654 -0.504876 
0.0872093 0.0449397 0.210536 
