0.987455 -0.154501 -0.0325914 0.111037 0.154829 0.987911 0.00776582 -0.157753 0.0309975 -0.0127145 0.999439 0.293597 0 0 0 1
0.999935 -0.0113527 0.00110973 0.00772416 0.0113527 0.999936 -1.53226e-05 0.00348604 -0.00110949 2.792e-05 0.999999 0.000925031 0 0 0 1
###
-0.46521 0.157202 0.353371 
-0.0317375 -0.271908 0.344897 
0.53647 -0.47912 -0.231519 
2.67929 -2.37981 1.12477 
0.0651762 -0.460092 0.638899 
-1.44366 -1.23301 0.426187 
-0.145459 0.234463 -0.21181 
-1.41701 -1.31697 0.978458 
-0.245316 -0.748042 0.866401 
1.28618 -1.22741 -0.151563 
1.90742 -1.68895 0.745256 
-0.315065 0.120816 0.434768 
-0.0679032 0.0734414 -0.263365 
0.123862 -0.945916 0.251012 
0.0283444 0.178996 -0.0991563 
-2.31738 -2.07374 -0.0259683 
-0.0200531 0.240867 -0.235134 
-0.640096 -0.115916 -0.129797 
-0.0827005 0.131097 -0.119573 
-0.0614478 0.227401 -0.280902 
0.055838 -0.580126 0.0241247 
-0.0659405 0.13943 -0.239386 
-0.0538594 0.136884 -0.240264 
-0.213365 0.234168 -0.203537 
-0.0907847 0.239212 -0.221825 
0.229791 -1.20001 0.627147 
0.886199 -3.809 0.730362 
0.0425786 -0.658538 0.125888 
1.65142 -2.12468 0.665055 
1.79312 -2.61516 -0.119253 
-0.0538106 0.139398 -0.244762 
-1.11774 -0.200883 -0.0477386 
-0.296491 -0.310721 0.318717 
0.314869 2.10696 1.10188 
-0.254812 0.068251 0.274384 
-0.183109 0.218085 -0.259376 
-0.0237875 0.200905 -0.181739 
-0.202058 0.303897 0.170875 
0.020175 0.232721 -0.208476 
0.236304 -0.463339 0.615603 
-1.22744 -0.238083 -0.0371453 
-0.0304203 0.14279 -0.168246 
-0.0267595 0.264803 -0.196352 

-0.979407 0.373951 0.669923 
-1.23143 -2.26715 1.52916 
0.899734 -1.07709 0.0983287 
1.41134 -4.07674 7.53017 
-0.969896 -1.83801 1.32163 
-1.17134 -4.34591 5.2303 
2.2781 0.768572 0.390752 
-0.140564 -2.6186 4.504 
4.07118 -3.8237 5.76447 
0.0228529 0.162981 0.320711 
1.21128 -3.71383 6.79316 
-0.139307 0.111707 0.381484 
-1.19912 -4.82432 2.80545 
0.335473 -3.61068 1.83321 
-0.146694 0.126739 0.407366 
-0.0975982 0.0467677 0.387662 
0.0201886 -0.0146607 0.374095 
0.0302792 -0.0443739 0.435002 
-0.89282 0.349836 0.593153 
0.112521 0.175205 0.18356 
-1.0291 -4.41046 2.46785 
-0.941315 -1.96202 1.51921 
-0.643171 -1.79201 2.17729 
-1.23119 -0.771226 0.209199 
0.0700571 0.219725 0.21148 
-0.232824 -3.78702 2.23665 
-0.984566 -4.20918 2.34982 
0.874279 -3.71458 1.40991 
1.93295 -7.29479 8.21819 
-0.0892349 0.115668 0.316194 
-0.802878 -1.72516 1.61833 
0.0273093 -0.110255 0.416986 
6.01987 -6.68482 5.9027 
-0.132014 0.353868 0.110218 
0.214711 -0.0401433 0.19171 
0.108659 0.18788 0.176397 
1.9249 -0.0284667 0.407535 
-1.13373 0.255288 0.334898 
-0.855044 0.395756 0.729076 
-11.5559 -30.5593 33.0785 
0.0264697 -0.110384 0.415153 
0.140366 0.0816654 0.21582 
-0.881731 0.375822 0.675881 
