-0.134698 -0.407421 -0.903252 0.857575 0.245875 0.869308 -0.428776 0.278564 0.959897 -0.279842 -0.0169195 0.505989 0 0 0 1
1 0 0 0 0 1 0 0 0 0 1 0 0 0 0 1
###
2.48129 -11.8329 12.871 
1.51263 -3.0649 0.180221 
-0.757392 -1.59255 -0.352718 
12.1681 -12.9015 4.66047 
-0.149741 -5.16639 2.62737 
-0.638214 -0.644068 0.347203 
-0.665808 -1.26691 4.42411 
0.439805 -2.80801 5.18678 
0.184103 0.275857 0.992374 
0.654088 -3.32081 5.96827 
0.678569 -2.88723 5.23203 
-0.138879 0.248253 0.667014 
-0.16002 -5.17587 2.64476 
6.51274 -9.3496 7.38794 
0.327041 -2.2213 4.38346 
0.237095 -2.89984 -2.88642 
1.22011 -2.38139 1.12718 
0.595616 0.0160794 -0.822366 
-1.04234 -1.8103 0.0682769 
-0.294617 -0.0950244 0.709897 
0.354047 -2.23841 4.42297 
1.22215 -2.3876 1.12633 

0.015605 -0.0964715 0.0909708 
1.64492 -6.49632 6.40165 
0.163398 0.0336848 0.306782 
0.645049 -1.87796 2.83415 
-0.0164675 -3.27326 1.50098 
-0.3181 0.201733 0.611085 
-1.29758 -1.71008 0.97353 
1.54861 -4.06606 5.83053 
0.126367 0.100809 0.134399 
-0.752989 -0.551273 0.240971 
1.94085 -1.75115 1.21859 
-0.279716 -0.638974 1.07035 
-0.0198962 -3.30429 1.52017 
7.61519 -10.1598 6.95722 
9.2499 -10.8192 3.56396 
0.288151 0.00234222 0.209566 
0.268515 -0.296143 0.336153 
-0.423082 0.152242 0.404453 
-0.275914 -1.0484 1.19942 
1.4171 -3.53751 5.14731 
9.10145 -11.1166 3.90669 
2.229 -2.41705 1.42849 
