0.0844465 -0.424074 -0.901682 0.69393 0.157923 0.899173 -0.408104 0.0687175 0.983834 -0.107934 0.142903 0.443358 0 0 0 1
0.991983 -0.124232 -0.0231398 0.0527098 0.124597 0.992094 0.0150257 -0.00839053 0.0210902 -0.0177883 0.999619 -0.0208215 0 0 0 1
###
5.33143 -5.62502 5.79972 
1.30259 -1.77686 2.94651 
0.836979 -0.404112 -2.17467 
-0.331002 -0.383487 0.171617 
7.73513 -5.76172 6.03734 
0.0582783 -1.23679 2.82958 
0.694459 -1.75827 -2.04604 
1.8811 -0.928315 0.982819 
0.104763 0.494603 1.98297 
9.86505 -9.15522 5.647 
0.329466 -3.64009 1.85096 
1.44833 0.0282687 1.43474 
-0.283131 0.790788 1.98717 
-0.387617 0.33149 0.212804 
-0.689759 -2.18455 0.0212908 
0.0504598 -4.47848 5.37178 
-0.141843 -1.47346 2.71538 
-0.0444169 0.215191 0.50584 
-0.27772 -0.616781 1.74563 
1.86937 -0.377668 1.52638 
1.42275 0.0247401 1.41756 

-1.88198 -2.23914 2.02184 
0.286544 -0.41057 0.540038 
-0.125577 0.315907 0.183726 
0.870098 -1.25297 0.101888 
0.201773 -0.49264 0.666943 
-1.41524 -1.42164 0.284861 
-0.0600042 0.128851 0.277208 
-0.318789 -0.169292 0.562868 
0.0410407 0.151353 0.295254 
-0.491953 -0.485997 0.527289 
0.156884 -0.844474 0.358445 
0.0714769 0.115617 0.262458 
0.163407 0.351027 0.19815 
0.0139477 0.325029 0.174845 
5.99778 -10.0184 0.0208192 
0.18671 -0.234697 0.297832 
1.29814 -1.04261 0.800325 
0.0604778 -0.549059 0.680327 
0.360811 -0.294417 0.278472 
-0.171443 -0.0859235 0.338259 
0.0134348 0.0884262 0.182519 
