0.982581 -0.175764 -0.0603409 0.122745 0.177662 0.983703 0.0276363 -0.14203 0.0545001 -0.0378752 0.997795 0.295342 0 0 0 1
0.999831 -0.0178558 -0.00427817 0.0210502 0.0179003 0.999784 0.0106069 0.0140117 0.00408785 -0.0106817 0.999935 0.00171318 0 0 0 1
###
-0.082244 0.237381 -0.247003 
-0.0317375 -0.271908 0.344897 
-0.280878 0.055809 0.335124 
-0.315065 0.120816 0.434768 
-0.0426322 -0.110601 0.10963 
-3.15352 -2.99186 1.0471 
-1.44366 -1.23301 0.426187 
-1.41701 -1.31697 0.978458 
0.0121129 0.229427 -0.211539 
-0.0421913 0.100328 -0.189122 
-0.219596 0.139886 0.163288 
-0.40102 0.165999 0.237275 
-0.0973593 0.231848 -0.154373 
-0.0672307 0.242979 -0.210904 
0.0888151 -0.042185 -0.00461099 
-0.019091 -0.377869 0.510705 
-6.48765 -5.57234 0.139838 
-0.261669 0.137507 0.303425 
-0.419223 -0.311521 0.327581 
-0.186803 -0.137528 0.164155 
-0.804422 -1.03858 1.08683 
0.0141815 -0.280955 0.116706 
-1.21915 -0.967694 0.182818 
-0.465701 0.112753 0.341338 
-0.463584 0.164985 0.324433 
0.758716 -0.60218 0.142843 
-0.254812 0.068251 0.274384 
-0.434371 0.166071 0.277576 
0.167107 -0.48233 0.571308 
-0.0522466 0.243297 -0.214708 
-0.0652177 0.24438 -0.20968 
0.0891038 -0.07955 0.0549042 
0.109045 -0.721589 0.59313 
-0.265289 0.140084 0.311408 
-0.0858528 0.262576 -0.181324 
-0.163494 0.229527 -0.240653 
0.669938 -0.522184 0.0976575 
-6.87843 -7.07296 2.67586 
0.347818 0.289158 -0.123658 
-0.025344 0.0307422 -0.0865566 
0.767756 -0.593983 0.414011 
-0.278396 0.1209 0.381846 

-0.854803 0.395649 0.728868 
-1.02716 -1.89666 1.27472 
-0.132803 0.10202 0.36565 
-0.629771 0.355977 0.43241 
-0.969897 -1.83801 1.32163 
-0.831729 -1.53489 1.09056 
-0.482109 -1.64657 2.24917 
-1.17145 -4.3463 5.2307 
-0.0900148 0.291531 0.141781 
-0.941329 -1.96205 1.51923 
-0.131124 0.101594 0.363583 
-0.979407 0.373951 0.669923 
0.716685 -1.58034 0.375833 
-0.897274 0.347349 0.588364 
-0.140583 -2.61908 4.50475 
-1.2315 -2.26728 1.52922 
-3.75139 -5.76254 0.160953 
-1.23118 -0.771211 0.209195 
4.07355 -3.82626 5.76782 
-1.22323 -1.94375 0.700725 
5.60327 -5.60616 5.48973 
-0.91151 -3.8087 2.54719 
-0.802897 -1.7252 1.61837 
-0.104119 0.0426612 0.423402 
1.2209 -1.41983 0.540197 
1.19865 -3.67563 6.72693 
2.92069 -2.29384 0.612083 
0.0264649 -0.11038 0.415132 
-1.04327 -2.59222 2.02498 
-0.897959 0.377331 0.686086 
1.92483 -0.0284631 0.407512 
4.07562 -4.15744 5.9898 
2.01568 -7.60525 8.57861 
0.213643 -0.0400644 0.1927 
0.0167812 -0.0173938 0.366144 
1.00732 -1.49796 0.783292 
1.41258 -4.07955 7.53554 
2.3448 -8.77532 10.2079 
-0.884119 0.377208 0.682069 
-0.643246 -1.79225 2.17756 
0.10647 -3.45914 6.08035 
-1.20213 -0.505107 0.183532 
