0.0844465 -0.424074 -0.901682 0.69393 0.157923 0.899173 -0.408104 0.0687175 0.983834 -0.107934 0.142903 0.443358 0 0 0 1
0.983136 -0.0186155 -0.181925 0.0945637 -0.0175162 0.980646 -0.195004 -0.0895758 0.182034 0.194902 0.963783 -0.0224535 0 0 0 1
###
5.33143 -5.62502 5.79972 
1.25574 -1.7356 2.89354 
0.119004 -1.44086 3.12773 
1.30259 -1.77686 2.94651 
0.836979 -0.404112 -2.17467 
-0.331002 -0.383487 0.171617 
7.73513 -5.76172 6.03734 
-0.140748 0.786959 1.85155 
0.694459 -1.75827 -2.04604 
1.8811 -0.928315 0.982819 
0.90169 -1.07997 0.09853 
0.329466 -3.64009 1.85096 
1.44833 0.0282687 1.43474 
-0.283131 0.790788 1.98717 
-0.689759 -2.18455 0.0212908 
0.0504598 -4.47848 5.37178 
-0.141843 -1.47346 2.71538 
0.706249 -1.78078 -2.07146 
-0.0444169 0.215191 0.50584 
-0.381056 0.408473 0.523159 
0.409695 0.280962 -0.504898 
1.86937 -0.377668 1.52638 
1.42275 0.0247401 1.41756 

-1.88198 -2.23914 2.02184 
-0.0391504 -0.182845 0.302377 
2.40271 -1.88823 0.856944 
0.164116 -0.272232 0.374093 
-0.125577 0.315907 0.183726 
1.00823 -1.4775 0.122482 
0.0165975 -0.44262 0.613613 
0.415767 0.329589 0.0646382 
-0.0600042 0.128851 0.277208 
-0.318789 -0.169292 0.562868 
-0.49124 0.178146 0.352823 
0.138308 -0.88388 0.258791 
0.0714769 0.115617 0.262458 
-0.216705 0.317261 0.215178 
0.811064 -1.81381 -0.00214654 
0.897476 -0.70115 0.570776 
0.699501 -0.577216 0.472126 
0.0211022 0.325501 0.175979 
0.0604778 -0.549059 0.680327 
-0.275237 0.0600362 0.322879 
0.36188 0.296943 0.0437825 
-0.176536 -0.101056 0.351078 
0.0134348 0.0884262 0.182519 
