0.912552 -0.300599 -0.277291 0.602802 0.234389 0.940055 -0.247708 0.0770248 0.335129 0.161052 0.928305 -0.023835 0 0 0 1
0.85129 -0.0468147 -0.522603 -0.00782413 0.0963334 0.993026 0.0679664 0.00809315 0.515777 -0.108203 0.849863 -0.00854887 0 0 0 1
###
-0.354915 -0.534246 1.43157 
0.681871 -1.17928 0.144879 
-0.549923 -1.50679 4.17238 
-1.54199 -1.26284 2.59503 
-0.512981 -1.48648 4.32271 
8.13884 -8.63798 0.253718 
2.64545 0.0979391 0.247865 
-4.64567 -5.70535 10.4454 
7.40534 -7.54942 4.33668 
3.68641 -2.83467 2.57153 
-0.164345 0.247592 0.125626 
4.10924 -3.09374 2.73816 
-2.73253 -2.30252 3.14386 
0.622586 -0.749025 0.661569 
-0.06808 -1.02978 0.235887 
3.82721 -1.72819 0.467869 
3.08633 -1.33682 0.345651 
-1.94929 0.536239 1.04868 
0.618233 -1.10442 2.0729 
2.85464 -0.733537 0.702756 

-0.110551 -0.213161 0.219096 
0.101992 0.110127 0.015381 
0.772637 -0.755894 -0.261965 
0.228221 -0.20611 -0.0289368 
0.198332 -0.18523 0.0872104 
0.133564 0.0959328 -0.159871 
-0.0467166 0.0960054 0.177602 
0.0602829 -0.510719 -0.244561 
0.15423 -0.243478 0.344738 
0.576619 -1.23055 1.64056 
0.053776 0.0969797 -0.00185296 
-0.103667 -0.640494 0.842693 
0.130629 0.0970172 -0.131464 
0.441966 -1.00057 1.21929 
0.27863 -0.466011 0.541725 
0.0943389 -0.0630258 0.252262 
-0.113072 0.305107 0.537353 
0.0990438 0.113419 0.0345113 
-0.0405145 0.110583 0.206274 
0.0363632 0.125494 0.223796 
