0.896485 -0.26624 -0.354162 0.630415 0.205124 0.957901 -0.200871 0.0621557 0.392732 0.107431 0.913356 -0.0146456 0 0 0 1
0.851157 -0.0469122 -0.52281 -0.00778188 0.0963847 0.993031 0.0678129 0.00810244 0.515985 -0.10811 0.849748 -0.00856376 0 0 0 1
###
-0.276971 0.28886 0.312973 
-1.53642 -1.2557 2.58906 
-1.48298 -5.14591 9.69465 
2.94436 0.224069 -0.248926 
-0.419255 0.333593 0.614155 
-0.460226 0.40551 0.588579 
-0.436578 0.262909 0.202779 
-0.391427 0.318059 0.580185 
0.578933 -0.652088 3.17202 
-0.194382 0.0678743 0.497771 
1.61918 -7.26844 14.2213 
-2.84128 -2.37546 3.09089 
3.08531 -2.02004 -0.199397 
-0.465269 0.30063 0.307589 
0.614433 -1.4043 1.63241 
-1.78988 0.350283 1.54794 
-0.173326 0.242511 0.125812 
0.755142 -3.47327 3.03025 
-0.490282 0.28379 0.274612 
-0.214351 -0.0139812 2.85947 

0.0930156 0.0682263 0.157946 
0.228363 -0.206262 -0.0289877 
-1.03996 -1.73078 1.71028 
0.185871 -0.354624 0.066754 
-0.221354 -0.0489506 0.314103 
0.247199 -0.37306 0.0723391 
0.0886493 0.0693711 -0.123352 
0.0976888 0.114979 0.0517656 
0.124307 -0.0694628 0.124057 
-0.233916 0.028765 0.300461 
0.25604 -0.284963 0.212573 
0.10668 0.0129526 0.136096 
0.104946 0.110759 0.00743671 
0.0978895 0.113719 0.033908 
0.508553 -0.499493 0.192276 
0.0943139 0.115704 0.0578629 
-0.0359941 0.106939 0.198186 
0.140507 -0.391627 0.045594 
0.106325 0.016078 0.147256 
0.121213 -0.0518292 0.11789 
