0.267848 -0.338336 -0.902101 0.0516957 0.184649 0.936983 -0.296593 -0.0504017 0.945602 -0.0871297 0.313442 0.0964044 0 0 0 1
0.967171 -0.177516 -0.181849 0.0174601 0.142389 0.971246 -0.190806 -0.010441 0.210491 0.158649 0.964637 0.0128236 0 0 0 1
###
0.0850177 0.0670639 0.199496 
0.140418 -1.33556 1.75788 
0.158037 -0.169273 0.148327 
-0.434763 -0.761345 1.04536 
0.0212411 -0.342675 -0.305601 
0.106278 0.0147178 0.140399 
0.0971985 0.0451164 0.124435 
0.0689419 -0.120787 0.168488 
0.174806 -0.235409 0.284373 
-0.0766366 -2.55569 3.5145 
0.084471 0.0657299 0.203859 
0.0958855 -0.424461 0.0182234 
0.0232897 -0.369347 -0.329744 
-0.0440839 0.0850038 -0.0565895 
0.0872111 0.0450092 0.210245 
0.094564 0.0463786 0.121668 
0.182591 -0.244602 0.293286 
0.561818 -0.717802 -0.480175 
-0.0635075 0.0942261 -0.0190448 
-0.081554 0.0964229 0.0175356 
0.216027 -1.49038 1.95599 
0.261787 -0.971077 1.32628 
-0.0557775 0.0942589 -0.0252869 
-0.0551106 0.0935557 -0.0317609 
0.0895845 0.117083 0.0810073 
0.337923 -0.450106 -0.322406 
-0.0348333 0.0770484 -0.00161981 
0.0962617 0.114808 0.0538171 
0.123579 -0.06903 0.123171 

-0.0713267 0.319553 0.266047 
-1.66497 -1.64075 1.60618 
3.9784 -2.85509 5.01077 
-4.71751 -4.17016 5.66875 
2.66153 -1.99425 3.85294 
0.197593 0.0292654 0.757381 
1.69265 -1.77921 4.3809 
-4.25575 -4.49684 7.16999 
8.13291 -5.38622 7.19526 
-0.224951 -0.613463 1.72482 
-0.362382 0.137445 0.733911 
-1.12936 -4.48336 2.22741 
0.796866 -0.669804 0.108177 
0.99214 0.430563 0.368522 
-0.363919 0.136039 0.740653 
-4.40224 -4.26371 7.08027 
0.092436 -1.57535 4.343 
-1.75163 -1.73389 1.7042 
1.04685 -1.13691 2.79326 
-0.630631 0.225899 0.161747 
3.50443 -2.99296 3.33475 
0.334638 -1.2948 2.03556 
0.734868 0.444136 0.462936 
0.637865 0.485979 0.552283 
0.832829 0.446614 0.44265 
-0.549693 -1.50559 4.16935 
-0.438821 0.295996 0.300254 
0.546451 0.495409 0.586007 
0.545736 -0.551678 2.96617 
