-0.105153 -0.330935 -0.937777 0.602423 -0.00120481 0.943046 -0.33266 -0.073391 0.994455 -0.0338504 -0.0995634 0.475177 0 0 0 1
0.991983 -0.124232 -0.0231398 0.0527099 0.124597 0.992094 0.0150257 -0.0083906 0.0210902 -0.0177884 0.999619 -0.0208214 0 0 0 1
###
5.39958 -5.69241 5.86739 
-0.0518587 0.377187 0.634975 
1.15669 -4.36774 -1.9483 
-0.413637 -0.0769827 0.366285 
0.101114 -1.39344 2.98605 
1.08606 -0.873809 -2.38041 
-0.0533448 0.378058 0.632918 
-0.28024 -2.8735 -0.676281 
5.31604 -3.94283 1.27421 
-0.393327 0.434094 0.41609 
0.573244 -0.986395 2.33824 
0.76834 0.894846 1.61051 
-0.330209 0.421654 0.514233 
0.64329 -1.07421 2.47186 
0.0603725 -1.07073 -2.54718 
-0.306024 0.31574 0.282738 
9.88757 -9.17747 5.65901 
0.700214 -1.76756 -2.05732 
-0.0726517 -1.32531 -2.34658 
-0.0657703 0.370589 0.569198 
1.20247 -1.39818 0.533132 
0.345251 -0.568141 0.381754 
2.01203 -7.56991 8.52643 
0.696585 -1.78253 -2.19029 
-0.538171 -2.00001 0.0731058 
8.04183 -5.88235 3.39151 

-1.88198 -2.23914 2.02184 
-0.0551173 0.323584 0.18425 
-0.259853 -0.461201 0.572746 
-0.0461232 0.319835 0.178309 
-1.41524 -1.42164 0.284861 
0.0998411 -0.0412982 0.264941 
-0.0559938 0.323327 0.185438 
0.915426 -1.23443 0.0281337 
-1.88536 -1.91359 1.12887 
0.424402 0.353191 0.121247 
0.215461 -0.346612 0.460745 
0.0165975 -0.44262 0.613613 
-0.153087 0.317691 0.195327 
0.732184 -0.612566 0.449231 
0.106323 -0.00387737 0.279493 
-0.282191 0.314531 0.222065 
-0.217632 -0.754876 0.941787 
0.105443 -0.0817144 0.283572 
0.0211022 0.325501 0.175979 
-1.34381 -1.37169 0.216971 
-0.42218 0.167506 0.302345 
2.84885 -2.20354 0.96689 
2.50244 -3.24491 1.08956 
-0.0828338 0.319481 0.177407 
1.43981 -2.64239 0.00805692 
-2.25886 -2.304 1.38338 
