0.976074 -0.211449 -0.0506796 0.172847 0.211513 0.977366 -0.0041658 -0.140516 0.0504134 -0.00665323 0.998706 0.28067 0 0 0 1
0.999887 -0.0149977 0.000723369 0.0112035 0.0149965 0.999886 0.00173238 0.0056371 -0.000749268 -0.00172133 0.999998 0.0013707 0 0 0 1
###
-0.193555 0.235276 -0.199403 
-0.0438372 0.178932 -0.159821 
-3.15352 -2.99186 1.0471 
2.67929 -2.37981 1.12477 
-0.0426322 -0.110601 0.10963 
-0.280878 0.055809 0.335124 
0.167363 -0.851042 0.637302 
0.223654 -0.277488 0.258482 
-0.0969097 0.233295 -0.152297 
-0.0307417 0.140789 -0.168805 
-0.118776 0.236243 -0.225413 
-0.46521 0.157202 0.353371 
1.19273 -1.51948 0.438168 
-0.184018 -0.0863463 0.105791 
-0.119188 0.23629 -0.225545 
-0.0216403 0.137304 -0.161082 
-0.0908571 0.120072 -0.217722 
-0.143655 0.167724 -0.265593 
0.131469 -1.01348 0.705923 
-0.128574 -0.321827 -0.1382 
-0.266466 0.140146 0.294131 
-0.24478 -0.89457 1.05725 
-0.102975 0.243319 -0.198541 
-0.199897 0.22578 -0.252545 
-0.180045 0.227976 -0.235485 
-0.465701 0.112753 0.341338 
-0.127967 -0.308986 -0.141973 
-0.119327 0.235954 -0.225983 
2.17882 -1.89837 0.373338 
1.93503 -1.63825 0.732074 
-0.0836662 0.118233 -0.224901 
2.24498 -2.90546 0.983636 
-0.978387 -0.363494 0.0144095 
-0.665268 -0.378013 0.105726 
-0.0943868 0.233912 -0.228202 
-0.196188 0.233996 -0.203411 
-0.279193 0.255324 -0.0758342 
-0.0436748 0.198493 -0.185121 
-0.102738 0.123482 0.247593 
-0.065218 0.24438 -0.20968 
-0.0972966 0.230985 -0.230416 
-0.199247 0.255671 -0.0981216 
0.269608 -1.3194 0.712527 
0.0857154 -1.04481 0.553958 
-0.0633817 -0.0617064 -0.219856 
-0.0836709 0.118314 -0.22471 
0.168725 -0.329664 0.429038 
-0.600744 -0.754861 0.803267 
-0.0714649 0.241793 -0.209985 

-0.979407 0.373951 0.669923 
0.0460108 0.160402 0.300945 
-0.831809 -1.53501 1.0905 
1.41228 -4.07998 7.53497 
-1.18101 -2.19933 1.56302 
-0.146694 0.126739 0.407366 
-0.902972 -3.75974 2.52697 
-1.14124 -2.14019 1.48071 
0.717004 -1.58098 0.375963 
-0.132801 0.102018 0.365647 
-0.000973413 0.0218093 0.419726 
-0.00331204 0.0292755 0.395221 
2.09773 -7.90155 8.90649 
-1.22324 -1.94378 0.700732 
0.0201885 -0.014663 0.374083 
0.217018 -0.0400839 0.192571 
-0.956695 -1.84887 1.41029 
0.106504 -3.45965 6.08119 
-0.745295 -4.28615 2.71927 
-0.657035 -3.81963 2.44394 
-0.139307 0.111707 0.381484 
4.07339 -4.16068 5.99057 
-1.00938 0.271694 0.356117 
-0.0469676 0.0413142 0.424523 
-0.0135322 0.117214 0.500206 
-0.104118 0.0426615 0.423411 
-1.02921 -4.41102 2.46813 
0.185114 -0.042613 0.23069 
2.52021 -4.28201 7.11436 
1.19405 -3.66475 6.70868 
-1.02727 -1.89689 1.27486 
2.01203 -7.56991 8.52643 
0.175166 -0.0421293 0.221899 
-2.22809 -9.4617 10.6543 
-0.131123 0.101592 0.36358 
0.225872 0.0444885 0.193168 
0.000838745 0.186149 0.302458 
0.02003 -0.0161689 0.373819 
-1.02772 -0.402283 0.700362 
-0.892824 0.349837 0.593161 
-1.23118 -0.771218 0.209196 
0.192846 0.0674189 0.165645 
-0.232878 -3.78894 2.23771 
0.682555 -3.64586 1.66385 
-2.59212 -10.5689 7.26935 
4.08029 -3.83315 5.77741 
-2.2739 -6.95656 7.73329 
2.37065 -8.86584 10.3126 
0.213646 -0.0400567 0.192692 
