0.851953 -0.239135 -0.465822 0.629396 0.0854075 0.941172 -0.326958 0.0127089 0.516606 0.238768 0.822258 -0.0066551 0 0 0 1
0.851157 -0.0469122 -0.52281 -0.00778188 0.0963847 0.993031 0.0678129 0.00810244 0.515985 -0.10811 0.849748 -0.00856376 0 0 0 1
###
-1.50025 -5.21024 9.82155 
-0.43932 0.326724 0.633636 
0.309355 -0.838816 0.170832 
3.09771 -0.267069 0.460415 
7.03135 -7.03208 2.61588 
-2.34134 -7.48529 10.897 
-2.82608 -2.36276 3.07868 
-1.55871 -1.27905 2.62835 
2.97871 -1.39048 -0.279494 
1.04685 -1.13691 2.79326 
-1.20566 -0.785945 1.81181 
2.95099 -0.430714 0.543634 
3.03662 -0.767942 -0.581441 
2.84799 -1.38889 0.977977 
2.87517 -1.1032 -0.558285 
-0.5265 0.322822 0.360043 
-0.390228 0.315063 0.576713 
-0.463236 0.303815 0.309118 
2.82772 -1.41835 -0.389175 
0.880435 -1.12491 1.78581 
1.61327 -7.24027 14.1705 
3.09615 -1.34115 0.346687 
-0.37336 -1.94322 1.49519 
0.613088 -1.09058 2.05257 

0.833876 -0.786901 -0.0809046 
0.0990437 0.113431 0.0345107 
-0.49862 -0.733567 0.627036 
0.215271 -0.0688776 0.00104167 
-1.19763 -1.79022 1.22887 
0.0491056 -0.131108 0.170205 
0.130577 0.0969986 -0.131432 
0.773071 -0.756403 -0.262162 
-0.152725 -0.0420665 0.342245 
0.140634 -0.0799713 0.00084998 
0.0603133 -0.511706 -0.24509 
-0.226374 -0.0061201 0.311173 
-0.242388 0.0287153 0.30142 
-0.224603 0.025711 0.299355 
0.0537546 0.0969332 -0.00185156 
0.105026 0.112968 0.0287736 
-0.215849 -0.0174096 0.298321 
-0.0335211 0.102255 0.189817 
0.115018 0.124168 0.0164508 
0.417794 -0.662562 -0.495569 
-0.514684 -0.852157 0.636243 
-0.113025 0.305306 0.537728 
0.0371287 -0.136087 0.00628543 
-0.0405502 0.11075 0.206574 
