0.697716 -0.262292 -0.66663 0.803783 0.125172 0.960882 -0.247059 -0.0670458 0.705354 0.0889336 0.703254 -0.125168 0 0 0 1
-0.604653 -0.32295 -0.728078 0.0276071 0.0770457 0.886107 -0.457031 -0.240836 0.792754 -0.332441 -0.510906 -0.084353 0 0 0 1
###
2.16599 -3.20372 -0.767198 
5.60493 -4.0086 3.40746 
7.19631 -6.82096 4.4036 
0.436273 0.843101 1.69865 
0.312818 -3.35242 1.69926 
-0.56119 -0.751265 1.2463 
2.67969 -1.92205 1.98822 
0.684948 -3.66126 1.6702 
1.25572 -1.48036 0.558157 
-0.4384 0.467742 0.716438 
-0.292048 0.76952 1.8785 
9.64982 -8.09155 4.2765 
3.18598 -2.58973 1.20089 
-0.424516 0.716534 1.77337 
1.15536 0.732562 1.46821 
0.335337 -0.140503 0.734531 
9.90121 -9.18681 5.66594 
-0.0367233 0.214534 0.510135 
2.06266 -3.01779 -0.774499 
0.183017 0.241211 0.666443 
-0.304684 0.463772 0.592357 
-0.477558 0.435827 0.625835 
1.23756 0.0607079 1.57241 
1.02151 0.686281 1.38925 
-0.272941 0.807395 2.02756 
-0.228689 0.649722 1.50606 
-0.430081 0.716549 1.76588 
0.192078 -1.68161 3.50676 
2.46491 -2.04181 1.0875 
0.414986 -3.34842 1.66684 
0.704775 0.850079 1.55277 
1.49706 -0.0800113 1.40181 

-0.156453 -0.477289 -0.501111 
0.43217 -0.189228 0.061634 
0.363149 -0.497393 -0.559633 
0.286544 -0.41057 0.540038 
0.0298549 -1.11545 -0.317016 
0.529706 -0.515144 -0.223472 
0.556888 -0.756544 -0.476891 
-0.00164463 -1.15645 -0.494598 
-0.0078688 -0.71725 -0.169382 
0.154046 0.25909 -0.200305 
0.288571 0.232311 -0.396773 
1.295 -2.79113 -1.51075 
0.805534 -3.10533 -2.02209 
0.361046 0.302235 -0.0597421 
0.345414 0.219006 -0.273555 
0.0917214 -0.193968 -0.565627 
0.344036 0.041486 -0.246343 
0.057537 -0.283937 -0.170626 
0.109314 -0.0231039 -0.208934 
0.102218 -0.149238 -0.529292 
0.329514 0.331817 0.107998 
0.361949 0.306877 -0.0372445 
0.361085 0.0242615 -0.251616 
0.334638 0.216398 -0.268024 
0.202368 0.184076 -0.613668 
0.36823 0.326066 0.0654548 
0.104817 0.259266 -0.19503 
0.405384 -1.89906 -1.52572 
2.33118 -5.67836 -2.99798 
0.0459276 -0.833604 -0.325652 
0.341934 0.280484 -0.169109 
0.335062 -0.0310116 -0.335486 
