0.994993 -0.0919486 0.0391715 0.557514 0.097913 0.975404 -0.197485 -0.0143091 -0.0200496 0.200332 0.979523 -0.323507 0 0 0 1
0.851168 -0.0468489 -0.522798 -0.00780686 0.09643 0.993013 0.0680119 0.00809293 0.51596 -0.108303 0.849739 -0.00851953 0 0 0 1
###
-2.80562 -2.34919 3.07377 
-0.439101 0.326755 0.632839 
-1.52305 -5.29971 9.98946 
-0.271008 0.103041 2.87016 
-0.391198 0.317761 0.579749 
-0.367846 0.195485 2.30295 
-0.277488 0.224528 0.461045 
0.597692 -1.68121 5.27628 
2.22681 -1.74986 2.86258 
-1.78341 -1.86274 1.68526 
-2.52943 -2.05128 2.67419 
-1.51262 0.317852 0.490603 
0.29324 -1.20523 2.10751 
-0.42004 -2.25872 1.60375 
-6.63976 -4.86294 1.30343 
-2.58075 -2.19657 3.00044 

-0.0493738 0.0854794 0.17202 
0.0990064 0.113115 0.0349134 
0.444278 -1.0059 1.2254 
0.0853494 -0.0209532 0.208509 
0.0976975 0.114978 0.0517373 
0.121415 -0.0414105 0.114762 
0.0695767 0.109698 0.0333716 
-0.45124 -0.668217 0.571742 
0.085638 0.0678928 0.197028 
0.102553 -0.0959365 -0.0475375 
-0.070489 -0.439727 0.573198 
0.133084 0.103655 -0.0753359 
-0.130487 -0.039735 0.345608 
0.0234281 -0.0941858 0.00404215 
0.0461733 0.0407217 -0.0475151 
0.384667 -0.6072 -0.471142 
