0.771456 -0.223535 -0.595724 0.0212187 0.226427 0.971416 -0.0712868 -0.145099 0.594631 -0.0798934 0.800019 0.325069 0 0 0 1
0.999887 -0.0149842 0.000705561 0.0112048 0.014983 0.999886 0.00167988 0.00565299 -0.000730652 -0.00166912 0.999998 0.00136038 0 0 0 1
###
-0.119788 -0.282669 -0.131076 
-0.465211 0.157202 0.353371 
0.447645 -0.555293 -0.343342 
0.720714 -0.765748 -0.375795 
-0.0317375 -0.271908 0.344897 
1.87905 -1.52617 0.358175 
-0.350543 -0.875378 1.19853 
-0.106499 0.103984 -0.259346 
-0.124426 0.114132 -0.186583 
0.121404 -0.723079 0.649522 
-0.0201373 0.137544 -0.160116 
-0.0432167 0.227691 -0.190088 
2.30281 -2.90411 1.09757 
-0.127935 0.118658 -0.192409 
-0.260629 0.0885816 0.280794 
-0.274873 0.0566466 0.325505 
-0.266466 0.140146 0.294131 
-0.102974 0.243319 -0.198541 
-0.13688 0.130492 -0.207649 
-0.105687 0.113014 -0.198154 
-0.153949 0.282394 0.206283 
-0.178976 0.162087 -0.148967 
0.192814 -1.07637 0.506966 
-0.136867 0.3838 0.766516 
1.76459 -1.61458 0.0302145 
-0.152188 0.230934 -0.239938 
0.143453 -0.849047 0.417709 
-0.253614 0.131297 0.27152 
-0.0842517 0.260681 -0.184719 
-0.250701 0.299963 0.161721 
0.000292574 -0.301223 -0.23869 
2.23871 -2.83017 1.07101 
0.00350156 0.0271856 -0.150796 
-0.158239 0.15672 -0.242458 
0.0305803 -0.114251 0.123766 
0.186109 -0.474958 0.641934 
-0.164077 0.22994 -0.240209 
-0.0522459 0.243297 -0.214709 
-0.103493 0.241948 -0.200253 
-0.0652181 0.24438 -0.20968 
-0.111157 0.234672 -0.235789 
-0.00370464 -0.179013 -0.196373 
-0.127967 -0.308985 -0.141973 
0.0703717 -0.0281053 -0.113546 
-0.147193 0.238778 -0.170014 
-0.0750555 0.191659 -0.0204509 
-0.112808 0.232612 -0.246036 
-0.115688 -0.430719 -0.108849 
4.22915 -3.353 2.50898 

-1.02722 -3.86179 2.3487 
0.026464 -0.11038 0.415119 
-1.14124 -2.14019 1.48071 
2.10487 -1.69002 2.27508 
-0.831879 -1.53516 1.09062 
1.83983 -3.2507 5.59703 
-1.22324 -1.94378 0.700731 
4.07647 -3.8297 5.77241 
0.106569 -3.46014 6.08184 
-1.12872 -3.78647 2.51335 
-0.146684 0.126718 0.407329 
2.6917 -5.2434 0.477697 
1.97183 -7.70983 9.07475 
-0.802928 -1.7253 1.61847 
-0.131127 0.101595 0.363592 
-1.23811 -0.78214 0.220438 
0.217002 -0.0400854 0.192557 
-0.897302 0.347351 0.588387 
-1.36008 -2.68059 1.90357 
-0.643526 -1.79319 2.17856 
-1.08506 0.150552 0.369232 
-1.26004 -0.888637 0.521465 
0.336476 -3.624 1.83914 
-0.925301 -0.259104 0.863476 
-2.26712 -6.93517 7.70961 
-1.23121 -0.771242 0.209204 
-0.23287 -3.78903 2.23772 
-1.20213 -0.505106 0.183535 
0.134507 0.092099 0.192828 
2.30266 0.776624 0.395073 
1.19971 -1.39477 0.532102 
2.03328 -7.65331 8.61899 
-0.616889 -1.2845 1.60274 
-0.606545 -1.10107 1.46422 
4.07083 -4.15832 5.9872 
-1.18224 -2.20155 1.56442 
1.0053 -1.49532 0.781989 
-0.897835 0.377292 0.685955 
0.142986 0.0966792 0.166644 
-0.892848 0.349839 0.593173 
-0.0446323 0.0388847 0.406619 
1.04616 -1.38867 0.834232 
-0.656634 -3.81697 2.44229 
3.12601 -2.46871 2.25939 
0.0273071 -0.110273 0.417006 
-0.124497 0.0920005 0.34959 
1.9724 -0.108836 0.418774 
-0.98479 -4.2102 2.35035 
-1.02735 -1.89706 1.27497 
