0.697716 -0.262292 -0.66663 0.803783 0.125172 0.960882 -0.247059 -0.0670458 0.705354 0.0889336 0.703254 -0.125168 0 0 0 1
0.991983 -0.124232 -0.0231398 0.0527099 0.124597 0.992094 0.0150257 -0.00839063 0.0210902 -0.0177884 0.999619 -0.0208215 0 0 0 1
###
2.16599 -3.20372 -0.767198 
5.60493 -4.0086 3.40746 
2.39668 -8.86603 10.3229 
2.10487 -1.69002 2.27508 
-0.0577829 0.376042 0.634389 
2.67969 -1.92205 1.98822 
-0.438381 0.466671 0.714768 
-0.293933 0.420385 0.478814 
0.193441 -1.61784 3.38187 
0.147947 0.272755 0.666902 
-0.62049 -1.14721 1.472 
2.03328 -7.65331 8.61899 
1.74639 -1.73488 0.674227 
0.335337 -0.140503 0.734531 
-0.213598 0.491189 0.698962 
-0.304684 0.463772 0.592357 
-0.667551 -3.17033 2.13397 
-0.430081 0.716549 1.76588 
10.6043 -9.79368 5.98046 
-0.0812492 -3.47677 1.80101 
0.414986 -3.34842 1.66684 
-0.765673 -0.781748 1.46551 
1.49706 -0.0800113 1.40181 

0.328765 -0.208199 0.0186595 
0.385383 -0.374905 0.413509 
-1.98641 -2.03297 0.39906 
0.699501 -0.577216 0.472127 
-0.0559938 0.323327 0.185438 
0.226867 -0.5008 0.689063 
-0.567196 -0.15089 0.385486 
0.530998 0.424502 0.113841 
10.9524 -8.66475 4.79871 
-0.465701 0.112753 0.341338 
-0.0461114 -0.0516995 0.0263608 
2.50244 -3.24491 1.08956 
-0.738171 0.372345 0.385239 
-0.169112 -0.12373 0.34472 
0.169059 -0.750961 0.597513 
-0.0630767 0.299016 0.0884891 
0.167743 -0.844514 0.44137 
-0.116307 0.317615 0.189605 
-0.217632 -0.754876 0.941787 
-0.331629 0.0733194 0.335846 
0.173289 -0.940528 0.359284 
-0.0773133 0.30155 0.113682 
-0.151696 0.215176 0.220707 
