0.994993 -0.0919486 0.0391715 0.557514 0.097913 0.975404 -0.197485 -0.0143091 -0.0200496 0.200332 0.979523 -0.323507 0 0 0 1
-0.794892 -0.260447 -0.548009 -0.0154381 -0.019919 0.913901 -0.405448 -0.0467227 0.606424 -0.311372 -0.731641 0.0562791 0 0 0 1
###
-2.80562 -2.34919 3.07377 
0.685485 -1.46934 1.69982 
0.77862 -0.935895 2.32967 
0.320614 -3.51484 2.90231 
1.04956 -1.14287 2.79925 
-0.452703 -3.56174 2.21999 
-1.40961 -4.43781 8.62621 
-1.76387 0.597102 1.12956 
-0.390258 0.315872 0.577943 
2.22681 -1.74986 2.86258 
-1.78341 -1.86274 1.68526 
-0.348951 0.200084 2.50773 
-1.51262 0.317852 0.490603 
-0.363833 0.136197 0.740731 
1.625 -7.28548 14.2609 
-1.78472 -1.86036 1.67756 
2.93311 -2.30187 2.10963 
0.777282 -3.76513 3.37282 
-0.42004 -2.25872 1.60375 
-0.170092 0.0697666 0.478442 
-2.58075 -2.19657 3.00044 
-0.30234 -3.47 2.33158 

-0.123151 -0.146269 0.0119242 
0.427746 -0.973272 -0.448302 
-0.175519 -0.211351 -0.0662112 
0.0127588 -0.363606 0.00944759 
-0.176653 -0.201082 -0.0648476 
0.0510571 -0.400779 0.0115591 
-0.055123 -0.935548 -0.587655 
0.0109279 0.0843702 -0.184172 
0.000748674 0.06892 0.00873317 
0.00107297 0.0381639 0.00158371 
0.608343 -0.572884 -0.177493 
-0.0610338 -0.0375775 -0.185557 
-0.196625 0.0645016 -0.187179 
0.00855671 0.0676122 0.00875405 
-0.492611 -1.06187 -0.539587 
0.332142 -0.356284 -0.205255 
0.423641 -0.67291 -0.502945 
-0.0619238 -0.427429 -0.00159907 
0.0388413 -0.38794 0.0110774 
0.105838 0.0116386 0.137671 
-0.17791 -0.214285 -0.0676603 
0.0148953 -0.418484 0.00646097 
