-0.0117403 -0.328844 -0.944311 0.636451 0.0997819 0.939277 -0.328332 -0.0275239 0.99494 -0.0980799 0.0217853 0.405267 0 0 0 1
0.991983 -0.124232 -0.0231398 0.0527099 0.124597 0.992094 0.0150257 -0.00839063 0.0210902 -0.0177884 0.999619 -0.0208215 0 0 0 1
###
2.08882 -1.68117 2.25986 
9.39938 -7.95696 4.2948 
0.109118 -1.38952 3.05379 
-0.304876 0.435273 0.551508 
-0.312537 0.339245 0.290797 
1.43343 -2.13211 -0.387689 
-0.312303 0.31469 0.2977 
0.15931 -0.143516 0.520666 
2.11701 -7.97171 8.98452 
0.341492 -1.76542 3.60721 
9.89932 -9.1872 5.66551 
0.595379 -2.39175 4.53134 
-0.457788 -0.545738 0.201354 
1.04308 -1.4796 0.849824 
7.85534 -5.74714 5.88542 
0.605759 -2.41784 4.56936 
0.712896 -1.79108 -2.08421 
-0.268791 -0.281124 0.750872 
-0.586978 -1.3446 2.28075 
0.181022 -1.66361 3.48649 
-0.457448 -0.546053 0.201903 
0.126564 0.49185 1.9442 
-0.288074 1.05608 1.31981 
5.48612 -4.96504 -0.733696 
-0.586206 -2.3684 -1.10221 
-0.324216 0.373911 0.303712 

1.29814 -1.04261 0.800325 
-1.77672 -1.82375 1.78684 
-1.41524 -1.42164 0.284861 
0.424402 0.353191 0.121247 
0.160602 -0.813295 0.664685 
-2.25886 -2.304 1.38338 
-0.125577 0.315907 0.183726 
-0.219637 -0.1415 0.366922 
0.129264 -0.597054 0.586587 
-2.65774 -2.63009 0.703629 
-1.88536 -1.91359 1.12887 
2.40271 -1.88823 0.856944 
0.298351 -0.549129 0.0807483 
1.84361 -1.47979 0.328646 
0.125155 -0.192099 0.305989 
2.4292 -1.88939 0.848587 
0.0211022 0.325501 0.175979 
0.173289 -0.940528 0.359284 
-0.396986 -0.322788 0.041094 
-0.249189 0.0558718 0.313133 
1.43981 -2.64239 0.00805692 
-0.279646 0.286474 0.110724 
0.732184 -0.612566 0.449231 
-0.0461232 0.319835 0.178309 
-1.55428 -1.5127 0.794806 
-0.216705 0.317261 0.215178 
