-0.244701 -0.346147 -0.905706 0.0228898 -0.0244694 0.936011 -0.351118 -0.0657166 0.96929 -0.0637567 -0.237513 0.0993958 0 0 0 1
0.967156 -0.17752 -0.181924 0.0174886 0.142371 0.97124 -0.190849 -0.0104528 0.210571 0.15868 0.964614 0.0127651 0 0 0 1
###
0.0978039 0.0451468 0.124847 
2.58359 -6.68381 9.22064 
0.424268 -0.674742 -0.503756 
-0.010684 -0.11622 0.350707 
1.03683 -1.55618 2.0004 
0.102957 0.0338183 0.129045 
0.0844539 0.0657512 0.203703 
0.100498 0.045287 0.22812 
0.069771 -0.696456 -0.555365 
0.2556 -0.565843 -0.460559 
-0.0242989 -0.0957939 0.290423 
-0.085752 0.0616559 0.0114094 
0.186511 -0.194485 0.199033 
0.568766 -0.872468 0.14426 
-0.0458889 0.0844767 -0.0534347 
-0.044014 0.0849131 -0.0563494 
0.0366491 0.176275 -0.125339 
0.325964 -0.549648 -0.407626 
-0.0323096 0.0466497 -0.0283628 
-0.0348862 0.0542428 -0.0257495 
-0.049013 0.0309057 -0.0037108 
-0.0271875 -0.113083 0.258218 
0.0385038 -0.384829 0.0113369 
-0.0356771 0.0765817 0.000696882 
0.116017 -0.136728 -0.0916123 
0.0396705 0.128566 0.230663 
-0.0214833 0.252495 0.0903676 
0.132701 -0.152099 0.237453 
0.00927447 0.0577604 0.00429621 

1.24259 -1.4379 2.24816 
0.547006 0.495855 0.586461 
1.04347 -1.13397 2.7806 
-1.33229 -1.95457 0.0709406 
-4.70131 -4.15594 5.65037 
0.785005 0.417474 0.384227 
-0.362055 0.137231 0.733487 
0.130613 0.0129863 0.708307 
-2.62614 -3.95447 8.34933 
-4.41467 -4.27778 7.10325 
-2.20804 -4.78425 0.149286 
-4.07589 -4.27592 6.82794 
2.81319 -2.02447 3.60304 
9.42332 -8.34385 6.77888 
-0.582092 0.249742 0.222172 
0.0830855 0.245898 0.591179 
0.896333 0.414658 0.375286 
1.57113 -2.35508 3.42142 
-0.195884 -0.00061096 0.566238 
0.0564713 0.330313 0.369498 
-1.36379 -1.45632 1.2491 
2.13212 -4.36586 4.00612 
-0.656919 -3.51874 1.99496 
-0.178264 0.252168 0.314627 
-0.548544 -1.50135 4.15529 
5.63854 -14.579 4.56257 
-0.582515 0.24748 0.215514 
7.83595 -5.18889 6.93301 
-0.362338 0.137627 0.734119 
