0.895767 0.104801 0.431994 0.397239 -0.0344459 0.985254 -0.167594 -0.0846039 -0.443188 0.135245 0.886168 -0.493512 0 0 0 1
0.851168 -0.0468489 -0.522798 -0.00780686 0.09643 0.993013 0.0680119 0.00809293 0.51596 -0.108303 0.849739 -0.00851953 0 0 0 1
###
-0.548813 -1.50208 4.15742 
-1.54897 -5.39978 10.1836 
-0.28625 0.0864164 2.64258 
1.34978 -6.6922 13.0025 
-2.96683 -2.53663 3.23991 
-1.51322 -1.21261 2.53313 
-1.57897 0.34898 0.559334 
0.0343762 -1.45971 4.06061 
0.333898 -1.29308 2.03294 
-0.236943 0.102179 0.675434 
-0.368524 -1.97797 1.51517 
-1.48526 -6.42906 10.7691 
-1.3842 0.257908 0.318061 
0.609528 -1.08211 2.0412 
1.62302 -7.27098 14.2385 
-2.67947 -2.24819 3.06987 
2.34807 -2.11566 2.39861 
-0.404028 -1.49354 1.23553 
-0.35615 -2.10334 1.5879 
-1.62795 -2.96267 0.210839 

-0.209323 -1.40796 1.78241 
0.320108 -0.389112 -0.240599 
0.0853494 -0.0209532 0.208509 
0.00321934 -0.224727 0.278543 
0.414815 -0.660846 -0.505923 
0.228383 -0.206269 -0.0290333 
0.0735681 -0.386218 0.526306 
0.836999 -0.789882 -0.0813154 
0.231938 -1.23899 -0.613116 
-0.226029 -0.00614245 0.310669 
0.173685 -0.405619 0.0320129 
-0.782123 -1.10462 0.697837 
0.128723 0.106192 -0.0507555 
0.085638 0.0678928 0.197028 
-0.506245 -0.837604 0.624812 
-0.102406 -0.633558 0.833347 
0.0604574 -0.511846 -0.24531 
0.0709482 -0.381023 0.011147 
0.0234281 -0.0941858 0.00404215 
0.118271 0.10969 -0.00140737 
