0.827923 -0.327144 -0.455543 0.120712 0.247696 0.942029 -0.226336 -0.174998 0.503179 0.0745526 0.86096 0.297062 0 0 0 1
0.999831 -0.0178773 -0.00430935 0.0210633 0.0179224 0.999783 0.0106635 0.0139959 0.00411778 -0.0107389 0.999934 0.00172304 0 0 0 1
###
-0.493295 -0.0723711 -0.0389705 
-0.465211 0.157202 0.353371 
-0.350543 -0.875378 1.19853 
-0.280878 0.055809 0.335124 
-0.463583 0.164984 0.324433 
0.573119 -0.851665 -0.442611 
-0.320621 -0.753823 0.818868 
0.201394 -1.21746 1.62079 
-0.0199823 0.0373928 -0.12501 
-0.0307417 0.140789 -0.168805 
0.0274598 -0.310336 -0.17044 
-0.534573 -2.84126 3.22379 
1.19273 -1.51948 0.438168 
-0.274873 0.0566466 0.325505 
-0.0286912 0.154325 -0.152883 
-0.0848402 -0.226544 0.321515 
1.50752 -1.65206 1.96538 
-0.154712 0.240426 -0.188769 
-0.260629 0.0885816 0.280794 
-0.758216 -0.817832 0.958158 
-0.269534 0.0572123 0.32209 
-0.102974 0.243319 -0.198541 
0.888709 -0.708178 0.244673 
-0.0249244 0.0438947 -0.131643 
-0.253614 0.131297 0.27152 
0.133777 -0.452355 0.561021 
-0.0310511 0.138793 -0.152017 
-0.164368 0.129116 -0.21726 
0.250625 -0.208488 0.155302 
-0.165229 0.248062 0.24252 
-0.257232 0.0883788 0.27273 
-0.0838818 0.322635 -0.116536 
0.186109 -0.474958 0.641934 
-0.617916 -0.257586 0.127466 
-0.111157 0.234671 -0.235789 
0.245878 -0.20378 0.150761 
-0.108694 0.104881 -0.175897 
0.155147 -0.197775 0.222681 
-0.0089413 -0.47183 0.675129 
-0.0966356 0.202958 -0.141799 
-0.0326368 0.140207 -0.149163 

-1.08627 -1.38352 0.0216894 
-0.979407 0.373951 0.669923 
3.80314 -3.53961 5.45923 
-0.146684 0.126718 0.407329 
0.0232252 0.0258372 0.356758 
4.07345 -2.76962 1.44704 
-1.94392 -3.64377 0.962482 
-0.482073 -1.64644 2.24906 
-0.643526 -1.79319 2.17856 
0.213656 -0.0400519 0.192697 
-1.12872 -3.78647 2.51335 
-1.93085 -3.64383 0.972416 
2.39668 -8.86603 10.3229 
-0.139306 0.111707 0.381488 
0.0146736 -0.0429493 0.388474 
-1.02735 -1.89706 1.27497 
-1.23182 -2.26792 1.5296 
-0.906813 0.32055 0.495718 
-0.124497 0.0920005 0.34959 
-2.22764 -9.45982 10.6523 
0.217002 -0.0400854 0.192557 
2.30266 0.776624 0.395073 
1.41233 -4.08066 7.53603 
0.106569 -3.46014 6.08184 
-0.132806 0.10202 0.365652 
-1.04338 -2.59254 2.02524 
0.167581 -0.0397923 0.237413 
2.03328 -7.65331 8.61899 
-11.5552 -30.5592 33.0775 
-0.180029 -0.0379828 0.0520426 
0.250967 -0.0125346 0.441337 
0.0186295 -0.0656429 0.396755 
-0.845172 -1.75766 1.53205 
1.25572 -1.48036 0.558157 
-0.131127 0.101595 0.363592 
-0.606545 -1.10107 1.46422 
-0.831879 -1.53516 1.09062 
-0.941679 -1.96284 1.51968 
2.3826 -3.90744 6.99727 
-0.892848 0.349839 0.593173 
-0.104117 0.0426601 0.423407 
