0.861961 0.252982 0.439344 0.357485 -0.200677 0.966075 -0.162569 -0.147655 -0.465566 0.0519623 0.883486 -0.492323 0 0 0 1
-0.785232 -0.270036 -0.557217 -0.0106608 -0.0293361 0.91511 -0.402135 -0.0476666 0.618506 -0.299423 -0.726496 0.0568002 0 0 0 1
###
4.2118 -3.61148 3.9656 
-0.164138 -3.62734 2.53634 
-1.54872 -5.40049 10.1858 
-1.33229 -1.95457 0.0709406 
-1.479 0.299381 0.444502 
-4.93592 -7.58076 7.52865 
0.660618 -0.905236 2.4163 
0.293007 -0.616836 1.60165 
-0.78109 -0.777896 0.219321 
-4.20271 -3.84795 5.10075 
-6.57256 -9.99732 9.86355 
-0.433683 0.286126 2.45537 
-1.26524 0.767913 1.4452 
0.250284 -2.67844 5.5328 
-1.75116 -1.23722 1.84731 
-0.368992 0.198012 2.34132 
-1.51072 0.317158 0.489332 
-0.67565 0.9941 1.86353 
0.819717 -2.31305 5.14675 
-1.11884 -1.46024 0.821038 
-2.68901 -2.26111 3.09138 
-1.40913 -3.57018 1.29687 
-4.99202 -8.0674 7.90699 
-1.72699 0.34578 1.5004 
1.43159 -3.59587 3.92056 
-1.66239 0.400853 0.74996 
-0.540896 0.320616 0.352064 
-1.47803 0.726818 1.36153 
-0.762736 0.956775 2.16219 
-1.66155 0.400382 0.749424 
-1.4112 0.437471 0.843048 
-0.05019 5.76353 0.879717 
-0.494073 -1.42385 4.16891 
-0.298876 -3.4486 2.32296 
-0.419645 0.288553 2.4758 
-0.980884 -0.697592 0.117002 
-0.196563 -3.51485 2.44183 
-1.09113 -0.730711 0.889573 

-0.0354361 0.077019 0.000425691 
0.0127588 -0.363606 0.00944759 
-0.209264 -0.877506 -0.541584 
-0.0104876 -0.116605 0.3512 
0.011011 0.0839335 -0.183448 
0.427746 -0.973272 -0.448302 
-0.194514 -0.209028 -0.0767467 
-0.176653 -0.201082 -0.0648476 
-0.024596 -0.10618 0.304682 
0.14273 -0.0838734 0.000403323 
0.433426 -0.981128 -0.453577 
-0.0527024 -0.0244735 -0.186943 
-0.0577717 0.0760043 -0.1917 
0.0696523 -0.694092 -0.553494 
-0.0263601 0.0627335 -0.0224425 
-0.0610338 -0.0375775 -0.185557 
0.0899047 0.116289 0.0730428 
-0.148177 -0.498129 -0.385011 
-0.467248 -0.974024 -0.459226 
0.0609134 -0.033939 0.00784949 
0.423641 -0.67291 -0.502945 
-0.00733779 0.0403996 -0.00483162 
0.434365 -1.04601 -0.459922 
0.111084 0.0507643 -0.167461 
-0.164519 -0.481117 -0.0230853 
-0.178817 0.0679032 -0.187664 
-0.0219207 0.251914 0.089844 
0.0209712 0.0846984 -0.179709 
-0.0226822 0.061673 -0.190836 
0.100126 0.092576 -0.164214 
-0.0209912 0.0803564 -0.187019 
-0.0223228 0.0727505 -0.000563533 
0.25607 -0.566287 -0.462721 
0.0950991 -0.410288 0.0190176 
-0.0568934 -0.0295667 -0.188595 
-0.135146 0.16486 -0.117704 
0.0148953 -0.418484 0.00646097 
0.117387 -0.138052 -0.0929878 
