0.861961 0.252982 0.439344 0.357485 -0.200677 0.966075 -0.162569 -0.147655 -0.465566 0.0519623 0.883486 -0.492323 0 0 0 1
0.851168 -0.0468489 -0.522798 -0.00780686 0.09643 0.993013 0.0680119 0.00809293 0.51596 -0.108303 0.849739 -0.00851953 0 0 0 1
###
4.2118 -3.61148 3.9656 
-1.54872 -5.40049 10.1858 
2.40488 -5.10557 12.7073 
-0.554329 0.307005 0.323932 
-2.96577 -2.53557 3.24083 
-0.78109 -0.777896 0.219321 
-4.20271 -3.84795 5.10075 
-1.24111 0.189256 0.17481 
-1.75116 -1.23722 1.84731 
-0.368992 0.198012 2.34132 
-2.68901 -2.26111 3.09138 
-1.40913 -3.57018 1.29687 
-0.341843 0.224574 2.69853 
-0.364324 0.135149 0.740234 
-1.66239 0.400853 0.74996 
-0.540896 0.320616 0.352064 
-1.66155 0.400382 0.749424 
-0.05019 5.76353 0.879717 
-0.26045 0.400045 4.33822 
-0.298876 -3.4486 2.32296 
-1.59197 0.356442 0.576031 
-0.980884 -0.697592 0.117002 
-0.196563 -3.51485 2.44183 
-1.09113 -0.730711 0.889573 

0.0535041 -0.0950949 -0.0953797 
-0.490797 -0.811517 0.796757 
0.00321934 -0.224727 0.278543 
0.11991 0.0203522 0.076938 
0.414815 -0.660846 -0.505923 
-0.244845 -0.049111 0.327103 
0.0892735 0.115539 0.0726475 
0.124787 0.107811 -0.0293265 
0.130587 0.0969999 -0.131428 
0.121415 -0.0414105 0.114762 
-1.24825 -2.84403 3.64905 
0.0744766 -0.301515 -0.146787 
0.121133 -0.0514839 0.117904 
-0.224328 -0.0568147 0.302461 
0.104522 0.0477975 0.0962454 
-0.112549 0.303958 0.53554 
0.0869757 0.117225 0.0984529 
-0.0588429 0.118484 0.214555 
0.111228 -0.00483525 0.107167 
0.0709482 -0.381023 0.011147 
0.31131 -0.739113 -0.865416 
0.0494712 0.0447494 -0.0547913 
0.0674549 -0.285783 0.00977931 
0.049165 -0.13131 0.170397 
