0.810901 -0.0323467 -0.584289 0.747183 0.0303763 0.999452 -0.013173 -0.222977 0.584394 -0.00706658 0.811439 -0.207464 0 0 0 1
0.991983 -0.124232 -0.0231397 0.0527099 0.124597 0.992094 0.0150257 -0.00839069 0.0210901 -0.0177884 0.999619 -0.0208215 0 0 0 1
###
2.45459 -3.53565 -0.891155 
5.43618 -5.72485 5.90089 
2.80797 -2.18935 1.85102 
-0.816585 0.351526 1.10831 
0.0673132 -1.26945 2.88171 
0.592817 -2.06977 3.97269 
1.00467 -1.49446 0.781606 
-0.654262 -3.86399 2.36158 
1.83722 -1.57505 0.469462 
-0.438793 0.464668 0.714463 
-0.0744256 0.369463 0.570467 
-0.614411 -1.21703 1.52767 
-0.0141879 0.249811 0.535914 
1.1971 -1.3916 0.531127 
-0.427085 0.713806 1.7641 
-0.697683 0.555675 1.2679 
-0.646187 -0.617667 1.24982 
8.45954 -10.9642 9.22828 
-0.602306 0.629315 1.49196 
-0.200096 0.489224 0.678795 
-0.435407 0.665191 1.64989 
0.647214 0.848504 1.57827 
0.331069 -3.65576 1.8584 
8.28681 -6.10045 3.5137 
-0.430018 0.717161 1.76721 
7.44926 -6.84871 5.82046 
0.194071 -2.13081 1.27908 
1.01882 -1.45199 0.842723 
1.4911 0.0238697 1.45483 
-2.54021 -1.5359 2.14238 

0.328765 -0.208199 0.0186595 
-1.88198 -2.23914 2.02184 
-0.491953 -0.485997 0.527289 
-0.153772 -0.203379 0.0744903 
2.40271 -1.88823 0.856944 
-2.65774 -2.63009 0.703629 
-1.86647 -1.90345 1.15529 
0.139172 -0.829845 0.523287 
2.4292 -1.88939 0.848587 
-0.172666 0.0984095 0.287643 
-1.34381 -1.37169 0.216971 
0.120121 -0.128794 0.29575 
-0.0198287 0.323949 0.181225 
-0.342763 0.0777045 0.262826 
0.323056 0.3247 0.142585 
0.119832 0.338224 0.192376 
0.124168 -0.00833046 0.294269 
-2.56488 -3.22887 0.193855 
0.240038 0.346254 0.173433 
-0.149135 0.248676 0.218529 
-0.116307 0.317615 0.189605 
0.226867 -0.5008 0.689063 
0.156884 -0.844474 0.358445 
2.59761 -1.9775 0.983152 
-0.153699 0.322737 0.210552 
-0.422128 0.300993 0.202001 
0.173289 -0.940528 0.359284 
0.0902463 -0.721729 0.480303 
0.0134348 0.0884262 0.182519 
0.325039 0.3367 0.00871733 
