0.850717 0.231548 0.471875 0.339847 -0.140119 0.965158 -0.220988 -0.0913745 -0.506603 0.12188 0.853521 -0.509845 0 0 0 1
0.851113 -0.0468935 -0.522884 -0.00779976 0.0964279 0.993021 0.0679019 0.00808098 0.516051 -0.108213 0.849695 -0.0085246 0 0 0 1
###
-1.55824 -5.43576 10.2493 
-5.55043 -8.53433 8.55121 
-0.547889 -1.50045 4.15637 
-0.465384 0.348426 0.668184 
-0.408159 0.423758 0.764669 
-2.38324 -5.19538 0.147497 
0.604286 -0.824434 2.04709 
0.332894 -1.28994 2.02786 
-1.32651 -3.9457 1.61753 
-0.233917 0.10186 0.67922 
-1.59983 0.3603 0.576946 
-1.79251 0.507342 0.936719 
1.76854 -3.52256 4.13489 
-1.76209 0.43458 0.794448 
-0.450553 -3.57156 2.22904 
-0.270461 0.371551 4.08372 
-1.42127 0.264039 0.323707 
-1.51598 0.319464 0.492561 
-0.946442 -3.72446 1.86741 
1.15152 -1.62115 2.85336 
-1.64302 0.321321 1.39709 
-1.0038 -0.512881 0.0907186 
-0.337927 -2.23106 1.66309 
-0.6788 -3.7573 2.14615 
-1.41117 0.262917 0.321115 

-0.490673 -0.811349 0.796778 
-0.81781 -0.961649 0.428386 
-0.209199 -1.40811 1.78305 
0.104503 0.0478016 0.0962145 
-0.112471 0.303952 0.535431 
-0.244814 -0.0490815 0.327127 
0.189151 -0.392853 0.518037 
0.231865 -1.23906 -0.613024 
0.0871656 -0.398258 0.0349553 
-0.224304 0.025677 0.298976 
0.0166851 -0.0140187 -0.00125462 
0.129479 0.106326 -0.0427798 
0.0151649 -0.0159664 -0.00111268 
0.0884652 0.113767 0.0807697 
0.0669874 -0.389029 0.0130012 
0.0719241 0.116161 0.0327135 
0.128626 0.10624 -0.0507138 
0.124765 0.107797 -0.0293264 
0.173774 -0.405829 0.0320471 
-0.0468032 0.096245 0.177994 
0.12021 0.0243014 0.0723978 
0.0460997 0.0405739 -0.0473562 
0.0233916 -0.0939747 0.00405566 
0.0674261 -0.285652 0.00980418 
0.128685 0.106171 -0.0507495 
