0.785857 -0.278001 -0.552398 0.0997451 0.256058 0.959366 -0.118537 -0.142702 0.562906 -0.0482935 0.825109 0.319208 0 0 0 1
0.99983 -0.0179115 -0.00429737 0.0210674 0.0179564 0.999782 0.0106428 0.0140045 0.0041058 -0.0107181 0.999934 0.00172302 0 0 0 1
###
-0.280878 0.055809 0.335124 
-0.247468 0.145476 0.153918 
-1.59859 -1.72157 1.9406 
2.09001 -2.83386 -0.656348 
-0.342649 0.136614 0.0819832 
0.133702 -0.892735 1.21503 
0.447645 -0.555293 -0.343342 
1.87905 -1.52617 0.358175 
-0.51058 0.0701365 -0.0314509 
1.84119 -2.2671 0.789038 
3.19821 -2.851 0.524939 
-0.0307417 0.140789 -0.168805 
-0.000322998 -0.301043 -0.235988 
-0.534573 -2.84126 3.22379 
-0.195578 0.235489 -0.194959 
-0.274873 0.0566466 0.325505 
1.70025 -3.45557 -1.45602 
-0.156181 0.235574 -0.195007 
-0.277531 0.253902 -0.0784519 
-0.0880055 0.228898 -0.0939989 
-0.33046 -1.06339 1.17222 
0.12539 -0.101245 0.048181 
-0.0848402 -0.226544 0.321515 
-0.0771972 0.169705 -0.0508989 
0.119835 -0.812443 0.494019 
1.84361 -1.47979 0.328646 
0.0897276 -0.0700517 0.0156933 
0.0108966 -0.271817 -0.17215 
0.00029252 -0.301223 -0.23869 
0.108051 -0.663999 0.483886 
-0.0743598 0.170773 -0.0460481 
0.202062 -0.351446 0.438555 
-0.0233089 0.204053 -0.183628 
-0.155884 0.0982447 -0.18899 
0.0100977 -0.0821747 0.0858655 
1.54191 -1.3852 0.271293 
-0.360167 -1.34031 1.90767 
-0.192108 -0.0626717 0.313436 
-0.00752902 -0.878279 0.104382 
-0.15465 0.240491 -0.188256 
-0.204913 0.236162 -0.190733 
1.19775 -0.947993 0.387902 
0.0116166 -0.0840138 0.0887544 
-0.105074 0.0987671 0.328532 
-0.192261 -0.057482 0.290049 
-0.0682492 0.169057 -0.0371274 
-0.155015 0.240297 -0.188576 
1.6622 -2.09839 0.735911 

-0.139304 0.111705 0.381496 
-1.23123 -0.771234 0.20922 
5.49793 -3.99332 4.97718 
5.60505 -5.60687 5.49016 
-0.119139 0.112645 0.424308 
-1.6708 -3.87659 2.61616 
2.07874 -1.70501 2.22453 
1.83707 -3.24586 5.58949 
-1.08598 -1.38303 0.021717 
2.24632 -8.37959 9.77766 
2.51014 -4.2654 7.08813 
0.21367 -0.0400567 0.1927 
0.0272948 -0.11026 0.416956 
1.00467 -1.49446 0.781606 
0.00656656 0.15757 0.594559 
2.87626 -2.27157 0.597994 
-0.897347 0.347362 0.588432 
1.92593 -0.0285939 0.407789 
-0.907167 0.320688 0.495904 
0.0689707 0.22147 0.210236 
-1.9303 -3.64268 0.97214 
-1.0273 -1.89689 1.2749 
-1.14284 -2.14368 1.48307 
0.1696 -0.0402046 0.236706 
-0.638728 -3.75771 2.32581 
1.41144 -4.07719 7.53026 
-2.21168 -6.76058 7.5163 
0.972752 -1.46189 0.776022 
-0.854974 0.395712 0.729033 
10.5626 -9.75271 5.95803 
-0.102407 0.0532383 0.388763 
0.10658 -3.45877 6.07987 
-0.0469702 0.0413019 0.424482 
2.05132 -7.7153 8.68658 
4.06529 -4.15229 5.97935 
2.39136 -4.14236 6.8218 
-0.175878 -0.271779 0.0843311 
-1.2598 -0.888371 0.521366 
0.0882383 -3.63376 1.98385 
0.0186391 -0.0656402 0.39678 
-0.318868 0.346969 0.180735 
1.21108 -3.7098 6.78589 
-0.831908 -1.53524 1.09078 
-1.02762 -0.402205 0.700279 
-0.655687 -1.17413 1.52057 
0.168591 -0.0399245 0.238963 
-0.131138 0.10161 0.363627 
1.98924 -7.76933 9.14546 
