-0.261901 -0.367395 -0.892429 0.0452089 0.03946 0.919856 -0.390266 -0.0519655 0.964288 -0.137426 -0.226414 0.102492 0 0 0 1
1 0 0 0 0 1 0 0 0 0 1 0 0 0 0 1
###
0.0998587 0.044925 0.12667 
0.158825 -0.281453 0.433922 
-0.06862 0.0988144 0.0279153 
-0.0429903 -0.513334 -0.434596 
1.76225 -2.56707 -1.84259 
-0.110569 -0.0950869 -0.0594784 
-0.0548235 -0.137697 -0.0427336 
0.0995892 0.0456945 0.124834 
0.0699037 -0.700271 -0.557993 
0.0999428 0.0213848 0.129606 
0.0872508 0.0451633 0.210248 
-0.0643177 -0.150457 0.0282083 
0.20299 -0.189627 0.0348829 
0.270463 -0.670514 -0.513237 
0.166117 -0.302073 0.444987 
0.106753 0.0129809 0.136171 
-0.0218605 -0.0145568 -0.18127 
0.0453803 0.130425 0.24182 
0.000954268 0.0381245 0.00128509 
0.00858739 0.0577992 0.00449878 
0.367732 -0.379311 -0.195651 
-0.0568465 0.0961036 -0.00934515 
-0.0969222 -0.122234 0.00588897 
0.353379 -0.363158 -0.189165 
0.0785522 -0.0557362 0.284037 
-0.0415841 0.074406 -0.0361857 
-0.0742826 0.10855 0.0261771 
0.0895969 0.117116 0.08099 

1.11471 -1.54433 2.37955 
-0.445632 -1.57344 4.16875 
-0.630486 0.225819 0.161775 
3.47713 -2.58789 1.68661 
-4.68955 -4.14538 5.63617 
5.62341 -14.5404 4.55254 
0.293826 -1.18495 2.06604 
1.0183 -1.12506 2.73104 
-2.62335 -3.95032 8.34071 
0.138704 0.180083 -0.0452977 
-0.181646 -0.0355812 0.746655 
0.332068 -1.28662 2.02355 
-0.548592 -1.50343 4.16817 
-4.07827 -4.27874 6.83203 
-5.38863 -8.27427 8.20909 
1.67987 -1.76478 4.34841 
1.62876 -7.29636 14.2977 
-0.236469 0.159431 -0.0475375 
-0.201536 0.000586084 0.585785 
-0.362362 0.137619 0.734203 
-1.3609 -1.45289 1.24633 
-0.23622 0.15875 -0.047484 
-1.59313 -4.08661 1.50487 
-1.74703 -1.72902 1.70039 
0.546311 -0.551716 2.9685 
0.0965143 0.224079 0.0428448 
-0.438799 0.296156 0.300511 
0.631582 0.485125 0.554021 
