0.737958 -0.352536 -0.575445 0.130675 0.265214 0.935598 -0.233064 -0.154358 0.620548 0.0193758 0.783929 0.307835 0 0 0 1
0.99983 -0.0178913 -0.00434185 0.021075 0.0179365 0.999783 0.0106191 0.0140129 0.00415092 -0.0106952 0.999934 0.00171943 0 0 0 1
###
-0.465211 0.157202 0.353371 
-0.320621 -0.753823 0.818868 
10.9524 -8.66475 4.79871 
-0.550663 -0.0901041 0.0620013 
-0.247468 0.145476 0.153918 
0.100568 -0.646839 0.456516 
-0.0317375 -0.271908 0.344897 
1.8986 -2.96067 -1.13065 
7.80999 4.91481 0.823726 
0.447645 -0.555293 -0.343342 
2.40271 -1.88823 0.856944 
0.115225 -0.788886 0.376623 
-0.0307417 0.140789 -0.168804 
0.824333 -1.1143 1.27138 
-0.0880055 0.228898 -0.0939989 
-0.104711 0.0756408 -0.116919 
1.84119 -2.2671 0.789038 
-0.526912 -0.551061 0.617939 
-0.704481 -0.498816 0.324787 
-0.107442 0.114344 0.277046 
-0.0743598 0.170773 -0.0460481 
-0.0373902 0.0247134 -0.0779107 
0.242087 -0.404012 0.0323152 
-0.173463 0.23916 0.147786 
-0.14615 -0.0136537 -0.217883 
0.00915971 0.131459 -0.140226 
-0.207267 -0.650179 0.892878 
-0.165802 0.221252 0.246609 
0.431394 -0.591083 -0.391011 
0.206831 -0.522989 0.670948 
-0.195529 0.251859 -0.216288 
-0.0929263 0.203009 -0.137928 
1.7077 -1.70312 -0.28567 
0.0244695 -0.440372 0.622241 
-0.0289764 0.219915 -0.198945 
-0.0682492 0.169057 -0.0371274 
1.54191 -1.3852 0.271293 
-0.0326368 0.140207 -0.149163 
-0.100639 0.321546 0.195859 
-0.0518268 0.0306791 -0.0794831 
2.7809 -2.73969 -0.303345 
0.123939 -0.6466 0.891393 
-0.251068 0.139841 0.260284 
0.587516 -0.456321 0.233563 

-0.979491 0.373983 0.670021 
-1.94558 -3.64703 0.963389 
1.41368 -4.08274 7.53999 
-1.08622 -1.38344 0.0217341 
-0.131138 0.101615 0.363647 
-0.903219 -3.76099 2.52773 
-0.83643 -1.75303 1.56832 
4.06926 -2.76669 1.44543 
-0.541525 0.406536 0.594774 
6.89505 -5.12987 5.38498 
2.38092 -3.90456 6.99232 
-0.746766 -4.29542 2.72492 
0.213739 -0.0400675 0.192737 
-1.14428 -2.14668 1.48503 
0.0689697 0.221471 0.210235 
-0.64348 -1.79307 2.17865 
2.00964 -7.83642 9.22639 
-0.606639 -1.10086 1.46374 
-2.00313 -3.74395 0.952765 
-1.02774 -0.402273 0.700413 
0.0264588 -0.110375 0.415071 
-2.2033 -6.73508 7.48798 
2.07969 -7.81759 8.79923 
-0.629858 0.356007 0.432481 
1.24977 -1.47337 0.555623 
-0.00330539 0.0292748 0.395205 
-0.884273 0.377276 0.682208 
-1.23853 -0.147684 0.413196 
0.693365 -1.56887 0.237255 
-1.04371 -2.59359 2.02617 
0.0200339 -0.016177 0.373826 
0.0232285 0.0258359 0.356758 
10.5227 -9.71512 5.93525 
4.04993 -3.02293 3.73841 
2.29765 0.775018 0.394154 
0.17 -0.0400693 0.239594 
2.3953 -4.14856 6.83221 
-0.104104 0.0426506 0.423402 
-1.00156 0.313147 0.494859 
-1.02773 -1.89783 1.27553 
4.03676 -4.1497 5.88567 
-0.707113 -1.51112 1.42312 
-0.132808 0.10203 0.365691 
4.07253 -3.82542 5.7669 
