0.787023 -0.079746 -0.611747 0.744736 0.0293583 0.995328 -0.0919787 -0.155532 0.616224 0.0544295 0.785688 -0.199144 0 0 0 1
0.991983 -0.124232 -0.0231397 0.05271 0.124597 0.992094 0.0150257 -0.00839074 0.0210901 -0.0177884 0.999619 -0.0208215 0 0 0 1
###
2.43948 -3.52316 -0.885685 
5.4727 -5.75784 5.93596 
8.84301 -8.30757 5.25937 
-0.936424 -3.92158 2.61841 
0.20288 -1.67877 3.47622 
2.12253 -1.70131 2.29071 
10.3642 -7.7309 4.43919 
2.2322 -8.32058 9.72981 
-0.228103 -0.421338 1.57445 
0.322992 -1.7302 3.54478 
-0.657724 -3.82136 2.44469 
6.89505 -5.12987 5.38498 
-0.291503 0.771679 1.88223 
2.00964 -7.83642 9.22639 
7.85789 -5.7465 5.88582 
1.56977 -0.802061 0.937866 
0.099218 -1.08858 2.59914 
-0.710884 0.497711 1.15353 
0.182772 0.0344735 0.623425 
0.0343868 0.233329 0.642635 
-0.615392 -1.20688 1.52079 
0.186689 -1.29392 2.9022 
-6.51821 -5.26551 6.01658 
-0.39055 0.115722 0.552781 
-0.697985 0.556142 1.26839 
-0.592101 0.589336 1.38619 
0.166222 -1.46807 3.21333 
-0.226217 -0.908499 2.03484 
-0.389373 0.11401 0.552184 
10.5227 -9.71512 5.93525 
-7.16526 -5.88036 6.64774 
0.164117 -2.20521 1.32215 
-0.313121 -0.60161 0.875194 
0.57116 0.0983527 1.03724 
-0.694473 0.552469 1.25927 
0.174696 -1.2644 2.8626 

0.278958 0.353808 0.169661 
-1.88198 -2.23914 2.02184 
-1.32241 -1.30226 0.863877 
0.0675208 -0.495622 0.694091 
2.40271 -1.88823 0.856944 
-2.20502 -2.22936 0.779604 
-0.702505 -1.09614 1.18003 
-1.65374 -1.96089 1.76532 
-1.41524 -1.42164 0.284861 
0.394137 0.358933 0.122646 
0.170809 -0.798069 0.55586 
0.201774 -0.49264 0.666943 
0.206387 0.309365 0.157758 
2.09783 -2.55027 0.915699 
-1.19201 -1.60181 1.64898 
-0.16656 -0.0867013 0.331164 
-1.77672 -1.82375 1.78684 
0.163406 0.351027 0.19815 
0.428792 0.334109 0.0515864 
0.139172 -0.829845 0.523287 
0.125155 -0.192099 0.305989 
-2.5598 -2.68695 2.59823 
0.448347 0.458363 0.0128515 
0.298351 -0.549129 0.0807483 
0.17412 0.338365 0.18218 
-0.194113 0.326154 0.245484 
1.90742 -1.68895 0.745256 
0.186185 -0.304721 0.409263 
-0.300581 -0.291492 0.344361 
2.28984 -3.18292 0.316996 
1.04674 0.917402 0.021391 
0.173289 -0.940528 0.359284 
0.123915 -0.836043 0.198528 
-0.173276 -0.0944103 0.355213 
-0.0461232 0.319835 0.178309 
-2.38383 -2.62764 2.4271 
