0.920898 0.18999 0.340369 0.392466 -0.123814 0.970528 -0.206749 -0.0724641 -0.369618 0.148253 0.917281 -0.470356 0 0 0 1
0.851113 -0.0468935 -0.522884 -0.00779976 0.0964279 0.993021 0.0679019 0.00808098 0.516051 -0.108213 0.849695 -0.0085246 0 0 0 1
###
-0.47542 0.0125756 0.331207 
-0.408461 0.427062 0.769091 
-0.548592 -1.50343 4.16817 
-1.56036 -5.44417 10.2692 
-1.00903 -1.18374 0.715681 
-0.849558 -1.02492 1.82571 
-1.26588 -0.870213 1.95397 
-1.12068 -1.37039 0.330747 
-0.881551 -0.617356 1.46079 
-1.32528 -3.93755 1.61225 
-0.236632 0.0443896 0.923104 
-0.493358 -1.41916 4.15498 
-1.88034 0.488694 0.906709 
-1.34944 0.251049 0.317496 
-0.220465 -0.59024 1.63167 
-1.75703 0.433361 0.790638 
-0.503623 0.419348 0.580263 
-1.41381 -3.58759 1.30644 
-1.94779 0.536605 1.04757 
-1.59628 0.357989 0.57424 
8.86088 -13.0235 6.20782 
-0.206551 -3.45484 2.39912 

0.101329 0.113061 0.0200245 
-0.0468032 0.096245 0.177994 
0.152804 -0.121986 0.00594889 
0.837022 -0.790002 -0.0813227 
0.18793 -0.178512 0.120338 
0.0491151 -0.13107 0.170134 
0.228106 -0.206008 -0.028965 
-0.244814 -0.0490815 0.327127 
0.320034 -0.389091 -0.24057 
0.026576 -0.0276552 0.00224628 
0.0895348 0.115961 0.0727708 
-0.100837 -0.267416 0.309228 
0.0884652 0.113767 0.0807697 
0.128685 0.106171 -0.0507495 
-0.505956 -0.837235 0.624708 
0.14224 0.099581 -0.122307 
0.105007 0.112942 0.0287378 
0.0531836 0.115858 0.164484 
-0.0506694 0.104641 0.193331 
0.0533943 -0.09482 -0.0950492 
0.0151649 -0.0159664 -0.00111268 
0.0233916 -0.0939747 0.00405566 
