0.989728 0.0159993 -0.142068 0.537739 -0.0509733 0.967901 -0.246107 -0.029942 0.13357 0.25082 0.958774 -0.268107 0 0 0 1
0.851059 -0.0470724 -0.522956 -0.00776478 0.0965609 0.993018 0.0677595 0.00806158 0.516115 -0.108164 0.849662 -0.00854775 0 0 0 1
###
1.03087 -2.84709 7.55143 
-0.893057 -1.2544 2.08492 
-0.548855 -1.50857 4.18661 
0.576372 -3.33105 2.91935 
-0.978916 -1.39029 3.43062 
0.332203 -1.2873 2.02396 
-0.402024 0.333144 0.619697 
2.64886 -2.37357 2.57289 
-0.737754 0.851582 1.93625 
-0.488682 0.32424 0.351388 
0.858472 -1.22713 1.88739 
2.81368 -1.20647 0.934583 
-0.572129 0.390877 0.496736 
-0.364116 0.136554 0.742142 
-0.451555 -3.57748 2.2319 
-1.94136 0.535059 1.04334 
-0.116581 -0.128299 0.87128 
2.19403 -5.30101 11.4362 
0.8442 -1.69492 1.85922 
-0.061441 -0.227786 0.55683 
-2.54061 -2.06165 2.68888 
0.572277 -0.695567 0.393768 
-0.363823 0.135408 0.741695 
2.40034 -5.64214 12.2678 
0.585972 -1.53199 0.603701 
0.716496 0.407677 0.413622 
-1.75049 0.431948 0.786818 
-0.426429 -0.0278464 0.346603 
-0.372256 0.185648 2.21231 

0.0606621 -0.0565871 -0.0320403 
-0.110332 -0.212705 0.218802 
0.76568 -0.747545 -0.259964 
-0.130712 -0.0397087 0.346323 
0.200016 -0.187003 0.0879263 
0.231667 -1.23905 -0.612709 
-0.190698 -0.0540863 0.27419 
-0.07719 -0.327879 0.392262 
0.0930619 0.0682821 0.157954 
0.136048 0.0959703 -0.145742 
0.10541 0.0192202 0.140421 
-0.247796 -0.0927174 0.172881 
-0.0334567 0.102211 0.189657 
0.0872508 0.0451633 0.210248 
0.0369266 -0.135305 0.00626305 
0.129523 0.106353 -0.0428218 
0.105746 0.0117051 0.137552 
0.0527398 -0.326837 0.416813 
0.508307 -0.49932 0.192206 
0.417031 -0.665834 -0.509105 
-0.0493292 0.0854921 0.171983 
0.11828 0.109695 -0.0014256 
0.196841 -0.387512 0.055197 
-0.505892 -0.836811 0.624732 
0.0154252 -0.0165323 -0.00121256 
0.0788989 -0.0558087 0.283962 
0.0884703 0.113784 0.0807804 
0.280632 -0.469409 0.545642 
0.120916 -0.0696054 0.120308 
