-0.931074 -0.281608 -0.231946 -0.0356613 -0.178662 0.906257 -0.383115 -0.0647895 0.318091 -0.315269 -0.894105 0.0973097 0 0 0 1
0.967196 -0.177549 -0.181684 0.0173931 0.142461 0.971247 -0.190748 -0.0104748 0.210327 0.158608 0.964679 0.0127661 0 0 0 1
###
-0.127257 -0.151674 0.00983332 
0.0100697 -0.000663518 0.0318663 
0.0714756 -0.733546 -0.585974 
-0.089671 -0.136648 -0.028115 
-0.0950947 -0.122167 0.006876 
0.270631 -0.67193 -0.51397 
0.267806 -0.24568 0.0409428 
0.0588603 -0.083528 0.136812 
-0.0702256 -0.240004 -0.218779 
-0.09517 -0.130827 0.00772455 
0.562945 -0.656045 -0.423242 
0.153748 -0.109802 0.00207594 
0.135459 0.00135121 -0.00998149 
0.42868 -0.977072 -0.449619 
-0.0870186 -0.114222 -0.0993032 
-0.0966091 -0.128387 0.00673845 
-0.0890169 -0.135379 -0.0291891 
0.426898 -0.679761 -0.507486 
-0.168393 -0.0110332 -0.127855 
0.25096 -0.382091 0.0624136 
0.00595261 0.0590084 0.00523043 
-0.0888111 -0.130866 -0.0277763 
0.0572119 -0.632845 -0.504222 
0.0589209 -0.754605 -0.634515 
-0.0727719 0.110946 0.0277168 
0.141768 0.00284367 -0.00951743 
0.125799 -0.134805 -0.0643668 
-0.215929 0.0696145 -0.0491383 
0.0180262 0.0972463 0.0192907 
-0.170519 -0.0179711 -0.12562 
0.256118 -0.566728 -0.466214 
0.188254 -0.303257 0.0636097 
-0.16984 -0.01014 -0.129707 
0.27803 -0.697542 -0.516247 
0.00925433 0.0577905 0.00430617 
-0.0355165 0.0768606 0.000557418 
0.00841952 0.0677898 0.00902989 
0.123863 -0.133933 -0.0685079 
-0.0543445 -0.136549 -0.04289 

-0.467989 -1.34508 3.74047 
1.54015 -2.7606 0.00879958 
-2.63228 -3.96559 8.36978 
0.645126 -1.16255 2.15291 
0.856373 -1.22458 1.88304 
-4.09301 -4.29517 6.85747 
-1.55815 -1.61594 1.47671 
2.05644 -4.22173 3.87437 
3.04458 -2.13185 2.08887 
0.845284 -1.20465 1.84727 
-2.38047 -3.38284 7.71194 
-1.11984 -1.46169 0.822206 
-1.15666 -0.714689 0.496473 
-5.17464 -8.3702 8.20217 
0.474531 -3.11339 8.22434 
-0.209937 0.237639 0.242117 
2.81278 -2.02455 3.60274 
-4.71223 -4.16573 5.66295 
-0.441605 0.301581 0.312134 
-1.60426 -4.11552 1.51516 
-0.105181 0.209824 0.0416083 
0.603707 -1.07045 2.02611 
-2.52343 -3.85308 8.13452 
-1.52742 -2.11127 4.79178 
-0.630301 0.225934 0.161738 
-1.15118 -0.689527 0.462446 
-1.36338 -1.45539 1.2482 
-0.18168 -0.035599 0.746661 
0.546751 0.495611 0.586308 
0.0960189 0.196831 -0.0164845 
1.00294 -1.11608 2.70045 
0.642629 -1.49564 1.66199 
0.896288 0.414546 0.375344 
-5.31397 -8.15085 8.09576 
-0.363843 0.136334 0.74134 
-0.178296 0.25223 0.314687 
-0.362307 0.137616 0.7341 
-1.75017 -1.73214 1.70345 
0.279706 -1.17786 2.07095 
