0.15717 -0.352113 -0.922667 -0.0702474 0.232349 0.921237 -0.311988 -0.165707 0.95985 -0.165346 0.226605 0.311064 0 0 0 1
0.999935 -0.0113178 0.00111108 0.00771632 0.0113178 0.999936 -1.33369e-05 0.00349072 -0.00111086 2.59111e-05 0.999999 0.000926699 0 0 0 1
###
-0.280878 0.055809 0.335124 
0.501387 -0.516174 -0.230972 
10.9524 -8.66475 4.79871 
-0.320621 -0.753823 0.818868 
0.279743 -0.398992 -0.355761 
-0.21369 -0.732761 -0.66726 
-0.212276 -0.38831 -0.387259 
1.41455 -1.50244 1.72515 
-0.153252 0.240362 -0.189563 
0.187686 -0.520497 0.657925 
-0.0307417 0.14079 -0.168804 
0.10534 0.076847 0.249877 
1.87905 -1.52617 0.358175 
0.0396969 -0.622208 0.345531 
-0.274872 0.0566467 0.325505 
-0.245316 -0.748042 0.866401 
-0.000323036 -0.301043 -0.235988 
1.84119 -2.2671 0.789038 
-0.182275 -0.175427 0.390202 
0.351529 -0.458694 -0.356432 
0.746259 -1.02201 0.307708 
-0.329866 -4.0158 -1.65704 
-0.0563892 -0.309262 0.442525 
-0.00596834 -0.316523 -0.24027 
1.10877 -1.19593 1.38946 
-0.145068 -0.0509318 0.0235519 
0.107028 -0.00807837 -0.525247 
-0.207643 0.23156 -0.216349 
-0.034437 0.323685 0.181786 
-0.0955957 0.189274 -0.0514129 
-0.033755 -0.513505 -0.131555 
0.0528501 -0.0536329 -0.0564117 
-0.216694 -0.598985 0.859718 
-0.069483 0.12467 -0.0619305 
0.232605 -0.193452 0.0298004 
0.0998738 -0.219827 0.277696 
-0.0666011 0.168381 -0.0369295 
0.0721966 -0.641803 0.474128 
-0.070429 0.241134 -0.21226 
0.0760952 0.171671 -0.627659 
-0.0632874 0.318897 0.179942 
-0.0946388 0.189252 -0.0504814 
-0.155015 0.240297 -0.188576 
0.0705621 0.0880653 0.215773 
0.470732 -0.512773 -0.274779 
-0.0682492 0.169057 -0.0371274 
1.50115 -2.29579 -0.891214 
-0.0807253 0.190271 -0.0371253 
-0.139628 0.0902968 -0.104944 
-0.0326368 0.140207 -0.149163 
-0.0298517 0.141123 -0.169163 
-0.102556 0.319513 0.192841 

-0.146689 0.126729 0.407375 
4.07068 -3.82307 5.76396 
1.21066 -3.77508 6.86957 
-1.89921 -3.54034 0.920812 
4.01613 -2.9988 3.70704 
4.06926 -2.76669 1.44543 
-0.992424 0.271141 0.349004 
-0.971164 -1.84072 1.32353 
-0.541538 0.406552 0.594808 
-0.845679 -1.75893 1.53314 
0.213722 -0.0400715 0.192726 
-0.716163 -0.403977 1.31975 
-0.941709 -1.96299 1.51986 
-0.74679 -4.29569 2.72508 
-1.23833 -0.782307 0.220506 
-1.94596 -3.64785 0.963579 
1.24914 -1.47258 0.555376 
2.23552 -8.33286 9.7457 
-0.618052 -1.29374 1.61494 
11.5042 -8.22146 7.24852 
2.01327 -7.84275 9.23657 
-0.88429 0.377282 0.682217 
-1.23015 -2.26502 1.52772 
1.18562 -1.37756 0.527208 
-1.18733 -2.21139 1.57151 
-0.972838 -3.13963 2.19247 
1.91412 -0.0398189 0.414962 
0.112831 -0.0641245 0.403861 
-0.88186 0.375873 0.676015 
-0.124499 0.091998 0.3496 
1.0445 -1.38674 0.833124 
-1.02788 -1.89818 1.27573 
-1.22299 -1.94326 0.700547 
0.0264614 -0.110374 0.415074 
-0.831977 -1.53546 1.09099 
4.06585 -4.15253 5.97971 
0.170001 -0.0400624 0.239593 
0.716894 -1.58075 0.37589 
-0.118944 0.351925 0.09901 
0.166686 -0.00135708 0.165951 
2.29612 0.774577 0.393919 
-0.125425 0.095838 0.35099 
0.162025 0.152868 0.148012 
-0.702159 -0.383433 1.3138 
2.39427 -4.14641 6.82907 
-0.104107 0.0426506 0.423408 
5.5078 -5.9397 6.07412 
-0.131137 0.101612 0.363644 
0.106619 -3.45757 6.0776 
0.168593 -0.0399199 0.238956 
0.217001 -0.040088 0.192556 
-1.58387 -0.862729 0.22893 
