0.934422 -0.138161 -0.32828 0.559857 0.0706146 0.975265 -0.209454 0.0128287 0.349099 0.172537 0.921065 -0.166337 0 0 0 1
0.851059 -0.0470724 -0.522956 -0.00776478 0.0965609 0.993018 0.0677595 0.00806158 0.516115 -0.108164 0.849662 -0.00854775 0 0 0 1
###
0.94378 0.355668 0.219522 
5.73762 -5.81506 1.00393 
-5.27823 -8.10098 8.04332 
-0.753782 -1.09623 2.01188 
2.0611 -1.63796 2.68123 
1.13494 -1.61222 0.210991 
-0.540629 0.324227 0.354125 
2.63393 0.197622 0.201213 
-0.50393 -0.191616 1.02366 
1.10695 -1.58857 0.208078 
-0.502581 -0.165533 0.972239 
-4.93704 -4.83496 6.11431 
1.08093 -1.56227 0.203923 
-0.489036 0.327906 0.353399 
1.61845 -7.24531 14.1939 
0.290706 -1.19636 2.09251 
-0.3564 0.138306 0.763398 
-0.372444 0.177275 2.1459 
-1.72344 -1.64098 1.60362 
0.604877 -1.3886 1.60343 
-0.396768 -3.73391 2.16234 
-0.510977 0.436388 0.604441 
-2.77637 -3.01177 2.66011 

0.0869915 0.117262 0.0984528 
0.0600269 -0.312998 0.42455 
0.101111 -0.222861 0.261654 
-1.19476 -1.78573 1.22602 
-0.498211 -0.732901 0.626675 
0.226262 -1.34371 -0.64382 
0.016653 -0.0139913 -0.00120574 
0.121426 -0.0413756 0.114805 
-0.136111 -0.545156 0.665777 
0.102041 0.110198 0.0153347 
0.170736 -1.64724 2.15031 
0.417031 -0.665834 -0.509105 
0.0698246 0.110276 0.0333646 
0.102306 0.110699 0.0134602 
-0.342191 -0.52022 0.374761 
0.0499783 -0.084149 -0.0566528 
0.196841 -0.387512 0.055197 
0.122504 -0.0684531 0.122056 
0.085758 -0.458704 0.624854 
0.508307 -0.49932 0.192206 
0.0852783 -0.449485 0.0565229 
0.105015 0.112968 0.028735 
-0.481839 -0.861538 0.949558 
