-0.0355542 -0.49249 -0.869591 -0.0556355 0.0514819 0.868084 -0.493741 -0.233937 0.998041 -0.0623227 -0.00550961 0.259909 0 0 0 1
0.999936 -0.0112952 0.00111141 0.00771158 0.0112951 0.999936 4.86708e-05 0.00347199 -0.00111189 -3.61141e-05 0.999999 0.000936252 0 0 0 1
###
1.87905 -1.52617 0.358175 
2.46433 -2.41718 -0.249068 
-0.21369 -0.732761 -0.66726 
0.0262073 0.0990969 0.165883 
0.139237 -0.208741 0.3425 
0.900913 -1.18983 0.339047 
1.623 -1.73651 1.75361 
-0.0236255 0.140108 -0.165779 
-0.218431 -0.396051 -0.366442 
1.70461 -1.61209 -0.337492 
-0.132397 -1.04852 -0.272399 
-0.00032306 -0.301043 -0.235988 
2.40271 -1.88823 0.856944 
0.00990151 0.286315 -0.0021326 
-0.155064 0.238383 -0.193873 
0.0642105 -0.448209 -0.256039 
0.119835 -0.812443 0.494019 
-0.212947 0.233461 -0.203505 
-0.100639 0.321546 0.195859 
-0.145068 -0.0509318 0.0235519 
2.4292 -1.88939 0.848587 
0.000292354 -0.301223 -0.23869 
-0.195393 0.235697 -0.194583 
-0.0310512 0.138793 -0.152017 
-0.0415549 0.14376 -0.170403 
0.0459435 0.0226387 -0.468596 
-0.0658926 -0.0563605 -0.494707 
-0.1906 -0.263403 -0.304252 
-0.0223708 0.221692 -0.197051 
-0.0203364 0.221827 -0.197607 
-0.0422205 0.142287 -0.152263 
1.54191 -1.3852 0.271293 
0.148676 -0.490516 -0.581705 
0.141991 -0.73203 0.650055 
-0.138642 0.318666 0.198337 
-0.034437 0.323685 0.181786 
1.35835 -1.37527 -0.231749 
-0.204774 0.236623 -0.189973 
1.6622 -2.09839 0.735911 
-0.101112 0.322178 0.196388 
0.0656909 0.0902412 0.209137 
-0.0616958 0.167178 -0.047758 
1.50115 -2.29579 -0.891214 
0.19295 -0.533138 0.667771 
-0.174127 0.249309 -0.135176 
1.74865 -1.48308 1.42622 
-0.138229 0.319942 0.202583 
0.152555 -0.419031 -0.476029 
-0.56315 -5.46393 -1.4535 
2.84919 -2.80561 -0.309415 

1.83809 -3.24713 5.59135 
4.06469 -4.15116 5.97761 
4.06919 -2.76662 1.44543 
-0.716117 -0.403928 1.31969 
-1.02792 -1.89826 1.27577 
2.23319 -8.33841 9.75291 
-0.706138 -1.50888 1.42105 
0.213689 -0.0400764 0.192697 
-0.892912 0.349851 0.593234 
4.07024 -3.82222 5.7626 
-1.00155 0.313139 0.494851 
0.0256173 0.278963 0.210453 
1.21741 -3.79973 6.90783 
2.02682 -1.59172 2.16316 
-0.85523 0.39582 0.729271 
-0.0786503 0.206718 0.293826 
0.189016 0.0715069 0.18052 
-1.23834 -0.782318 0.220506 
-0.985016 0.312022 0.490291 
-0.903293 -3.76141 2.52802 
1.41344 -4.08089 7.53733 
1.1832 -1.37458 0.525873 
0.0264638 -0.110375 0.415082 
0.0273089 -0.110263 0.41697 
-0.102974 0.0555589 0.39347 
1.91378 -0.0397714 0.414863 
0.0200314 -0.0161716 0.37381 
0.10661 -3.45749 6.0775 
-0.0118214 0.0856023 0.435815 
-0.884245 0.377264 0.682182 
-0.104104 0.0426472 0.423391 
2.39389 -4.14573 6.82788 
2.37861 -3.90036 6.98533 
-0.0296886 0.283302 0.189363 
-1.12892 0.244676 0.299145 
-0.881827 0.375861 0.675991 
4.03236 -4.14489 5.87929 
0.192854 0.0674241 0.165642 
2.01482 -7.84746 9.2422 
-0.883087 -1.20114 0.044678 
-0.702084 -0.383371 1.31365 
-0.0446218 0.0388813 0.406627 
5.51249 -5.94197 6.0786 
-0.845705 -1.759 1.53319 
0.0557253 -0.114429 0.404712 
-0.481991 -1.6462 2.24877 
-1.00952 0.271728 0.356199 
0.00855127 0.258575 0.281502 
-2.22328 -9.44177 10.6324 
10.4894 -9.68297 5.91572 
