0.0447106 -0.317713 -0.947132 0.603899 0.138133 0.94094 -0.309115 0.0115505 0.989404 -0.117009 0.0859566 0.331453 0 0 0 1
0.991983 -0.124232 -0.0231397 0.05271 0.124597 0.992094 0.0150257 -0.00839075 0.02109 -0.0177884 0.999619 -0.0208216 0 0 0 1
###
-0.34308 0.0250442 0.418696 
10.0616 -8.84828 5.46405 
2.23319 -8.33841 9.75291 
0.211346 -1.66087 3.45272 
-0.147212 -0.591618 1.82917 
1.10049 -0.852693 0.767526 
5.26059 -4.04049 4.87232 
0.171292 -2.68382 1.51783 
-0.194772 -4.25229 -2.33869 
-0.205438 0.484281 0.677558 
-0.0133907 0.249884 0.536004 
-0.235379 0.363154 0.398662 
1.1832 -1.37458 0.525873 
0.328964 -3.63851 1.84972 
-0.144002 -0.5857 1.82151 
-0.0635116 0.50935 0.692035 
-0.302699 0.437722 0.553934 
-0.180314 -0.986752 2.23632 
1.39967 -1.57652 0.527232 
0.302309 0.268339 -0.421507 
-0.224388 -1.06523 2.21036 
9.85089 -9.13346 5.63424 
1.04396 -1.38614 0.832723 
1.50903 0.00323505 1.45978 
0.213303 -3.0294 1.64485 
-0.135383 -0.612903 1.86331 
-0.510469 -1.68066 -0.0367201 
-0.168264 0.353423 0.487945 
1.99894 -1.40446 1.79739 
-0.23349 -1.00917 2.11538 

-0.0461232 0.319835 0.178309 
-0.738967 -0.708196 0.662002 
-1.65374 -1.96089 1.76532 
-1.41524 -1.42164 0.284861 
10.9524 -8.66475 4.79871 
0.0840878 -0.258884 0.377009 
2.20784 -1.67136 0.907067 
0.156884 -0.844474 0.358445 
1.43305 -1.96722 0.205693 
-0.123869 0.081912 0.322835 
-0.249189 0.0558718 0.313133 
0.428792 0.334109 0.0515864 
-0.422181 0.167506 0.302346 
0.16709 -0.843307 0.437172 
-2.16325 -2.00203 0.308761 
0.278958 0.353808 0.169661 
0.368984 0.285248 0.0423614 
0.0944601 -0.128446 0.176003 
0.000254416 0.327418 0.177015 
-0.0721968 0.318228 0.173629 
0.360811 -0.294417 0.278472 
-0.217632 -0.754876 0.941787 
1.54191 -1.3852 0.271293 
0.111716 0.00750219 0.275903 
0.139923 -0.858726 0.259186 
-2.50136 -2.56319 0.34692 
0.298351 -0.549129 0.0807483 
0.114995 -0.686161 0.61588 
0.125155 -0.192099 0.305989 
0.257276 -0.207987 0.172037 
