0.915659 -0.18601 -0.356327 0.551855 0.113608 0.970101 -0.214472 0.0345563 0.385567 0.155901 0.909414 -0.157614 0 0 0 1
0.851059 -0.0470724 -0.522956 -0.00776478 0.0965609 0.993018 0.0677595 0.00806158 0.516115 -0.108164 0.849662 -0.00854775 0 0 0 1
###
2.53083 -2.99397 0.0287886 
0.941713 0.354854 0.21932 
-1.56332 -5.45978 10.2964 
-0.122761 -5.3105 11.0866 
2.35068 -2.81532 0.0519855 
0.856366 0.33475 0.217831 
-0.622502 -0.0847672 0.541517 
-3.98508 -3.65633 4.83525 
2.63753 0.197588 0.201275 
0.24102 0.224045 0.277395 
-0.327751 -3.67148 2.42796 
2.01442 -1.60607 2.62924 
1.09657 -1.56715 0.199713 
-0.571755 0.390429 0.496447 
-2.5009 -2.02013 2.6364 
-0.308781 0.212266 0.624793 
-0.398617 -1.62722 1.30039 
1.54015 -2.7606 0.00879958 
0.935461 -1.39915 0.205811 
-0.357599 0.137893 0.760188 
-0.419391 -1.43409 1.17918 
-0.363843 0.136334 0.74134 
-0.510258 0.435233 0.603063 
1.04255 -2.65353 0.207915 
-4.95419 -5.089 4.88269 
0.279706 -1.17786 2.07095 
0.822077 -1.1709 1.7934 

0.353348 -0.306383 -0.0161694 
0.104577 0.0478445 0.0962955 
0.837134 -0.790262 -0.0813063 
0.076113 -1.50507 -0.600003 
0.598704 -1.87874 -1.44181 
-0.0467939 0.0962788 0.178016 
0.0892534 0.115521 0.0726222 
0.130564 0.0969857 -0.131461 
0.121426 -0.0413756 0.114805 
0.0984429 0.112335 0.030668 
0.0961718 -0.424185 0.0184589 
-0.498211 -0.732901 0.626675 
0.363715 -0.316182 -0.0205992 
0.119068 0.00482653 0.0907213 
-0.0704577 -0.439649 0.573353 
-0.0334567 0.102211 0.189657 
0.071316 -0.383937 0.0109462 
0.0152504 -0.017171 -0.00125926 
0.015033 -0.0141626 -4.92982e-05 
0.0872508 0.0451633 0.210248 
0.0369266 -0.135305 0.00626305 
0.0862248 0.0543938 0.208139 
0.104966 0.11078 0.00740114 
0.0151245 -0.01592 -0.00105579 
0.0490566 -0.13088 0.169962 
0.0499783 -0.084149 -0.0566528 
0.386611 -0.339551 -0.0110021 
