0.0282044 -0.29435 -0.955281 0.586094 0.086849 0.952769 -0.291012 -0.0186858 0.995822 -0.0747574 0.0524364 0.329622 0 0 0 1
0.991983 -0.124232 -0.0231396 0.05271 0.124597 0.992094 0.0150257 -0.00839077 0.02109 -0.0177884 0.999619 -0.0208216 0 0 0 1
###
5.53374 -5.81291 5.99238 
1.86574 -1.97504 -0.261188 
0.162401 0.186984 -0.688694 
-0.336569 -0.0296662 0.382543 
0.536456 -0.936215 2.27273 
-0.276921 -0.0217151 0.911472 
0.613759 -2.16541 4.13759 
0.723957 -1.80935 -2.10918 
-0.137106 0.20251 0.0353612 
0.212556 -1.72403 3.58194 
-0.204927 0.484641 0.677773 
-0.264534 0.651906 0.62225 
-0.0459253 0.383437 0.651681 
-0.202506 0.296372 0.427958 
3.40595 -2.75818 1.23664 
2.03119 -7.9109 9.31504 
0.803329 -1.42731 -0.359462 
-0.575103 -5.96247 -2.61091 
0.760964 -1.37976 -0.34003 
0.0143508 0.171585 0.639717 
-0.28921 0.53438 0.604593 
-0.283516 0.308664 0.274792 
0.0145759 0.170999 0.641156 
0.0205959 0.263537 0.632589 
-0.699344 -6.4516 -1.58956 
-0.0268505 -0.987354 2.45025 
-0.128598 -1.18287 2.50705 
1.5037 -3.77082 1.22333 
-0.439582 -2.04996 -0.673526 
10.4067 -9.60759 5.8701 

-1.88198 -2.23914 2.02184 
-0.907497 -0.801959 0.536163 
-0.153087 0.317691 0.195327 
0.870098 -1.25297 0.101888 
-0.651821 -0.66244 0.350482 
-0.259212 0.0541787 0.323149 
-2.65774 -2.63009 0.703629 
-0.147458 0.013153 0.323802 
-0.0461232 0.319835 0.178309 
2.40271 -1.88823 0.856944 
-0.146828 0.242688 0.211927 
0.278958 0.353808 0.169661 
-0.336343 0.185495 0.305303 
-0.495977 -0.160851 0.404948 
-2.25886 -2.304 1.38338 
2.18517 -2.62691 0.965612 
-2.38383 -2.62764 2.4271 
1.43981 -2.64239 0.00805692 
-2.43035 -2.66049 2.50716 
0.14087 -0.830291 0.530275 
0.328765 -0.208199 0.0186595 
-0.169216 0.31182 0.190134 
-0.463583 0.164984 0.324433 
-0.023769 0.319772 0.170703 
-0.604558 -0.607513 0.276922 
-1.77672 -1.82375 1.78684 
0.0944601 -0.128446 0.176003 
-0.458172 -1.65406 1.99468 
0.298351 -0.549129 0.0807483 
2.28984 -3.18292 0.316996 
