0.916259 -0.149745 -0.371545 0.539358 0.0644026 0.970504 -0.232325 0.019764 0.395375 0.188941 0.898877 -0.169334 0 0 0 1
0.850941 -0.0470581 -0.523149 -0.00772313 0.0966014 0.993011 0.0678066 0.00809161 0.516302 -0.108236 0.84954 -0.00851086 0 0 0 1
###
-0.550987 -1.51804 4.21684 
0.323197 -0.747433 0.291261 
0.936649 0.352835 0.219048 
-1.56342 -5.46229 10.301 
-0.517849 -1.60713 4.60948 
1.06609 -1.55083 0.203616 
-1.46456 -1.14918 2.41668 
2.80645 -0.253316 0.41213 
-0.690339 -0.463508 1.00617 
-3.73538 -3.39231 4.47381 
7.94784 -8.53368 -0.15838 
-0.154529 0.25928 0.243856 
-0.490408 -1.47515 4.29317 
-0.435546 -0.990458 0.923451 
-2.11223 -1.60298 2.18429 
2.29795 -1.85832 1.79489 
2.69928 -0.202192 0.36331 
5.17362 -5.70213 -0.115851 
4.19682 -3.16454 2.78816 
-0.160567 0.25463 0.243102 
-0.453181 -3.59056 2.23983 
-0.481155 0.437416 0.576357 
-0.363868 0.136248 0.741271 
-0.569545 0.464218 0.659086 
1.91166 -1.47202 2.51486 
-0.395622 -3.68312 2.12944 
-0.364271 0.135329 0.740742 
2.96561 -1.34929 0.417821 
-0.510361 0.436281 0.604174 

-0.00223719 -0.349057 0.442574 
-0.498166 -0.732909 0.626682 
0.0870081 0.117294 0.0984823 
0.444591 -1.00573 1.22562 
-0.209098 -1.4083 1.78405 
0.0156421 -0.0140233 -0.000829509 
0.761546 -0.742782 -0.258894 
0.138764 -0.0403239 -0.00039638 
0.332682 -0.357273 -0.205758 
0.100702 0.0718022 -0.112329 
0.353353 -0.30644 -0.0162417 
0.0886895 0.0694614 -0.123544 
0.198563 -0.181302 0.0868638 
0.0965316 -0.425003 0.0185269 
0.0892741 0.115565 0.0726475 
0.168589 -0.363935 0.435722 
-0.22697 0.0383879 0.317163 
0.363729 -0.316248 -0.0206757 
-0.102207 -0.63322 0.833348 
-0.140946 0.384089 0.668981 
0.0946743 -0.407958 0.0190894 
0.105013 0.112982 0.0287313 
0.0872711 0.0451684 0.210275 
0.0999248 0.111388 0.0199721 
0.0856041 0.0679289 0.196562 
0.173986 -0.40656 0.0321433 
0.086248 0.0543924 0.208184 
0.10496 0.110792 0.0073966 
0.0985375 0.112478 0.0307142 
