0.0273643 -0.278249 -0.960119 0.574071 0.0824628 0.957833 -0.275236 -0.0289495 0.996219 -0.0716425 0.0491557 0.316779 0 0 0 1
0.991983 -0.124232 -0.0231396 0.0527101 0.124597 0.992094 0.0150258 -0.00839077 0.02109 -0.0177884 0.999619 -0.0208216 0 0 0 1
###
0.978671 -1.44913 0.763293 
10.3011 -9.61189 6.00591 
2.5795 -6.04204 -3.51268 
0.9818 -15.1326 -9.40292 
0.875155 -0.433292 -2.19352 
0.588702 -2.1286 4.07717 
9.25784 -7.76979 4.11316 
7.15121 -5.31802 5.58389 
2.10192 -7.89959 8.88946 
0.79145 -1.41384 -0.355053 
9.76679 -9.0545 5.5873 
2.03789 -7.93765 9.34608 
0.201843 -1.64364 3.42509 
0.690666 -1.75477 -2.03164 
2.15574 -3.06361 -0.804461 
-0.185473 0.387847 0.472642 
1.18178 -1.37259 0.524958 
-0.241944 -0.198752 0.66118 
0.124765 -1.58083 3.35732 
0.718583 -1.80157 -2.09607 
-0.0724978 0.50538 0.674224 
0.0143914 0.171489 0.639719 
10.381 -9.58309 5.8558 
-0.0501846 0.526714 0.741713 
0.0155813 0.170783 0.641115 
-0.216797 0.289537 0.420651 
-0.203354 -0.997182 2.13813 
-0.523121 -0.961869 3.6956 
-0.564966 -1.25169 4.54772 

-2.94133 -2.97533 1.76675 
-1.32241 -1.30226 0.863877 
0.292657 -0.370772 0.475727 
-0.0461232 0.319835 0.178309 
0.0211022 0.325501 0.175979 
-2.65774 -2.63009 0.703629 
-1.77672 -1.82375 1.78684 
0.0165975 -0.44262 0.613613 
2.24498 -2.90546 0.983636 
-2.43035 -2.66049 2.50716 
-0.195503 -0.626085 0.80056 
0.0847406 -0.885086 0.757557 
-1.41524 -1.42164 0.284861 
-0.105294 0.0903567 0.297837 
-1.86647 -1.90345 1.15529 
0.11635 0.0574623 0.269713 
-0.422181 0.167506 0.302346 
0.173289 -0.940528 0.359284 
10.9524 -8.66475 4.79871 
0.0410407 0.151353 0.295254 
-0.00362693 0.322997 0.175339 
0.14087 -0.830291 0.530275 
2.28984 -3.18292 0.316996 
-0.0213204 0.322899 0.173423 
-0.446 0.13182 0.317796 
0.278958 0.353808 0.169661 
0.0944601 -0.128446 0.176003 
0.699501 -0.577216 0.472127 
0.215461 -0.346612 0.460745 
