-0.144203 -0.422902 -0.894628 -0.0797873 0.166644 0.880787 -0.44322 -0.185574 0.975415 -0.212998 -0.056538 0.268016 0 0 0 1
0.999936 -0.0112884 0.00109581 0.00771475 0.0112883 0.999936 3.22054e-05 0.00347769 -0.0010961 -1.98335e-05 0.999999 0.000933137 0 0 0 1
###
0.10534 0.076847 0.249877 
0.0324845 -0.417444 -0.449231 
2.46433 -2.41718 -0.249068 
0.169059 -0.750961 0.597513 
-0.0263107 -2.47336 -0.457816 
-0.248993 0.0873279 0.0349362 
0.0874771 -0.411956 -0.372032 
-0.0455942 0.292103 0.0577789 
-0.0307417 0.14079 -0.168804 
-0.101057 0.134418 -0.126747 
0.182032 -0.433793 0.557098 
-0.0834407 -0.341833 -0.46221 
-0.494693 -1.72166 -1.26368 
1.19914 -1.07924 0.220015 
0.518637 -0.518461 -0.277783 
-0.0895419 -0.668278 -0.6476 
-0.0577196 -0.204912 -0.218655 
0.59084 -0.456439 0.295043 
2.4292 -1.88939 0.848587 
-0.249832 0.0893032 0.0186204 
0.0706816 0.0522039 0.234853 
-0.0698235 -0.496583 -0.327758 
-0.0940336 0.130844 -0.12624 
-0.0219549 0.297038 0.0690274 
0.187686 -0.520497 0.657925 
-0.034437 0.323685 0.181786 
1.84119 -2.2671 0.789038 
0.150451 -0.800292 0.535288 
0.471359 -0.0788018 -0.0861824 
0.000292298 -0.301223 -0.23869 
-0.206687 0.221472 -0.241341 
1.54191 -1.3852 0.271293 
-0.0562632 0.166664 -0.044595 
0.143453 -0.849047 0.417709 
-0.0658926 -0.0563605 -0.494707 
-0.0973082 0.132025 -0.12701 
-0.0644707 0.148577 -0.0612717 
-0.0755638 0.189871 -0.0343356 
-0.0666011 0.168381 -0.0369295 
0.0609552 0.0167016 -0.481519 
0.0691215 -0.808008 0.104208 
-0.0736724 -0.0469547 -0.483275 
0.19295 -0.533138 0.667771 
-0.0945545 0.130891 -0.126837 
1.15489 -0.897403 0.182549 
-0.0616958 0.167178 -0.047758 
-0.0682492 0.169057 -0.0371275 
0.433305 -0.55527 -0.377145 
0.000294831 -1.81838 -0.858934 
2.84919 -2.80561 -0.309415 
-0.0154367 -0.75204 -0.050864 
0.0897705 -0.869427 0.0733376 
0.137309 -0.589856 0.775493 
0.138284 -0.147663 0.330754 
-0.102556 0.319513 0.192841 
0.111404 0.0833978 0.275495 
-0.0553496 0.150856 -0.0590328 
0.0748811 -0.521356 -0.519401 
-0.0716221 0.217991 -0.0594146 
-0.414265 -0.544905 -0.429068 
3.34687 -2.75682 2.56041 

-0.716138 -0.403942 1.31973 
4.05262 -3.1338 4.32616 
-0.140447 -2.61807 4.50273 
-0.903191 -3.7609 2.52769 
-1.0307 -4.41816 2.47218 
-1.08654 -1.38396 0.0216911 
-0.0579545 0.0356354 0.388009 
-1.01512 0.290971 0.438284 
-1.23141 -0.771373 0.209264 
2.10857 -1.63171 2.2376 
-1.17135 -4.34667 5.23135 
-0.892905 0.34985 0.593231 
0.895275 -1.0723 0.0965571 
2.51107 -4.26605 7.0895 
1.30539 -4.03461 7.31899 
-0.884245 0.377264 0.682183 
0.0256173 0.278963 0.210453 
-0.606077 -1.09955 1.46217 
1.41236 -4.07772 7.53211 
-4.04227 -6.22575 0.198389 
-0.641011 -0.612928 1.23721 
-0.608145 -1.0913 1.46868 
-0.131136 0.101611 0.36364 
-0.898143 0.377401 0.686265 
-0.8457 -1.75899 1.53318 
-0.881826 0.375861 0.67599 
2.03119 -7.9109 9.31504 
-0.664864 -3.76222 2.40593 
0.214633 -0.0401207 0.191643 
1.18138 -1.3725 0.524763 
0.0443375 -0.0716403 0.402206 
2.39232 -4.1433 6.82398 
-0.0449286 0.038799 0.406785 
0.335573 -3.61709 1.83592 
0.175152 -0.0421274 0.221877 
-0.146688 0.126729 0.407372 
0.0167992 -0.017403 0.366292 
-0.125424 0.0958384 0.35099 
0.170021 -0.0400698 0.239616 
1.92514 -0.0285476 0.407568 
-0.232836 -3.78932 2.23795 
0.185017 -0.0426181 0.23059 
-0.836561 -1.75337 1.56858 
-0.145596 0.125727 0.402906 
2.37677 -3.89763 6.98066 
-0.0446217 0.0388816 0.406628 
0.168596 -0.0399201 0.238959 
3.79648 -3.53259 5.44942 
4.0653 -3.81805 5.7566 
4.06078 -4.14733 5.97251 
0.874226 -3.71528 1.41015 
0.32873 -3.6363 1.84864 
-1.22994 -2.26462 1.52745 
3.94925 -1.73637 1.90457 
-1.01594 0.313799 0.496882 
-0.727758 -0.367592 1.27033 
0.0139262 0.00104466 0.366509 
2.88714 -2.26495 0.604806 
-0.0652966 0.210961 0.294303 
-1.8994 -3.54071 0.920886 
0.10645 -3.45401 6.07151 
