0.912816 -0.160165 -0.375652 0.528734 0.0814541 0.972803 -0.21684 0.0207301 0.400166 0.167336 0.901036 -0.181103 0 0 0 1
0.850941 -0.0470581 -0.523149 -0.00772313 0.0966014 0.993011 0.0678066 0.00809161 0.516302 -0.108236 0.84954 -0.00851086 0 0 0 1
###
0.252635 -0.674567 0.291929 
1.16779 -1.60472 0.197438 
-0.552383 -1.5251 4.24025 
0.932586 0.351654 0.218571 
-1.56769 -5.48004 10.3356 
2.39766 -5.08615 12.6728 
2.6335 -3.10471 0.0296394 
0.482881 0.271014 0.255599 
-3.1023 -2.83368 3.88256 
-0.692795 -0.48043 1.02357 
1.23228 -1.70102 0.185962 
2.63149 0.196852 0.201061 
0.244635 0.22442 0.282466 
-3.37875 -3.0528 4.0319 
2.98554 -1.36009 0.425172 
0.331325 -1.28368 2.01855 
-0.571859 0.390483 0.496296 
-0.291574 0.216187 0.391765 
0.858267 0.335418 0.218035 
-0.571392 0.389945 0.496616 
-0.29283 0.215163 0.391627 
-0.363684 0.135286 0.74014 
0.290062 -1.19374 2.08796 
-0.213205 -4.01341 2.68613 
-0.29141 0.217503 0.391777 
-0.363879 0.135297 0.741083 
-0.353089 0.142808 0.814851 
-0.197414 0.314784 0.418339 
-0.0191052 -0.659065 0.339455 

-0.498166 -0.732909 0.626682 
0.598496 -1.87882 -1.44188 
-0.00223719 -0.349057 0.442574 
0.105068 0.0395269 0.0962163 
0.837118 -0.790368 -0.0815242 
-0.296263 -1.42657 1.82754 
0.120976 -0.0696769 0.120378 
0.132699 0.105745 -0.175183 
0.418317 -0.667497 -0.510512 
-1.19467 -1.78571 1.22603 
0.097412 0.114248 0.0337189 
0.12146 -0.0414135 0.114837 
-0.0340896 0.0983175 0.184312 
0.130502 0.0969522 -0.131442 
-0.233961 0.0288317 0.300626 
0.50826 -0.499384 0.192057 
0.118701 -0.00448815 0.0967314 
0.105865 0.112223 0.0191785 
-0.0334745 0.102213 0.189709 
0.102391 0.111714 0.0209443 
0.10496 0.110792 0.0073966 
0.0872711 0.0451684 0.210275 
0.0499044 -0.0840802 -0.0566154 
0.06725 -0.285336 0.0098328 
0.105013 0.112982 0.0287313 
0.086248 0.0543924 0.208184 
0.0848496 0.0662139 0.205242 
0.096225 0.111875 0.0367516 
0.0150832 -0.0159665 -0.00108475 
