0.00609452 -0.296017 -0.955163 0.550884 0.103763 0.950212 -0.29382 -0.0159835 0.994583 -0.0973195 0.0365066 0.307542 0 0 0 1
0.991983 -0.124232 -0.0231396 0.0527101 0.124597 0.992094 0.0150258 -0.00839077 0.02109 -0.0177884 0.999619 -0.0208216 0 0 0 1
###
-0.269845 -0.661164 -0.0661083 
2.18207 -1.73704 2.33603 
-0.0184376 -2.74271 -0.753352 
0.525466 -0.927577 2.25695 
-0.245613 -1.55325 -0.627876 
0.364144 0.217094 -0.714103 
0.0112409 0.17247 0.636803 
-0.123994 -0.680896 0.804894 
0.772407 -2.68823 4.98823 
0.486382 -3.49109 1.7017 
0.708826 -1.78488 -2.07661 
-0.362161 -0.570444 0.0974246 
-0.0629168 0.509595 0.692399 
2.11172 -1.63125 2.23886 
-0.378231 -0.701907 0.0484056 
0.694618 -3.03267 1.37936 
-0.126928 0.361308 0.538138 
-0.0478321 0.526146 0.699571 
0.0144133 0.17145 0.639733 
1.04351 -1.38553 0.832404 
8.68366 -7.3906 3.54215 
0.151186 -3.42801 1.66728 
-0.0716541 0.505854 0.674455 
-0.0150272 0.27803 0.537034 
10.3856 -9.58915 5.85865 
10.4168 -6.7185 3.98584 
0.152828 -3.2999 1.61394 
-0.1904 0.318501 0.46524 
-0.200615 -1.00388 2.15672 
0.677481 -1.75436 -2.16727 

-0.0461232 0.319835 0.178309 
1.03743 -0.92736 0.993776 
0.870098 -1.25297 0.101888 
0.385383 -0.374905 0.413509 
-0.0457607 0.321584 0.178103 
-0.0366323 0.325164 0.192761 
-0.463583 0.164984 0.324433 
0.138607 -0.847428 0.309318 
-1.77672 -1.82375 1.78684 
0.138308 -0.88388 0.258791 
-0.0597281 0.128953 0.276918 
1.43981 -2.64239 0.00805692 
0.429624 0.337246 0.0739467 
0.125155 -0.192099 0.305989 
0.298351 -0.549129 0.0807483 
0.0909626 -0.929723 0.796821 
0.428792 0.334109 0.0515863 
0.415767 0.329589 0.0646382 
-0.446 0.13182 0.317796 
1.54191 -1.3852 0.271293 
-0.245316 -0.748042 0.866401 
0.0500918 -0.821501 0.263453 
0.0139477 0.325029 0.174845 
0.104663 -0.0281393 0.277776 
2.28984 -3.18292 0.316996 
-2.38383 -2.62764 2.4271 
0.0260961 -0.39477 0.13361 
-0.0630767 0.299016 0.0884891 
0.0944601 -0.128446 0.176003 
-0.275237 0.0600359 0.322879 
