0.929129 -0.163521 -0.331632 0.519312 0.0807886 0.965005 -0.249478 0.023074 0.360821 0.205005 0.909825 -0.213741 0 0 0 1
0.850941 -0.0470581 -0.523149 -0.00772313 0.0966014 0.993011 0.0678066 0.00809161 0.516302 -0.108236 0.84954 -0.00851086 0 0 0 1
###
-0.55439 -1.53487 4.27032 
0.44606 -3.02354 8.06468 
-1.5768 -5.51836 10.4105 
0.92734 0.350135 0.218001 
1.3774 -1.80678 0.225927 
0.858696 0.335518 0.21811 
-1.41427 -1.08397 2.30131 
-0.508289 0.438911 0.593461 
-0.198587 0.0601167 0.742983 
-0.464993 0.278277 0.379876 
2.63972 0.124577 0.26136 
-0.463558 0.273326 0.379324 
-0.746725 0.886382 2.02172 
-0.471899 -0.280985 1.29625 
-0.320767 -3.62052 2.39743 
-3.88097 -3.3878 3.98934 
-0.463027 0.271498 0.379345 
2.71405 0.141033 0.26734 
-0.462382 0.26681 0.37729 
-0.363803 0.135297 0.741221 
-3.5753 -3.12764 3.6449 
-0.461987 0.265498 0.378142 
-0.363787 0.136137 0.741278 
-0.511555 0.442246 0.608708 
8.0147 -7.58771 1.19247 
-1.89245 -1.51936 1.8486 
-0.462064 0.265221 0.378112 

0.152953 -0.12221 0.00595089 
0.761546 -0.742782 -0.258894 
-0.490512 -0.811054 0.796876 
0.0870081 0.117294 0.0984823 
0.226083 -1.34363 -0.643821 
-0.0468103 0.0962729 0.178044 
0.228541 -0.206547 -0.0290554 
0.0999248 0.111388 0.0199721 
-0.215912 -0.0173621 0.298512 
0.310768 -0.739484 -0.865317 
0.102609 0.110838 0.0155991 
0.0985375 0.112478 0.0307142 
0.0111069 0.121598 0.364104 
-0.109338 -0.474877 0.598295 
0.0712658 -0.383754 0.0109081 
0.0892741 0.115565 0.0726475 
-0.0474839 0.0965151 0.178055 
-0.256424 0.0675149 0.159597 
0.0531331 -0.0944275 -0.0945189 
0.0872711 0.0451684 0.210275 
-0.0704406 -0.439683 0.57334 
-0.262874 -0.131089 0.385382 
0.086248 0.0543924 0.208184 
0.105013 0.112982 0.0287313 
-0.11755 -0.182698 0.158595 
0.0490398 -0.130883 0.169921 
-0.058792 0.118526 0.214585 
