-0.94894 -0.212182 -0.233433 -0.0243594 -0.13442 0.941422 -0.309282 -0.0663046 0.285383 -0.262112 -0.921875 0.0714849 0 0 0 1
0.967271 -0.177305 -0.18152 0.0172382 0.142273 0.971301 -0.190612 -0.0105182 0.210107 0.158548 0.964737 0.0128015 0 0 0 1
###
-0.0581585 -0.188315 0.0257006 
-0.0653784 -0.138918 0.0237116 
-0.0968257 -0.137575 0.00987251 
0.427509 -0.681215 -0.508366 
0.271092 -0.673013 -0.514513 
0.258259 -0.403199 0.0544638 
-0.0399066 0.0648217 -0.0274081 
-0.376812 -1.13478 -0.568341 
-0.0548074 -0.137682 -0.0426917 
0.0088957 0.0579275 0.00447235 
-0.264947 -0.362232 0.0254724 
0.0632476 0.106447 0.00224169 
0.281305 -0.688942 -0.524961 
-0.0439884 0.0850163 -0.0558842 
0.115342 -0.729945 -0.583328 
0.105578 0.112111 0.0191925 
-0.0963309 -0.1327 0.00794716 
-0.30293 -0.724847 -0.525056 
-0.0543001 -0.136264 -0.0428247 
-0.272552 -0.37221 0.0236869 
-0.169981 -0.0172976 -0.125622 
0.0587397 -0.753209 -0.635352 
-0.0982949 -0.0437476 -0.0790759 
-0.00177383 0.0503506 0.00142933 
0.281288 -0.342024 -0.247769 
0.257158 -0.569154 -0.46808 
0.000923375 0.0387061 0.00169865 
-0.162858 -0.461729 0.0541428 
-0.111557 -0.112924 -0.144469 
-0.18934 -0.109384 -0.115955 
-0.0286775 0.0651938 0.00457467 
-0.0903611 0.0748437 -0.192186 
-0.196061 0.0303997 -0.0166408 
0.0163941 -0.0108473 -0.0203849 
0.25217 -0.385162 0.0509754 

0.57474 -3.32196 2.91069 
0.625693 -1.50265 1.65711 
1.56913 -2.35289 3.41707 
-4.71322 -4.16799 5.66476 
-4.95301 -5.31943 8.41755 
-1.59867 -4.10253 1.50963 
0.0671461 0.227487 0.0531086 
-0.209871 0.12368 0.469229 
4.38615 -3.61346 3.07145 
-0.362253 0.137545 0.734105 
-0.583555 0.248361 0.220264 
-0.0920035 0.0936438 0.492211 
-4.28059 -4.53095 7.21882 
2.7803 -2.00164 3.56179 
-0.505318 -1.44109 3.96267 
2.6076 -1.95442 3.77655 
0.855451 -1.22287 1.88078 
2.51433 -4.87972 12.4556 
0.279362 -1.17541 2.06698 
-0.581944 0.249339 0.221417 
-0.630169 0.225731 0.161648 
-1.5252 -2.10916 4.78538 
0.0939836 0.223702 0.0444805 
-0.606153 0.211061 0.0169361 
-1.29288 0.788199 1.47727 
0.990211 -1.10599 2.67388 
0.130537 0.0129383 0.708154 
-0.942775 -3.71127 1.85937 
0.634283 0.483422 0.550034 
1.02825 -0.266823 2.90254 
0.896377 0.414828 0.375429 
-1.6457 0.555473 1.0487 
1.45054 0.441404 1.61352 
-1.17227 0.809073 1.50871 
0.593625 -1.27497 1.5566 
