0.197639 -0.234309 -0.95186 0.640124 0.0176296 0.971706 -0.235533 -0.0899861 0.980116 0.0297697 0.196178 0.201356 0 0 0 1
0.991983 -0.124232 -0.0231396 0.0527101 0.124597 0.992094 0.0150258 -0.00839077 0.02109 -0.0177884 0.999619 -0.0208216 0 0 0 1
###
1.72529 -1.61411 2.59293 
-0.211247 -0.234004 0.26792 
0.776588 -2.74904 5.08415 
-0.0953766 0.490475 0.659891 
-0.116632 -0.523154 0.140244 
-0.202922 -0.262226 0.246566 
-0.0798957 -0.22656 0.972377 
0.17706 -1.59254 3.3475 
3.68725 -2.71766 3.39365 
0.197789 -1.69804 3.5413 
-0.203807 0.485886 0.678289 
0.375886 0.263826 -0.484199 
-0.174553 0.289086 0.418109 
-0.314405 0.411562 0.583498 
-0.225619 0.551329 1.01439 
0.177102 0.224229 -0.380675 
-0.0714626 -0.887326 0.873183 
-0.142897 0.106382 0.364117 
-0.255375 0.435339 0.513435 
-0.236038 0.362846 0.399144 
0.618468 -3.61862 1.68756 
-0.49445 -0.167835 1.64321 
-0.236801 -0.671912 0.263416 
-0.213393 0.491301 0.700242 
0.501918 -3.36163 1.63037 
-0.494407 -0.414411 1.63683 
-0.0714506 0.506039 0.674665 
-0.262345 0.436563 0.554121 
-0.129994 0.165075 0.359632 
1.32431 -1.49901 0.528818 
-0.136479 0.116736 0.373416 
-0.198489 -1.01313 2.17143 
0.0146952 0.17143 0.640136 

0.18671 -0.234697 0.297832 
1.01766 -1.46372 0.109157 
-2.65774 -2.63009 0.703629 
-0.0213204 0.322899 0.173423 
1.7204 -1.57067 0.210402 
0.870098 -1.25297 0.101888 
0.385383 -0.374905 0.413509 
-0.259212 0.0541787 0.323149 
0.527562 -0.461134 0.439218 
-1.41524 -1.42164 0.284861 
-0.130057 0.0520038 0.311473 
0.278958 0.353808 0.169661 
0.253466 -0.946531 0.985242 
0.264364 -0.155482 0.0167642 
0.493254 0.383557 0.0822335 
0.39293 0.360889 0.122116 
0.138607 -0.847428 0.309318 
-0.0198287 0.323949 0.181225 
0.105443 -0.0817145 0.283572 
0.428792 0.334109 0.0515863 
0.138308 -0.88388 0.258791 
0.325039 0.3367 0.00871733 
0.811064 -1.81381 -0.00214654 
0.146463 -0.74068 0.607236 
0.173289 -0.940528 0.359284 
1.04674 0.917402 0.021391 
0.0139477 0.325029 0.174845 
-0.738171 0.372345 0.385239 
-0.169216 0.31182 0.190134 
0.000254415 0.327418 0.177015 
-0.274872 0.0566467 0.325505 
0.295653 -0.234194 0.213044 
0.14087 -0.830291 0.530275 
