0.136093 -0.236538 -0.962044 0.664674 0.0322246 0.971622 -0.234334 -0.0890191 0.990172 0.000889896 0.139854 0.243997 0 0 0 1
0.991983 -0.124232 -0.0231396 0.0527101 0.124597 0.992094 0.0150258 -0.00839077 0.02109 -0.0177884 0.999619 -0.0208216 0 0 0 1
###
5.53913 -5.81801 5.99885 
10.0032 -8.80213 5.43431 
-0.160503 -0.522524 0.0991794 
-0.256338 0.434479 0.514029 
0.0942695 -1.46027 3.17317 
-0.256651 0.440119 0.545336 
-0.0773073 0.499649 0.672166 
1.77402 -0.907323 0.973056 
0.274987 -0.95018 -0.993429 
-0.239002 0.2989 0.402455 
-0.106301 0.102457 0.432861 
1.18218 -1.37246 0.525092 
0.500619 -3.37298 1.63262 
0.718346 -1.80503 -2.09885 
1.12384 -0.555457 0.866042 
9.52061 -7.91926 4.15776 
-0.316425 -0.00163565 0.503482 
1.23063 -0.609414 0.884095 
1.45384 0.063199 1.48012 

0.714782 -0.576366 0.443178 
-1.32241 -1.30226 0.863877 
0.375 -0.248612 0.0397292 
-0.161612 0.166352 0.248936 
-0.249189 0.0558718 0.313133 
-0.162005 0.176902 0.248321 
0.0139477 0.325029 0.174845 
-0.300581 -0.291492 0.344361 
0.0373765 0.100852 0.215145 
-0.324577 -0.741048 0.809307 
-0.0630767 0.299016 0.0884891 
-0.422181 0.167506 0.302346 
0.173289 -0.940528 0.359284 
0.0211022 0.325501 0.175979 
-0.16656 -0.0867013 0.331164 
-0.217632 -0.754876 0.941787 
-0.651821 -0.66244 0.350482 
-0.0461232 0.319835 0.178309 
0.159281 0.189546 0.426604 
