0.9624 -0.0618582 -0.2645 0.556482 -0.0110447 0.964009 -0.265639 -0.0169893 0.271412 0.258572 0.927079 -0.254861 0 0 0 1
0.850941 -0.0470581 -0.523149 -0.00772313 0.0966014 0.993011 0.0678066 0.00809161 0.516302 -0.108236 0.84954 -0.00851086 0 0 0 1
###
0.259878 -1.2473 3.72533 
-1.58693 -5.56095 10.4924 
0.0702501 -3.44282 2.61504 
14.0292 -14.6055 3.4054 
5.65105 -5.2521 0.795762 
8.52803 -8.5015 1.26063 
0.184593 -0.761161 1.03271 
-0.572114 0.39064 0.496699 
0.748572 0.349622 0.298283 
2.23335 -2.02838 2.2865 
-0.59707 0.387216 0.495807 
29.9478 -28.3988 3.6272 
1.63385 -7.29997 14.3009 
3.8684 -7.74043 16.312 
0.625725 -1.41967 1.6329 
0.396905 -1.4459 2.32569 
-0.363903 0.135313 0.74164 
-0.214041 -3.35638 2.33285 
-2.15012 -1.65029 2.21494 
-1.10486 0.807542 1.47203 
-0.291386 0.216207 0.392175 
0.0727953 -0.758831 0.469521 
-0.0668881 -0.453469 0.425071 
-0.350234 0.316862 0.42963 
0.285472 -1.26789 2.08846 
-0.363919 0.136045 0.74158 

0.17094 -1.64735 2.15036 
0.320031 -0.38964 -0.240911 
0.0739422 0.1365 0.268894 
0.353353 -0.30644 -0.0162417 
0.102609 0.110838 0.0155991 
0.0999248 0.111388 0.0199721 
0.229031 -0.312274 0.0658959 
0.118292 -0.0164116 0.103078 
0.0884983 0.113834 0.0808152 
-0.0771696 -0.327884 0.39221 
0.190063 -0.363456 0.0666607 
0.13343 0.0958735 -0.159839 
-0.505934 -0.836757 0.624643 
0.256294 -0.316419 0.229208 
0.50826 -0.499384 0.192057 
0.196953 -0.376544 0.0650049 
0.0872711 0.0451684 0.210275 
0.0232379 -0.0935597 0.00407482 
-0.102207 -0.63322 0.833348 
-0.262874 -0.131089 0.385382 
0.120976 -0.0696769 0.120378 
0.0757029 -1.50506 -0.600054 
0.0602092 -0.512313 -0.245426 
0.0870081 0.117294 0.0984823 
0.239045 -0.336659 0.265482 
0.086248 0.0543924 0.208184 
