-0.170892 -0.271662 -0.947099 -0.12773 -0.0199645 0.961996 -0.272333 -0.263769 0.985088 -0.0276311 -0.169821 0.151439 0 0 0 1
0.999936 -0.0113036 0.00110686 0.00771488 0.0113036 0.999936 1.7728e-05 0.00348101 -0.00110699 -5.21535e-06 0.999999 0.00092983 0 0 0 1
###
-0.188104 -0.981521 -0.547079 
0.437564 -0.53315 -0.335444 
-0.191193 -1.08654 -0.596626 
0.0377056 -0.374308 -0.363364 
0.828576 -0.808105 -0.326213 
-0.09272 -0.0888385 0.275818 
-0.227773 -0.840236 -0.752558 
-9.75686e-05 -0.305759 -0.237643 
-0.194051 -0.99596 -0.590651 
1.98546 -1.7247 0.342694 
0.379271 -0.420072 0.494592 
0.00762898 -0.335112 -0.24049 
0.108535 -0.0123628 -0.525463 
0.0664187 -0.452024 -0.55207 
0.233547 -1.11454 0.881457 
-0.0186082 -0.419595 0.596566 
0.39627 -0.444447 -0.323838 
0.239662 -0.0384149 -0.31518 
1.10624 -1.02747 -0.230881 
-0.106319 -0.366351 -0.296353 
0.000156506 -0.304585 -0.239914 
0.403999 -2.98368 -0.114745 
0.0951009 -0.112132 0.27862 
0.198882 -0.993553 0.659914 
0.109806 -1.03974 0.738856 
-0.0821484 -0.264849 -0.137927 
0.0417753 -0.333546 -0.160235 
-0.0828884 0.118542 -0.00732029 
-0.0326606 0.140342 -0.149435 
0.113399 -0.157398 0.334855 

2.29602 0.774473 0.393822 
2.17211 -1.72963 2.32839 
-0.897358 0.347372 0.588457 
1.62747 -1.52484 0.661778 
1.30625 -4.03781 7.3242 
-1.08643 -1.38378 0.0217018 
-0.855405 0.395898 0.729434 
1.23961 -1.46059 0.552169 
-1.00951 0.271727 0.356194 
2.50506 -4.25752 7.07476 
-1.22974 -2.26416 1.52717 
0.0273015 -0.110257 0.416948 
1.91431 -0.0398133 0.415007 
-0.118944 0.351926 0.0990118 
1.17133 -1.94917 0.990638 
-0.0679749 0.20287 0.288044 
7.8762 -5.75686 5.90348 
-0.716105 -0.403949 1.31959 
4.05497 -4.14212 5.9647 
-1.23827 -0.782255 0.220495 
1.18147 -1.37129 0.524816 
0.328744 -3.63636 1.84865 
-0.608188 -1.09138 1.46879 
2.12063 -7.96867 8.96748 
-1.11824 -4.82025 2.69269 
0.488603 -3.50931 1.71033 
0.998512 -1.48606 0.777568 
-0.640735 -0.612872 1.23776 
0.16859 -0.0399206 0.238955 
-0.655707 -1.17424 1.52072 
