0.161477 -0.309879 -0.936963 0.715264 0.0889768 0.950128 -0.298898 -0.0312673 0.982857 -0.0351029 0.180996 0.234333 0 0 0 1
0.991983 -0.124232 -0.0231396 0.0527101 0.124597 0.992094 0.0150258 -0.00839078 0.02109 -0.0177884 0.999619 -0.0208216 0 0 0 1
###
2.23155 -8.33376 9.74356 
0.185307 -1.64426 3.43342 
0.198299 0.271971 0.675167 
3.07983 -10.5937 -5.55796 
-0.0219953 -0.230259 1.03159 
0.0974952 -1.01495 2.42814 
-0.213237 0.489168 0.7 
-0.251889 0.419976 0.446164 
-0.239291 0.490814 0.536557 
-0.134593 0.115299 0.371327 
-0.331273 0.0561625 0.521145 
-0.738523 -0.493408 2.92853 
-0.281385 0.395071 0.451103 
-0.276944 -0.774913 1.80119 
-0.407809 -0.480346 1.18283 
0.100712 0.493358 1.97998 
-0.24645 -1.33762 2.42707 
-0.329019 0.0485175 0.509263 
0.718007 -1.80516 -2.09876 
0.95011 0.865495 1.46785 

-1.65374 -1.96089 1.76532 
-0.259212 0.0541786 0.323149 
-0.430694 0.308139 0.207636 
-1.88536 -1.91359 1.12887 
0.257276 -0.207987 0.172037 
-2.65774 -2.63009 0.703629 
0.338242 -1.80621 1.50391 
-0.813022 0.21163 0.241385 
-0.610153 0.314659 0.32456 
0.121139 0.0777838 0.255906 
0.811064 -1.81381 -0.00214654 
0.448347 0.458363 0.0128515 
-0.0786798 0.300061 0.116926 
0.699501 -0.577216 0.472127 
0.16709 -0.843307 0.437172 
-0.114741 0.322559 0.193552 
1.45078 -1.15411 0.985896 
0.298351 -0.549129 0.0807483 
0.278958 0.353808 0.169661 
0.206387 0.309365 0.157758 
