0.958215 -0.179086 -0.223052 0.629446 0.127563 0.965467 -0.22716 0.0282852 0.25603 0.189215 0.947969 -0.249052 0 0 0 1
0.850978 -0.0470809 -0.523088 -0.00773459 0.0966255 0.993008 0.0678174 0.00804728 0.516237 -0.108255 0.849577 -0.00851529 0 0 0 1
###
2.43596 -5.13929 12.8268 
3.92445 -3.37685 3.70036 
0.200217 -1.08906 3.35363 
10.1722 -10.5147 3.33963 
-5.43928 -8.35044 8.28769 
-2.09928 -1.59452 2.16054 
-1.92104 -1.49437 2.20347 
-0.262069 0.243174 0.333579 
-0.473335 0.343581 0.389309 
-2.06445 -1.65433 2.4093 
2.02272 1.22908 1.38299 
2.56077 -0.145243 0.330959 
-0.512414 0.444551 0.61045 
1.62997 -7.28231 14.2667 
0.145481 -3.47538 2.51615 
0.390216 -0.533417 2.79722 
0.819484 -1.16742 1.78777 
-0.247666 -0.282878 0.38897 
-2.14529 -1.82724 2.1463 
3.4379 -1.3597 0.325084 

-0.13616 -0.545186 0.665844 
-1.68111 -1.99719 0.499786 
0.00321893 -0.224375 0.27823 
-1.19469 -1.78562 1.22602 
0.101096 -0.222886 0.261626 
0.0892385 0.115521 0.0726062 
0.419362 -0.669583 -0.511865 
0.13048 0.0969377 -0.131421 
0.0355408 0.125956 0.256326 
-0.10222 -0.633161 0.83336 
-0.140945 0.384204 0.669122 
-0.22695 0.0384095 0.317138 
0.104927 0.110762 0.00738587 
-0.507373 -2.00446 2.44913 
0.173965 -0.406613 0.032178 
0.122468 -0.0684413 0.12204 
0.386705 -0.339682 -0.0111707 
0.0150986 -0.0159234 -0.00108227 
0.332666 -0.35734 -0.20575 
0.102371 0.111693 0.0209197 
