0.939262 -0.253383 -0.231482 0.699821 0.200099 0.952285 -0.230463 0.0607446 0.278832 0.170146 0.945147 -0.217908 0 0 0 1
0.850978 -0.0470809 -0.523088 -0.00773459 0.0966255 0.993008 0.0678174 0.00804728 0.516237 -0.108255 0.849577 -0.00851529 0 0 0 1
###
1.39118 -6.84008 13.3004 
-2.23387 -1.85512 2.6187 
-1.46455 -1.14417 2.40807 
-1.60086 -5.61973 10.6103 
-0.597192 0.387344 0.495957 
-1.36288 -1.00538 2.1957 
-0.900329 0.399272 0.61333 
-0.500085 -0.186095 1.03406 
-1.52064 -1.2012 2.48567 
-0.502941 -0.177172 1.00957 
-2.13377 -1.72968 2.49439 
-2.37842 -0.707273 1.13169 
0.831224 -1.18478 1.80154 
-0.338107 0.247286 0.874497 
0.608705 -0.562235 3.45949 
2.6902 0.140563 0.265572 
-2.46867 -2.10175 2.89612 
-0.348044 0.243479 0.855002 
9.75425 -24.6894 1.98845 
0.819765 -1.16841 1.7886 
2.61051 -1.96884 3.78367 
-1.58498 0.694061 1.31381 
-0.393736 -3.66395 2.11862 

0.0857808 -0.45875 0.62478 
0.0892385 0.115521 0.0726062 
0.22848 -0.206525 -0.0290321 
0.320042 -0.389807 -0.240965 
0.275074 -0.410712 0.0732872 
0.757109 -0.73871 -0.257512 
0.0985195 0.11247 0.0306924 
0.303572 -1.9928 2.70321 
0.152833 -0.122076 0.0059709 
-0.0771875 -0.327811 0.392185 
0.419362 -0.669583 -0.511865 
0.0888133 0.117977 0.0994352 
0.386705 -0.339682 -0.0111707 
0.136227 -0.0156627 -0.00228347 
0.11403 -0.0506177 0.112388 
-0.257185 0.0680785 0.157996 
0.427509 -0.681215 -0.508366 
-0.243677 0.0269708 0.308844 
-0.0672167 -0.253095 0.299507 
0.0150078 -0.0141618 -7.3101e-05 
0.120216 0.0243207 0.0724232 
0.0925648 0.113591 0.0589862 
0.0852527 -0.44977 0.0565471 
