0.152167 -0.381864 -0.911606 0.758135 0.138314 0.921498 -0.36292 0.028069 0.978629 -0.0708639 0.193039 0.24372 0 0 0 1
0.991983 -0.124232 -0.0231396 0.0527101 0.124597 0.992094 0.0150258 -0.00839078 0.02109 -0.0177884 0.999619 -0.0208216 0 0 0 1
###
10.0044 -8.80413 5.43876 
10.3889 -9.68703 6.04955 
5.71786 -5.70123 5.59167 
0.39858 -1.42787 -0.488581 
0.541134 -0.941861 2.28318 
7.86431 -7.06406 5.97759 
7.19915 -5.36323 5.62499 
2.23018 -8.33682 9.74781 
-0.124551 0.0984738 0.359011 
2.03997 -7.94878 9.35962 
0.0918842 -1.45349 3.16282 
9.78929 -9.07345 5.59892 
-0.282686 0.495919 0.756476 
-0.0513826 0.526035 0.741213 
-0.136103 0.116046 0.373693 
3.65428 -1.84219 1.29898 
0.150577 0.244132 0.664417 
-0.0712046 0.506606 0.674819 
-0.216794 0.357082 0.450626 
10.3895 -9.58946 5.85924 
0.917026 -2.33592 0.365019 
1.13126 0.0711008 1.30187 
1.21152 0.0348265 1.31716 
0.716412 -1.80232 -2.09557 

0.18671 -0.234697 0.297832 
-1.32241 -1.30226 0.863877 
-0.702505 -1.09614 1.18003 
-0.0340207 -0.418317 0.600878 
0.385383 -0.374905 0.413509 
-0.0461115 -0.0516996 0.0263608 
1.29814 -1.04261 0.800325 
0.38878 -0.53173 0.210301 
-0.0718981 0.324929 0.180899 
2.09783 -2.55027 0.915699 
0.499996 0.380598 0.136856 
-0.195503 -0.626085 0.80056 
0.477563 0.400778 0.0936202 
0.398084 0.366455 0.123217 
-0.359619 0.317705 0.232533 
-0.169513 -0.0711171 0.328539 
0.105567 -0.00666628 0.279032 
-0.0617218 0.320088 0.181675 
0.104663 -0.0281394 0.277775 
-4.62292 -4.87188 2.80208 
0.0847406 -0.885086 0.757557 
0.0714767 0.115617 0.262458 
-0.173276 -0.0944103 0.355213 
-0.162005 0.176902 0.248321 
