-0.112112 -0.480215 -0.869957 -0.0474807 0.178923 0.851412 -0.493036 -0.219207 0.977455 -0.210931 -0.00953186 0.212301 0 0 0 1
0.999936 -0.0112849 0.00111442 0.00770904 0.011285 0.999936 -2.50054e-06 0.00348796 -0.00111432 1.50765e-05 0.999999 0.000926251 0 0 0 1
###
-0.229825 -0.30621 1.19689 
-0.120081 -0.299379 -0.134561 
1.75031 -3.58278 -1.64103 
1.78782 -2.40774 -0.567568 
0.124003 -0.431843 0.567462 
0.437564 -0.53315 -0.335444 
0.230837 -1.14506 -0.941375 
-0.244312 -0.313739 0.918138 
-0.246924 -0.293878 0.774688 
0.114398 -0.153516 0.316815 
-0.161873 -0.272493 -0.420052 
-0.0984544 0.135262 -0.128133 
-9.75738e-05 -0.305759 -0.237643 
0.0334587 -0.73646 -0.0435091 
-0.110203 -0.363862 -0.127062 
2.26905 -2.2127 -0.273849 
0.498525 -0.668072 0.801638 
-0.251834 -0.317443 0.747667 
-0.152401 -0.693184 -0.677516 
1.32543 -1.67298 -0.852071 
-0.106319 -0.366351 -0.296353 
0.150093 -0.786194 0.533307 
2.20577 -2.8564 0.968294 
-0.151235 -0.689425 -0.67092 
0.000156487 -0.304585 -0.239914 
-0.0683232 0.327072 0.19378 
0.0725133 0.0885519 0.218104 
-0.0816502 0.190377 -0.0387963 
0.102297 -0.0289885 -0.523099 
0.049898 -0.968554 -0.151251 
-0.025397 0.0310949 0.0871992 
-0.0780725 0.189773 -0.0357371 
-0.0677768 0.185544 -0.0675449 
0.465454 -0.442499 -0.282509 
-0.0583498 0.146105 -0.0806081 
-0.144182 0.235264 -0.201027 
0.106383 -1.06517 0.000706462 
-0.0353586 0.142949 -0.147984 
0.0951009 -0.112132 0.27862 
-0.0662428 0.322592 0.190436 

-1.08656 -1.38399 0.0217022 
-1.02645 -3.85894 2.34709 
1.72396 -1.54794 0.978265 
5.73983 -6.82022 6.32022 
-1.18722 -2.21114 1.57138 
-0.775619 -1.61225 1.47823 
1.30695 -4.03951 7.32722 
-0.882919 -1.20082 0.044691 
-4.04447 -6.22912 0.198596 
-0.606017 -1.09943 1.46201 
0.894999 -1.07193 0.0965339 
-1.93132 -3.64476 0.972701 
0.0256173 0.278963 0.210453 
0.335168 -3.61411 1.83438 
0.726126 -1.66492 0.296221 
4.07526 -4.16124 5.99299 
-0.831717 -1.53491 1.09071 
-3.75194 -5.76333 0.161509 
-0.0279753 0.237175 0.275408 
2.14282 -1.71729 2.30108 
-1.23832 -0.782293 0.220506 
-0.664174 -3.75766 2.40314 
0.0805971 0.212412 0.207192 
0.0200323 -0.0161733 0.373818 
1.18154 -1.37138 0.524834 
-1.00952 0.271727 0.356197 
-0.702007 -0.383328 1.31347 
0.0264613 -0.110373 0.415081 
1.97076 -0.108677 0.418399 
-0.232824 -3.78841 2.23736 
-0.608187 -1.09138 1.46879 
-0.132808 0.10203 0.36569 
0.0226079 0.278433 0.226347 
2.00589 -1.5781 2.14387 
0.0941547 -0.000488482 0.374869 
2.0778 -0.742963 0.411145 
0.0778639 -3.64049 1.99529 
-0.10411 0.0426505 0.423424 
0.0302707 -0.0443767 0.434977 
-0.884244 0.377263 0.682182 
