0.100945 -0.409453 -0.906729 0.789656 0.134167 0.908662 -0.395389 0.0431504 0.985804 -0.0817404 0.14666 0.290593 0 0 0 1
0.991983 -0.124232 -0.0231396 0.0527101 0.124597 0.992094 0.0150258 -0.00839078 0.02109 -0.0177884 0.999619 -0.0208216 0 0 0 1
###
0.847136 -13.4169 -8.26032 
5.58567 -5.84707 6.04007 
8.00012 -7.16968 6.06558 
9.91793 -7.39583 4.25154 
2.26505 -8.45994 9.88623 
0.599177 -1.01313 2.38771 
5.8511 -5.82376 5.70674 
2.84141 -2.02712 2.07271 
-0.283225 0.495113 0.756257 
-0.192606 0.630098 1.11597 
0.0899586 -1.44399 3.14789 
-0.212445 0.491142 0.701176 
1.04237 -1.45553 0.259476 
9.84916 -9.12528 5.63128 
2.82145 -1.95491 1.83273 
0.10121 0.493808 1.9826 
0.0899586 -1.44399 3.14789 
0.619491 -3.62646 1.68987 
-0.257702 0.442687 0.547321 
-0.134512 0.115202 0.371443 
0.151271 0.244103 0.664808 
-0.718633 -5.23603 -0.0260115 
0.10019 -0.0353709 0.525085 
-0.0705618 0.507414 0.675298 
-0.707897 -0.734675 2.70146 
10.3881 -9.58668 5.85888 
-0.140565 0.200569 0.385884 
0.170816 -3.48185 1.68099 
-0.135866 0.11605 0.373747 

-0.0457679 0.321473 0.178084 
-0.243673 -0.752731 0.8685 
-5.15515 -5.2132 1.81002 
-2.63251 -2.6955 1.61406 
-1.65656 -1.96463 1.76808 
0.383657 -0.372797 0.412022 
-1.04435 -1.32286 1.30655 
-1.28079 -1.30552 0.691437 
0.392672 0.325417 0.102954 
0.429624 0.337246 0.0739467 
-0.24919 0.0558757 0.313135 
0.150563 -0.763325 0.6244 
-0.198929 0.31533 0.196152 
-0.34713 -1.20992 1.45146 
0.0675208 -0.495622 0.694091 
-0.093618 0.102105 0.290276 
-1.77672 -1.82375 1.78684 
0.167489 -0.92292 0.353727 
-0.00358075 0.294888 0.0542097 
-0.358391 0.316641 0.231792 
0.103376 0.036545 0.265094 
-0.613784 -0.616966 0.280842 
-0.0651377 0.300629 0.0926983 
-0.0361713 0.326045 0.192999 
0.163406 0.351027 0.19815 
-0.219461 -0.755822 0.938842 
0.533949 0.427241 0.114632 
0.0500918 -0.821501 0.263453 
0.121087 0.0777218 0.255929 
