-0.522691 -0.374683 -0.765772 0.498573 0.015386 0.893951 -0.447901 0.0197899 0.852383 -0.245896 -0.461496 0.725184 0 0 0 1
0.991983 -0.124232 -0.0231396 0.0527101 0.124597 0.992094 0.0150258 -0.0083908 0.0210899 -0.0177884 0.999619 -0.0208216 0 0 0 1
###
2.71156 -2.10632 1.79358 
0.952331 -14.5791 -8.99449 
-0.128106 -1.10977 -2.50961 
3.2779 -10.3264 -4.96312 
0.976047 -1.44374 0.761116 
1.04282 -16.1624 -10.0548 
2.41237 -2.01483 0.490894 
0.0709131 -1.09001 -2.59109 
0.0448125 -2.06929 -2.20402 
2.15488 -3.36626 -1.38991 
-0.891596 -1.21517 0.047334 
1.91506 -0.197995 1.56563 
2.00468 -0.151743 1.62541 
1.0667 -1.48306 0.255071 
0.590082 -0.992812 2.36462 
4.37904 -3.51522 1.40248 
-0.203906 0.486857 0.678493 
1.61567 -2.09946 3.29356 

-2.63251 -2.6955 1.61406 
1.45996 -2.68426 0.00751611 
-0.0630767 0.299016 0.0884891 
0.165241 -0.178784 0.220335 
2.28984 -3.18292 0.316996 
-2.62993 -2.65477 0.93446 
2.38924 -1.85787 0.836177 
0.110225 -0.130344 0.302095 
0.278958 0.353808 0.169661 
-2.73834 -2.86584 2.69984 
-4.62292 -4.87188 2.80208 
-0.172638 0.0984154 0.287567 
-0.173276 -0.0944103 0.355213 
-1.52985 -1.53826 0.306595 
0.714924 -0.574689 0.443776 
-0.196163 -0.628501 0.803701 
-0.59009 -0.158353 0.397231 
0.322442 0.334157 0.00867249 
