0.735774 -0.323269 -0.595091 0.763245 0.198653 0.943086 -0.266693 0.0612262 0.647436 0.0780096 0.758117 0.096955 0 0 0 1
0.850978 -0.0470809 -0.523088 -0.00773459 0.0966255 0.993008 0.0678174 0.00804728 0.516237 -0.108255 0.849577 -0.00851529 0 0 0 1
###
0.993937 -1.10269 2.67405 
6.95317 -7.00822 1.1875 
-1.6082 -5.6777 10.7364 
-2.28755 -1.87804 2.51167 
2.57892 -0.674409 -0.474231 
2.4321 -5.13857 12.8083 
0.311463 -1.28593 3.91274 
-0.341627 0.219217 2.67704 
-1.98802 -1.47942 2.11181 
9.15856 -9.4349 3.00111 
0.884147 -0.731119 0.124953 
-1.54854 -1.24369 2.56129 
3.02411 -0.764087 -0.57854 
-0.343136 0.261757 0.853059 
2.30146 -2.14674 -0.568412 
-0.4634 0.308801 0.312671 
0.825679 -1.17899 1.80834 
-0.570673 0.466786 0.661381 
2.96057 -1.34743 0.416935 
0.69757 -1.47975 1.58223 
-1.56337 -2.02073 3.91495 

0.386179 -0.610841 -0.473583 
0.0599938 -0.312978 0.424472 
0.837121 -0.790492 -0.0815039 
-0.215907 -0.0173232 0.298489 
-0.152632 -0.0419886 0.342124 
0.140797 -1.33574 1.75945 
-0.105124 -0.449097 0.599362 
0.121408 -0.0413753 0.1148 
0.13048 0.0969377 -0.131421 
-0.174189 -0.275668 0.192551 
0.0536993 0.0968181 -0.00188192 
0.757109 -0.73871 -0.257512 
-0.233886 0.0288575 0.300558 
0.103093 0.111328 0.0128325 
-0.0467991 0.0962899 0.178024 
0.0978593 0.11372 0.0338566 
0.106785 0.0124754 0.135455 
0.0861821 0.0670874 0.202384 
0.0709738 0.11029 0.0345677 
0.101096 -0.222886 0.261626 
0.23543 -0.236433 0.081646 
