0.527695 -0.413801 -0.741827 0.730871 0.203104 0.909453 -0.362828 0.0973097 0.824795 0.0407946 0.563958 0.302349 0 0 0 1
0.850978 -0.0470809 -0.523088 -0.00773459 0.0966255 0.993008 0.0678174 0.00804728 0.516237 -0.108255 0.849577 -0.00851529 0 0 0 1
###
2.02297 -2.31794 1.19595 
0.995328 -1.10357 2.67699 
7.00757 -7.06061 1.24196 
-1.61755 -5.72205 10.8227 
0.935765 -1.7893 1.95836 
-0.66405 0.282107 0.558819 
3.03945 -0.767089 -0.580612 
-0.360368 0.199393 2.42364 
1.01724 -1.25972 1.93144 
2.74588 -1.63451 -1.04974 
3.09059 -0.769181 -0.594984 
0.823739 -1.17674 1.80468 
2.80267 -1.20134 0.930666 
-0.513063 0.447892 0.61305 
-0.610431 0.46833 0.670783 
-0.353141 0.193868 2.45353 
-0.364157 0.134959 0.739782 
3.09025 -1.33769 0.347073 

0.228596 -0.206677 -0.0290634 
0.429031 -0.686074 -0.524126 
-0.451772 -0.668738 0.57264 
0.319999 -0.389845 -0.240968 
0.101096 -0.222886 0.261626 
-0.109596 -0.475718 0.599436 
0.0540284 0.122749 0.172176 
0.122069 -0.0510434 0.11789 
0.322564 -0.366552 0.0643205 
-0.141546 -0.00981306 0.336236 
-0.243675 0.0269745 0.308846 
0.437298 -0.697839 -0.520373 
-0.242513 0.0411034 0.311803 
-0.0340719 0.0983188 0.184257 
0.105658 0.0118316 0.137373 
0.120934 -0.0696361 0.120354 
0.0623187 0.1086 0.0264485 
0.144237 0.0961071 -0.157832 
