-0.286525 -0.362604 -0.886805 0.644813 0.100377 0.909157 -0.404175 0.0260318 0.9528 -0.204821 -0.224099 0.572942 0 0 0 1
0.991983 -0.124232 -0.0231396 0.0527101 0.124597 0.992094 0.0150258 -0.00839078 0.02109 -0.0177884 0.999619 -0.0208216 0 0 0 1
###
0.186768 0.271251 0.673683 
5.58882 -5.84844 6.04175 
2.83406 -2.04642 2.07055 
0.102565 -1.26742 2.87311 
-0.0120972 -1.28486 -3.13941 
0.0252436 -1.05332 2.5887 
0.601413 -1.00802 2.38923 
9.83578 -9.11354 5.62281 
-0.225766 0.288903 0.407924 
-0.0495174 0.527345 0.742205 
2.05582 -3.22678 -1.3027 
1.18347 0.0620251 1.32595 
-0.070906 0.507048 0.675076 
0.718062 -1.80428 -2.09818 
1.47608 -1.93171 3.10122 

0.397938 0.366372 0.123217 
-1.94655 -2.32714 2.0966 
0.0236619 -0.433995 0.612979 
-6.99131 -6.54363 1.19382 
-0.00879978 0.298588 0.075502 
-2.65774 -2.63009 0.703629 
0.383657 -0.372797 0.412022 
-2.18645 -2.23622 1.32037 
-0.0461251 0.320104 0.178325 
0.0138985 0.324569 0.174277 
-2.5948 -2.87128 2.64798 
-0.219637 -0.1415 0.366922 
-0.0361713 0.326045 0.192999 
0.429624 0.337246 0.0739467 
0.0514974 -0.392666 0.494159 
