-0.119756 -0.5176 -0.8472 -0.0165825 0.0129373 0.852456 -0.52264 -0.246349 0.992719 -0.0735497 -0.0953903 0.173064 0 0 0 1
0.999935 -0.0113067 0.00109918 0.00770816 0.0113066 0.999936 2.0822e-05 0.00348101 -0.00109934 -8.39267e-06 0.999999 0.000935206 0 0 0 1
###
0.0824216 -0.258188 0.3752 
0.101689 0.0787913 0.246905 
-0.0272698 -0.228426 -0.223744 
0.499495 -0.478919 -0.291099 
-0.0397922 0.177493 -0.173496 
0.10934 -0.594638 0.588337 
-0.291331 -2.19911 -1.01801 
-0.0191711 -0.509719 -0.0615297 
-0.0960508 0.13893 -0.113465 
0.177167 -0.819649 0.568012 
0.907709 -0.811964 0.777547 
-9.7581e-05 -0.305759 -0.237643 
-0.100426 -0.261343 -0.225589 
-0.127213 -0.239296 -0.129887 
-0.122712 -0.389576 -0.138889 
-0.0461251 0.320104 0.178325 
0.1258 -0.0248696 -0.547583 
-0.192126 -0.864487 -0.540599 
0.0549496 -0.917088 -0.0927632 
-0.144175 0.252127 -0.128438 
0.178668 -1.60103 -0.0793534 
-0.0290129 -0.216838 -0.221944 
0.0255137 -0.0111544 0.103013 
-0.0684537 0.321401 0.183055 
-0.0605895 0.171183 -0.0742066 
-0.132138 0.253964 -0.116569 
0.0349054 -0.303264 -0.159968 
0.0540254 -0.909208 -0.0969068 
0.0951088 -0.788787 0.149834 
0.223313 -0.226347 -0.389817 
0.0725133 0.088552 0.218104 
-0.0460419 -0.488023 -0.547008 
0.000156264 -0.304585 -0.239914 
-0.00840244 -0.460249 0.0263152 
0.0559384 -0.925168 -0.0985943 
0.272243 -0.241423 -0.461764 
-0.0427928 -0.239398 0.375249 
0.158335 -0.188386 0.378055 
0.101941 -0.0292896 -0.521921 
2.28123 -2.75251 1.01223 
0.00076154 -0.496408 0.0345167 
-0.178864 0.12547 -0.150113 
0.0786441 0.0907448 0.22313 
0.230238 -0.234983 0.321846 
-0.0638056 0.171606 -0.0760795 
0.117453 -0.599724 -0.458704 

-0.705228 -1.50703 1.41952 
-0.716118 -0.403993 1.31965 
1.22864 -1.44769 0.54774 
2.17446 -1.73283 2.33145 
-0.132811 0.102037 0.365703 
-1.12903 -3.78773 2.51434 
-0.884241 0.377263 0.682179 
-0.925268 -0.259067 0.863419 
2.25661 -8.43358 9.85593 
-0.664032 -3.75944 2.40407 
-11.7755 -31.0839 33.885 
0.0273052 -0.110261 0.416959 
-0.0652898 0.210963 0.294291 
0.726074 -1.66493 0.296179 
0.605197 -0.35314 0.0583471 
-0.881718 0.375794 0.675879 
1.91445 -0.0398109 0.415082 
-0.992415 0.271138 0.349001 
0.690924 -3.70353 1.68892 
0.062527 0.33068 0.0862721 
0.335406 -3.61624 1.83556 
0.0264548 -0.110369 0.415052 
-0.941591 -1.96266 1.51964 
-1.00903 0.2716 0.355878 
0.0424375 0.0783101 0.356864 
0.716835 -1.58067 0.375853 
0.998164 -1.48557 0.777453 
0.732898 -3.65739 1.64551 
0.488357 -3.50809 1.70988 
2.37214 -3.8906 6.96809 
-0.701998 -0.38335 1.31349 
0.081577 0.0627779 0.362332 
1.18069 -1.37037 0.524493 
0.0856642 -1.48976 0.793786 
0.328239 -3.63351 1.84746 
2.55577 -1.25202 1.37452 
-0.831693 -1.5348 1.09062 
-0.608188 -1.09138 1.46879 
1.97081 -0.10868 0.418442 
2.04605 -7.96944 9.38321 
-0.23281 -3.7876 2.23691 
-1.02776 -1.89789 1.27556 
-0.125431 0.0958503 0.351018 
-1.22936 -2.26342 1.52668 
0.0428706 0.0776712 0.357356 
1.62857 -1.5259 0.662222 
