-0.898854 -0.416841 -0.135292 0.00734215 -0.368955 0.88637 -0.279679 -0.0831107 0.236501 -0.201474 -0.950513 0.0558612 0 0 0 1
1 0 0 0 0 1 0 0 0 0 1 0 0 0 0 1
###
0.00365587 0.0393475 0.000898339 
-0.00873652 0.0818919 -0.00284231 
-0.0307411 0.0962328 0.0128435 
-0.039986 0.0648583 -0.0273906 
-0.162824 -0.00726589 -0.11846 
0.265072 -0.611243 -0.291199 
-0.0891258 -0.135474 -0.0278529 
-0.0243665 0.101026 0.01514 
0.0128404 -0.360662 0.00981442 
-0.0950492 -0.121635 0.00721323 
0.445403 -1.01685 -0.467489 
-0.0268473 0.0491869 0.00551666 
-0.0511234 -0.499593 -0.00281366 
-0.0628027 -0.134327 0.0341256 
-0.0885402 -0.130318 -0.0277171 
-0.13493 -0.169206 -0.0631777 
-0.182661 -0.0179215 -0.0498289 
0.0113773 0.0664563 0.00743834 
-0.439211 -1.30865 -0.651967 
-0.518818 -1.12347 -0.569131 
-0.0263395 0.0700862 0.0185897 
-0.206089 0.0678426 -0.133531 
-0.00789307 0.0243353 -0.00991112 
0.0190905 -0.369437 0.0133211 
-0.269654 -0.33416 -0.209776 
-0.0234191 0.0810378 0.0015881 
0.480372 -1.08583 -0.501767 
0.276591 -0.266673 0.100544 
0.00312268 0.0704361 0.00807516 

8.80422 -9.16478 6.78536 
-0.181193 -0.0379085 0.757378 
0.607717 -1.44728 1.60829 
0.197523 0.029248 0.757138 
0.067197 0.227505 0.0531142 
-4.27844 -4.52838 7.21514 
0.651041 -1.17483 2.17179 
0.133841 0.374624 0.387748 
-1.32178 -3.92688 1.60698 
0.882935 -1.1303 1.78897 
-6.48586 -9.82937 9.75633 
0.277189 -1.16826 2.05756 
-0.668302 -3.69949 2.09838 
-0.173235 0.252296 0.362496 
0.601162 -1.06404 2.02 
1.09979 -1.54863 2.16919 
1.44673 0.440434 1.60972 
-0.362434 0.13751 0.734085 
1.56846 -7.0271 13.7745 
2.5715 -4.98934 12.7316 
0.82987 -1.18469 1.8281 
0.974933 1.21748 2.23587 
-2.52108 -3.85615 8.13649 
-0.656393 -3.51797 1.99334 
0.996622 -1.10647 2.68176 
0.0966412 0.224279 0.0428855 
-5.13596 -7.70152 7.78987 
-1.7493 -1.73167 1.70282 
1.5687 -2.35244 3.41641 
