-0.429633 -0.451669 -0.781927 0.633841 -0.0752745 0.880818 -0.467432 0.0173071 0.899861 -0.141965 -0.412428 0.69284 0 0 0 1
0.991983 -0.124232 -0.0231395 0.0527102 0.124597 0.992094 0.0150258 -0.00839081 0.0210899 -0.0177884 0.999619 -0.0208216 0 0 0 1
###
1.39929 -1.43307 2.43614 
3.34287 -2.345 0.926189 
-0.121504 -1.12128 -2.53705 
5.95309 -5.91195 5.79386 
2.7685 -2.14528 1.81867 
2.79919 -2.01353 2.04513 
1.60861 -0.095839 1.4506 
0.776584 -1.63023 0.365492 
-0.0768151 -1.19143 -2.57538 
1.01079 -1.43249 0.269554 
9.69269 -8.98466 5.5478 
1.93801 -0.0296302 0.410679 
2.29206 -0.814603 0.456789 
-0.806576 -1.38769 0.366655 
10.2739 -9.48328 5.79579 

0.285443 -0.390949 0.501865 
0.383657 -0.372797 0.412022 
-0.0630767 0.299016 0.0884891 
-2.63251 -2.6955 1.61406 
-0.697276 -1.0951 1.17804 
0.124482 -0.191427 0.30474 
-0.16656 -0.0867014 0.331164 
-1.65656 -1.96463 1.76808 
0.000254413 0.327418 0.177015 
2.38924 -1.85787 0.836177 
-0.196163 -0.628501 0.803701 
-0.113659 0.320768 0.192535 
0.00275079 -0.000118064 0.010525 
0.298351 -0.549129 0.0807483 
-0.219461 -0.755822 0.938842 
