-0.425983 -0.493534 -0.758263 0.690823 -0.0276511 0.844819 -0.534337 0.110054 0.904308 -0.206652 -0.373526 0.701346 0 0 0 1
0.991983 -0.124232 -0.0231395 0.0527102 0.124597 0.992094 0.0150258 -0.00839081 0.0210899 -0.0177884 0.999619 -0.0208216 0 0 0 1
###
2.17183 -1.73178 2.32987 
-0.247498 0.136105 0.704899 
10.417 -9.71133 6.05512 
0.00934235 0.109223 0.89559 
2.03279 -1.71763 0.469866 
3.29763 -10.3949 -4.99382 
-0.061663 -1.59789 -2.10595 
5.9745 -5.92886 5.81028 
-0.281818 0.508016 0.796067 
0.825585 -1.68779 0.350612 
-0.284218 0.407765 0.445191 
-0.211954 0.49293 0.701113 
-0.0710642 -1.20778 -2.60645 
0.446475 0.794999 1.55521 
0.59713 -1.9887 3.71974 
1.13375 0.067801 1.30612 

0.20699 -0.216543 0.26198 
0.383657 -0.372797 0.412022 
-1.77784 -1.74623 1.15267 
-2.18645 -2.23622 1.32037 
2.38924 -1.85787 0.836177 
0.298351 -0.549129 0.0807483 
-0.160217 -0.0637433 0.328611 
-2.63251 -2.6955 1.61406 
-0.503723 -0.164868 0.409155 
-1.65656 -1.96463 1.76808 
-1.52985 -1.53826 0.306595 
0.111378 -0.783994 0.517287 
-0.0630767 0.299016 0.0884891 
0.0173401 -0.450414 0.621207 
-1.3055 -1.27702 0.22788 
-0.173276 -0.0944103 0.355213 
