-0.165897 -0.433419 -0.885791 -0.0186976 0.0976389 0.886605 -0.452104 -0.223057 0.981298 -0.16149 -0.104766 0.188941 0 0 0 1
0.999936 -0.0113022 0.00109899 0.00771045 0.0113022 0.999936 -1.68395e-07 0.00348393 -0.00109892 1.25894e-05 0.999999 0.000919829 0 0 0 1
###
-0.14527 0.0800175 0.219348 
-0.253035 -1.0654 -0.875329 
0.110529 -0.636008 0.496723 
1.75031 -3.58278 -1.64103 
-0.0889091 0.231109 -0.0839624 
-0.153924 0.0635645 0.183729 
-0.152325 -0.12313 0.422016 
-0.100426 -0.261343 -0.225589 
-0.248668 -1.02033 -0.582032 
-0.14338 -1.2161 -0.997578 
-0.122712 -0.389576 -0.138889 
0.114398 -0.153516 0.316815 
-0.157355 0.0624459 0.160612 
-0.0589065 -0.256969 -0.0215125 
-0.0349441 0.32353 0.182411 
0.104739 7.49875e-05 0.0158296 
0.235029 -0.156982 0.213046 
0.0578433 -0.29133 -0.1734 
0.102415 -0.818036 0.155966 
-0.157738 0.058595 0.162991 
-0.0705414 -0.629559 -0.356798 
0.297791 -0.32258 0.404106 
-0.133035 0.246865 -0.12242 
0.000156219 -0.304585 -0.239915 
1.54928 -1.47934 -0.239255 
0.0951009 -0.112132 0.27862 
-0.0753013 0.223268 -0.086678 
-0.10031 0.156977 -0.569063 
0.107474 -0.00883283 -0.527255 
-0.113503 -0.0368126 -0.0916361 
0.100519 -0.0221921 -0.511017 
0.136263 -0.709587 0.640151 
-0.0775766 0.189443 -0.0341184 
-0.0705237 0.217921 -0.0418645 
-0.12714 -0.115306 -0.199158 
0.110578 -0.0069201 -0.526027 
0.0338821 -0.306788 -0.158525 
-0.0144458 -0.63629 -0.0085411 
1.06414 -2.11449 -0.98458 
-0.136684 -0.1383 -0.394346 
-0.213751 -0.0229605 -0.1814 

-1.08634 -1.38364 0.0217253 
9.13417 -7.72416 4.17146 
-0.903116 -3.76743 2.53269 
10.1252 -8.9181 5.50736 
-0.996207 -3.12768 2.18592 
-0.892411 -1.21649 0.0475886 
-4.0445 -6.22899 0.198686 
-0.0652912 0.210962 0.294299 
1.77086 -1.54848 0.997049 
1.19798 -1.45837 0.477124 
-1.02615 -3.85762 2.34635 
-0.605866 -1.1004 1.46279 
-1.2204 -1.60823 0.0607364 
0.08712 -3.62718 1.9802 
-0.884309 0.37732 0.682288 
0.0163163 0.249392 0.285747 
-0.70535 -1.50735 1.41985 
1.03981 -1.38098 0.830128 
0.335431 -3.61633 1.83561 
-3.75057 -5.76099 0.161526 
2.37194 -3.89047 6.9676 
-0.942865 -1.96321 1.52025 
-0.984885 0.31191 0.490024 
1.18062 -1.3703 0.524472 
4.07223 -4.15834 5.98903 
-0.608157 -1.09164 1.4693 
0.00879282 0.258383 0.280662 
-0.176066 -0.272135 0.0844494 
1.95782 -0.0312186 0.415276 
0.328304 -3.634 1.84771 
-0.379887 0.333374 0.195832 
-0.972293 -3.13697 2.19061 
0.0264599 -0.110372 0.415076 
0.0201869 -0.0146905 0.374034 
-0.139297 0.111698 0.381492 
-0.541555 0.406555 0.594927 
1.00014 -1.48777 0.778276 
0.873289 -3.71197 1.40918 
10.2034 -9.41834 5.75574 
-0.0157869 0.295916 0.102882 
-1.22923 -2.26319 1.52657 
