0.603106 -0.490612 -0.628938 0.859594 0.247175 0.864614 -0.437432 0.186746 0.758398 0.10836 0.642721 0.245962 0 0 0 1
0.850978 -0.0470809 -0.523088 -0.00773459 0.0966255 0.993008 0.0678174 0.00804728 0.516237 -0.108255 0.849577 -0.00851529 0 0 0 1
###
1.00159 -1.44369 3.9984 
-0.907947 -1.43115 3.15043 
-0.0424196 -6.12293 12.9335 
1.37048 -6.69305 13.0411 
-1.4982 -1.19244 2.50586 
-0.721131 0.375419 0.478347 
-0.683962 0.368633 0.463504 
-0.0322512 0.015538 0.236545 
-1.48532 -1.15108 2.39475 
0.621697 -1.41354 1.62201 
2.76768 -1.46377 -0.337444 
-1.22092 0.845256 1.58301 
-0.571778 0.392191 0.497985 

0.713047 -0.693936 -0.241295 
-0.21044 -1.41693 1.79496 
0.26178 -0.234823 0.0294077 
0.0857326 -0.458536 0.62453 
0.228596 -0.206677 -0.0290634 
-0.0340719 0.0983188 0.184257 
-0.112763 0.305119 0.537265 
-0.217754 -0.0129012 0.316444 
-0.148381 -0.318415 0.359239 
0.101096 -0.222886 0.261626 
-0.217591 -0.0156053 0.316866 
0.0884589 0.113788 0.0807652 
0.104585 0.0478684 0.0963155 
