0.582719 -0.520379 -0.624215 0.954967 0.312905 0.85255 -0.418627 0.274752 0.750019 0.0486223 0.659627 0.263645 0 0 0 1
0.850978 -0.0470809 -0.523088 -0.00773459 0.0966255 0.993008 0.0678174 0.00804728 0.516237 -0.108255 0.849577 -0.00851529 0 0 0 1
###
0.576245 -3.32851 2.9153 
0.176673 -1.1063 1.85566 
-0.748829 0.14487 0.736275 
5.51128 -5.60457 2.30101 
0.997829 -1.10736 2.68413 
7.92565 -7.95945 1.38037 
0.495879 -1.48931 4.68901 
0.749048 0.479447 2.43245 
-0.468791 0.345527 0.395127 
0.589055 -0.797857 2.76909 
3.05406 -0.772309 -0.583509 
-0.350432 0.211083 2.5764 
-1.42771 -6.06601 10.2308 
1.31239 -0.811446 0.0490493 
-0.455771 0.215396 2.12258 
-0.34494 0.279075 0.879521 
3.11982 -0.774579 -0.599186 
-0.348552 0.287174 0.894471 
0.609158 0.472946 2.27635 
8.89187 -9.28853 5.05759 

0.322564 -0.366552 0.0643205 
0.197023 -0.376768 0.0650557 
0.0489655 -0.130653 0.16965 
0.228596 -0.206677 -0.0290634 
0.429031 -0.686074 -0.524126 
0.0735781 -0.385649 0.525844 
0.171377 -1.65229 2.15704 
0.0978594 0.113721 0.0338562 
-0.141106 0.384703 0.670018 
-0.148381 -0.318415 0.359239 
-0.233887 0.0288621 0.300561 
0.0150935 -0.0144919 -0.000312541 
-0.21829 -0.714544 0.886471 
-0.0588467 0.118681 0.214769 
0.121407 -0.041376 0.114802 
0.104927 0.110761 0.00738517 
-0.243675 0.0269745 0.308846 
0.102857 0.108524 0.00687939 
0.129691 0.0969833 -0.129583 
0.952529 -1.26182 0.238207 
