-0.454551 -0.422726 -0.78402 0.786562 0.0626369 0.862859 -0.501549 0.159201 0.888516 -0.277088 -0.365735 0.717586 0 0 0 1
0.991983 -0.124233 -0.0231395 0.0527102 0.124597 0.992094 0.0150258 -0.00839084 0.0210899 -0.0177884 0.999619 -0.0208216 0 0 0 1
###
1.05043 -1.399 0.803214 
0.0632372 -0.0270537 1.29826 
3.48868 -2.36676 1.90714 
2.37245 -2.04156 0.409619 
-1.95623 -10.8498 -5.76271 
1.13175 -1.27597 0.135214 
3.88454 -2.71105 0.978396 
0.949268 -3.85105 5.7831 
0.998154 -1.42545 0.272686 
1.72712 -1.94873 -0.184793 
0.0904823 0.111557 0.705654 
-0.334856 0.416699 0.458763 
0.196321 0.0318273 0.628783 
9.61312 -8.90606 5.5002 
1.42042 -3.60073 1.20852 
0.465675 0.847828 1.6778 
-0.117114 0.393507 0.567502 
0.38891 0.8233 1.67793 
-0.305316 0.435395 0.550546 

1.78417 -1.43044 0.319297 
0.732184 -0.612566 0.449231 
-0.477737 -0.471619 0.512343 
2.38924 -1.85787 0.836177 
0.907709 -0.811964 0.777547 
-0.907497 -0.801959 0.536163 
-1.77784 -1.74623 1.15267 
-1.34381 -1.37169 0.216971 
1.0357 -0.840294 0.198096 
-0.425521 0.167426 0.306301 
-0.0237706 0.319774 0.170704 
0.482053 0.402597 0.0921323 
-0.113659 0.320768 0.192535 
-0.196163 -0.628501 0.803701 
-0.34713 -1.20992 1.45146 
-0.11473 0.322507 0.193521 
-0.000749627 0.324183 0.175053 
0.163406 0.351027 0.19815 
0.429624 0.337246 0.0739467 
