0.590561 -0.476002 -0.651659 0.988112 0.283613 0.878425 -0.384621 0.245307 0.755514 0.0423233 0.653764 0.271974 0 0 0 1
0.850978 -0.0470809 -0.523088 -0.00773459 0.0966255 0.993008 0.0678174 0.00804728 0.516237 -0.108255 0.849577 -0.00851529 0 0 0 1
###
-1.04067 -1.09286 2.69451 
-0.528553 -1.41724 3.92578 
18.9332 -19.3363 4.76585 
-0.350273 0.21136 2.57713 
0.658781 -1.46049 1.65897 
-1.11442 -2.59138 5.02724 
0.478627 -1.47729 4.62969 
0.996622 -1.10647 2.68176 
-4.36926 -8.34231 10.1957 
-0.467583 0.346227 0.394697 
2.19724 -0.637568 -0.482301 
-3.97807 -7.50833 9.25755 
-0.287459 -1.04223 3.44995 
2.86433 -1.43283 -0.39094 
-0.238092 0.0476003 0.915739 
0.561855 -0.621711 3.23171 
-0.72192 0.375453 0.478176 
-0.253926 0.0487814 0.934495 
2.29427 -0.88201 -0.360698 
-0.355393 0.238963 2.60935 
1.52242 -0.40617 3.50613 
1.2798 0.580693 3.09186 
0.870975 0.520716 2.5847 

0.281049 -0.47016 0.546402 
0.711298 -0.692326 -0.240758 
-0.109596 -0.475718 0.599436 
-0.266053 -0.432805 0.417579 
0.101096 -0.222886 0.261626 
0.0602759 -0.513154 -0.245759 
0.00321893 -0.224375 0.27823 
0.43013 -0.688031 -0.525567 
-0.21044 -1.41693 1.79496 
0.10299 0.0338655 0.129108 
0.0862189 0.116306 0.07878 
-0.173214 -1.35647 1.68468 
0.254611 -0.31424 0.227708 
-0.217491 -0.0450177 0.321161 
-0.15203 -0.0139104 0.335006 
0.121329 -0.066813 0.121003 
-0.0467991 0.0962899 0.178024 
0.114925 0.124105 0.0163945 
-0.207153 -0.00555293 0.299036 
0.121208 -0.0514335 0.117835 
0.12141 -0.0413758 0.114802 
0.0985297 0.111853 0.0207246 
0.129698 0.0969942 -0.129601 
