-0.177941 -0.466304 -0.866543 0.0166832 0.0428598 0.876089 -0.480241 -0.223313 0.983107 -0.122595 -0.135906 0.177545 0 0 0 1
0.999936 -0.0112997 0.00110456 0.00770842 0.0112997 0.999936 -1.38726e-05 0.0034881 -0.00110433 2.6353e-05 0.999999 0.000917248 0 0 0 1
###
-0.253035 -1.0654 -0.875329 
1.78782 -2.40774 -0.567568 
-0.327373 -4.62568 -1.97198 
1.87657 -2.31831 0.805238 
0.110529 -0.636008 0.496723 
-0.0455663 0.292457 0.0576006 
-9.76034e-05 -0.305759 -0.237643 
-0.050275 0.289982 0.055236 
1.65154 -1.47893 0.298262 
-0.166394 0.239344 -0.43867 
2.31276 -1.81647 0.829493 
0.684352 -4.80661 8.71123 
-0.147791 0.124067 0.0892126 
-0.122712 -0.389576 -0.138889 
0.0324514 -0.296196 -0.157393 
0.421244 -0.433627 0.480383 
-0.043085 0.321959 0.178571 
2.38924 -1.85787 0.836177 
0.736837 -0.49499 0.305572 
-0.0753013 0.223268 -0.0866779 
0.000156167 -0.304585 -0.239915 
0.26317 -0.264379 0.348506 
-0.145392 0.13572 -0.0735202 
0.157476 -1.00458 0.291952 
0.702834 -0.4671 0.402683 
2.28123 -2.75251 1.01223 
0.0951009 -0.112132 0.27862 
0.136263 -0.709587 0.640151 
2.1933 -1.65985 0.901477 
-0.0462047 0.180537 -0.0409452 
-0.100305 -0.261576 -0.0220851 
0.0644966 -0.92074 -0.0572438 
-0.123008 -0.407913 -0.114699 
1.06414 -2.11449 -0.98458 

0.894723 -1.07174 0.096442 
5.64229 -5.90104 6.09339 
0.187149 -0.00032028 0.181398 
2.2556 -8.43053 9.85175 
-0.903124 -3.76745 2.53271 
-1.23124 -0.771313 0.20949 
0.0256173 0.278963 0.210453 
-0.537742 0.411201 0.599778 
2.50124 -4.25468 7.06557 
-0.984885 0.31191 0.490022 
1.32184 -4.07107 7.38458 
-4.04446 -6.22894 0.198707 
-3.75053 -5.76096 0.161532 
-1.02611 -3.85742 2.34625 
1.00342 -1.49216 0.780097 
4.07251 -4.15868 5.98944 
-0.884306 0.37732 0.682285 
1.41567 -4.08789 7.55001 
3.69089 -2.73068 3.39318 
0.00879264 0.258383 0.280662 
1.18026 -1.3699 0.524344 
-0.140466 -2.61693 4.50104 
0.328282 -3.63382 1.84763 
0.0778207 -3.64043 1.99526 
-11.7746 -31.0885 33.8888 
2.04158 -7.95399 9.36517 
-0.608153 -1.09162 1.46929 
-0.972277 -3.1369 2.19057 
-0.643556 -1.79299 2.1787 
-0.139297 0.111698 0.381492 
0.33543 -3.61639 1.83563 
0.624744 -3.66118 1.7045 
-1.03047 -4.41691 2.47155 
10.1998 -9.41422 5.75387 
