-0.427624 -0.508838 -0.747142 0.785698 -0.0077746 0.828564 -0.55984 0.191954 0.903923 -0.233592 -0.35827 0.71413 0 0 0 1
0.991983 -0.124232 -0.0231395 0.0527102 0.124597 0.992094 0.0150258 -0.00839083 0.0210899 -0.0177884 0.999619 -0.0208216 0 0 0 1
###
1.0491 -1.39803 0.803294 
0.624999 -1.04247 2.43443 
3.48197 -2.36607 1.90396 
1.23014 -0.716372 1.31954 
-0.115944 -1.13334 -2.56398 
5.74028 -6.8115 6.31935 
0.389623 -3.90217 -5.28173 
-0.28823 0.411117 0.457547 
0.00247237 -1.76258 -2.26364 
1.24516 -1.06787 1.18102 
1.99393 -1.68882 0.469626 
0.677027 -1.08694 2.48941 
-0.282981 0.507075 0.795938 
1.77474 -1.98646 -0.1978 
-0.22464 0.548771 0.927909 
-0.264785 0.522289 0.847094 
0.350453 0.832699 1.71864 
2.25665 -0.871398 0.468865 

1.78417 -1.43044 0.319297 
0.383657 -0.372797 0.412022 
-0.34713 -1.20992 1.45146 
-2.63251 -2.6955 1.61406 
-0.0630767 0.299016 0.0884891 
-1.55428 -1.5127 0.794806 
0.115216 0.0156995 0.279709 
0.401966 0.36158 0.123825 
-0.494629 -0.160323 0.404077 
-0.697276 -1.0951 1.17804 
2.38924 -1.85787 0.836177 
1.30729 -1.05865 0.915484 
-0.0761526 0.302303 0.115814 
0.397938 0.366372 0.123217 
-0.0457679 0.321473 0.178084 
0.121087 0.0777218 0.255929 
-0.116329 0.317482 0.189424 
-0.0130743 0.326475 0.185836 
