-0.200463 -0.455273 -0.867491 0.0412797 0.0788197 0.8751 -0.477481 -0.207393 0.976526 -0.164093 -0.139541 0.183953 0 0 0 1
0.99983 -0.0179473 -0.00430762 0.0210697 0.0179919 0.999782 0.0105531 0.0140246 0.00411728 -0.0106288 0.999935 0.00170239 0 0 0 1
###
-0.150209 0.213055 0.00629038 
0.101688 0.0787913 0.246905 
-0.00289336 -0.161315 -0.140024 
-0.253035 -1.0654 -0.875329 
-0.0441503 0.228733 -0.0338552 
1.75342 -2.46981 -0.717233 
-0.0226988 -0.243058 -0.223302 
3.71852 -2.93027 1.94927 
-0.0824781 -0.862789 -0.207594 
-0.0555159 0.287209 0.0500533 
-0.00782624 0.300578 0.0377747 
0.101447 -0.860291 0.138629 
0.1059 -0.12436 0.292919 
0.0324513 -0.296196 -0.157393 
0.0150995 0.0763332 0.0701841 
0.169543 -0.787874 0.624568 
-0.127141 0.0728077 -0.0463341 
-0.187708 -0.421331 -0.407968 
0.000155921 -0.304585 -0.239915 
0.206815 -0.176645 0.259879 
0.648493 -0.504413 0.4695 
0.259154 -0.0232605 0.44143 
0.146002 -0.723983 0.641186 
-0.0298846 0.318799 -0.175444 
0.0920717 -0.88384 0.07489 
0.142825 -0.903715 0.263728 
0.0222189 -0.268438 -0.268806 
2.28123 -2.75251 1.01223 
-0.0595659 0.308218 0.144145 
-0.0169264 0.316631 0.159843 
2.8866 -2.23491 0.979506 
-0.0883499 0.263489 -0.0248533 
0.0977733 -0.0267628 -0.519402 
-0.0994765 -0.0905365 -0.0708857 

-1.08641 -1.38375 0.0217224 
-0.716078 -0.403897 1.31972 
1.04394 -1.38959 0.823979 
8.88729 -7.51978 4.07039 
-0.102402 0.0532411 0.388761 
6.03599 -5.9874 5.86196 
0.0256173 0.278963 0.210453 
0.0593164 -1.43466 2.8439 
-1.02611 -3.85742 2.34625 
-0.537742 0.411201 0.599778 
0.134912 0.0928555 0.193593 
0.0871043 -3.62725 1.98023 
-0.605796 -1.10024 1.46259 
1.0034 -1.49216 0.780098 
-0.140466 -2.61693 4.50104 
10.1276 -9.34947 5.71508 
0.0856406 -1.48931 0.793597 
4.07256 -4.15874 5.98951 
1.17844 -1.36798 0.52373 
-0.840772 -1.75007 1.52571 
-0.643556 -1.79299 2.1787 
-0.708048 -0.394466 1.29361 
-0.972277 -3.1369 2.19057 
0.143398 0.151016 0.164867 
0.329687 -3.64517 1.85339 
0.488014 -3.50615 1.70896 
2.3011 -2.13333 0.848877 
2.0439 -7.96165 9.37386 
-1.00124 0.312995 0.494605 
-0.884306 0.37732 0.682285 
2.37166 -3.88995 6.96684 
2.13979 -8.04054 9.04372 
-0.132811 0.102038 0.365704 
-0.232802 -3.78745 2.23686 
