0.567237 -0.389727 -0.725504 0.997354 0.214748 0.92046 -0.326552 0.151539 0.795063 0.0294314 0.605812 0.273473 0 0 0 1
0.850978 -0.0470809 -0.523088 -0.00773459 0.0966255 0.993008 0.0678174 0.00804728 0.516237 -0.108255 0.849577 -0.00851529 0 0 0 1
###
0.405692 -1.41804 0.221802 
2.39267 -5.07035 12.6402 
0.543913 -1.56464 4.82607 
2.34892 -0.67983 -0.525258 
0.997597 -1.10681 2.68349 
2.40997 -3.1068 0.417163 
1.3459 -6.59709 12.858 
-0.281568 -0.495659 1.78915 
2.50855 -2.36676 -0.658319 
-0.328805 0.273063 0.884347 
3.95211 -3.2687 -1.20213 
0.762696 0.493427 2.45479 
3.64125 -3.03924 -1.0896 
2.55574 -0.976628 -0.428223 
1.4893 -0.395556 3.4608 
0.711013 0.49225 2.4016 
-1.10238 0.875592 1.6416 
3.93452 -3.2452 -1.19709 
0.148829 -0.445361 1.01613 

0.0857134 -0.458411 0.624364 
-0.403034 -1.27108 1.54947 
0.222125 -1.55062 2.02573 
-0.0467991 0.0962899 0.178024 
0.391566 -0.620006 -0.480598 
0.711298 -0.692326 -0.240758 
0.284993 -1.86906 2.53608 
0.352744 -0.538329 0.557308 
-0.17582 -0.0494996 0.264862 
0.103091 0.111327 0.0128309 
-0.0405237 0.110818 0.206594 
-0.0474373 0.0964615 0.177911 
-1.7037 -0.360177 4.17455 
-0.207153 -0.00555293 0.299036 
0.10052 0.112204 0.0200402 
0.129698 0.0969942 -0.129601 
0.1139 0.092673 -0.162668 
-0.22695 0.0384095 0.317138 
0.43013 -0.688031 -0.525567 
