-0.461158 -0.351094 -0.814903 0.790807 0.034245 0.910662 -0.41173 0.0438288 0.886657 -0.217779 -0.407936 0.667764 0 0 0 1
0.991983 -0.124233 -0.0231395 0.0527102 0.124597 0.992094 0.0150258 -0.00839084 0.0210899 -0.0177884 0.999619 -0.0208216 0 0 0 1
###
1.64849 -1.82439 -0.177606 
1.60836 -1.40253 1.25745 
3.66322 -2.50095 1.95756 
3.71332 -2.66645 0.787459 
-0.288987 0.411075 0.46337 
-0.739641 -4.36946 -1.76544 
-0.292353 0.0286682 0.736351 
0.499885 0.548875 0.47819 
-0.213124 0.491728 0.701639 
-0.0209866 -1.28513 -3.13492 
9.51308 -8.81503 5.44674 
-0.292602 0.0462433 0.745702 
-0.334696 0.416127 0.474819 
-0.150843 0.544074 0.869904 
1.39292 -1.57024 -0.0136279 
2.02934 -0.0477848 0.411033 
0.999068 0.833279 1.35674 
2.54918 -1.30211 1.09729 
1.40685 0.822573 1.07935 
-0.305618 0.433913 0.559043 
1.62672 -1.79902 -0.147738 
-0.636575 -1.68373 -2.4235 
-0.316117 -0.0774963 0.692268 
0.756253 -1.59804 0.380003 
-0.057256 0.53757 0.788592 

-0.210305 -0.660839 0.908556 
-2.39123 -2.60797 2.45002 
0.714924 -0.574689 0.443776 
0.257276 -0.207987 0.172037 
0.401966 0.36158 0.123825 
-1.33476 -1.36019 0.594198 
-0.352616 -0.372358 0.339184 
-0.171679 -0.138774 0.356804 
0.252325 -0.942453 0.981029 
-0.256736 0.0538407 0.320801 
-0.219461 -0.755822 0.938842 
-0.486152 -0.474911 0.463776 
0.482053 0.402597 0.0921323 
-0.15242 0.226467 0.223496 
-0.113659 0.320768 0.192535 
-0.00373366 0.323237 0.175341 
0.119659 0.337824 0.192163 
-0.0550929 0.321874 0.179121 
0.227984 0.340525 0.176473 
-0.046125 0.320104 0.178325 
0.397938 0.366372 0.123217 
0.428271 0.338349 0.12242 
-1.65656 -1.96463 1.76808 
-0.325444 -0.795985 0.854208 
-0.0822429 0.316671 0.178222 
