-0.411877 -0.335548 -0.84721 0.824667 0.0301683 0.924203 -0.380709 0.00301651 0.91074 -0.182364 -0.370535 0.583466 0 0 0 1
0.991983 -0.124233 -0.0231395 0.0527102 0.124597 0.992094 0.0150258 -0.00839084 0.0210899 -0.0177884 0.999619 -0.0208216 0 0 0 1
###
0.149928 -0.326653 1.95479 
3.73394 -2.53896 1.96859 
3.7581 -2.68192 0.793316 
1.12774 -1.64581 0.215883 
3.11718 -2.18763 0.77784 
1.64285 -1.81552 2.64758 
1.98174 -1.67775 0.469865 
0.140305 -0.568377 1.87141 
0.184646 -0.0869818 0.69926 
0.16011 -0.624936 1.92925 
9.50308 -8.80495 5.44055 
1.6922 -1.91644 -0.176217 
0.142556 -0.595918 1.89589 
0.303732 0.293075 0.535757 
1.62981 -1.81032 -0.146753 
-0.103942 0.416613 0.592584 
2.5213 -1.23163 1.08656 
2.24212 -0.865801 0.466145 
-0.509984 -3.40288 -1.23726 
-0.203532 0.48757 0.678754 

1.02535 -0.703547 0.0699783 
-0.477737 -0.471619 0.512343 
0.706421 -0.582144 0.479748 
1.78417 -1.43044 0.319297 
0.257276 -0.207987 0.172037 
0.732184 -0.612566 0.449231 
2.38924 -1.85787 0.836177 
-1.34381 -1.37169 0.216971 
-0.237833 -0.0306956 0.340037 
-1.98641 -2.03297 0.39906 
-0.219461 -0.755822 0.938842 
-0.00373366 0.323237 0.175341 
-2.65774 -2.63009 0.703629 
-0.0190392 0.323457 0.181518 
-0.0550929 0.321874 0.179121 
-0.0228444 0.322974 0.172481 
-0.234174 -0.052216 0.344469 
0.427207 0.336508 0.07385 
3.37453 -3.0184 0.582806 
-0.0822429 0.316671 0.178222 
