0.656364 -0.325603 -0.680565 1.02115 0.156052 0.94116 -0.299776 0.0658941 0.738129 0.0905589 0.668554 0.0779333 0 0 0 1
0.850978 -0.0470809 -0.523088 -0.00773459 0.0966255 0.993008 0.0678174 0.00804728 0.516237 -0.108255 0.849577 -0.00851529 0 0 0 1
###
-0.38324 -0.103157 0.729212 
0.67989 -1.7485 5.31444 
4.66657 -3.88134 9.41713 
-1.56369 -1.0195 1.97452 
0.401705 -1.28675 2.18268 
7.46313 -10.7477 -1.56995 
-1.28457 -0.585118 1.52824 
-1.16666 -0.553084 1.37603 
-1.17142 -0.517908 1.39621 
3.37761 -5.47833 -0.503882 
-0.613964 0.473127 0.673642 
2.08125 -5.04059 10.8901 
2.6142 -2.16944 -0.594436 
0.621345 -1.41648 1.62556 
-0.153118 -0.703624 1.30104 
2.43774 -1.82622 -0.625133 
-0.457906 0.410544 0.587789 
2.28944 -3.46277 4.11375 
1.32507 -2.91305 -0.214237 
-0.500915 0.419605 0.57786 
0.763428 -0.747344 3.7559 
2.0674 -1.25103 -0.759789 
-0.752285 0.498045 0.761625 

0.172729 -1.66563 2.17411 
-0.109707 -0.47605 0.59982 
0.0489554 -0.130627 0.169613 
0.092753 0.112842 0.0439665 
0.190092 -0.363555 0.066686 
0.180618 -0.169966 0.115947 
0.0886644 0.114488 0.0609822 
0.0891779 0.0700815 -0.124511 
0.0120572 -0.0453086 0.0443341 
0.419517 -0.760418 0.898242 
-0.0334457 0.102188 0.189602 
-0.5085 -2.00876 2.45441 
-0.233887 0.0288621 0.300561 
0.248763 -0.34225 0.068034 
0.244999 -0.302488 0.221456 
0.136244 -0.0156654 -0.00228492 
0.0872439 0.0451906 0.210203 
-0.295514 -0.44575 0.205603 
0.18744 -0.389115 0.513124 
0.219267 -1.30124 -0.623143 
0.0144565 -0.0135563 0.000244039 
-0.141611 -0.0097672 0.335261 
-0.0474373 0.0964615 0.177911 
