-0.39379 -0.331767 -0.85724 0.831267 0.0659575 0.91999 -0.386352 0.0104308 0.916831 -0.208683 -0.340401 0.524192 0 0 0 1
0.991983 -0.124233 -0.0231395 0.0527102 0.124597 0.992094 0.0150258 -0.00839086 0.0210898 -0.0177884 0.999619 -0.0208216 0 0 0 1
###
-0.0486219 0.153059 1.10387 
1.89832 -1.62286 0.486581 
1.17968 -17.0293 -10.5181 
-1.79066 -15.4324 -8.19652 
0.102048 -0.0616682 1.27248 
9.91941 -9.23563 5.77852 
0.256504 -0.84799 2.31245 
3.18093 -2.24585 0.785915 
-1.15774 -4.44308 -1.80085 
0.277215 -1.00709 2.32342 
-0.496472 -1.61684 -1.28365 
-0.468028 -2.81782 -0.930787 
0.0691326 -0.361917 1.66276 
-0.670778 -2.64767 -2.45876 
-0.451852 -0.995098 0.176467 
2.07804 -4.19834 0.439387 
2.06115 -0.0524792 0.40588 
-0.670267 -2.65021 -2.46359 
-0.518198 -3.39488 -1.25105 
0.997482 0.833396 1.3562 
-0.0287417 0.460139 0.689181 
3.64267 -2.6465 0.831524 
-0.495902 -3.1955 -1.11918 
0.227273 -3.7707 1.76867 
2.0976 -3.64003 0.900526 

0.117346 -0.159854 0.213546 
2.38924 -1.85787 0.836177 
0.298351 -0.549129 0.0807483 
1.1363 -1.01847 1.07951 
0.714924 -0.574689 0.443776 
-0.477737 -0.471619 0.512343 
-1.34381 -1.37169 0.216971 
-1.77784 -1.74623 1.15267 
-2.5948 -2.87128 2.64798 
-6.99131 -6.54363 1.19382 
-0.0717439 0.301407 0.110946 
-0.697276 -1.0951 1.17804 
-1.98641 -2.03297 0.39906 
-0.0630767 0.299016 0.0884891 
-1.87977 -2.23629 2.01348 
-0.249566 -0.764265 0.887156 
0.0224919 0.362249 0.192444 
-0.00879986 0.298588 0.0755021 
-6.75909 -6.96872 2.63806 
0.119659 0.337824 0.192163 
0.137322 -0.822046 0.519268 
-2.37757 -2.41599 0.830058 
3.37453 -3.0184 0.582806 
0.13069 -0.870887 0.449472 
2.95307 -2.62959 0.487822 
