-0.937733 -0.343193 -0.0536299 0.0373848 -0.309054 0.894803 -0.322201 -0.0668614 0.158565 -0.285564 -0.945151 0.0608157 0 0 0 1
1 0 0 0 0 1 0 0 0 0 1 0 0 0 0 1
###
-0.0885852 -0.134043 -0.0274137 
0.00576243 0.0902176 0.00364278 
-0.240472 -0.299963 -0.10143 
0.0144884 0.102546 0.0175186 
0.0545222 0.104509 0.0011976 
0.135325 0.0014767 -0.01001 
0.0879266 0.106646 0.0191987 
-0.382342 -1.15349 -0.577267 
0.00821952 0.0970735 0.00945081 
-0.0200211 0.0856057 0.00118973 
-0.159114 -0.280969 -0.00848452 
0.27726 -0.688988 -0.526173 
-0.108845 -0.310075 0.0331511 
-0.289816 -0.267003 -0.00754539 
1.81562 -2.64714 -1.89537 
0.439496 -0.702028 -0.523674 
-0.0308375 -0.0204497 0.0331215 
-0.165912 -0.167887 -0.0623617 
-0.00769784 0.0947363 0.0146461 
0.042627 0.103825 -0.00123386 
-0.00900754 0.0569205 -0.00495638 
-0.0028148 0.0965329 0.0152644 
-0.0351714 0.0942021 0.0121964 
-0.0133987 0.0921549 0.00758789 
0.0157954 0.0932047 0.00691371 
0.00753599 0.0898925 0.00361276 
0.13166 0.0972176 -0.134249 
0.0637198 0.106504 0.00219075 
0.00329583 0.0702642 0.00792576 
-0.0549973 -0.143957 -0.0318336 
-0.0883564 -0.435731 -0.00723221 
0.001729 0.0893325 0.00610703 
-0.0251464 0.0619274 0.00140902 
0.141545 -0.298622 -0.245804 
-0.489035 -1.0855 -0.53944 
0.0031072 0.0704367 0.00808568 
0.0641394 0.10658 0.00229706 
0.10561 0.112128 0.0191998 
-0.00475835 0.0934425 0.0111716 
-0.0149898 0.0803912 -6.65915e-05 
-0.00197779 0.0528321 0.00176054 
-0.138094 0.0810621 -0.0276529 
-0.0521985 -0.139675 -0.0299979 
-0.0539604 -0.415895 -0.00105794 
-0.0885735 -0.130437 -0.0276727 
0.104089 0.111156 0.0124503 
0.430401 -0.688361 -0.525827 
-0.144848 -0.537454 -0.408912 
-0.0183994 0.0740128 -0.000204255 
0.00744151 0.0843187 0.00272558 
0.227172 -0.250424 0.0890341 
-0.205628 0.0674962 -0.133161 
-0.198839 0.0300502 -0.017438 
0.0638524 0.106633 0.00275522 
-0.205964 -0.191241 0.0245912 
-0.449447 -1.32445 -0.66434 
0.280553 -0.684632 -0.522218 
0.190433 -0.177718 -0.133342 
0.135945 0.00134971 -0.00950583 
-0.199078 0.0255668 -0.0578068 
-0.0543001 -0.136277 -0.0427925 
0.109943 0.0509578 -0.166518 
0.0165602 0.104297 0.0199668 

0.634891 -1.16095 2.11715 
-0.140702 0.25462 0.418593 
1.68099 -1.76695 4.35115 
-0.163243 0.269342 0.234759 
0.633937 0.483396 0.549842 
-1.17329 -0.737153 0.50636 
2.7919 -2.09739 4.04189 
0.883159 -1.1306 1.78939 
-0.140793 0.2666 0.322359 
0.0540048 0.300789 0.546361 
1.04438 -1.56308 2.16368 
0.0402825 -1.40752 3.88706 
9.39515 -8.32037 6.75725 
4.2229 -3.1544 5.72084 
-2.69476 -2.24276 2.95324 
-2.47598 -2.10828 2.90531 
0.615365 -1.44625 1.61783 
0.958123 -1.01403 2.52171 
0.00551159 0.282516 0.365713 
-0.605553 0.210612 0.0167679 
-0.0429288 0.0736046 0.688843 
-0.0297292 0.281912 0.336986 
0.219826 0.370216 0.48748 
0.0229344 0.29528 0.437055 
0.652154 -1.17666 2.17492 
-0.156638 0.248597 0.418226 
-1.8168 0.519689 0.971768 
0.0935005 0.222754 0.0438734 
-0.0923605 0.0930708 0.492485 
0.330603 -1.27976 2.01497 
-1.11817 -4.43809 2.20446 
-0.109341 0.256225 0.430285 
0.894815 0.414105 0.374815 
-4.09266 -4.29543 6.85455 
2.57443 -4.99451 12.7445 
-0.0920103 0.0936274 0.492232 
-0.630257 0.225738 0.161656 
0.21563 0.365635 0.485879 
-0.0735619 0.316358 0.263143 
0.0131138 0.249852 0.556536 
-0.0689884 -0.00512524 0.641138 
1.33477 1.00764 1.75242 
-5.26189 -8.5177 8.33921 
-0.656422 -3.51836 1.99352 
4.03749 -2.87909 5.07815 
0.73694 0.444743 0.464055 
1.1137 -1.54375 2.37742 
1.20105 -1.39604 2.18482 
0.042438 0.213882 0.607885 
-0.153598 0.208608 0.445753 
-1.7493 -1.73167 1.70282 
0.980876 1.22313 2.24943 
1.42118 0.433829 1.58778 
-0.582365 0.247324 0.215378 
-2.63628 -3.97382 8.38673 
1.6079 -7.16571 14.0515 
-4.27963 -4.52986 7.21746 
-1.65225 -1.62704 1.59326 
-1.15717 -0.715617 0.496854 
1.25202 0.555326 1.8873 
0.276946 -1.16746 2.05604 
-1.68667 0.333343 1.45427 
-0.581958 0.249622 0.222042 
