0.635722 -0.336457 -0.694733 1.02179 0.142426 0.935683 -0.32282 0.0783366 0.758665 0.106276 0.642754 0.144623 0 0 0 1
0.850978 -0.0470809 -0.523088 -0.00773459 0.0966255 0.993008 0.0678174 0.00804728 0.516237 -0.108255 0.849577 -0.00851529 0 0 0 1
###
1.6752 -2.31314 0.538015 
0.659691 -1.73819 5.24284 
4.68885 -3.82412 9.45046 
0.998608 -1.10677 2.68505 
4.80073 -5.60429 0.33989 
-1.08842 -2.54368 4.95329 
1.3743 -6.70743 13.0717 
-0.369108 0.354509 0.731344 
-1.26205 -0.691786 1.5739 
1.58882 -7.09002 13.9077 
2.07083 -5.01847 10.8413 
2.82701 -1.49339 -0.345086 
-0.8457 0.494826 0.759831 
1.03095 -0.484942 2.98387 
0.351139 -0.450872 2.85521 
-0.457945 0.410401 0.587668 
2.88942 -1.0998 -0.522187 
0.653148 -0.70742 3.46276 
1.23081 -0.327569 3.14217 
-0.24258 -0.0116963 2.66796 

0.0489554 -0.130627 0.169613 
0.0153952 -0.0165313 -0.00123649 
0.711298 -0.692326 -0.240758 
0.43013 -0.688031 -0.525567 
0.28246 -0.266523 0.181644 
0.281067 -0.470178 0.546422 
0.0857134 -0.458411 0.624364 
0.301176 -0.360519 0.0649382 
-0.215429 -0.0173012 0.297852 
0.172729 -1.66563 2.17411 
0.232151 -1.24518 -0.61567 
-0.260074 -0.0684263 0.387338 
-0.233887 0.0288621 0.300561 
0.122438 -0.0684312 0.122022 
0.0973797 0.114216 0.0336957 
0.0872439 0.0451906 0.210203 
-0.207153 -0.00555293 0.299036 
0.102232 0.110749 0.0134761 
0.0961935 0.111844 0.0367288 
-1.7037 -0.360177 4.17455 
