-0.382602 -0.318887 -0.867137 0.831912 0.117972 0.914004 -0.388174 0.0151478 0.916351 -0.250814 -0.31208 0.468356 0 0 0 1
0.991983 -0.124233 -0.0231395 0.0527102 0.124597 0.992094 0.0150258 -0.00839086 0.0210898 -0.0177884 0.999619 -0.0208216 0 0 0 1
###
3.72013 -11.5861 -5.60465 
2.48958 -1.66687 0.874713 
1.90618 -1.62637 0.484449 
0.806985 -3.484 5.30519 
1.57475 -0.489143 0.589919 
-0.63387 -2.55122 -2.35094 
-0.26151 -0.308994 0.64022 
3.29554 -2.30333 2.17644 
1.70391 -0.54829 0.566266 
0.920035 0.853298 1.44732 
-0.672147 -2.69811 -2.52528 
2.05217 -0.0511821 0.408754 
0.252367 0.299957 0.57495 
9.57824 -8.86929 5.47795 
-1.00083 -2.41322 -0.3873 
-0.522707 -3.613 -1.3635 
1.03984 0.822386 1.3085 
1.07849 -2.72899 1.14144 
-0.880515 -3.02333 -1.03071 
-0.89985 -3.12117 -1.08598 
2.1646 -3.74594 0.899835 
2.1021 0.269097 0.164929 
-1.24767 -5.03575 -1.91452 
0.34535 0.612699 0.846685 

0.383657 -0.372797 0.412022 
0.257276 -0.207987 0.172037 
2.38924 -1.85787 0.836177 
-0.153139 0.317219 0.19556 
-0.228174 -0.085482 0.352108 
0.112609 0.00763144 0.276824 
0.916244 -1.31864 0.106997 
0.124482 -0.191427 0.30474 
-0.247844 -0.0468637 0.36514 
0.227984 0.340525 0.176473 
-0.0630767 0.299016 0.0884891 
-0.608082 0.31382 0.32362 
-0.0190392 0.323457 0.181518 
-0.219461 -0.755822 0.938842 
1.43255 -1.96656 0.205608 
-6.75909 -6.96872 2.63806 
0.216569 0.338921 0.174225 
-0.34713 -1.20992 1.45146 
2.31276 -1.81647 0.829493 
-2.50136 -2.56319 0.34692 
2.95307 -2.62959 0.487822 
-0.0150058 0.24234 0.131912 
-1.65656 -1.96463 1.76808 
-0.172638 0.0984154 0.287567 
