0.665203 -0.312306 -0.678211 1.01761 0.178413 0.948495 -0.261776 0.0493132 0.725034 0.0531328 0.686661 0.0247327 0 0 0 1
0.850978 -0.0470809 -0.523088 -0.00773459 0.0966255 0.993008 0.0678174 0.00804728 0.516237 -0.108255 0.849577 -0.00851529 0 0 0 1
###
-1.51648 -0.936873 1.88049 
14.483 -14.2214 2.20474 
3.30798 -3.63406 1.64549 
0.752639 0.479528 2.44733 
0.305608 -1.85721 5.36622 
1.53191 -3.00737 5.94202 
0.999706 -1.10611 2.68635 
-0.275057 0.194716 0.532796 
-0.247263 0.189718 0.526254 
2.525 -2.37259 -0.663995 
1.79947 -1.46408 2.40173 
3.58761 -5.77464 -0.546439 
1.46173 -2.87282 -0.0953895 
-0.205694 0.181511 0.515489 
1.40832 -6.83061 13.322 
0.602029 -1.0647 2.02156 
-0.119788 -0.326875 1.21912 
-0.129316 -1.59994 4.70602 
0.255609 -2.2586 -0.117784 
-0.752071 0.50603 0.765073 
4.18218 -3.17202 4.03318 
3.1528 -4.02667 9.00638 
2.67081 -6.46736 -1.39566 
-0.138675 -1.22701 0.221653 
-0.379274 -0.265513 0.553741 
-0.137315 -1.2343 0.220486 
0.382826 0.443841 2.0157 
-0.621332 0.470114 0.676195 
2.52217 -4.10648 -0.0967431 

0.0886644 0.114488 0.0609822 
-0.452683 -0.670084 0.57376 
0.228681 -0.206773 -0.0290866 
0.0150071 -0.0141612 -7.28761e-05 
-0.212415 -1.43029 1.81135 
-0.504375 -0.83395 0.622463 
0.18744 -0.389115 0.513124 
0.104584 0.0478684 0.0963151 
-0.0359539 0.106965 0.198132 
-1.7037 -0.360177 4.17455 
0.0855818 0.0679427 0.196497 
-0.137879 -0.551839 0.67402 
0.0857134 -0.458411 0.624364 
-0.112763 0.305119 0.537265 
0.00321893 -0.224375 0.27823 
0.0865599 0.0684901 0.196977 
0.316754 -0.337265 0.299429 
-0.10967 -0.211499 0.217531 
0.0756419 -1.51065 -0.60213 
0.0531931 -0.0946923 -0.0948201 
0.0150935 -0.0144919 -0.000312541 
0.261014 -0.293352 0.217377 
0.061491 -0.229032 -0.111583 
0.0420485 -0.0981295 0.116447 
0.101096 -0.222886 0.261626 
0.0151257 -0.0158233 -0.00102642 
0.129698 0.0969942 -0.129601 
0.0793453 -0.0561708 0.285214 
0.0495916 -0.083304 -0.0560336 
