-0.377847 -0.315776 -0.870355 0.830284 0.171774 0.899813 -0.401036 0.0282373 0.909794 -0.301034 -0.285749 0.406752 0 0 0 1
0.991983 -0.124233 -0.0231395 0.0527102 0.124597 0.992094 0.0150258 -0.00839087 0.0210898 -0.0177884 0.999619 -0.0208216 0 0 0 1
###
-1.0043 -2.43462 -0.409164 
-0.173843 -1.24885 -0.133207 
-1.84888 -15.8768 -8.43232 
0.526363 -1.54802 4.05122 
0.798434 -3.46305 5.27272 
-0.587874 -1.00106 0.252561 
0.611699 -2.29265 3.89589 
3.50375 -2.45118 2.25618 
1.76727 -0.581897 0.553136 
-0.876875 -1.97084 -0.184377 
6.10898 -7.2184 6.67785 
1.27865 -5.08392 6.3066 
6.10241 -6.53009 6.01574 
10.1439 -9.43125 5.88441 
-0.531086 -3.60957 -1.37758 
1.41792 0.825633 1.08268 
2.16245 -8.25793 9.36073 
1.35942 -4.97409 6.94029 
0.149463 -0.128441 0.513171 
0.313979 0.283782 0.529106 
1.05197 0.824719 1.31608 

-0.046125 0.320104 0.178324 
1.1363 -1.01847 1.07951 
-0.458791 -0.784283 0.79994 
0.0832403 -0.556564 0.71848 
-1.34381 -1.37169 0.216971 
0.916244 -1.31864 0.106997 
-1.3055 -1.27702 0.22788 
0.124482 -0.191427 0.30474 
-0.247844 -0.0468637 0.36514 
2.95307 -2.62959 0.487822 
0.714924 -0.574689 0.443776 
0.38878 -0.53173 0.210301 
-2.63251 -2.6955 1.61406 
-0.196163 -0.628501 0.803701 
-1.65656 -1.96463 1.76808 
0.216208 0.339035 0.175491 
2.20577 -2.8564 0.968294 
-2.50136 -2.56319 0.34692 
-2.07411 -1.91051 0.305893 
-0.24919 0.0558757 0.313135 
-0.750565 0.35255 0.37644 
