-0.191379 -0.480508 -0.855854 0.0799249 0.0305511 0.868633 -0.494513 -0.207798 0.981041 -0.120787 -0.151558 0.1733 0 0 0 1
0.999935 -0.0113231 0.00115155 0.00770292 0.0113232 0.999936 -0.000108652 0.0035294 -0.00115025 0.000121684 0.999999 0.000914207 0 0 0 1
###
-0.0130743 0.326475 0.185836 
1.78782 -2.40774 -0.567568 
-0.050275 0.289982 0.055236 
-0.00289335 -0.161315 -0.140024 
0.0299439 -1.12769 -0.320222 
1.75342 -2.46981 -0.717233 
-0.0332004 0.287718 0.0226855 
-0.0226988 -0.243058 -0.223302 
-0.253035 -1.0654 -0.875329 
0.110483 0.0624764 0.258705 
-0.0349442 0.32353 0.182411 
-0.100339 -0.304279 -0.147513 
0.0349053 -0.303264 -0.159968 
-9.76815e-05 -0.305759 -0.237643 
-0.079428 -0.222509 -0.0824939 
-0.122932 -0.365447 -0.138238 
-0.041038 -0.141375 0.22981 
2.85474 -2.86291 -0.416084 
0.308914 -2.36283 4.16787 
-0.191729 -1.17069 -0.625851 
0.101447 -0.860291 0.138629 
0.662565 -1.00367 -0.437041 
-0.112674 -0.202921 -0.127598 
-0.0212754 0.3026 0.0755975 
-0.131865 0.142718 -0.0141153 
1.26448 -0.91117 0.596663 
2.20577 -2.8564 0.968294 
2.38924 -1.85787 0.836177 
0.520169 -0.296473 0.277019 
0.109471 -0.155367 0.294003 
-0.0595659 0.308218 0.144145 
0.0920717 -0.88384 0.07489 
0.4654 -0.3206 0.33106 
-0.0708716 0.298268 0.124956 
-0.00558327 -0.43492 0.161631 
0.0672064 -0.679864 0.157435 
0.0576415 -0.126647 0.257017 
0.0354205 0.357515 0.251501 

-0.884301 0.377318 0.682278 
5.63672 -5.89659 6.08826 
-0.53774 0.411199 0.599771 
1.04386 -1.38967 0.823963 
-0.0599298 0.20538 0.328824 
6.04087 -5.99286 5.86714 
0.0201857 -0.0146911 0.374036 
0.0264794 0.278604 0.210601 
8.98722 -7.59845 4.10835 
-0.716077 -0.403894 1.31972 
-0.176089 -0.272183 0.0844382 
0.144241 0.0821474 0.205067 
1.0043 -1.49343 0.780671 
0.0256173 0.278963 0.210453 
0.691206 -3.70343 1.68913 
0.73362 -1.67919 0.299365 
0.734843 -1.59958 0.379521 
-1.22859 -2.26193 1.52577 
-3.75053 -5.76096 0.161532 
2.69768 -5.25098 0.481495 
0.08707 -3.62683 1.98 
7.27371 -6.58968 5.63814 
1.99691 -3.84994 0.841056 
1.9727 -0.0325543 0.419709 
0.335466 -3.61188 1.83382 
-0.140439 -2.61458 4.49724 
2.56771 -4.48179 7.29682 
1.32339 -4.07527 7.39174 
4.05228 -3.80625 5.73989 
-0.605779 -1.10019 1.46255 
-0.984883 0.31191 0.490021 
0.0855745 -1.48863 0.793285 
0.106363 -3.45269 6.0693 
-0.89812 0.377402 0.686234 
0.87482 -3.72075 1.41286 
0.0777599 -3.63994 1.99496 
1.83415 -3.2413 5.58168 
-0.837572 0.410979 0.776268 
