0.671203 -0.307611 -0.674435 1.01104 0.249311 0.950508 -0.185413 0.0233728 0.698091 -0.0436945 0.714675 -0.0983463 0 0 0 1
0.850978 -0.0470809 -0.523088 -0.00773459 0.0966255 0.993008 0.0678174 0.00804728 0.516237 -0.108255 0.849577 -0.00851529 0 0 0 1
###
-1.3612 -0.691133 1.62097 
2.81879 -3.14993 1.48762 
4.12452 -3.44099 8.53396 
0.218273 -1.55804 0.146304 
-0.140775 0.356969 0.942992 
1.4522 -6.98927 13.6298 
0.0595308 -1.3357 0.161092 
8.13002 -11.7266 -1.75595 
2.46688 -6.55696 -1.56226 
-0.892757 -0.677213 1.95721 
-0.0790637 0.361494 0.965753 
-0.319198 0.317556 0.779434 
0.615365 -1.44625 1.61783 
2.98568 -2.68253 2.85776 
2.75554 -4.70105 -0.521104 
1.98135 -3.87303 -0.417981 
2.10624 -5.08805 10.995 
3.778 -6.13157 -0.858032 
0.892937 -1.34819 2.1501 
6.34207 -7.12038 0.262916 
1.05554 -1.85853 -0.879409 
1.00193 -3.52195 -0.665454 
-0.234443 0.334866 0.902688 
0.77681 -1.21943 2.03938 
-0.469888 -0.0554119 0.628112 
-0.532663 0.475485 0.74698 
-0.361313 -0.981342 0.438728 
-0.213456 0.336834 0.911651 
0.0150247 0.510689 0.162902 
0.225776 0.747597 -0.0354869 

0.0120572 -0.0453086 0.0443341 
-0.00225899 -0.349075 0.442624 
0.711298 -0.692326 -0.240758 
0.0150935 -0.0144919 -0.000312541 
0.092753 0.112842 0.0439665 
0.0857134 -0.458411 0.624364 
0.219267 -1.30124 -0.623143 
0.180618 -0.169966 0.115947 
0.353843 -0.30687 -0.0161944 
-0.295666 -1.42277 1.82311 
-0.0906888 0.088839 0.11252 
0.0978598 0.113722 0.0338559 
0.248763 -0.34225 0.068034 
-1.68111 -1.99719 0.499786 
0.419517 -0.760418 0.898242 
-0.102164 -0.632761 0.832841 
-0.504375 -0.83395 0.622463 
-0.109707 -0.47605 0.59982 
0.316754 -0.337265 0.299429 
-0.20747 -0.387783 0.417437 
0.13702 0.103337 -0.0888016 
0.0973797 0.114216 0.0336957 
0.104135 0.0237423 0.132317 
0.155448 -0.139369 0.0503417 
0.114022 -0.0506159 0.112385 
0.0150322 -0.0141912 -8.86288e-05 
0.0150986 -0.0159234 -0.00108227 
0.106786 0.0124754 0.135454 
0.0867824 -1.32715 1.72389 
-0.148381 -0.318415 0.359239 
