0.672529 -0.317248 -0.668624 1.00936 0.268665 0.946484 -0.178852 0.0157467 0.689582 -0.0593521 0.721771 -0.175232 0 0 0 1
0.455602 0.252823 0.853526 -0.734296 -0.228551 0.959902 -0.162335 0.0904175 -0.860344 -0.121115 0.495116 -0.0237039 0 0 0 1
###
0.25544 -1.75763 5.16999 
4.10143 -3.4362 8.54981 
2.68573 -3.83587 4.53855 
-0.162453 -3.57885 2.498 
-0.0459032 -0.646906 1.54035 
0.642267 -1.53555 1.68975 
0.220174 -1.61615 0.0953313 
-1.97951 -1.63477 2.11976 
-0.369081 0.385073 0.762113 
0.366777 -1.38766 2.11984 
0.945409 1.30327 2.32698 
-0.509405 0.655388 1.06476 
-2.10306 -1.69219 2.45487 
0.628194 -1.42304 1.63124 
0.822518 0.534874 2.65925 
1.19972 1.33939 2.45154 
0.714511 -1.54372 1.68915 
1.03138 -0.208101 2.89717 
1.56931 -6.4163 12.7031 

-1.27587 -1.40843 1.81157 
-1.63965 -2.05634 1.42664 
0.63845 -1.15199 2.12106 
-0.473616 -3.89072 2.39817 
0.800723 -2.11757 2.19672 
0.332006 -1.21802 1.94784 
2.89982 -1.86323 2.83602 
0.0991214 0.0731863 0.817761 
0.637173 -1.46001 1.64773 
0.639243 -1.48668 1.65257 
0.999156 1.20853 2.19546 
0.177905 0.292794 0.650789 
0.0983418 0.32774 0.836916 
0.332017 -0.420244 1.16414 
0.0851435 -0.944561 -1.11842 
0.988268 1.20633 2.17867 
0.642267 -1.53555 1.68975 
-0.0800103 -0.121289 0.698572 
1.56931 -6.4163 12.7031 
