-0.377568 -0.325635 -0.866836 0.830051 0.212945 0.880502 -0.423521 0.0422899 0.901164 -0.344497 -0.263107 0.332951 0 0 0 1
0.991983 -0.124233 -0.0231395 0.0527102 0.124597 0.992094 0.0150258 -0.00839087 0.0210898 -0.0177884 0.999619 -0.0208216 0 0 0 1
###
6.3404 -5.12553 1.80287 
-1.00495 -2.42066 -0.392987 
0.572179 -0.63216 1.67822 
-0.727399 -4.29748 -1.72591 
-1.19258 -4.68254 -1.94493 
2.54136 -3.52507 0.363543 
2.65754 -1.78706 0.445446 
6.13768 -7.24479 6.70543 
0.0990464 -0.423363 1.78616 
0.259187 0.131158 1.89527 
1.83392 -1.34752 1.68465 
-0.000177343 0.228477 0.641438 
0.98177 -1.47099 0.767167 
1.20939 0.0331672 1.31335 
0.624207 -3.65456 1.70253 
2.09386 -0.0575925 0.399693 
1.97155 -0.0324368 0.419408 
-1.31908 -5.55537 -2.29758 
1.52007 0.00968418 1.46816 
1.5691 0.4221 -0.292371 
1.50886 -0.888817 1.83129 

-2.63251 -2.6955 1.61406 
1.79667 -1.63796 0.22267 
-2.18645 -2.23622 1.32037 
-0.697276 -1.0951 1.17804 
-2.39123 -2.60797 2.45002 
-0.22147 -0.693297 0.907316 
0.257276 -0.207987 0.172037 
-1.55428 -1.5127 0.794806 
-1.34381 -1.37169 0.216971 
-0.358124 -0.18318 0.0324168 
-1.77784 -1.74623 1.15267 
0.397938 0.366372 0.123217 
1.78417 -1.43044 0.319297 
-0.219637 -0.1415 0.366922 
0.156884 -0.844474 0.358445 
0.392867 0.360861 0.122142 
0.0138985 0.324569 0.174277 
-1.87977 -2.23629 2.01348 
0.0682465 0.0986533 0.236893 
0.23653 -0.477966 0.647825 
0.888063 -0.695323 0.567624 
