0.672529 -0.317248 -0.668624 1.00936 0.268665 0.946484 -0.178852 0.0157467 0.689582 -0.0593521 0.721771 -0.175232 0 0 0 1
-0.990502 -0.0668855 0.120136 -0.258175 -0.126858 0.781568 -0.610785 0.932846 -0.053042 -0.620224 -0.782629 0.370225 0 0 0 1
###
7.68908 -11.2616 -1.79452 
0.25544 -1.75763 5.16999 
4.10143 -3.4362 8.54981 
1.33854 -6.71229 13.0102 
0.220174 -1.61615 0.0953313 
-1.97951 -1.63477 2.11976 
-0.554255 -1.46331 4.04056 
0.366777 -1.38766 2.11984 
-1.26648 -5.27475 8.87197 
0.628194 -1.42304 1.63124 
3.76501 -6.13699 -0.86107 

-0.898562 -2.67142 0.310212 
10.5642 -15.253 -2.51674 
0.357149 -2.22155 0.178465 
2.59794 -8.06227 -2.15932 
-3.57031 -8.52629 10.7658 
3.64345 0.264299 -5.15769 
0.676188 -5.39849 -0.953024 
-1.57187 -4.4086 1.46015 
5.91698 -8.84109 -1.15741 
-1.53317 -3.99479 1.24759 
3.60398 -5.93724 -0.785589 
