-0.374288 -0.342121 -0.861894 0.829082 0.164144 0.890334 -0.424691 0.0234767 0.912669 -0.300431 -0.277085 0.284261 0 0 0 1
0.991983 -0.124233 -0.0231395 0.0527102 0.124597 0.992094 0.0150258 -0.00839087 0.0210898 -0.0177884 0.999619 -0.0208216 0 0 0 1
###
1.9551 -0.044479 0.42419 
1.99138 -0.698762 0.516405 
-1.00539 -2.41163 -0.38853 
0.833966 -3.53265 5.35292 
0.636512 -2.31556 3.90606 
1.6649 -0.101371 1.47523 
1.80078 -0.596468 0.545628 
-0.727413 -4.31335 -1.73585 
0.993843 -1.42294 0.275348 
6.15669 -7.26078 6.72539 
0.346339 -1.31626 2.83084 
-0.520432 -3.20194 -1.13753 
0.729338 -3.64496 1.64058 
1.42064 0.825552 1.08289 
1.826 -1.34138 1.67706 
1.48133 -0.0726769 1.40277 
-1.29427 -3.40661 -0.847001 
1.04587 -1.57418 0.252564 
2.30088 -4.63279 0.405075 
0.95089 -0.706545 4.65046 
-1.23621 -2.71659 -0.199782 
0.949829 -0.707739 4.64817 
1.97274 -0.0324902 0.419674 
0.185714 0.26038 0.659581 
0.126558 0.247876 0.616321 
1.81027 0.609003 0.289075 

-0.0550929 0.321874 0.179121 
-0.240928 -0.792178 1.07228 
-0.210305 -0.660839 0.908556 
-1.34381 -1.37169 0.216971 
-1.98641 -2.03297 0.39906 
-0.16656 -0.0867014 0.331164 
-0.240677 -0.0823997 0.372028 
-0.645707 -0.80005 0.797901 
1.0357 -0.840294 0.198096 
-1.55428 -1.5127 0.794806 
-6.99131 -6.54363 1.19382 
-1.47042 -1.88337 1.85284 
0.167489 -0.92292 0.353727 
-0.216528 0.316936 0.214725 
-1.77784 -1.74623 1.15267 
-0.234174 -0.052216 0.344469 
2.95307 -2.62959 0.487822 
-0.236057 0.135805 0.283602 
-0.249566 -0.764265 0.887156 
1.11566 0.975474 0.0115335 
-1.28079 -1.30552 0.691437 
1.04674 0.917402 0.021391 
-0.0237706 0.319774 0.170704 
0.189111 -0.85255 0.581087 
0.11 -0.0754772 0.290893 
0.278958 0.353808 0.169661 
