-0.371124 -0.356137 -0.857574 0.825637 0.0609619 0.912193 -0.405201 -0.0105571 0.92658 -0.202659 -0.316825 0.25991 0 0 0 1
0.991983 -0.124233 -0.0231395 0.0527102 0.124597 0.992094 0.0150258 -0.00839087 0.0210898 -0.0177884 0.999619 -0.0208216 0 0 0 1
###
1.70501 -2.08155 2.74962 
0.926834 -2.073 4.40258 
1.14016 -3.25695 5.05017 
3.60686 -5.33048 -1.75443 
3.87791 -2.61917 2.02516 
5.80157 -7.38391 6.68869 
5.70069 -5.2557 -0.874857 
-0.233137 -1.06021 0.355285 
2.80213 -2.16458 2.08609 
0.350987 0.615621 0.846515 
-0.463508 -2.74409 -0.878305 
1.27714 0.0238992 1.3407 
10.2839 -9.48872 5.79517 
-3.72699 -11.0654 -3.34932 
0.223357 0.2945 0.613854 
2.4801 -0.888214 1.10981 
-3.82864 -11.3992 -3.46403 
1.54715 -0.0835135 -0.515025 
0.220197 0.294842 0.617103 
0.149106 0.299723 0.614762 
0.0985088 0.277083 0.597294 
-3.94813 -11.804 -3.60905 
0.0399157 0.514254 0.591315 

0.189182 -0.23596 0.301399 
1.02535 -0.703547 0.0699783 
-1.34381 -1.37169 0.216971 
-0.0599405 0.350761 0.198031 
-2.63251 -2.6955 1.61406 
0.383657 -0.372797 0.412022 
-2.39123 -2.60797 2.45002 
0.915426 -1.23443 0.0281337 
-1.89867 -1.86985 1.23834 
0.0211022 0.325501 0.175979 
-1.33476 -1.36019 0.594198 
-0.219637 -0.1415 0.366922 
-0.477737 -0.471619 0.512343 
0.298351 -0.549129 0.0807483 
-0.24919 0.0558757 0.313135 
0.36896 0.285257 0.042331 
0.257276 -0.207987 0.172037 
0.0818424 0.11062 0.26275 
-0.273988 0.0562869 0.332047 
0.121087 0.0777218 0.255929 
-0.0237706 0.319774 0.170704 
-1.55428 -1.5127 0.794806 
0.888063 -0.695323 0.567624 
