-0.456438 -0.475393 -0.752108 0.073594 0.00360022 0.844303 -0.535854 -0.190961 0.889748 -0.247292 -0.38366 0.193201 0 0 0 1
0.999888 -0.0149685 0.000707402 0.0111948 0.0149673 0.999887 0.00159564 0.00567828 -0.000731206 -0.00158488 0.999998 0.00134438 0 0 0 1
###
2.95307 -2.62959 0.487822 
1.78782 -2.40774 -0.567568 
0.111657 -0.802986 0.231668 
0.604512 -0.910049 -0.46464 
0.222003 -0.191046 0.260859 
1.87657 -2.31831 0.805238 
0.440847 -0.277796 0.099603 
-0.0865484 -0.000559443 0.0408726 
-0.0385619 0.289664 0.0461769 
0.0349052 -0.303264 -0.159968 
-0.0388227 0.288295 0.0458977 
-0.14338 -1.2161 -0.997578 
2.85474 -2.86291 -0.416084 
-0.100036 -0.329696 -0.218156 
0.0578432 -0.29133 -0.1734 
-0.085485 0.249712 -0.0392842 
0.230295 -0.192557 0.267141 
2.38924 -1.85787 0.836177 
0.896025 -0.821696 -0.147078 
-0.0863076 -0.0556298 0.012126 
-0.106995 0.267041 -0.0257565 
0.35966 0.306221 -0.0349202 
-0.0622254 -0.249558 -0.0427205 
-3.21854 -8.96203 -2.82573 
0.275104 -0.245047 0.303279 
1.78417 -1.43044 0.319297 
-0.10014 0.0375478 0.0215073 
-0.0540542 -0.106293 0.111213 
0.0951088 -0.788787 0.149834 
0.0393448 -0.257372 -0.162563 
1.62491 -1.62385 -0.272493 
0.166148 -0.189169 0.284638 
0.0527602 -0.514501 0.237208 
-3.05968 -8.51475 -2.70667 
0.0644966 -0.92074 -0.0572438 

1.8342 -3.24137 5.58177 
5.64032 -5.89965 6.09152 
-1.11224 -4.79385 2.67821 
3.05635 -2.42001 2.21372 
-0.704891 -1.50641 1.41907 
2.2073 -8.27057 9.66909 
2.5007 -4.25399 7.06438 
0.692025 -3.70673 1.69053 
2.55528 -1.25174 1.37433 
1.00708 -1.49707 0.782397 
-0.146688 0.126729 0.407372 
-0.176083 -0.272187 0.0844373 
4.07207 -4.15834 5.9889 
7.67117 -5.59929 5.74377 
1.04374 -1.38936 0.823802 
0.727169 -1.63624 0.249423 
-1.36238 -2.68563 1.90701 
1.32367 -4.07604 7.39311 
4.05256 -3.80651 5.74026 
0.335489 -3.612 1.83388 
0.0445087 0.0773684 0.359188 
-0.697741 0.556108 1.26899 
0.329648 -3.64471 1.85317 
-0.884304 0.377319 0.682282 
-1.18648 -2.20966 1.57038 
2.14086 -1.70892 2.30133 
0.624642 -3.65647 1.70337 
-0.232803 -3.78732 2.23679 
0.0856321 -1.48902 0.793465 
1.03861 -1.37921 0.82937 
10.2839 -9.48872 5.79517 
-1.02763 -1.89763 1.27542 
0.0870763 -3.62689 1.98003 
-0.897337 0.347369 0.588441 
0.943564 -3.77786 1.56613 
