-0.372953 -0.322513 -0.869995 0.820989 0.0463893 0.929992 -0.364641 -0.0296451 0.92669 -0.176353 -0.331882 0.24143 0 0 0 1
0.991983 -0.124233 -0.0231394 0.0527102 0.124597 0.992094 0.0150258 -0.00839088 0.0210898 -0.0177884 0.999619 -0.0208216 0 0 0 1
###
1.28408 -1.52659 0.56188 
2.02864 -1.64681 0.474559 
3.27503 -2.32433 2.22423 
3.48751 -2.38334 0.860203 
0.0800284 -0.163886 0.483877 
3.95339 -2.66179 2.05051 
2.81384 -1.94951 0.41923 
0.349777 0.615244 0.846376 
0.215155 0.581533 0.776735 
6.80618 -4.47029 2.98456 
2.79564 -8.17377 9.51223 
2.1201 -4.26905 0.422716 
1.44102 -0.0240562 1.40082 
0.316729 0.257359 0.512783 
0.175739 0.160236 0.633873 
1.47497 0.0201288 1.44965 
-0.360841 -0.9975 0.236324 
0.0526504 0.260706 0.626721 
2.30744 -0.886439 0.470186 
-0.329936 -1.01266 0.325779 
2.10437 0.26926 0.165118 
0.345844 0.246242 0.481692 
0.0875229 0.428532 0.631987 
2.2623 -0.874085 0.470394 
1.03187 -1.44595 0.259135 

0.17527 -0.613015 0.666328 
2.31276 -1.81647 0.829493 
0.0236618 -0.433996 0.612979 
0.360811 -0.294417 0.278472 
-2.62993 -2.65477 0.93446 
-0.477737 -0.471619 0.512343 
1.56718 -1.19491 0.703116 
0.0211022 0.325501 0.175979 
0.397938 0.366372 0.123217 
0.916244 -1.31864 0.106997 
-1.34381 -1.37169 0.216971 
-0.249566 -0.764265 0.887156 
-0.219637 -0.1415 0.366922 
-0.0651377 0.300629 0.0926983 
0.104567 -0.0283225 0.277065 
0.0703787 0.115947 0.261386 
0.298351 -0.549129 0.0807483 
0.111378 -0.783994 0.517287 
-0.0130743 0.326475 0.185836 
0.257276 -0.207987 0.172037 
-0.000749627 0.324183 0.175053 
-0.24919 0.0558757 0.313135 
0.323056 0.3247 0.142585 
0.429624 0.337246 0.0739467 
10.9731 -8.70186 4.77629 
