0.676086 -0.305205 -0.670639 1.00074 0.141733 0.947049 -0.288114 0.0344355 0.723062 0.0997378 0.683545 -0.246848 0 0 0 1
-0.889076 -0.30615 -0.340317 0.107307 -0.0713224 0.827008 -0.557648 0.901459 0.452169 -0.471519 -0.757108 0.497945 0 0 0 1
###
-6.61241 -8.79392 10.0915 
-0.403124 0.296037 2.49574 
1.54178 -1.64147 3.98396 
0.71556 -1.7999 5.44424 
0.765098 -1.68177 4.21849 
2.99123 -2.68144 2.86206 
1.50523 -1.40077 4.11764 
-0.32146 0.213041 2.57612 
0.923676 -0.836367 3.21942 
-0.437898 0.165217 0.831928 
-0.289269 1.15165 2.14599 
0.401791 0.421429 1.3747 
-0.20407 0.321945 0.924587 
0.724185 -1.58761 1.67672 
0.544273 1.35586 2.47119 
-0.214716 0.31971 0.920408 
0.340353 -1.31162 2.06186 
0.794274 0.420129 2.42234 
6.86479 -24.6809 -3.1482 
0.850406 -1.21031 1.85639 
-0.356602 0.241278 2.61696 
0.674605 -3.49516 3.11768 
-0.725422 1.0131 1.88939 
-0.282824 0.169467 0.888489 
-0.348639 0.249269 2.85206 
-0.404735 0.303242 2.48091 
2.13737 -4.88234 10.5563 
0.909923 1.28655 2.32486 

0.910519 -1.99324 0.532057 
6.4439 -6.60596 1.58342 
-4.77431 -4.24275 5.75238 
0.835972 -5.7188 -1.36934 
7.2301 -18.316 -5.53708 
-0.649799 0.051339 -0.503108 
-0.0894718 -3.98723 -0.65454 
-0.166058 -0.55853 0.920193 
-5.88802 -5.05393 6.02647 
-3.57329 -7.60614 9.72268 
-1.47336 0.305794 0.440353 
-0.810287 -0.711498 -0.0619952 
-0.329232 -1.15273 -0.464884 
-2.94737 -6.32997 0.290868 
-9.37277 10.0721 1.74645 
0.946142 -0.285704 -0.80636 
-1.53317 -3.99479 1.24759 
0.0971775 -1.05471 -1.09944 
10.2473 -18.0438 -4.20834 
-0.164566 -0.556698 0.917207 
-0.367622 -1.81082 -0.140631 
-0.168413 -0.566521 0.932457 
-0.16045 -0.271969 -1.003 
-1.82208 0.538997 1.01087 
0.659468 -0.557898 -1.61434 
0.39714 -0.631851 -1.87728 
-3.6802 -8.16158 10.4045 
-0.880368 0.0999497 -0.0715084 
