0.886537 -0.290145 -0.360372 0.221728 0.218578 0.949172 -0.226487 0.0401151 0.407769 0.122019 0.904895 -0.0353153 0 0 0 1
-0.88255 -0.301598 -0.360754 0.154221 -0.0735997 0.846352 -0.527514 0.814119 0.464422 -0.439006 -0.769146 0.536789 0 0 0 1
###
0.208788 -0.551218 0.104571 
7.68908 -11.2616 -1.79452 
22.963 -23.5103 5.62149 
-0.740008 -5.71886 -0.742833 
1.08064 -3.8033 -1.56617 
-1.38564 -4.84536 9.10845 
0.691337 -3.01691 6.27819 
-0.0379603 -0.124334 0.182241 
4.73135 -3.62741 3.18326 
1.54178 -1.64147 3.98396 
2.13901 -2.77325 3.2974 
-0.287278 -3.44331 2.25863 
0.2656 0.163324 0.164389 
2.87654 0.209924 0.195638 
-4.43686 -4.63445 7.50989 
1.37768 1.08562 1.29557 
0.955068 -1.72865 4.17323 
-0.451327 0.197791 1.17447 
-0.524745 -1.52386 4.40636 
1.07944 -1.13599 2.7895 
1.19895 0.607663 0.741257 
0.821228 0.466992 0.503418 
-0.497646 -0.47423 1.23866 
2.90858 -0.424055 0.534827 
0.693815 0.330097 0.277493 
0.144754 -0.346811 0.0727417 
-3.96849 -3.84733 6.31188 
0.0295121 -1.47253 4.13188 
2.21156 -2.15213 5.05149 
0.652933 -4.3583 -1.31395 
3.75976 -2.68535 4.7303 
2.63949 -0.236301 0.438704 
0.622173 0.283978 0.25742 
-0.297975 -3.42485 2.2776 
-1.67545 0.342502 1.46921 
1.45782 0.444074 1.62548 
1.14184 -1.19377 2.82889 
-3.8549 -4.07347 6.44721 
-2.36407 -3.54837 7.48963 
0.850406 -1.21031 1.85639 
-0.00474282 -3.01128 2.28623 
0.255717 -0.80492 0.0405804 
-4.77431 -4.24275 5.75238 
-0.689981 -3.80251 2.14529 
-4.71008 -7.63156 7.46161 
-0.312263 0.105252 0.612538 
0.265056 -1.15251 1.86151 
0.0856515 -3.41461 2.59987 
3.13427 -1.36068 0.338357 
3.70884 -1.85618 -0.590887 
-2.38688 -3.65815 7.71402 
1.64955 -7.43493 14.5577 
-4.16032 -3.55391 4.84517 
-1.59388 -1.40408 1.52435 
0.0976168 -0.515015 0.0695463 

-3.57031 -8.52629 10.7658 
-0.166058 -0.55853 0.920193 
9.60851 -25.6625 -8.79682 
2.24188 -14.3314 -4.33636 
15.2522 -37.1058 -13.8291 
9.9165 -9.55223 3.87866 
3.22429 -5.88012 -0.770189 
-0.826994 -1.02451 1.34816 
4.70217 -8.31241 -1.55404 
3.11631 -18.2781 -6.67977 
3.0697 -0.742684 -0.573537 
-0.706706 -4.03053 2.27908 
1.09824 -0.234324 -0.788122 
2.64295 0.228542 0.239838 
-1.87193 -2.50809 1.34263 
0.931335 -0.292402 -0.748647 
-0.164566 -0.556698 0.917207 
0.103932 -1.13662 -1.07305 
10.9589 -17.8045 -4.05372 
-5.31623 -4.91959 6.48018 
-9.37277 10.0721 1.74645 
-0.583365 -0.0127547 -0.367184 
3.49023 -13.2341 -4.66328 
2.94152 -1.13732 -0.394018 
-0.413767 -0.136074 -0.636836 
-2.75298 -3.67085 1.32226 
0.676188 -5.39849 -0.953024 
-1.03368 -4.24788 -0.0714553 
10.6472 -14.5748 -2.38508 
2.42149 -4.25339 -0.0120868 
6.4439 -6.60596 1.58342 
3.42626 -1.71559 -0.376188 
-0.622403 -0.0224 -0.361627 
-0.689981 -3.80251 2.14529 
-0.86208 -0.671059 -0.0326593 
-1.14814 -1.24513 0.705259 
27.721 -33.971 -7.03478 
9.3499 -17.0787 -3.80521 
8.31814 -9.15463 2.37277 
-0.164814 -0.556935 0.917378 
-0.473616 -3.89072 2.39817 
-0.170352 -0.576789 0.938071 
-4.77431 -4.24275 5.75238 
-0.297975 -3.42485 2.2776 
-1.60543 -4.2485 1.20554 
0.0880461 -0.948207 -1.13084 
-2.94737 -6.32997 0.290868 
-0.360106 -2.82339 1.97578 
3.01981 -0.810361 -0.697456 
2.87214 -1.07433 -0.485613 
1.56951 -4.91641 -0.674162 
7.17284 -7.91833 2.19745 
-1.15737 -2.69083 0.509004 
2.19983 -6.65499 -1.54818 
-1.23115 -3.53906 4.87831 
