-0.922386 -0.317684 -0.219731 -0.0331535 -0.19969 0.879117 -0.432755 -0.225911 0.330649 -0.355289 -0.874323 0.157589 0 0 0 1
0.999829 -0.0179957 -0.00431612 0.0210827 0.0180404 0.999782 0.010544 0.0140264 0.00412543 -0.0106201 0.999935 0.00170141 0 0 0 1
###
0.0467405 -0.281809 -0.170936 
0.00396421 0.192294 -0.0458602 
1.49532 -1.42504 -0.198457 
-0.0379785 0.146592 0.00451062 
-0.257244 -1.00151 -0.832197 
1.66487 -2.23313 -0.532384 
0.707906 -0.748996 -0.371259 
2.76737 -2.77231 -0.40789 
1.69848 -1.97019 0.713812 
0.00260125 -0.68674 -0.117687 
0.676875 -0.728785 -0.364939 
0.0234749 -0.288867 -0.160558 
0.494444 -0.557454 -0.384238 
0.156546 -1.06403 0.270165 
-0.1668 0.0314875 -0.531569 
2.11683 -3.1688 -0.584293 
-0.0123169 -0.332021 -0.381027 
2.36102 -1.8355 0.82608 
-0.0936196 0.262515 -0.013674 
0.0171825 -0.697609 -0.0627604 
-0.109977 -0.181844 -0.182343 
0.269755 -1.63255 -1.22521 
-0.0507056 -0.132415 -0.238677 
0.256216 0.25454 -0.182919 
0.072194 -0.580329 0.25736 
0.0644425 -0.363304 -0.256179 
2.1199 -1.60026 0.869756 
1.64094 -3.35356 -1.45543 
0.432798 0.338978 0.0740792 
-0.0699522 0.144237 -0.150938 
0.0446548 -0.271988 -0.168066 
-0.0135253 -0.651034 -0.0535106 

1.04433 -1.39013 0.823937 
0.0272977 -0.110251 0.41694 
4.05309 -3.80695 5.74091 
2.14412 -1.71163 2.30337 
3.77098 -3.50758 5.4148 
3.05635 -2.42001 2.21371 
1.83424 -3.24148 5.58195 
-0.140422 -2.6146 4.49726 
2.20882 -8.27425 9.67357 
0.692404 -3.70825 1.69116 
2.12142 -3.7233 6.52722 
2.20555 -8.28821 9.31277 
-0.942734 -1.96286 1.52002 
0.335467 -3.61187 1.83383 
0.00696875 0.125046 0.329502 
6.40335 -7.54035 6.96594 
1.41617 -4.08942 7.55279 
-0.608133 -1.09156 1.46923 
2.10854 -1.62508 2.23429 
0.625151 -3.6587 1.70427 
1.0603 -1.47444 0.253868 
2.00547 -1.57768 2.14355 
1.32315 -4.07941 7.39874 
-1.23117 -0.77126 0.209481 
0.0777445 -3.63978 1.99488 
2.30111 -2.13333 0.848879 
0.0590712 -1.43487 2.84369 
10.4076 -9.59837 5.85958 
-0.884301 0.377319 0.68228 
-0.132814 0.102043 0.365711 
1.0387 -1.37934 0.829399 
0.873093 -3.71138 1.409 
