-0.341738 -0.310246 -0.887109 0.824546 0.0845108 0.929969 -0.357792 0.00393112 0.935988 -0.197241 -0.291586 0.187715 0 0 0 1
-0.603937 -0.322824 -0.728728 0.0273584 0.0775136 0.886179 -0.456814 -0.241104 0.793254 -0.332373 -0.510173 -0.0844879 0 0 0 1
###
1.72377 -1.90921 -0.217625 
4.36221 -2.9507 2.16677 
5.40539 -3.85422 0.832656 
0.549684 -1.25045 2.42134 
6.14361 -8.49411 7.9068 
1.60531 -0.0860662 1.46036 
1.5261 -0.166558 1.40722 
1.07919 0.706524 1.42536 
1.43284 0.828942 1.08552 
0.352175 0.618376 0.845228 
1.26459 -1.49021 0.562482 
1.17625 -1.43629 0.47002 
1.02336 0.845443 1.37074 
9.87819 -7.19301 3.5379 
1.43046 0.0268963 1.42672 
1.97768 -0.0332852 0.420709 
0.941185 -3.7725 1.56474 
0.359721 0.658219 0.984658 
2.09846 -0.0600832 0.398478 
1.08041 0.835817 1.32377 
7.54643 -5.45064 0.58285 
2.29532 -0.188466 0.347027 
1.44215 0.830096 1.08366 
2.09203 0.623268 0.0618374 
1.06534 0.696764 1.41339 
0.698381 0.847978 1.55525 
1.12078 0.103125 1.48314 
3.04478 -4.28821 0.291257 
1.63705 0.419604 -0.336805 

0.058354 -0.531841 -0.607786 
1.66397 -3.38636 -1.55729 
0.548509 -0.34771 0.156416 
-0.00278509 -0.502708 -0.566297 
1.96329 -2.93691 -0.282483 
0.3349 -0.0282917 -0.333968 
0.331314 -0.0504404 -0.338336 
0.345126 0.218909 -0.273392 
0.291235 0.23295 -0.401347 
0.259311 0.221521 -0.422953 
0.295434 -0.253453 -0.51846 
0.370345 0.324361 0.0533862 
0.324426 0.260071 -0.265295 
0.635979 -1.24261 -0.959927 
0.333028 -0.0297333 -0.334032 
0.157381 0.265732 -0.165832 
0.0374992 -1.06748 -0.313028 
0.303983 0.318183 0.0825253 
0.107518 -0.00920942 -0.527901 
0.323306 0.255638 -0.289256 
0.465517 -0.276945 0.0564277 
0.102074 -0.0295887 -0.522696 
0.345536 0.280546 -0.178065 
0.0610886 0.160208 -0.620381 
0.338901 0.216626 -0.270875 
0.324427 0.256105 -0.290164 
0.341198 0.0449006 -0.246536 
0.0829287 0.170985 -0.627753 
-0.101084 0.156472 -0.570825 
