-0.341738 -0.310246 -0.887109 0.824546 0.0845108 0.929969 -0.357792 0.00393112 0.935988 -0.197241 -0.291586 0.187715 0 0 0 1
0.991983 -0.124233 -0.0231394 0.0527102 0.124597 0.992094 0.0150258 -0.00839088 0.0210898 -0.0177884 0.999619 -0.0208216 0 0 0 1
###
1.95772 -1.57535 0.463773 
0.424107 0.534288 0.524699 
4.36221 -2.9507 2.16677 
5.40539 -3.85422 0.832656 
3.52035 -2.4934 2.32265 
0.549684 -1.25045 2.42134 
6.14361 -8.49411 7.9068 
6.34697 -4.56756 0.696438 
1.67406 0.0142872 -0.220254 
9.91708 -9.17479 5.65556 
0.451746 0.586809 0.675795 
1.43284 0.828942 1.08552 
1.17625 -1.43629 0.47002 
0.166646 -0.0652839 0.483018 
1.64261 -6.23295 7.43085 
-0.787144 -4.56757 -1.85747 
0.121214 0.37069 0.627495 
2.09846 -0.0600832 0.398478 
1.70935 0.0151032 -0.240519 
0.353138 0.648806 0.980895 
0.0677661 0.0524616 0.523241 
0.10229 0.112981 0.549173 
3.04478 -4.28821 0.291257 
1.74014 -0.303342 -0.4087 
-0.179994 0.770913 -0.593147 

2.36102 -1.8355 0.82608 
-0.428753 0.306488 0.206723 
1.46986 -1.169 1.00013 
0.381782 -0.37034 0.410517 
0.0236663 -0.435757 0.614921 
-1.34381 -1.37169 0.216971 
-0.845582 -1.10688 1.15108 
0.85272 -1.70672 -0.00382805 
-0.0670726 0.124522 0.279936 
-1.77784 -1.74623 1.15267 
-0.16656 -0.0867014 0.331164 
0.216556 0.338908 0.174221 
0.453341 0.34391 0.0512495 
0.136022 -0.796301 0.642809 
0.42411 0.330711 0.0499686 
-0.697276 -1.0951 1.17804 
0.111352 -0.78376 0.517161 
0.0138985 0.324569 0.174277 
-0.0645086 0.133632 0.291938 
-0.153139 0.317219 0.19556 
-0.333969 0.216965 0.296103 
-0.116329 0.317482 0.189424 
-0.608082 0.31382 0.32362 
-0.124321 0.082215 0.323934 
0.21467 -0.345622 0.459534 
