-0.469227 -0.318581 -0.823609 0.775327 -0.00161272 0.932965 -0.359962 0.0207535 0.883076 -0.167576 -0.438286 0.275758 0 0 0 1
0.991983 -0.124233 -0.0231394 0.0527102 0.124597 0.992094 0.0150258 -0.00839088 0.0210898 -0.0177884 0.999619 -0.0208216 0 0 0 1
###
1.01242 -1.50447 0.785786 
1.70587 -1.89062 -0.213261 
-0.202716 -1.3324 0.292992 
1.94401 -1.56308 0.461739 
0.41718 0.531393 0.529783 
6.34963 -4.55443 0.705561 
1.42963 0.0267617 1.42627 
5.99377 -5.53944 -0.972235 
-0.781747 -4.52257 -1.83138 
2.30734 0.826775 0.530331 
0.130981 0.375802 0.627894 
-0.471366 -2.85631 -0.935754 
0.174499 0.161616 0.634352 
1.38138 0.0683777 1.44196 
10.3656 -9.56109 5.83766 
-2.44865 3.75668 -6.57084 
0.164619 0.248202 0.666765 
1.48438 -0.0480117 1.40952 
0.165592 0.247541 0.665134 
0.966177 -1.45279 0.771605 
1.02889 -1.4436 0.259405 
2.29753 -0.883144 0.468917 
1.49362 0.0179915 1.45683 
-5.53959 -19.853 -3.30124 

0.0914172 -0.728921 0.48465 
-2.22193 -2.1386 1.39644 
0.915426 -1.23443 0.0281337 
2.2337 -1.75353 0.802382 
-0.333173 0.180969 0.292844 
0.706421 -0.582144 0.479748 
-0.228174 -0.085482 0.352108 
-0.0968225 0.321382 0.194976 
-1.04435 -1.32286 1.30655 
0.227984 0.340525 0.176472 
0.116774 -0.735143 0.719163 
-1.47042 -1.88337 1.85284 
-0.24623 0.0807814 0.305639 
0.0373765 0.100852 0.215145 
-0.219461 -0.755822 0.938842 
0.448347 0.458363 0.0128515 
0.0631372 -0.566179 0.482656 
-0.171239 -0.0028338 0.309062 
0.137854 -0.824872 0.520491 
1.04623 -0.848545 0.199678 
-2.07261 -1.90896 0.30559 
-0.0131145 0.326618 0.186006 
0.0830233 0.136826 0.304805 
-0.666816 -0.677996 0.358201 
