-0.703823 -0.284773 -0.650797 0.639309 -0.0444586 0.931994 -0.359736 0.0268772 0.708982 -0.224257 -0.66862 0.454411 0 0 0 1
-0.603937 -0.322824 -0.728728 0.0273584 0.0775136 0.886179 -0.456814 -0.241104 0.793254 -0.332373 -0.510173 -0.0844879 0 0 0 1
###
0.0225087 0.0524118 0.663772 
-0.814834 -1.87043 -0.139124 
1.99328 -0.690489 0.513476 
1.59418 -0.0813319 1.45671 
0.0206569 0.0505885 0.662376 
2.12154 -0.0778816 0.395335 
5.90311 -4.21215 0.70914 
2.08154 0.774024 0.547031 
1.6981 -0.101883 1.49231 
2.12574 -0.0652258 0.392764 
1.43016 0.0265175 1.42645 
8.66662 -7.28037 3.87274 
2.3185 0.829501 0.527527 
0.167294 0.246558 0.662948 
2.23853 -0.173401 0.357371 
1.38246 0.0686503 1.4425 
1.43631 0.830006 1.08675 
2.27322 0.769684 0.417721 
0.14017 0.229713 0.637621 
-0.779442 -1.49081 0.342922 
1.42725 0.825355 1.0813 
2.96387 0.960076 0.453711 
2.09283 0.623942 0.0620092 
1.27956 0.833801 1.19731 
1.86604 0.670226 0.460687 
3.08531 -4.35354 0.282401 

-0.00465553 -0.761642 -0.472416 
0.454812 -0.19471 0.239397 
0.0978909 -0.233484 -0.539163 
0.338366 -0.0268825 -0.334921 
0.370345 0.324361 0.0533862 
0.108535 -0.0127502 -0.526079 
0.580723 -2.10771 -1.69497 
0.155856 0.186777 -0.265788 
0.3349 -0.0282917 -0.333968 
0.0633197 -0.515352 -0.58696 
0.377171 -0.0474468 -0.36162 
1.59304 -3.14332 -1.6905 
0.335884 0.319073 0.0720593 
0.439787 -0.610817 -0.397177 
0.100657 -0.0231577 -0.512983 
0.335835 0.0270022 -0.301064 
0.286056 0.231175 -0.393685 
0.1768 0.170076 -0.656205 
0.00567101 -0.448225 -0.471758 
0.548509 -0.34771 0.156416 
0.291419 0.232532 -0.401202 
0.358768 0.326958 0.0949069 
0.0686528 0.16672 -0.584792 
0.371423 0.327748 0.0663346 
0.149188 0.1731 -0.603225 
-0.0883397 -0.497806 -0.529522 
