-0.871308 -0.405766 -0.276002 0.0257267 -0.24658 0.848267 -0.468659 -0.221566 0.424289 -0.340289 -0.839156 0.167276 0 0 0 1
0.999887 -0.0149998 0.000716512 0.0112029 0.0149986 0.999886 0.0016033 0.00567923 -0.00074048 -0.00159238 0.999998 0.00135106 0 0 0 1
###
0.00233884 0.192906 -0.0446314 
1.66282 -2.23001 -0.531862 
-0.056329 0.279754 -0.00567715 
0.709193 -1.04931 -0.667296 
-0.0705512 -0.154813 -0.0788354 
0.11069 -0.802882 0.23232 
-0.121643 -0.323717 -0.143477 
2.59595 -2.59824 -0.387364 
-0.0842015 0.143442 -0.122225 
0.133306 -0.949046 0.237968 
-0.000362691 -0.30735 -0.238339 
2.68553 -2.6873 -0.428224 
1.55311 -1.54271 -0.253429 
0.566247 -0.435754 -0.0162974 
-0.110904 0.273166 -0.0255869 
0.0246824 -0.979879 -0.262072 
0.0494674 -0.792019 -0.0204133 
2.27432 -3.43299 -0.619426 
0.0599076 -0.332344 -0.232224 
-0.170366 0.0443021 -0.506655 
0.342616 0.279031 -0.178731 
0.0652862 -0.911247 -0.0258321 
0.384134 0.334378 0.0906752 
-0.000601555 -0.354915 -0.271638 
0.0450233 -1.06568 -0.224874 
0.0457831 -0.274621 -0.169277 
0.286271 0.331634 0.136296 
-0.0756066 0.249039 -0.023801 
-0.052736 -0.301855 -0.235208 
1.41931 -2.17051 -0.850515 
-0.121749 -0.396212 -0.309081 

1.25804 -1.48297 0.559536 
5.63808 -5.89749 6.08928 
-0.541555 0.406555 0.594926 
-0.704937 -1.5065 1.41916 
0.739066 -1.60111 0.377031 
0.692446 -3.70847 1.69126 
0.727401 -1.58957 0.258238 
4.05655 -4.14423 5.97138 
-0.318846 0.346954 0.18072 
0.335474 -3.61192 1.83385 
0.0256173 0.278963 0.210453 
-1.02757 -1.89748 1.27534 
4.05309 -3.80695 5.74091 
-1.90875 -5.80801 6.46098 
0.0200552 -0.016164 0.373933 
0.941703 -3.77366 1.56509 
0.48935 -3.50951 1.7113 
7.01175 -8.30447 7.56746 
2.30111 -2.13333 0.848879 
-0.0118215 0.0856186 0.435856 
-1.22849 -2.26171 1.52563 
0.729579 -3.64557 1.64081 
-0.896771 0.346298 0.586497 
1.18386 -1.37293 0.525926 
0.51906 -3.09488 1.46877 
1.03867 -1.37928 0.829372 
-0.893873 -1.21871 0.0478635 
0.0806036 0.212413 0.207198 
1.32322 -4.07955 7.399 
7.31458 -6.73131 5.71974 
-1.23117 -0.77126 0.209481 
