-0.864085 -0.41624 -0.283021 0.057761 -0.266105 0.855043 -0.445073 -0.213702 0.427253 -0.309268 -0.849593 0.158295 0 0 0 1
0.999887 -0.015025 0.000727603 0.0112005 0.0150238 0.999886 0.00163106 0.00566625 -0.000752026 -0.00161994 0.999998 0.0013486 0 0 0 1
###
0.711915 -1.05265 -0.668838 
0.043162 -0.276189 -0.169205 
0.429042 -0.505687 -0.335284 
0.540225 -0.399492 -0.0186044 
0.0404832 -0.790003 -0.0613819 
0.104216 -0.777253 0.224901 
-0.277912 -1.14136 -0.915148 
0.0335709 -0.445922 -0.410224 
2.24541 -3.05751 -0.687337 
1.00034 -1.16152 -0.563727 
0.16891 -1.13185 0.286671 
0.396651 -0.193852 0.0654835 
0.0363869 -0.405938 -0.402568 
2.10035 -3.14206 -0.580231 
1.51206 -1.61365 -0.444361 
0.013747 0.247405 -0.0448243 
-0.279429 0.21564 -0.256434 
-0.225832 0.22487 -0.24352 
-0.0316725 -0.953444 -0.34457 
-0.125003 -0.261456 -0.130222 
0.056219 -0.930861 -0.0977023 
0.0582645 -0.756293 0.022043 
0.121686 -0.878707 0.251223 
-0.0907939 -0.292946 -0.229464 
0.544887 -0.344371 0.154434 
0.00825456 0.190368 -0.0473025 
0.0502056 -0.849427 0.0880362 
0.100751 -0.847034 0.131746 
0.233468 -0.238981 -0.428884 
2.11086 -2.54286 0.925786 
0.466893 0.351464 0.135863 
0.40016 0.224709 0.0352155 
0.0128373 0.247705 -0.0450222 
0.0239786 -0.277082 -0.15135 
2.28737 -5.54172 -2.92872 
0.0804125 -0.421292 -0.27183 
0.691303 -1.94043 -1.28709 
0.0477932 -0.278693 -0.170468 
0.072988 0.154499 -0.763222 

6.04768 -5.99877 5.87262 
0.987265 -1.45873 0.766303 
-0.704942 -1.50651 1.41916 
-1.22852 -2.26171 1.5256 
0.69263 -3.70911 1.69152 
-1.11204 -4.79271 2.67756 
-1.22259 -1.94223 0.702199 
4.05394 -3.13496 4.32787 
5.63807 -5.89751 6.08928 
2.14416 -1.71162 2.30336 
0.33547 -3.61193 1.83385 
2.50079 -4.25417 7.06463 
2.00547 -1.5777 2.14356 
6.46277 -7.60013 7.03478 
-1.17019 -4.34151 5.22538 
0.200818 -0.0413352 0.198518 
-0.98396 0.311876 0.490071 
-0.629932 0.356044 0.432503 
-0.0848059 0.086955 0.370509 
0.727039 -1.58891 0.258234 
0.0855873 -1.48887 0.793374 
-0.232818 -3.78716 2.23669 
0.489357 -3.50957 1.71131 
-1.58392 -0.862769 0.228941 
-1.36238 -2.68563 1.90701 
0.0264496 -0.110366 0.415054 
0.873029 -3.71105 1.40887 
0.729749 -3.64621 1.64108 
0.020055 -0.0161639 0.373933 
2.005 -7.8283 9.21891 
-1.01597 0.313799 0.496897 
-0.820443 0.342985 1.10694 
-0.139297 0.111698 0.381492 
0.734201 -1.68 0.300252 
1.83423 -3.24149 5.58195 
2.30111 -2.13333 0.848879 
8.3937 -6.96956 3.70624 
1.04268 -1.38835 0.823123 
-0.855572 0.396109 0.729679 
