-0.877221 -0.234294 -0.419033 0.458103 -0.0375549 0.903644 -0.426636 0.0879234 0.478615 -0.358517 -0.801494 0.579078 0 0 0 1
0.992706 -0.110669 -0.0478295 0.0800237 0.110431 0.993855 -0.00759788 -0.014762 0.0483764 0.00226061 0.998827 -0.0221642 0 0 0 1
###
1.04259 -1.38827 0.823103 
1.93378 -1.55246 0.458049 
0.186456 0.220252 0.641202 
2.10876 0.780278 0.542368 
5.90411 -4.19565 0.726665 
0.0785054 -0.107373 0.520402 
1.4695 -1.51467 0.421767 
0.159538 0.352602 0.578213 
0.119554 0.316156 0.617287 
-0.0448577 -0.0452996 0.7128 
2.10407 0.268585 0.164957 
0.265377 0.281744 0.58897 
-1.35147 -5.62309 -2.18016 
-0.0447273 -0.0451039 0.712859 

1.60914 -1.43492 0.283298 
2.26225 -1.77651 0.813339 
0.137858 -0.824864 0.520503 
0.216331 0.339171 0.175564 
-0.325462 -0.328079 0.382908 
0.16395 -0.827991 0.698764 
0.0138985 0.324569 0.174277 
-0.0630767 0.299016 0.0884891 
-0.395071 0.164077 0.303708 
-1.11205 -1.49189 1.53646 
-0.0550929 0.321874 0.179121 
-0.428753 0.306488 0.206723 
0.113768 -0.683306 0.615218 
1.45996 -2.68426 0.00751611 
