-0.877221 -0.234294 -0.419033 0.458103 -0.0375549 0.903644 -0.426636 0.0879234 0.478615 -0.358517 -0.801494 0.579078 0 0 0 1
0.991983 -0.124233 -0.0231394 0.0527102 0.124597 0.992094 0.0150258 -0.00839088 0.0210898 -0.0177884 0.999619 -0.0208216 0 0 0 1
###
1.04259 -1.38827 0.823103 
1.93378 -1.55246 0.458049 
4.3753 -2.96133 2.17434 
0.186456 0.220252 0.641202 
2.10876 0.780278 0.542368 
0.0785054 -0.107373 0.520402 
1.4695 -1.51467 0.421767 
0.159538 0.352602 0.578213 
0.119554 0.316156 0.617287 
-0.0448577 -0.0452996 0.7128 
2.10407 0.268585 0.164957 
0.265377 0.281744 0.58897 
-1.35147 -5.62309 -2.18016 
-0.0447273 -0.0451039 0.712859 

3.39431 -3.03556 0.586643 
2.26225 -1.77651 0.813339 
-0.477737 -0.471619 0.512343 
0.137858 -0.824864 0.520503 
0.216331 0.339171 0.175564 
0.16395 -0.827991 0.698764 
0.0138985 0.324569 0.174277 
-0.0630767 0.299016 0.0884891 
-0.655514 0.270348 0.509174 
0.298351 -0.549129 0.0807483 
-0.0550929 0.321874 0.179121 
-0.428753 0.306488 0.206723 
0.113768 -0.683306 0.615218 
1.45996 -2.68426 0.00751611 
