-0.850945 -0.237248 -0.468622 0.494562 -0.0462988 0.922586 -0.383004 0.049345 0.523211 -0.304218 -0.796054 0.565775 0 0 0 1
0.991983 -0.124233 -0.0231394 0.0527102 0.124597 0.992094 0.0150258 -0.00839088 0.0210898 -0.0177884 0.999619 -0.0208216 0 0 0 1
###
1.04324 -1.38893 0.823399 
1.93508 -1.55455 0.459069 
0.0791695 -0.136066 0.500553 
8.61156 -8.04675 -1.94829 
-0.328374 -0.588943 0.607445 
-0.310881 -0.501483 0.630077 
-0.321481 -0.576245 0.613994 
2.1082 0.780322 0.542314 
2.29733 -0.839562 0.463288 
2.33526 0.834842 0.524366 
0.0789761 -0.107158 0.519965 
2.11631 0.267557 0.158778 
0.204554 0.382163 0.582662 
1.4324 0.0261938 1.42733 
-1.31107 -5.52474 -2.27013 
0.279801 0.371085 0.531561 
2.9608 0.960166 0.454295 
0.82166 -1.0537 0.806141 
-0.00342844 0.0528717 0.685919 
-0.489602 -0.761809 0.670572 
0.279951 0.370937 0.531267 

1.60882 -1.43467 0.28323 
0.36896 0.285257 0.042331 
-2.37757 -2.41599 0.830058 
2.2337 -1.75353 0.802382 
1.20818 -1.76708 0.137866 
-0.184482 -0.263935 0.418924 
-0.0456139 0.320007 0.177621 
0.234959 0.369218 0.190469 
-0.228174 -0.085482 0.352108 
0.163406 0.351027 0.19815 
0.189315 -0.784871 0.630028 
-0.0414289 0.305433 0.101977 
-0.428753 0.306488 0.206723 
0.428271 0.338349 0.12242 
-2.63488 -2.91741 2.68943 
-0.0131145 0.326618 0.186006 
0.422932 0.352002 0.120862 
-0.325444 -0.795985 0.854208 
-1.12572 -1.50644 1.55049 
1.45996 -2.68426 0.00751611 
-0.169216 0.31182 0.190134 
