-0.922824 -0.235587 -0.304786 0.376911 -0.0560613 0.864905 -0.498795 0.152651 0.381121 -0.443213 -0.811363 0.594672 0 0 0 1
0.991983 -0.124233 -0.0231394 0.0527102 0.124597 0.992094 0.0150258 -0.00839088 0.0210898 -0.0177884 0.999619 -0.0208216 0 0 0 1
###
1.95755 -0.0466964 0.424091 
1.04276 -1.38842 0.823156 
1.93211 -1.55006 0.456947 
0.0751819 0.213519 0.560729 
1.73933 0.679815 0.575868 
-0.0515132 -0.223643 0.497589 
1.78766 0.61103 0.285079 
2.05056 0.660329 0.212097 
-0.0498088 -0.223227 0.499651 
0.138118 0.251668 0.648854 

-0.0646008 0.320949 0.181302 
1.60914 -1.43492 0.283298 
-1.34381 -1.37169 0.216971 
0.372101 0.34566 0.118929 
-0.216528 0.316936 0.214725 
-4.28884 -4.49932 2.60385 
-0.608082 0.31382 0.32362 
0.278958 0.353808 0.169661 
-0.337985 -0.818267 0.869992 
-0.164713 0.121896 0.26455 
