-0.981486 -0.169911 -0.0884021 0.209511 -0.111854 0.883145 -0.455569 0.117902 0.155478 -0.437247 -0.8858 0.642755 0 0 0 1
0.924118 0.336992 -0.180119 0.0508172 -0.350893 0.935031 -0.0508995 -0.17976 0.151264 0.110239 0.982327 -0.0132834 0 0 0 1
###
0.0788985 -0.118821 0.511769 
-0.831735 -1.52664 1.08749 
0.0776859 -0.11589 0.515025 
0.168495 0.209665 0.635172 
0.168726 0.179189 0.636459 
0.150097 0.192307 0.618417 
-0.16214 -0.326027 0.525176 
0.118236 0.232569 0.60857 
0.121538 0.14926 0.549886 
0.203742 0.188691 0.6455 
-1.24746 -0.788956 0.222838 
-0.153767 -0.31301 0.526769 

-3.61191 -3.69987 2.08201 
-4.43747 -4.18176 2.6846 
-0.337985 -0.818267 0.869992 
-0.0628724 0.319659 0.180296 
0.0211022 0.325501 0.175979 
-0.447143 0.131781 0.318896 
-1.69063 -1.97641 1.80233 
-0.249184 0.0558816 0.313132 
-0.00373164 0.323269 0.175363 
0.306649 0.332755 0.134734 
-0.256736 0.0538407 0.320801 
-1.65553 -1.96336 1.76688 
