-0.892216 -0.332645 -0.305446 0.0504968 -0.228226 0.915747 -0.330637 -0.251162 0.389696 -0.225289 -0.892963 0.137715 0 0 0 1
0.999935 -0.0113031 0.00113425 0.00770007 0.0113031 0.999936 -4.66746e-05 0.00349532 -0.00113365 5.94922e-05 0.999999 0.00090643 0 0 0 1
###
0.0435678 -0.27695 -0.169663 
0.708669 -1.04786 -0.667005 
-2.29581 -2.66991 -0.561013 
-0.00442894 -0.297148 -0.235077 
0.0540395 -0.711444 0.029871 
-0.000613121 -0.306543 -0.23828 
-0.281155 -1.15838 -0.924784 
2.02837 -2.7451 -0.624479 
0.957867 -1.1165 -0.5515 
0.640083 -0.424387 0.0658937 
0.0086145 0.190256 -0.0475092 
-3.57495 -4.10759 -0.770387 
1.4905 -3.04109 -1.32482 
0.0598526 -0.759828 0.0189363 
-0.104547 -0.338239 -0.138984 
-0.122901 -0.266211 -0.130389 
-0.0391423 0.289515 0.0257777 
-0.0850289 -0.259905 -0.20625 
-0.220378 -0.677975 -0.599429 
0.580112 -0.569678 -0.275253 
0.690397 -0.429696 0.328507 
-0.0145248 0.211704 -0.0537209 
0.0372131 -0.864743 -0.176039 
0.0634442 -0.793327 0.0170177 
0.0248334 -0.282133 -0.152975 
0.0666921 -0.811127 0.0168203 
-0.414714 -1.07767 -0.658706 
1.66224 -2.09049 0.73205 
0.407821 0.317842 -0.016377 
0.0143809 0.247627 -0.0458606 
-0.0710902 0.255716 -0.0194445 

0.987959 -1.46039 0.767777 
6.04768 -5.99877 5.87262 
4.06919 -2.76662 1.44543 
1.25624 -1.48054 0.558565 
0.0865547 -3.62554 1.97951 
0.0256173 0.278963 0.210453 
-2.21734 -3.675 1.42906 
5.63807 -5.89751 6.08928 
2.14416 -1.71162 2.30336 
2.50079 -4.25417 7.06463 
0.020055 -0.0161639 0.373933 
-0.892379 0.349758 0.593217 
10.0053 -9.25236 5.70152 
-1.03032 -4.41606 2.47109 
-1.12801 -3.78388 2.51198 
0.734201 -1.68 0.300252 
-1.58392 -0.862769 0.228941 
0.187129 -0.000324072 0.181387 
1.16416 -1.42442 0.466093 
4.05655 -4.14423 5.97138 
-0.541585 0.406513 0.594895 
-0.0391942 0.279336 0.232719 
0.489357 -3.50957 1.71131 
0.729749 -3.64621 1.64108 
2.20941 -8.27581 9.67536 
0.32968 -3.64511 1.85336 
2.005 -7.8283 9.21891 
2.20538 -8.28751 9.312 
-0.697746 0.556108 1.26899 
0.200818 -0.0413352 0.198518 
0.185856 -0.158223 0.457739 
