-0.979355 -0.199001 0.0355223 0.13096 -0.195197 0.885292 -0.422086 0.0946982 0.0525479 -0.420306 -0.90586 0.642081 0 0 0 1
0.970669 0.177162 -0.162527 0.110218 -0.127441 0.952377 0.277015 -0.263139 0.203863 -0.248177 0.947021 0.0580109 0 0 0 1
###
-0.451637 -0.813302 0.932361 
0.126212 0.215002 0.605982 
-0.0286676 -0.0532218 0.701941 
-0.00224934 0.130789 0.489083 
0.00902896 0.138227 0.501796 
0.141089 0.199072 0.596721 
0.0770098 -0.110414 0.517767 
-0.0672566 0.0149161 0.693841 
-0.0259947 0.290778 0.568019 
-0.0308289 -0.0568973 0.705571 
-0.0262506 0.290891 0.567872 

0.999232 -0.912023 -0.0450748 
-0.0722778 0.306365 0.119187 
0.507315 -0.437236 -0.188315 
-0.153707 0.203033 0.211295 
0.103563 0.0363832 0.265324 
-0.077566 0.304161 0.120092 
-1.06433 -0.783366 0.57059 
-0.177999 0.317991 0.210375 
-0.60025 -0.181371 0.406493 
-2.5852 -2.56939 1.54265 
-0.424861 -0.551506 0.683811 
