-0.913611 -0.198511 -0.354837 0.0320237 -0.0225878 0.896145 -0.443185 -0.211106 0.405963 -0.396884 -0.823212 0.180933 0 0 0 1
0.999887 -0.015025 0.000727603 0.0112005 0.0150238 0.999886 0.00163106 0.00566625 -0.000752026 -0.00161994 0.999998 0.0013486 0 0 0 1
###
0.423898 -0.500265 -0.33051 
-0.0288973 0.291765 0.021718 
0.243889 -0.0816457 0.359839 
-0.0572317 0.281534 -0.00788075 
0.0541414 0.0515625 -0.0147636 
0.104601 -0.77972 0.225309 
-0.0968318 0.175141 -0.118416 
-0.603881 -0.719711 -0.502959 
0.00419085 0.255851 -0.0410392 
0.167005 -1.12449 0.284942 
-0.0647454 0.286941 0.0334593 
0.49403 -0.369982 -0.00552025 
-0.00439877 -0.297805 -0.265712 
0.184622 -0.095783 0.34599 
0.70109 -1.03594 -0.661797 
0.117319 -0.8417 0.244441 
-0.0513224 0.290283 0.0397902 
0.0519059 -0.291961 -0.174024 
1.54825 -4.45956 -2.8262 
0.575201 -0.457166 -0.0115783 
0.448487 0.218379 0.0311337 
0.0149699 0.247681 -0.045496 
1.51528 -3.08954 -1.34332 
-0.48828 -2.67092 -1.10655 
0.255031 -1.78428 0.396208 
0.471844 0.35315 0.137075 
1.52154 -2.34082 -0.900693 
-0.0485756 0.236827 -0.0345037 
0.0290636 -0.301355 -0.159021 
-0.0646892 0.287283 0.0319698 
0.014278 -0.601959 -0.416593 
1.94921 -2.44677 0.81828 
0.367438 -0.0161966 -0.348929 
-0.0748889 -0.0750552 -0.0612484 
2.33696 4.06718 -0.981988 

-0.84342 -1.75597 1.53031 
-0.132011 0.353859 0.110216 
-1.08629 -1.38355 0.0217237 
-0.884301 0.377391 0.682294 
4.05307 -3.80697 5.7409 
0.0865547 -3.62554 1.97951 
0.214392 -0.0400992 0.193075 
1.83423 -3.24149 5.58195 
-0.60814 -1.09158 1.46924 
0.33547 -3.61193 1.83385 
0.0264496 -0.110366 0.415054 
0.106311 -3.45177 6.06772 
1.25628 -1.4806 0.558594 
-4.04336 -6.22688 0.198631 
-0.704942 -1.50651 1.41916 
0.0855873 -1.48887 0.793374 
0.514074 0.460826 0.151151 
1.0427 -1.38837 0.823139 
0.942294 -3.77528 1.56568 
5.63807 -5.89751 6.08928 
-0.820443 0.342985 1.10694 
-0.139297 0.111698 0.381492 
10.0052 -9.25227 5.70148 
0.150106 0.0229546 0.192097 
0.32968 -3.64511 1.85336 
-1.01597 0.313799 0.496897 
7.31458 -6.73131 5.71974 
-0.144157 0.250052 0.398123 
0.734201 -1.68 0.300252 
1.97614 -0.0330813 0.420234 
0.0236998 0.287046 0.241588 
2.20538 -8.28751 9.312 
-0.91893 -0.354607 1.36793 
0.738998 -1.60127 0.377247 
1.17982 -1.36955 0.525069 
