-0.974037 -0.225587 0.0190364 0.148382 -0.215363 0.897393 -0.385103 0.0646878 0.0697911 -0.379205 -0.922677 0.656065 0 0 0 1
-0.522279 -0.241414 -0.81789 -0.0233985 -0.153867 0.970029 -0.188066 -0.205043 0.838779 0.0276235 -0.543771 -0.14334 0 0 0 1
###
0.0777638 0.244269 0.581 
0.202769 0.148907 0.652633 
0.0548539 0.251395 0.601897 
-0.163633 -0.281751 0.766519 
0.117855 0.232336 0.608389 
0.103342 0.189174 0.549453 
0.0868577 0.23317 0.564012 
-0.0348295 -0.00342223 0.707515 
0.0646118 0.0960482 0.497908 
0.133922 0.224461 0.622126 
-0.00954399 0.11984 0.489058 
0.0635197 0.0934208 0.494875 
0.942356 -3.77559 1.56587 
0.0725753 0.224545 0.606785 
0.146208 -0.0463057 0.494691 
0.0784929 0.123095 0.517047 
0.0703766 -0.0494165 0.508673 

-0.000613121 -0.306543 -0.23828 
0.207915 0.172327 -0.666547 
-0.156198 -0.480332 -0.503406 
-0.058008 -0.216313 -0.188455 
-0.0247106 -0.509255 -0.570952 
-0.0143295 -0.353245 -0.296147 
0.0954544 0.255979 -0.190948 
-0.524473 -1.74825 -0.904895 
0.287353 0.232911 -0.39225 
0.359485 0.301848 -0.0602843 
0.436606 -0.533158 -0.429623 
0.191109 0.200831 -0.529696 
0.0382369 -1.07243 -0.313954 
0.44405 -0.63015 -0.385319 
0.396292 -0.339773 0.456034 
0.498998 -0.695209 -0.426439 
0.233303 -0.238711 -0.428749 
