-0.877714 -0.404045 -0.257614 0.0956873 -0.231476 0.82823 -0.510347 -0.184679 0.419567 -0.388308 -0.820476 0.178248 0 0 0 1
0.999936 -0.0112929 0.00113846 0.00769595 0.011293 0.999936 -3.60634e-05 0.00349279 -0.00113798 4.89178e-05 0.999999 0.000908386 0 0 0 1
###
0.679554 -0.717416 -0.361868 
0.695749 -1.29373 -0.557333 
0.0366548 -0.754687 -0.0623706 
0.0165267 0.247536 -0.046059 
0.455687 -0.204147 0.244178 
-2.61434 -3.78085 -0.633432 
0.0195291 0.246799 -0.0504511 
1.70811 -2.39844 -0.697081 
0.045512 0.196136 -0.10223 
0.915934 -1.06999 -0.536443 
0.339402 -0.0277878 -0.335598 
-0.092642 -0.298893 -0.230657 
0.0165257 0.247555 -0.0448827 
0.0563591 -0.934767 -0.0987388 
-0.0118553 0.247771 -0.0291939 
-0.0360376 0.285084 0.00938207 
0.0586587 -0.939858 -0.0998147 
0.0656152 -1.02441 0.0944902 
0.407866 0.349168 0.125508 
-0.0707028 -0.918907 -0.415495 
-0.103678 -0.344339 -0.266766 
-0.0543825 0.288531 0.00895946 
-0.000454276 -0.246457 -0.295348 
-0.0347876 0.285398 0.00751109 
1.66261 -2.09322 0.733236 
0.329952 0.336505 0.119431 
0.0294632 -0.301148 -0.158467 
-0.0300547 -1.18508 -0.149594 

1.32322 -4.07956 7.39901 
4.05307 -3.80696 5.7409 
-1.11202 -4.79271 2.67754 
-0.629913 0.356026 0.432489 
5.08457 -3.65263 4.56721 
4.05655 -4.14423 5.97139 
-0.139297 0.111698 0.381492 
6.04769 -5.99884 5.87276 
0.027299 -0.110253 0.416943 
2.14425 -1.71169 2.30345 
0.0264526 -0.110368 0.415062 
1.0602 -1.4743 0.253837 
-0.146688 0.126729 0.407372 
0.0770691 -3.63793 1.99421 
0.115972 0.175324 0.22467 
0.0815688 0.0627758 0.362323 
-0.232814 -3.78724 2.23674 
0.87937 -3.72798 1.41376 
-1.01597 0.313799 0.496897 
0.0256173 0.278963 0.210453 
9.61091 -8.44831 5.22125 
0.192857 0.0674208 0.165648 
-1.24821 -0.789341 0.22258 
1.97726 -0.0334841 0.420648 
2.20539 -8.28756 9.31205 
0.0202034 -0.0146576 0.374092 
0.734246 -1.68007 0.300267 
0.335476 -3.61195 1.83386 
