-0.97955 -0.200248 0.019539 0.127527 -0.189378 0.884844 -0.425662 0.100789 0.0679488 -0.420657 -0.904671 0.753521 0 0 0 1
0.991983 -0.124233 -0.0231394 0.0527102 0.124597 0.992094 0.0150258 -0.00839088 0.0210898 -0.0177884 0.999619 -0.0208216 0 0 0 1
###
0.0796018 -0.112876 0.51513 
1.93143 -1.54649 0.455088 
-0.654579 -3.37323 -1.24329 
0.120375 0.251957 0.62345 
0.172264 0.202248 0.741857 
1.04274 -1.38839 0.823134 
0.172685 0.20196 0.742317 
0.0159764 0.171073 0.638508 
-2.15424 -3.86982 1.1881 
-0.547752 -0.919725 0.858273 
1.94903 -0.108418 0.41189 
-1.35897 -2.38846 -0.0238388 
0.136123 0.280179 0.617777 
1.97664 -0.0330531 0.420336 
0.632959 -0.79921 0.732181 
0.402503 -2.40039 1.16568 

0.714924 -0.574689 0.443776 
0.36896 0.285257 0.042331 
0.38186 -0.370387 0.410557 
0.421613 0.351101 0.120806 
-0.945911 -0.869751 0.133435 
3.38826 -3.02992 0.586016 
-0.0559908 0.323352 0.185462 
-0.235289 0.13609 0.283673 
-2.22193 -2.1386 1.39644 
-0.240891 -0.792007 1.07205 
0.428271 0.338349 0.12242 
2.23659 -1.75565 0.803606 
0.15331 -0.777443 0.635417 
-0.459602 0.163728 0.323975 
1.76419 -1.41423 0.315399 
0.13069 -0.870887 0.449472 
