-0.97955 -0.200248 0.019539 0.127527 -0.189378 0.884844 -0.425662 0.100789 0.0679488 -0.420657 -0.904671 0.753521 0 0 0 1
-0.522179 -0.241409 -0.817955 -0.0234319 -0.153768 0.970033 -0.188128 -0.205061 0.838859 0.027539 -0.543652 -0.143311 0 0 0 1
###
0.172264 0.202248 0.741857 
1.95835 -0.0466282 0.424233 
1.53929 -3.93828 1.24926 
0.172685 0.20196 0.742317 
0.0159764 0.171073 0.638508 
2.05289 -0.0516723 0.408434 
2.00388 -0.0435743 0.410769 
4.36751 -3.24363 1.37819 
-1.35897 -2.38846 -0.0238388 
0.0405462 0.265316 0.631625 
1.97664 -0.0330531 0.420336 
2.0914 0.623233 0.0617118 
0.115717 0.221897 0.600922 
0.172623 0.204266 0.63854 
1.18176 -1.23787 0.511988 
1.03504 -1.45173 0.260852 

0.387671 -0.255881 0.347887 
0.109574 -0.0132754 -0.527079 
0.0615815 -0.210733 -0.199588 
0.205122 0.184135 -0.619439 
0.0860997 -0.0226724 -0.521127 
0.10139 -0.0237701 -0.514135 
-0.0982432 -0.46095 -0.510929 
-0.348033 -2.46481 -0.230023 
0.192671 -0.979143 -0.911472 
0.359108 0.314852 0.00142244 
0.108715 -0.0256152 -0.559153 
0.0617523 0.160003 -0.621855 
0.0475303 -1.23634 -1.03351 
0.402628 -0.428564 -0.400781 
-0.308377 -0.670018 -0.580712 
0.438588 -0.464002 -0.330251 
