-0.969156 -0.243275 -0.0394293 0.191882 -0.213699 0.909233 -0.35725 0.0425225 0.12276 -0.337804 -0.933176 0.710253 0 0 0 1
0.991983 -0.124233 -0.0231394 0.0527102 0.124597 0.992094 0.0150258 -0.00839088 0.0210898 -0.0177884 0.999619 -0.0208216 0 0 0 1
###
-1.1267 -1.92749 1.06507 
0.0794163 -0.114173 0.51461 
0.157315 0.125898 0.594886 
-1.25226 -0.787531 0.214042 
1.97614 -0.0330813 0.420234 
-1.27385 -0.794328 0.229498 
0.135414 0.214608 0.592191 
0.0734005 0.212581 0.557006 
0.197373 0.0534369 0.64954 
0.0614621 0.210051 0.632228 
-0.90735 -1.72304 0.209128 
0.130837 0.248388 0.642542 
1.75339 0.437317 -0.419611 
0.137972 0.250591 0.649908 
0.167305 0.21042 0.635712 
0.168743 0.179364 0.636861 

3.02938 -2.6969 0.496313 
-0.325444 -0.795985 0.854208 
0.405201 0.340194 0.0676543 
-0.273984 0.0562911 0.332041 
-0.35127 0.196367 0.323678 
-0.249184 0.0558816 0.313132 
0.136044 -0.796258 0.642798 
-2.65774 -2.63009 0.703629 
-0.490713 0.177182 0.353341 
-0.019821 0.324012 0.181279 
-1.65553 -1.96336 1.76688 
-0.216726 0.315131 0.210009 
-0.395071 0.164077 0.303708 
0.421613 0.351101 0.120797 
-0.0455838 0.319874 0.177505 
0.138072 -0.825551 0.520917 
