-0.982522 -0.185674 0.0132982 0.122528 -0.171491 0.875053 -0.452629 0.124358 0.0724048 -0.446999 -0.8916 0.776742 0 0 0 1
0.991983 -0.124233 -0.0231394 0.0527102 0.124597 0.992094 0.0150258 -0.00839088 0.0210898 -0.0177884 0.999619 -0.0208216 0 0 0 1
###
0.0796604 -0.112461 0.515276 
9.92998 -8.33865 4.45891 
0.0160147 0.170849 0.638344 
2.86441 -4.81294 1.03525 
0.0186494 0.173812 0.641906 
-1.03747 -2.03349 1.55124 
0.172158 0.163773 0.636793 
0.0151593 0.288727 0.689375 
1.97657 -0.03311 0.420345 
0.145222 -0.117993 0.518276 
-0.0201601 -0.20935 0.474447 
2.26433 -0.875435 0.471352 
0.144431 -0.869447 0.97461 
-1.98323 -3.80598 -0.194898 
0.127806 0.242385 0.629278 
0.117843 0.289164 0.604923 
2.6208 -1.64128 0.728326 

1.46505 -1.16477 0.997356 
0.0828994 -0.55686 0.717914 
-0.273982 0.0562933 0.33204 
1.61183 -1.43723 0.283975 
-0.23602 0.135793 0.283559 
3.0277 -2.69534 0.496062 
0.104567 -0.0283225 0.277065 
0.0211022 0.325501 0.175979 
-0.35127 0.196367 0.323678 
0.323056 0.3247 0.142585 
-2.48669 -2.5984 2.52696 
-0.0761526 0.302303 0.115814 
-0.0489592 0.135241 0.277333 
-1.65553 -1.96336 1.76688 
0.147189 -0.723103 0.64138 
0.375 -0.248612 0.0397292 
2.23659 -1.75565 0.803606 
