-0.942596 -0.23304 -0.239176 0.0433402 -0.146764 0.932455 -0.330134 -0.218771 0.299955 -0.276081 -0.91313 0.129176 0 0 0 1
0.999828 -0.0180284 -0.00433053 0.021092 0.0180733 0.999781 0.0105618 0.0140198 0.00413917 -0.0106383 0.999935 0.00170184 0 0 0 1
###
-1.60872 -1.50179 -0.1054 
1.74331 -2.44634 -0.709338 
-1.17406 -0.0616618 -0.978282 
0.90984 -1.06236 -0.534743 
-1.33294 -0.108628 -1.13168 
-0.0560168 0.285664 0.0223629 
-0.020589 0.290021 0.0278033 
0.0756249 -0.849256 0.0334564 
0.255002 -0.0149698 0.214523 
-0.262684 0.219198 -0.227454 
0.281815 0.0234299 -0.271505 
0.2012 -0.22766 -0.373063 
-0.0663166 0.251438 -0.0181438 
-0.150356 0.236086 -0.0909481 
-0.105699 -0.329793 -0.260871 
0.0654291 -0.779768 0.021007 
0.0208769 -0.451157 -0.432242 
1.13362 -1.16398 -0.316904 
0.70264 -1.3424 -1.36087 
0.0524274 -0.29234 -0.174327 
-0.0344584 0.287114 0.0214835 
0.0338619 -1.15362 -0.119245 
0.419683 -0.464675 -0.354494 
0.201791 -0.229292 -0.374649 
-0.0369927 0.286532 0.0208919 
0.354996 0.560642 0.083835 
1.70217 -2.271 -0.5154 
1.68025 -2.11511 0.742529 
-0.0697918 0.256007 -0.0198969 

-0.884302 0.377391 0.682295 
6.04787 -5.99913 5.87287 
0.0264478 -0.110365 0.415048 
0.149099 -2.64074 5.02836 
-0.837572 0.410979 0.776268 
0.0139092 0.0010239 0.366538 
-0.629924 0.356039 0.432499 
0.0865524 -3.62554 1.97951 
-4.04325 -6.22665 0.198574 
-1.01597 0.313799 0.496897 
-0.805661 -0.370347 1.29077 
0.0273543 -0.0447835 0.397574 
0.0654995 -0.0707653 0.360443 
-1.00887 0.271591 0.355966 
9.61144 -8.44864 5.22108 
-0.232821 -3.78717 2.23669 
2.0055 -1.57772 2.14358 
4.05308 -3.80698 5.74091 
0.0162844 0.249423 0.285798 
1.04333 -1.38891 0.823295 
-0.166075 0.303336 0.196584 
0.87937 -3.72798 1.41376 
5.08501 -3.65305 4.56759 
0.0174016 0.26422 0.300936 
0.0200549 -0.016164 0.373933 
-1.1702 -4.34153 5.22536 
5.5729 -5.99727 6.1351 
2.20543 -8.2877 9.3122 
0.0226139 0.278439 0.226354 
