-0.985854 -0.165351 0.0274047 0.092701 -0.160554 0.884732 -0.437575 0.103693 0.0481077 -0.435785 -0.898764 0.8279 0 0 0 1
0.991983 -0.124233 -0.0231394 0.0527102 0.124597 0.992094 0.0150258 -0.00839088 0.0210898 -0.0177884 0.999619 -0.0208216 0 0 0 1
###
-1.0468 -2.41762 -0.391874 
0.413679 0.530829 0.531765 
-1.87322 -0.716052 -0.593088 
-0.959599 -2.20025 -0.279975 
-1.52776 -0.533416 -0.349995 
-0.473025 -2.94683 -0.983523 
-1.36507 -2.40131 -0.0291637 
-0.986503 -4.21311 2.35224 
-4.07743 -1.82745 -2.02065 
2.04373 -0.0493637 0.410676 
-0.782588 -4.59187 -1.86674 
-1.69426 -4.30823 -1.13052 
-1.13145 -1.96989 0.972065 
0.412782 0.53084 0.534962 
-0.286584 0.406046 0.438556 
0.144073 -0.11677 0.518971 
0.0158859 0.170492 0.638458 
0.144962 -0.117495 0.518862 
0.119458 0.252873 0.625422 
0.0161843 0.171598 0.639833 
2.26688 -0.877028 0.472232 
1.03037 -1.46424 0.842326 
0.150906 0.363423 0.621247 
1.73662 -0.0286613 0.46535 
-1.04689 -1.81214 0.9601 
1.47605 -13.389 3.02259 
-1.44648 -0.476978 -0.288138 
0.0411343 0.265335 0.631686 
1.16974 -0.889562 1.40618 

0.359083 -0.276654 0.211334 
-0.426128 0.167412 0.306559 
0.116908 0.0575762 0.268454 
-0.229426 -0.389635 0.609767 
0.0138985 0.324569 0.174277 
-0.697276 -1.0951 1.17804 
2.23784 -1.75664 0.803975 
0.16624 -0.840316 0.436123 
-0.336343 0.185495 0.305303 
-0.35127 0.196367 0.323678 
-0.196163 -0.628501 0.803701 
-2.18645 -2.23622 1.32037 
-0.240891 -0.792007 1.07205 
-0.333173 0.180969 0.292844 
0.392854 0.360852 0.122203 
-1.34381 -1.37169 0.216971 
-0.341849 0.184445 0.298195 
-1.13 -1.12585 0.179143 
-0.019821 0.324012 0.181279 
-0.23602 0.135793 0.283559 
-0.0761526 0.302303 0.115814 
0.0914867 -0.729103 0.484772 
0.424125 0.330721 0.0499715 
-0.194546 0.309039 0.17162 
-0.105136 -0.359774 0.517594 
0.13069 -0.870887 0.449472 
0.0224919 0.362249 0.192444 
-0.0361667 0.326061 0.19301 
-1.06702 -1.35566 0.105628 
