0.997254 -0.0074385 -0.0736893 -0.375856 0.00485193 0.999368 -0.0352181 -0.170998 0.0739046 0.0347639 0.996659 0.99953 0 0 0 1
-0.6819 0.185272 0.707592 -0.665623 -0.240607 0.856736 -0.456193 0.802562 -0.690739 -0.48133 -0.539631 0.0389717 0 0 0 1
###
-0.985307 0.325363 0.627796 
10.1096 -16.0793 23.738 
12.6357 -14.1344 16.9113 
-0.0895953 0.494236 0.78884 
14.6357 -26.3709 38.7106 
11.7168 0.423241 8.19973 
-7.44102 -7.66697 0.792915 
7.41692 -2.38357 1.4651 
9.74645 -11.0222 3.87409 
10.7853 0.501381 7.46798 
-0.247483 -28.0319 6.78793 
9.86586 -17.1438 24.8164 
18.0879 -20.1969 24.2924 
9.14816 -10.3589 3.58583 
19.5184 -19.2665 17.0051 
11.0517 0.486971 7.66306 
-11.1941 -2.94787 3.29745 
-16.9749 -17.4047 7.93239 
18.842 -17.0331 16.6524 
-8.76827 -5.18982 7.80449 
9.32962 -10.4376 3.63478 
18.7957 -18.4895 16.3686 
9.75071 -2.86392 5.13475 
13.4279 -5.75563 12.6827 
1.2708 -22.4315 6.79517 
-0.204358 0.255474 0.650639 
-0.786606 -0.950333 1.08858 
9.55669 -2.78859 5.00369 
-0.283898 1.52904 -0.653362 
-13.388 -10.6273 6.28033 

-0.555732 -1.26788 -0.131294 
-0.293786 -6.22453 -1.13712 
-0.509658 -2.85398 -0.0616094 
-1.71469 0.502946 0.923988 
2.9524 -4.01592 0.365951 
-0.933687 0.127813 -0.0235653 
-0.583365 -0.0127547 -0.367184 
-0.690835 -0.928251 -0.144805 
1.46393 -4.66465 -0.762459 
0.085232 -0.944634 -1.11853 
-0.459971 -3.92335 2.44273 
0.178152 -2.79495 -0.216029 
1.56951 -4.91641 -0.674162 
1.6731 -4.82107 -1.01971 
-0.978961 -3.85673 -0.169687 
7.06591 -7.16708 1.66298 
-0.629781 0.227972 0.1604 
4.70217 -8.31241 -1.55404 
-1.16001 -2.69536 0.508114 
-0.514746 -1.4979 -0.0972321 
1.15939 -3.89098 -0.450353 
0.389032 -3.44046 -0.193124 
-0.539281 0.19604 -0.037092 
-0.553912 -0.26303 -0.38228 
-0.237682 -0.703759 0.92852 
-0.516292 0.154507 -0.0142859 
1.24506 -0.189642 -0.978263 
-0.512049 0.147955 -0.00739094 
-0.493739 -1.60478 -0.0765041 
-0.880368 0.0999497 -0.0715084 
