-0.982152 -0.170795 0.078775 0.0255749 -0.187973 0.905823 -0.379671 0.0345386 -0.00651047 -0.387702 -0.921762 0.910137 0 0 0 1
0.991983 -0.124233 -0.0231394 0.0527102 0.124597 0.992094 0.0150258 -0.00839088 0.0210898 -0.0177884 0.999619 -0.0208216 0 0 0 1
###
-0.25094 -0.521175 0.490463 
0.41514 0.531695 0.530778 
-2.12861 -16.3014 -8.51835 
-1.02494 -2.35801 -0.354582 
-0.699501 -1.35661 1.36387 
-1.56163 -0.55916 -0.383011 
1.02831 -0.344533 1.02326 
-1.21554 -3.10667 -0.626417 
-1.83816 -0.697819 -0.577752 
-2.08489 -3.77807 -0.400302 
-0.995799 -2.04341 1.6044 
0.760463 -1.59261 0.374039 
-1.01949 -0.456644 0.68509 
-0.482396 -3.03233 -1.02919 
-1.0534 -2.40679 -0.35619 
-1.88521 -3.33905 -0.292048 
-1.50544 -0.519926 -0.340645 
1.97802 -2.06875 -0.302254 
0.757126 -1.58594 0.369105 
-1.69831 -4.33346 -1.13624 
-0.518392 -2.1369 1.67348 
-1.83872 -3.49834 -0.148679 
0.204194 0.288679 0.648199 
1.84478 -0.0476927 0.449189 
0.904897 -0.253482 0.986713 
0.208163 0.28875 0.645281 
0.667226 -3.82286 1.34787 
-1.66048 -3.14334 -0.053349 
-1.50311 -0.503587 -0.330876 
0.0849806 0.426426 0.635814 
0.715646 -3.28697 1.21133 
-0.475367 -2.87644 -0.898851 

-0.706526 -0.826775 0.880438 
-0.428753 0.306488 0.206723 
0.204766 -0.497386 0.673302 
-1.77784 -1.74623 1.15267 
1.83943 -1.67655 0.227338 
-0.490713 0.177182 0.353341 
-1.34381 -1.37169 0.216971 
0.0675208 -0.495622 0.694091 
0.0139557 0.325065 0.174866 
-1.38615 -1.37529 1.36557 
0.405362 -0.336428 0.097926 
0.163737 -0.827332 0.698147 
0.109608 -0.0595244 0.287596 
-0.697276 -1.0951 1.17804 
-2.18645 -2.23622 1.32037 
-2.64218 -2.92587 2.69692 
0.392797 0.360813 0.122208 
-0.0131136 0.326631 0.186015 
0.136069 -0.796326 0.642828 
0.732184 -0.612566 0.449231 
0.166241 -0.840301 0.4361 
-1.87848 -2.2347 2.01193 
-0.0656285 0.300137 0.092508 
-0.447143 0.131781 0.318896 
-1.13 -1.12585 0.179143 
-0.0651377 0.300629 0.0926983 
0.13069 -0.870887 0.449472 
-1.65553 -1.96336 1.76688 
0.0224919 0.362249 0.192444 
0.421683 0.351146 0.120855 
0.119634 -0.826932 0.426174 
-1.95095 -1.98792 1.20705 
