0.995439 -0.00813682 -0.0950484 -0.48217 0.0116227 0.999278 0.0361789 -0.0698405 0.0946854 -0.0371186 0.994815 1.1114 0 0 0 1
-0.6819 0.185272 0.707592 -0.665623 -0.240607 0.856736 -0.456193 0.802562 -0.690739 -0.48133 -0.539631 0.0389717 0 0 0 1
###
-11.6813 -17.2282 19.0913 
-10.7049 -10.7614 1.2659 
15.311 -17.0767 20.5611 
0.590963 -0.131951 0.745015 
-2.16741 -11.6199 8.47794 
-8.83725 -9.13927 0.9889 
0.600667 -0.143902 0.748749 
11.7087 0.440789 8.18394 
8.86797 -9.97681 3.42361 
0.560693 -0.170625 -0.893448 
0.725826 1.82732 -0.538457 
11.1795 0.519658 7.74197 
-31.378 -43.8977 4.23754 
9.25253 -16.2808 23.1204 
18.3056 -20.4468 24.5929 
10.013 -11.325 3.98386 
4.64177 -4.39125 2.42995 
0.205447 1.36463 0.0880349 
-0.780229 0.723354 -0.963217 
0.210484 1.36414 -0.649536 
-13.1126 -8.91758 5.84496 
-12.0774 -3.4018 3.63631 
-22.6545 -40.1143 -0.281085 
0.240222 1.37852 -0.620119 
1.18176 -20.8993 6.30014 

1.15939 -3.89098 -0.450353 
0.910519 -1.99324 0.532057 
-2.02226 -2.293 1.87957 
-0.368363 -0.818309 -0.510548 
-2.94737 -6.32997 0.290868 
2.42149 -4.25339 -0.0120868 
-0.289366 -1.1569 -0.560202 
-0.768128 0.0700031 -0.203679 
2.1754 -6.56586 -1.50988 
10.0996 -25.4749 -7.88783 
-0.770933 0.0642428 -0.203993 
0.0442612 -0.902518 -1.08096 
-1.17001 -1.37489 2.30151 
-1.25422 -5.18702 -0.234032 
-0.924356 -4.43052 -0.0219819 
9.6085 -25.6625 -8.79674 
-5.61762 -4.81809 5.74475 
-2.12943 -4.37746 1.14874 
-6.47941 -5.86856 6.1791 
3.0697 -0.742684 -0.573537 
0.356853 -0.614633 -1.80494 
-0.629781 0.227972 0.1604 
-2.19075 -9.82721 12.0948 
-0.512709 -0.537813 -0.327491 
-0.103896 -1.23653 1.19547 
