0.997254 -0.0074385 -0.0736893 -0.375856 0.00485193 0.999368 -0.0352181 -0.170998 0.0739046 0.0347639 0.996659 0.99953 0 0 0 1
-0.659576 0.277931 0.698366 0.0482888 -0.15962 0.856139 -0.491474 -0.115429 -0.734494 -0.435637 -0.520325 0.101162 0 0 0 1
###
18.9608 -17.6235 17.01 
-12.3609 -36.7292 16.6448 
10.1096 -16.0793 23.738 
12.6357 -14.1344 16.9113 
-0.0895953 0.494236 0.78884 
11.7168 0.423241 8.19973 
9.97487 -2.90177 5.28862 
-8.19655 -17.4396 10.0846 
-2.16547 -11.5939 8.45796 
0.582603 -0.137692 0.740957 
-7.44102 -7.66697 0.792915 
7.41692 -2.38357 1.4651 
11.9895 -0.701406 8.68318 
9.74645 -11.0222 3.87409 
10.3595 -21.7811 0.89029 
-10.6471 -14.4102 15.4452 
9.86586 -17.1438 24.8164 
19.5184 -19.2665 17.0051 
11.0517 0.486971 7.66306 
-16.9749 -17.4047 7.93239 
18.842 -17.0331 16.6524 
-14.7816 1.75016 4.26503 
-11.4461 -3.22143 3.43658 
9.32962 -10.4376 3.63478 
18.7957 -18.4895 16.3686 
11.2468 0.538431 7.76154 
-0.419835 -0.371745 0.824969 
0.189362 -1.14955 2.12188 
9.75071 -2.86392 5.13475 
13.4279 -5.75563 12.6827 
1.2708 -22.4315 6.79517 
9.55669 -2.78859 5.00369 
-0.283898 1.52904 -0.653362 
11.3863 0.560106 7.87169 

2.77683 -7.98758 -3.26984 
-0.177443 0.252457 0.264238 
-0.1701 -7.73631 -1.57334 
-0.730051 -4.89402 -0.237188 
2.82106 -4.0495 -1.18201 
0.0442612 -0.902518 -1.08096 
-0.860957 0.0883888 -0.119721 
-1.26838 -3.11561 1.03412 
-1.10838 -4.10939 1.60444 
-0.328825 -1.15231 -0.464448 
3.00912 -4.33751 -1.22469 
-0.624789 -1.07003 -0.149548 
0.104016 -1.13671 -1.07314 
-1.58353 0.366494 0.572307 
-0.724042 -4.86961 2.87312 
-1.18569 -2.85103 0.942164 
0.350981 -6.92201 -1.83741 
0.681871 -4.46342 -1.32984 
0.085232 -0.944634 -1.11853 
-1.13456 -1.43426 0.823331 
3.11631 -18.2781 -6.67977 
-1.00981 -2.28622 0.676134 
-0.629781 0.227972 0.1604 
15.2522 -37.1058 -13.8291 
0.754448 -5.13852 -1.55104 
0.0880761 -0.94823 -1.13085 
-0.522718 -0.400006 -0.342249 
-0.618123 0.22928 0.164298 
-0.346238 -1.14367 -0.45824 
-0.529817 -0.320502 -0.344259 
-0.187621 -1.17246 -0.728371 
-0.503233 -0.297129 -0.328 
-0.899964 0.115313 -0.0627837 
0.0499589 -0.898393 -1.09152 
