0.995439 -0.00813682 -0.0950484 -0.48217 0.0116227 0.999278 0.0361789 -0.0698405 0.0946854 -0.0371186 0.994815 1.1114 0 0 0 1
0.46242 0.254513 0.849347 -0.747356 -0.232556 0.959195 -0.160817 0.0923784 -0.85562 -0.123156 0.50274 -0.0331058 0 0 0 1
###
-11.6813 -17.2282 19.0913 
-13.0939 -38.8142 17.736 
-2.01978 -10.7051 7.81506 
-10.7049 -10.7614 1.2659 
15.311 -17.0767 20.5611 
-13.9358 -8.96196 6.0521 
-6.70555 -20.6765 9.17087 
-7.62958 -16.2555 9.38156 
-2.16741 -11.6199 8.47794 
11.7087 0.440789 8.18394 
-12.668 -3.39513 3.7466 
10.3207 -2.99866 5.47413 
-0.215749 1.17215 0.212775 
-2.12197 -11.4306 8.31722 
8.86797 -9.97681 3.42361 
11.1795 0.519658 7.74197 
-12.8946 -17.5148 18.9027 
-12.7609 -3.38677 3.76826 
18.3056 -20.4468 24.5929 
4.64177 -4.39125 2.42995 
-0.209743 1.16735 0.192087 
-12.5956 -3.31337 3.74145 
-4.33436 -30.9061 10.5864 
-6.88139 -15.0275 8.5427 
-1.94572 -10.8386 7.83674 
-0.780229 0.723354 -0.963217 
-13.1126 -8.91758 5.84496 
0.484737 1.6898 -0.543187 
-2.70896 1.92805 0.587144 

0.618539 -1.05266 2.01892 
0.641822 -1.44979 1.62715 
0.330715 -1.22717 1.95807 
0.299143 -0.260652 0.567862 
-1.85931 -2.49248 1.33893 
1.05858 0.183937 2.67166 
-1.585 -4.49946 1.56437 
0.647566 -1.16019 2.12796 
-1.78239 -4.33742 1.2349 
0.635161 -1.07175 2.0413 
-0.789078 0.0687792 -0.160493 
-0.328825 -1.15231 -0.464448 
0.608208 -1.38005 1.58342 
0.314576 -1.69102 2.32659 
-2.75245 -3.87972 8.88612 
0.085232 -0.944634 -1.11853 
0.882631 1.30946 2.38577 
0.799357 0.426735 2.4455 
-2.55692 -3.86331 8.1533 
-3.7436 -3.44642 3.60197 
-0.0999385 0.222736 0.466101 
0.797642 0.420839 2.45263 
0.729543 -3.626 3.23183 
0.0775443 0.21065 0.933801 
0.781164 -1.68201 1.67636 
-1.27587 -1.40843 1.81157 
1.06459 -0.276146 2.90972 
0.0880761 -0.94823 -1.13085 
0.0190725 0.134327 0.849741 
