-0.983688 -0.166908 0.0670862 0.043915 -0.179846 0.904738 -0.386142 0.0446369 0.00375466 -0.391908 -0.919997 0.881686 0 0 0 1
0.991983 -0.124233 -0.0231394 0.0527102 0.124597 0.992094 0.0150258 -0.00839088 0.0210898 -0.0177884 0.999619 -0.0208216 0 0 0 1
###
0.0980038 0.272606 0.595026 
-1.99138 -16.3421 -8.57794 
-0.117174 -0.0866915 0.650244 
-1.03601 -2.38851 -0.370177 
-0.664202 -1.27878 1.32788 
-1.15449 -2.94598 -0.558087 
1.09228 -0.384895 1.04102 
-1.3445 -0.608386 -0.218354 
-1.86742 -0.712708 -0.59426 
-1.89919 -3.36263 -0.293744 
-1.69179 -4.3133 -1.12881 
-0.593216 -1.13846 1.29424 
-1.51178 -0.524904 -0.344553 
-0.996814 -0.440771 0.688367 
-2.06524 -4.72332 -1.40728 
-1.43955 -2.5251 -0.0613991 
0.135673 0.480042 0.680797 
0.214611 0.289058 0.637202 
2.03249 -0.0476436 0.412355 
1.19035 -1.79999 0.751059 
-0.860973 -7.08017 -3.31069 
1.03449 -1.46871 0.843906 
-3.21798 -5.72132 -0.973153 
-1.5963 -3.03879 -0.0191933 
0.0166081 0.171491 0.63933 
0.148831 -3.11087 -1.34924 
0.728726 -3.80767 1.31928 
-1.45794 -0.480694 -0.298446 
0.496542 -0.186916 1.03665 
0.247178 0.078933 0.636537 
0.211227 0.291656 0.635862 

0.393881 0.358757 0.122737 
-1.94977 -2.33165 2.10026 
0.359083 -0.276654 0.211334 
-1.28637 -1.26702 0.846159 
1.83943 -1.67655 0.227338 
-2.18645 -2.23622 1.32037 
-1.34381 -1.37169 0.216971 
0.143059 -0.840068 0.534736 
0.0139558 0.325065 0.174865 
-1.74711 -1.78906 1.75502 
-1.95095 -1.98792 1.20705 
1.44212 -1.97947 0.206701 
-0.426128 0.167412 0.306559 
-0.117031 0.0840339 0.313708 
-0.240891 -0.792007 1.07205 
-2.48669 -2.5984 2.52696 
-0.0361667 0.326061 0.19301 
-0.273977 0.056296 0.332034 
-0.00879989 0.298588 0.0755022 
0.153431 -0.777858 0.635705 
-6.75909 -6.96872 2.63806 
-4.28884 -4.49932 2.60385 
2.23784 -1.75664 0.803975 
-1.87848 -2.2347 2.01193 
0.494498 0.384399 0.0829132 
-4.50114 -4.60311 1.72765 
0.13069 -0.870887 0.449472 
-0.0550929 0.321874 0.179121 
-1.06702 -1.35566 0.105628 
-0.000743314 0.324243 0.175101 
-0.246219 0.08078 0.305625 
