0.996465 -0.00881169 -0.0835504 -0.425258 0.0083495 0.999948 -0.00587965 -0.130991 0.0835979 0.00516126 0.996486 1.05918 0 0 0 1
0.467235 0.259849 0.845086 -0.766437 -0.23788 0.957536 -0.162905 0.097905 -0.851531 -0.124914 0.509207 -0.0424824 0 0 0 1
###
-13.0091 -38.725 17.6423 
13.9451 -25.0743 36.836 
11.9522 0.443453 8.36751 
-2.14993 -11.5234 8.40588 
-8.58987 -8.85473 0.950415 
0.591729 -0.141999 0.738006 
-0.217158 1.16228 0.218402 
-0.908476 0.289948 0.516138 
10.9887 0.512242 7.6091 
-0.878043 0.296707 0.486623 
2.34032 2.147 0.373607 
11.3764 0.505928 7.89297 
-11.8661 -3.34557 3.57336 
-11.8963 -3.1301 3.51931 
-1.9516 -10.8846 7.87436 
-27.3575 -34.4904 9.67605 
10.533 -18.3787 26.6724 
22.3905 -20.2539 19.8301 
11.6369 0.559703 8.03631 
-0.432486 0.975336 0.262762 
0.904944 -18.4949 3.65421 
12.2776 -25.5059 1.15654 
23.3816 -21.2144 20.6729 
9.6856 -2.82735 5.06938 

0.641822 -1.44979 1.62715 
-0.519618 -0.839985 0.988611 
0.618539 -1.05266 2.01892 
0.344703 -1.29626 2.04423 
0.299143 -0.260652 0.567862 
0.199011 0.0309785 0.74816 
-1.32296 -4.33243 1.76807 
0.647566 -1.16019 2.12796 
0.0880761 -0.94823 -1.13085 
0.067248 0.148019 0.945243 
0.473169 0.577522 0.779503 
0.635161 -1.07175 2.0413 
-0.12968 0.0553269 0.484211 
-0.0794536 -0.118596 0.696972 
0.781164 -1.68201 1.67636 
-1.61941 -4.40269 1.6016 
-2.55692 -3.86331 8.1533 
-5.58847 -5.13894 6.75617 
-0.835004 0.0542108 -0.166081 
-1.62801 -4.93438 1.48843 
-0.710082 -3.93234 2.233 
-1.4905 -4.43932 1.45849 
-5.66763 -5.0889 6.86972 
1.06722 -1.16225 1.90506 
