0.996465 -0.00881169 -0.0835504 -0.425258 0.0083495 0.999948 -0.00587965 -0.130991 0.0835979 0.00516126 0.996486 1.05918 0 0 0 1
-0.6819 0.185272 0.707592 -0.665623 -0.240607 0.856736 -0.456193 0.802562 -0.690739 -0.48133 -0.539631 0.0389717 0 0 0 1
###
-1.0619 0.340382 0.70647 
13.6724 -15.0069 18.0449 
13.9451 -25.0743 36.836 
11.9522 0.443453 8.36751 
-8.58987 -8.85473 0.950415 
7.60795 -2.44627 1.50782 
10.9887 0.512242 7.6091 
-0.528975 0.0565188 0.475906 
-8.26194 -4.85331 7.35838 
-12.3393 -3.28225 3.63961 
-7.9498 -23.2012 11.3012 
10.334 -3.41492 2.40812 
10.2614 -11.6118 4.09596 
0.945107 -18.5267 3.6826 
-0.878043 0.296707 0.486623 
-11.8661 -3.34557 3.57336 
-27.3575 -34.4904 9.67605 
10.533 -18.3787 26.6724 
22.3905 -20.2539 19.8301 
1.6102 1.88467 -0.544771 
11.6369 0.559703 8.03631 
8.94517 -10.0668 3.46175 
-8.02022 -13.6605 -0.175685 
23.3816 -21.2144 20.6729 
9.6856 -2.82735 5.06938 

-0.832559 0.0954278 -0.101398 
-1.77272 -2.1191 1.6022 
-3.23147 -3.19762 3.193 
-0.744198 0.0429203 -0.209595 
0.910519 -1.99324 0.532057 
-0.659564 -0.970966 -0.140011 
0.085232 -0.944634 -1.11853 
-1.72481 0.643234 1.21251 
3.01981 -0.810361 -0.697456 
0.104016 -1.13671 -1.07314 
-1.67691 -4.61621 1.45299 
-1.15653 -1.10002 0.629836 
15.2522 -37.1058 -13.8291 
-0.684443 -3.92759 2.23852 
0.0880761 -0.94823 -1.13085 
-0.629781 0.227972 0.1604 
-5.84757 -13.6825 2.15913 
8.84747 -22.3547 -6.87856 
4.70217 -8.31241 -1.55404 
-0.180449 -0.711123 -0.901209 
0.0647755 -0.934175 -1.11948 
1.15939 -3.89098 -0.450353 
-0.170987 -0.572751 0.93605 
-2.05329 -2.13428 3.60931 
0.946142 -0.285704 -0.80636 
