0.994141 -0.00541132 -0.107954 -0.550138 0.0143263 0.996531 0.0819773 0.0038288 0.107136 -0.0830436 0.99077 1.1445 0 0 0 1
-0.6819 0.185272 0.707592 -0.665623 -0.240607 0.856736 -0.456193 0.802562 -0.690739 -0.48133 -0.539631 0.0389717 0 0 0 1
###
-1.0861 0.347176 0.718197 
10.8119 -19.4515 28.4565 
12.0313 0.458716 8.41481 
11.2399 0.518424 7.77925 
-2.19796 -11.7981 8.6102 
11.4398 -22.2398 33.2329 
11.7908 0.532392 8.18362 
9.32867 -3.06146 2.08767 
10.9996 -19.2926 27.9346 
8.82788 -9.93243 3.39785 
-12.6855 -3.3358 3.76776 
8.26958 -2.37205 4.10769 
23.2302 -21.032 20.5852 
11.2746 -21.9342 32.8471 
0.617243 -0.151088 0.768663 
-0.87424 0.314541 0.48236 
13.7961 -5.90181 13.0258 
0.936436 0.187169 2.83402 
24.0853 -21.8534 21.3002 

-0.768128 0.0700031 -0.203679 
2.0652 -4.84878 -0.51434 
-0.933687 0.127813 -0.0235653 
0.085232 -0.944634 -1.11853 
-1.59209 -4.77688 1.66966 
-1.1573 -2.73156 0.525179 
0.0442612 -0.902518 -1.08096 
-0.670699 -0.952707 -0.143356 
-6.47941 -5.86856 6.1791 
9.6085 -25.6625 -8.79674 
-0.629781 0.227972 0.1604 
-0.512688 0.155017 -0.0104466 
0.868878 -5.95738 -1.4366 
1.91734 -3.36143 0.238705 
-0.899964 0.115313 -0.0627837 
-0.346238 -1.14367 -0.45824 
-0.659564 -0.970966 -0.140011 
-0.488213 -0.0631802 -0.498412 
-1.16001 -2.69536 0.508114 
