-0.980765 -0.160305 0.111368 -0.0217164 -0.194276 0.856927 -0.477423 0.139618 -0.0189015 -0.489876 -0.871588 0.918826 0 0 0 1
0.98706 0.0352946 -0.156418 0.153254 -0.031125 0.999094 0.0290274 -0.274825 0.157301 -0.0237833 0.987264 -0.00965369 0 0 0 1
###
1.68842 -1.87436 -0.205984 
-1.97579 -3.70308 0.959448 
-0.902131 0.347768 0.590659 
3.98901 -2.24479 1.72478 
-1.80782 -3.21039 -0.252147 
-0.656839 -0.192775 0.738896 
-0.558962 -0.129641 0.75097 
-1.50511 -3.85006 -0.92858 
2.01694 -0.0448614 0.415082 
8.38708 -6.96744 3.70708 
-1.73294 -4.42769 -1.17398 
-0.782079 -1.33534 0.919192 
-0.706921 -1.11037 0.659709 
-1.09261 -0.557554 0.643473 
-1.89856 -3.61368 -0.178071 
0.298752 0.266871 0.539016 
-1.64188 -0.801 -0.429352 
0.129185 0.375777 0.629316 
-0.93541 -1.60522 0.939557 
-0.801459 -1.34512 0.922597 

-0.459602 0.163728 0.323975 
-0.844793 -1.10561 1.14966 
0.451974 -0.110626 -0.0387614 
-0.969431 -0.650762 0.292978 
1.76557 -1.41531 0.315596 
-0.152363 -0.00302461 0.318002 
-0.1374 0.266869 0.194556 
-0.79125 -0.460682 0.368986 
-0.447143 0.131781 0.318896 
0.0947871 -0.825723 0.638599 
-0.992978 -0.651875 0.45632 
-1.5804 -1.21065 0.910509 
-0.221608 0.315838 0.235485 
0.124247 -0.0083503 0.294355 
-1.65553 -1.96336 1.76688 
-0.251551 0.0453111 0.324493 
-0.451163 0.109418 0.32845 
0.138064 -0.825489 0.520882 
-0.967933 -0.553803 0.503922 
-4.43747 -4.18176 2.6846 
