-0.978928 -0.144446 0.144344 -0.0730025 -0.200836 0.80889 -0.552595 0.2272 -0.0369386 -0.56994 -0.820855 0.907472 0 0 0 1
0.991983 -0.124233 -0.0231394 0.0527102 0.124597 0.992094 0.0150258 -0.00839088 0.0210898 -0.0177884 0.999619 -0.0208216 0 0 0 1
###
1.03299 -4.55916 -2.19052 
-2.02466 -16.2365 -8.50378 
-0.741015 -4.25149 2.69656 
0.193329 0.293475 0.664942 
-0.209071 -1.21491 0.00792778 
-0.979283 -3.05928 2.14034 
-1.55525 -0.555267 -0.378966 
-1.69906 -0.622958 -0.479455 
1.06011 -1.07296 0.183398 
-1.11417 -1.45723 0.618609 
-1.12344 -0.526063 0.670667 
-0.489069 -3.07312 -1.04819 
-1.51429 -3.87241 -0.934125 
1.71885 0.0073659 -0.248265 
-1.46424 -0.500102 -0.310503 
-1.73529 -4.43495 -1.17377 
-0.095712 0.495673 0.628128 
2.29471 -0.818627 0.45941 
-0.799987 -4.74177 -1.94738 
-1.88632 -3.59334 -0.176557 
-0.0100752 0.280362 0.861692 
-0.778488 -1.30343 0.92055 
0.416724 0.532651 0.531216 
-1.48298 -0.693502 -0.310463 
-1.75561 -3.31812 -0.106006 
-0.490451 -2.94763 -0.946976 
0.704415 -1.53673 0.265189 
3.26436 -2.1405 0.701648 
-1.25017 -0.790095 0.22288 

-0.240891 -0.792007 1.07205 
-0.613784 -0.616966 0.280842 
-0.0489592 0.135241 0.277333 
-0.019821 0.324012 0.181279 
-0.697276 -1.0951 1.17804 
0.083689 -0.653036 0.81265 
-0.0550929 0.321874 0.179121 
0.0138985 0.324569 0.174277 
-0.00373164 0.323269 0.175363 
0.124482 -0.191427 0.30474 
0.109608 -0.0595244 0.287596 
-2.63251 -2.6955 1.61406 
-0.34713 -1.20992 1.45146 
-0.083905 0.111816 0.286058 
-0.490713 0.177182 0.353341 
-2.18645 -2.23622 1.32037 
0.0139557 0.325065 0.174866 
-0.608082 0.31382 0.32362 
-0.196163 -0.628501 0.803701 
-1.87848 -2.2347 2.01193 
-2.22193 -2.1386 1.39644 
0.0832058 -0.259194 0.3754 
0.428206 0.338691 0.121055 
-0.451163 0.109418 0.32845 
-1.65553 -1.96336 1.76688 
-4.28884 -4.49932 2.60385 
0.189384 -0.784934 0.630101 
2.23853 -1.75716 0.804205 
-0.0651377 0.300629 0.0926983 
