0.992195 -0.00519396 -0.124588 -0.620586 0.0208933 0.991932 0.125037 0.0728921 0.122933 -0.126664 0.984299 1.14797 0 0 0 1
-0.6819 0.185272 0.707592 -0.665623 -0.240607 0.856736 -0.456193 0.802562 -0.690739 -0.48133 -0.539631 0.0389717 0 0 0 1
###
-21.9347 -25.2692 2.53762 
-11.9471 -35.2852 16.1415 
-14.2895 -21.0351 23.4697 
14.1821 -15.8872 19.0578 
16.4787 -17.0112 20.8236 
15.2235 -17.8321 7.63292 
-0.204929 -23.6658 5.67949 
-2.18376 -11.6878 8.53033 
9.69601 -7.88776 4.79333 
9.28895 -1.12764 4.55514 
11.1677 -21.7293 32.4407 
9.81739 -11.1217 3.89219 
11.6497 0.525996 8.08535 
-2.10004 -11.3 8.21958 
18.1692 -18.6332 23.2302 
-0.931937 0.301855 0.531687 
-13.8842 -18.833 20.3942 
9.61059 -2.7993 4.98514 
10.0776 -17.5932 25.5224 
20.4811 -22.9472 27.6023 
1.10197 -2.56354 -0.732952 
8.70762 -9.79167 3.35556 
-0.152256 0.401543 -1.07066 
12.5317 -0.691972 9.07922 
0.405179 1.39816 -0.489494 
-12.4646 -3.27614 3.69675 
0.404682 1.38988 -0.493147 
-12.1728 -3.43079 3.66866 
-1.99552 -11.4112 9.40037 
9.80864 -2.87332 5.14642 

10.6472 -14.5748 -2.38508 
-1.10838 -4.10939 1.60444 
-0.880368 0.0999497 -0.0715084 
2.42149 -4.25339 -0.0120868 
9.6085 -25.6625 -8.79674 
-2.00179 -3.46876 1.09055 
-1.42911 -5.00424 1.55126 
-1.59209 -4.77688 1.66966 
-1.10669 -1.64164 0.926048 
-0.3569 -0.943584 -0.504111 
-0.293786 -6.22453 -1.13712 
-0.951579 -2.82881 0.284925 
0.0442612 -0.902518 -1.08096 
-2.94737 -6.32997 0.290868 
15.2522 -37.1058 -13.8291 
0.0880761 -0.94823 -1.13085 
-0.893827 0.0893525 -0.119723 
-0.328825 -1.15231 -0.464448 
7.23098 -18.3189 -5.53785 
1.50253 -4.73033 -0.622065 
-0.72648 -4.0001 2.00137 
-0.82884 -4.66843 -0.635784 
-6.61689 -8.50105 2.52232 
0.105618 -1.1385 -1.08201 
-0.777427 0.0564963 -0.210594 
-0.629781 0.227972 0.1604 
-1.74097 0.514512 0.937281 
-0.591843 -0.00492738 -0.377673 
-1.58394 -4.18795 1.54482 
-0.512049 0.147955 -0.00739094 
