0.990179 -0.0174055 -0.138715 -0.692282 0.0366739 0.98981 0.137589 0.102029 0.134906 -0.141325 0.980728 1.16603 0 0 0 1
-0.6819 0.185272 0.707592 -0.665623 -0.240607 0.856736 -0.456193 0.802562 -0.690739 -0.48133 -0.539631 0.0389717 0 0 0 1
###
14.1545 -16.5522 7.0657 
12.4192 0.479654 8.69743 
11.9836 0.539965 8.32076 
0.959562 -2.01684 -0.779637 
3.76317 1.99389 -0.108815 
-2.12215 -11.4303 8.31377 
17.8168 -18.2202 22.7479 
-0.194332 0.0821059 0.688699 
0.181003 0.162783 0.514725 
-0.306757 0.807568 0.551342 
10.4019 -18.0999 26.2524 
0.933993 -1.82233 -0.892095 
8.78992 -9.88647 3.38088 
0.459056 1.20699 -0.105582 
-0.946129 0.312892 0.543409 
0.411154 1.41688 -0.501589 
-13.0853 -8.28108 5.65047 
-12.3135 -3.46916 3.71052 
9.78742 -2.85623 5.07574 
12.4989 -0.655136 9.075 
-1.77631 -10.3192 8.39576 
18.0725 -17.8013 15.7083 
21.8347 -19.7585 19.3234 
15.9646 -28.0645 40.607 
7.6692 0.680944 2.4813 
4.0797 2.16488 -0.0215335 

-2.00179 -3.46876 1.09055 
0.0442612 -0.902518 -1.08096 
-1.69967 0.496687 0.912792 
-1.49783 -4.28716 1.37463 
3.01981 -0.810361 -0.697456 
-1.585 -4.49946 1.56437 
15.2522 -37.1058 -13.8291 
-1.71469 0.502946 0.923988 
-1.38038 0.315734 1.00847 
-0.755154 0.0455165 -0.177117 
7.23098 -18.3189 -5.53785 
-0.72648 -4.0001 2.00137 
9.6085 -25.6625 -8.79674 
-1.62801 -4.93438 1.48843 
-0.346238 -1.14367 -0.45824 
-0.777427 0.0564963 -0.210594 
-0.489448 -1.17588 -0.192411 
-0.629781 0.227972 0.1604 
0.946142 -0.285704 -0.80636 
0.105618 -1.1385 -1.08201 
-1.58394 -4.18795 1.54482 
1.95082 -12.7597 -3.77327 
-1.16001 -2.69536 0.508114 
1.56951 -4.91641 -0.674162 
-0.727721 -0.838022 -0.118466 
-0.642708 -0.00615905 -0.369231 
