-0.980765 -0.160305 0.111368 -0.0217164 -0.194276 0.856927 -0.477423 0.139618 -0.0189015 -0.489876 -0.871588 0.918826 0 0 0 1
0.991983 -0.124233 -0.0231394 0.0527102 0.124597 0.992094 0.0150258 -0.00839088 0.0210898 -0.0177884 0.999619 -0.0208216 0 0 0 1
###
-2.01701 -16.2399 -8.50627 
-0.902131 0.347768 0.590659 
3.63801 -12.3202 -6.47726 
0.41382 0.531067 0.531643 
-1.5592 -0.557002 -0.3815 
3.98901 -2.24479 1.72478 
1.15787 -0.428942 1.05715 
-0.48724 -3.06713 -1.04678 
-1.80782 -3.21039 -0.252147 
-0.656839 -0.192775 0.738896 
-0.558962 -0.129641 0.75097 
-1.50511 -3.85006 -0.92858 
-1.45699 -3.7865 2.80995 
-1.46546 -0.500047 -0.311698 
8.38708 -6.96744 3.70708 
-1.73294 -4.42769 -1.17398 
-0.782079 -1.33534 0.919192 
-0.706921 -1.11037 0.659709 
-1.70429 -0.625089 -0.483011 
-1.09261 -0.557554 0.643473 
-1.89856 -3.61368 -0.178071 
1.97413 -0.0330903 0.419902 
-1.24894 -0.789304 0.222658 
-0.93541 -1.60522 0.939557 
2.17069 -3.09554 -0.826761 
-0.801459 -1.34512 0.922597 

-0.613784 -0.616966 0.280842 
-0.0622245 0.319005 0.180585 
0.0675208 -0.495622 0.694091 
-0.252923 0.300879 0.150851 
0.397938 0.366372 0.123217 
-0.945911 -0.869751 0.133435 
-2.65774 -2.63009 0.703629 
-0.697276 -1.0951 1.17804 
2.3579 -1.83283 0.825131 
-0.118462 0.0708449 0.299295 
0.0569042 0.0161328 0.215324 
-2.63251 -2.6955 1.61406 
3.02997 -2.69729 0.496338 
-0.426128 0.167412 0.306559 
0.083689 -0.653036 0.81265 
0.214506 -0.345493 0.459266 
-1.89867 -1.86985 1.23834 
0.20699 -0.216543 0.26198 
0.392797 0.360813 0.122208 
0.104567 -0.0283225 0.277065 
-1.87848 -2.2347 2.01193 
-0.169216 0.31182 0.190134 
-0.249184 0.0558822 0.313133 
-0.210203 -0.660537 0.908184 
0.189384 -0.784934 0.630101 
-2.22193 -2.1386 1.39644 
