-0.980765 -0.160305 0.111368 -0.0217164 -0.194276 0.856927 -0.477423 0.139618 -0.0189015 -0.489876 -0.871588 0.918826 0 0 0 1
-0.268975 -0.313588 -0.910667 -0.0148487 0.122826 0.926624 -0.355361 -0.0944707 0.955284 -0.207437 -0.210721 0.0678326 0 0 0 1
###
3.75376 -5.5684 -1.86774 
-2.01701 -16.2399 -8.50627 
-1.97579 -3.70308 0.959448 
-0.902131 0.347768 0.590659 
0.0179375 0.166145 0.625805 
-0.173138 -4.09563 2.04362 
-1.5592 -0.557002 -0.3815 
-0.539101 0.408482 0.596206 
-1.80782 -3.21039 -0.252147 
-1.25223 -0.787244 0.213962 
0.0198662 0.174209 0.639422 
-0.558962 -0.129641 0.75097 
-1.50511 -3.85006 -0.92858 
-1.04071 -3.46763 2.31201 
0.225047 0.286364 0.627923 
-1.73294 -4.42769 -1.17398 
-0.706921 -1.11037 0.659709 
-1.70429 -0.625089 -0.483011 
0.100592 0.106834 0.541027 
2.26913 -0.878254 0.472819 
0.726244 -1.54117 0.384493 
-1.89856 -3.61368 -0.178071 
-0.966713 -1.68132 0.935471 
-1.76096 -3.32621 -0.106706 
-0.93541 -1.60522 0.939557 
-0.52259 0.408624 0.60753 
0.0190591 0.188983 0.503358 
2.40454 -4.14658 0.917002 
0.124519 0.51769 0.686675 
0.100669 0.419436 0.652791 

-0.0996684 -0.385568 -0.252373 
0.509683 -0.373492 0.304102 
0.234744 -1.15857 -0.951578 
0.348543 0.289486 -0.123474 
0.0870717 -0.108838 -0.583853 
0.112724 -0.561197 0.534562 
0.316653 0.328183 0.104131 
-0.0980212 -0.244228 -0.219428 
2.09444 -4.09221 -2.14128 
0.35853 0.299704 -0.0701026 
0.270038 -1.64061 -1.2311 
0.1334 -0.0363112 0.309865 
2.02804 -1.92372 -0.397243 
0.161854 -0.84439 0.559742 
-0.000464391 -0.306843 -0.238385 
2.50313 -2.50251 -0.374933 
0.266533 -0.153672 0.166466 
0.111449 -0.00792497 -0.528162 
-0.0932124 -0.121029 -0.409924 
0.0832234 -0.0830506 -0.577569 
0.0325833 -0.302397 -0.15947 
2.0042 -1.74056 0.343965 
0.308783 -0.961213 -0.776819 
1.61129 -1.43671 0.283843 
0.517022 -1.75486 -1.33919 
-0.00264196 -0.324649 -0.290607 
0.358876 0.314729 0.00140171 
0.981144 -2.44526 -1.34777 
0.339065 0.321959 0.0600316 
0.148221 -0.555437 -0.324388 
