0.990179 -0.0174055 -0.138715 -0.692282 0.0366739 0.98981 0.137589 0.102029 0.134906 -0.141325 0.980728 1.16603 0 0 0 1
0.46242 0.254513 0.849347 -0.747356 -0.232556 0.959195 -0.160817 0.0923784 -0.85562 -0.123156 0.50274 -0.0331058 0 0 0 1
###
-10.4285 -30.797 14.0103 
-2.11317 -11.1649 8.15758 
-16.7277 -24.6495 27.6049 
12.4192 0.479654 8.69743 
-2.19226 -11.7415 8.56509 
11.9836 0.539965 8.32076 
0.959562 -2.01684 -0.779637 
17.8168 -18.2202 22.7479 
0.977961 -2.09711 -0.747481 
0.838398 1.72742 -0.13954 
12.723 -0.727875 9.21867 
-0.306757 0.807568 0.551342 
-13.2218 -8.47092 5.71352 
-0.945935 0.307541 0.540429 
-16.4906 -22.3663 24.3543 
-3.82622 -27.3096 9.31759 
-2.00339 -11.1446 8.06382 
4.05726 2.13938 -0.0162481 
-0.946129 0.312892 0.543409 
0.411154 1.41688 -0.501589 
-13.0853 -8.28108 5.65047 
-12.3135 -3.46916 3.71052 
9.78742 -2.85623 5.07574 
-0.240937 1.4166 -0.0992583 
21.8347 -19.7585 19.3234 
18.1624 -17.8469 15.8037 
12.4238 0.621988 8.60208 
4.0797 2.16488 -0.0215335 

0.641822 -1.44979 1.62715 
0.330715 -1.22717 1.95807 
0.647566 -1.16019 2.12796 
-0.907832 0.113289 -0.0621004 
0.314576 -1.69102 2.32659 
-0.150781 0.0128081 0.605121 
-1.14228 -4.16638 1.73156 
-0.470993 -1.73534 -0.0247954 
-1.4905 -4.43932 1.45849 
0.0994062 0.299975 0.573678 
-0.11447 -0.135784 0.70788 
0.571375 0.436847 0.463497 
1.04414 0.535555 2.55065 
-0.151931 0.0121063 0.602835 
0.113053 0.313136 0.914789 
0.729543 -3.626 3.23183 
0.781164 -1.68201 1.67636 
-0.12968 0.0553269 0.484211 
-0.131894 0.0547193 0.480261 
-0.0938014 0.0897111 0.49259 
-0.890842 0.111248 -0.0631373 
0.799357 0.426735 2.4455 
1.06722 -1.16225 1.90506 
-0.0673745 -0.0208424 0.652714 
-5.66763 -5.0889 6.86972 
-4.03095 -4.52318 7.01595 
0.632071 -1.08785 2.05075 
-0.0806582 -0.121604 0.698835 
