0.992195 -0.00519396 -0.124588 -0.620586 0.0208933 0.991932 0.125037 0.0728921 0.122933 -0.126664 0.984299 1.14797 0 0 0 1
0.467235 0.259849 0.845086 -0.766437 -0.23788 0.957536 -0.162905 0.097905 -0.851531 -0.124914 0.509207 -0.0424824 0 0 0 1
###
-11.9471 -35.2852 16.1415 
-14.2895 -21.0351 23.4697 
1.04072 -2.35204 -0.671842 
11.9907 0.460836 8.39051 
-5.51767 -16.7918 7.23984 
-12.9005 -8.21632 5.56682 
-2.10004 -11.3 8.21958 
18.1692 -18.6332 23.2302 
0.76455 1.99491 -0.494565 
7.48219 2.52603 1.46187 
0.105671 -0.364421 1.60907 
-0.203756 -24.3302 5.89014 
-1.97625 -10.9839 7.94696 
9.61059 -2.7993 4.98514 
10.0776 -17.5932 25.5224 
-0.152256 0.401543 -1.07066 
-0.706433 1.19063 0.0169751 
-0.905108 0.302945 0.500314 
0.213298 1.36675 -0.656309 
0.405179 1.39816 -0.489494 
-12.4646 -3.27614 3.69675 
7.23276 -2.1055 1.01037 
4.02568 2.13693 -0.0149567 
9.80864 -2.87332 5.14642 

0.641822 -1.44979 1.62715 
0.085232 -0.944634 -1.11853 
-1.34941 -4.54035 1.74131 
0.809052 -1.05287 2.23731 
0.119184 0.353436 0.748134 
1.04414 0.535555 2.55065 
0.344703 -1.29626 2.04423 
-0.131031 -0.50332 1.90399 
-0.0228612 0.143446 0.86278 
-0.720559 0.0170039 -0.289509 
0.55416 1.37365 2.49886 
-0.0634777 -3.55066 2.55366 
0.717114 -1.394 1.5173 
-0.343147 -1.14225 -0.465432 
-2.55692 -3.86331 8.1533 
-1.27587 -1.40843 1.81157 
-0.0440494 0.228871 0.583142 
0.0536727 0.153942 0.976982 
-0.091442 0.0851959 0.52626 
-0.0938014 0.0897111 0.49259 
0.802933 0.420904 2.44168 
-0.0477731 -0.110744 0.749131 
-0.12968 0.0553269 0.484211 
1.06538 -1.16315 1.92364 
