-0.929949 -0.210794 -0.301266 0.0346579 -0.0684126 0.904238 -0.421514 -0.207823 0.361269 -0.371376 -0.855316 0.125188 0 0 0 1
0.999826 -0.0181038 -0.00442226 0.0211327 0.0181495 0.99978 0.010521 0.014026 0.00423082 -0.0105994 0.999935 0.00169115 0 0 0 1
###
0.0516599 -0.29775 -0.176586 
1.72297 -2.30532 -0.547062 
1.33286 -3.19249 -1.99092 
0.747513 -0.83833 -0.432104 
1.50604 -3.42032 -1.80551 
0.0568864 -0.92701 -0.095015 
-1.80217 -1.71384 -0.12987 
-0.273838 0.228835 -0.178983 
-0.00546458 -0.252571 -0.217809 
-0.120398 -0.274229 -0.131076 
-1.2623 -1.662 -0.299524 
0.202445 -0.00649917 0.226725 
0.415443 -0.197036 0.0682658 
0.0549534 -0.939157 -0.128804 
-0.0721128 0.270203 -0.0208904 
-0.139948 -0.335574 -0.173381 
0.147669 -1.096 0.2282 
0.0435935 -0.458484 0.057294 
-0.0549198 0.185764 -0.0359767 
-0.207734 -0.625569 -0.543986 
2.05147 -2.59 0.869269 
0.340302 0.00474154 -0.3201 
0.338741 0.0453914 -0.244644 
-0.0147756 0.488132 -0.214909 
-0.806904 -0.341728 -0.396595 
1.32554 -2.74769 -1.72605 

0.987221 -1.45869 0.766295 
5.63823 -5.89767 6.0894 
0.14904 -2.64053 5.02781 
-0.481981 -1.64616 2.24872 
0.0590705 -1.43484 2.84365 
0.0865269 -3.62539 1.97944 
-0.897814 0.347549 0.588685 
-0.0900108 0.291569 0.141819 
1.25499 -1.48003 0.558693 
0.190368 0.0394792 0.176526 
1.16181 -1.93558 0.985318 
-0.893788 -1.21841 0.0479461 
2.50079 -4.25416 7.06462 
0.085545 -1.48869 0.793284 
0.091771 0.0959234 0.33764 
-4.04191 -6.22414 0.198709 
0.489317 -3.50946 1.71127 
0.329634 -3.64489 1.85328 
0.0167871 -0.0173976 0.36626 
-0.0471372 0.0489925 0.377633 
2.20536 -8.28756 9.31207 
-0.91893 -0.354607 1.36793 
-0.104112 0.0426588 0.423422 
-0.132009 0.35386 0.110217 
0.0200534 -0.0161628 0.373931 
-0.148869 0.24768 0.387321 
