0.99153 -0.0243019 -0.127582 -0.701337 0.0448885 0.985923 0.161061 0.390795 0.121872 -0.165423 0.978664 1.1456 0 0 0 1
-0.6819 0.185272 0.707592 -0.665623 -0.240607 0.856736 -0.456193 0.802562 -0.690739 -0.48133 -0.539631 0.0389717 0 0 0 1
###
19.5648 -18.1914 17.5762 
1.5892 -4.42391 -0.3176 
-7.61621 -22.8288 10.186 
18.798 -19.4697 23.8671 
13.5252 -15.7924 6.73672 
-12.3675 -5.39802 4.79024 
12.3268 0.482242 8.63136 
10.5751 -7.75669 5.19425 
2.34244 2.29636 1.17684 
16.5126 -18.5857 22.3346 
8.74511 -9.83656 3.36808 
11.8977 0.538003 8.26308 
-18.5724 -25.1342 27.4882 
-2.13628 -11.4881 8.36565 
10.8137 -18.9029 27.4016 
20.7126 -23.2332 27.9503 
-8.50872 -4.5254 7.34276 
5.01334 -5.20815 -1.34911 
-11.6628 -0.698796 8.16965 
-12.4904 -3.51985 3.77552 
-0.176442 -23.7624 5.76807 
8.09737 -2.44906 1.39606 
0.96271 -1.94206 -0.865524 
9.95934 -2.91136 5.21471 
8.46724 -2.50457 1.40456 
18.0999 -17.7772 15.7592 
-36.6029 -53.9746 14.5998 
12.4013 -0.645436 9.00336 
8.55136 -0.227669 3.07213 
16.9202 -25.502 36.3248 
-9.79025 -1.89338 8.75592 
9.27345 -6.38925 4.26833 
22.8261 -20.7719 20.2103 
1.41731 1.66474 0.796736 
-1.96809 -11.2728 9.28498 
-2.30595 -6.10229 1.88797 
-31.9999 -40.6332 11.577 
4.13672 2.19609 0.000950364 

-0.913503 -2.71487 0.299371 
-1.49783 -4.28716 1.37463 
-2.12943 -4.37746 1.14874 
-1.77272 -2.1191 1.6022 
-2.00179 -3.46876 1.09055 
-1.75558 0.610628 1.14221 
-0.899964 0.115313 -0.0627837 
0.137337 -3.25359 -0.445724 
-0.210372 -0.792615 -0.962158 
0.880965 -10.9851 -3.10941 
-0.951579 -2.82881 0.284925 
-1.69967 0.496687 0.912792 
-0.893827 0.0893525 -0.119723 
-1.59209 -4.77688 1.66966 
2.42149 -4.25339 -0.0120868 
-0.16733 -4.26803 -0.380808 
-0.686953 0.0313211 -0.253952 
-0.514725 -1.51528 -0.103683 
-1.10827 -0.625908 0.291109 
0.931335 -0.292402 -0.748647 
-0.459971 -3.92335 2.44273 
-0.628214 -1.05757 -0.149037 
-1.43335 -4.42588 1.77568 
-0.512688 0.155017 -0.0104466 
-1.12496 -1.13941 0.646678 
1.95082 -12.7597 -3.77327 
-3.6802 -8.16158 10.4045 
0.105618 -1.1385 -1.08201 
-0.413767 -0.136074 -0.636836 
5.91698 -8.84109 -1.15741 
-0.529817 -0.320502 -0.344259 
-0.500653 -1.6043 -0.0816304 
-5.58847 -5.13894 6.75617 
-0.849993 0.100756 -0.109598 
-1.58394 -4.18795 1.54482 
27.704 -39.254 -7.72981 
-1.05402 -3.99205 1.55142 
-0.830384 0.100344 -0.105433 
