0.994281 -0.0264202 -0.103478 -0.6298 0.048148 0.975755 0.213505 0.77015 0.0953282 -0.217266 0.971446 1.02937 0 0 0 1
-0.6819 0.185272 0.707592 -0.665623 -0.240607 0.856736 -0.456193 0.802562 -0.690739 -0.48133 -0.539631 0.0389717 0 0 0 1
###
20.0653 -29.4433 40.685 
12.957 -20.8498 30.6915 
-17.778 -26.2707 29.5606 
0.975189 -16.3548 2.99419 
18.8296 -21.2895 25.6201 
12.7163 -23.0123 33.7169 
-23.0392 -25.6982 18.1885 
11.7216 0.458136 8.19682 
-2.11411 -11.3236 8.26794 
21.8342 -24.5 29.4846 
9.75921 -2.83455 5.16352 
11.6235 -13.571 5.6468 
-13.6593 -0.839112 4.38587 
11.3145 0.506245 7.85559 
-1.94703 -10.8247 7.84275 
21.4123 -19.4081 18.9844 
6.08251 2.02859 -0.115715 
10.4097 -2.19953 6.07382 
13.5624 4.50384 15.9996 
0.80908 0.408269 1.49833 
-12.8419 -8.1296 5.56553 
13.7862 -3.87638 7.89697 
8.22366 -2.4367 1.40014 
10.9764 -12.6223 4.53558 
12.9904 4.32097 15.2744 
-0.148057 -22.3872 5.37839 
8.18843 -2.5614 1.65226 
17.6847 -17.6582 15.3862 
11.6149 -13.3608 4.85969 
3.79363 2.00256 -0.0257196 
11.9135 -0.653308 8.61847 
0.199924 1.30696 0.0738556 
-1.76808 -10.2694 8.37297 
9.9972 -11.4432 3.95791 
9.48171 -2.77575 4.97116 
0.200683 1.35312 0.117319 
10.5988 -1.3298 4.40762 

0.676188 -5.39849 -0.953024 
10.9882 -17.863 -4.06645 
-0.880368 0.0999497 -0.0715084 
-0.237682 -0.703759 0.92852 
-0.509658 -2.85398 -0.0616094 
2.22376 -3.40041 0.352033 
-5.58847 -5.13894 6.75617 
-0.933687 0.127813 -0.0235653 
-2.12943 -4.37746 1.14874 
1.88482 -2.59954 0.750975 
-0.328825 -1.15231 -0.464448 
-1.37798 -3.96583 -0.0227629 
-0.532782 0.238499 0.195264 
0.0442612 -0.902518 -1.08096 
-1.59209 -4.77688 1.66966 
-1.16001 -2.69536 0.508114 
-0.744198 0.0429203 -0.209595 
-1.14814 -1.24513 0.705259 
1.31552 -0.956228 -2.25986 
4.17298 -6.31128 -0.575392 
0.356853 -0.614633 -1.80494 
-0.512688 0.155017 -0.0104466 
-0.701355 -0.896527 -0.134999 
-1.30207 -4.64782 -0.30148 
1.3118 -0.95376 -2.26375 
-0.710082 -3.93234 2.233 
-0.703934 -0.885704 -0.130882 
0.389032 -3.44046 -0.193124 
-1.85502 -2.08911 1.6993 
-1.69967 0.496687 0.912792 
0.105618 -1.1385 -1.08201 
-1.67691 -4.61621 1.45299 
-1.58394 -4.18795 1.54482 
-0.68257 -3.38228 -0.0906542 
-0.323597 -1.15634 -0.443064 
-1.60921 -4.36371 1.37953 
-0.583365 -0.0127547 -0.367184 
