0.99629 -0.0300438 -0.08065 -0.538686 0.0496894 0.965928 0.253997 1.03039 0.070271 -0.257062 0.963837 0.865128 0 0 0 1
-0.6819 0.185272 0.707592 -0.665623 -0.240607 0.856736 -0.456193 0.802562 -0.690739 -0.48133 -0.539631 0.0389717 0 0 0 1
###
13.9053 -25.2891 37.0608 
19.6125 -20.39 24.9926 
-0.00717632 -14.1334 3.05962 
20.561 -23.4563 28.2683 
10.4649 0.40792 7.291 
10.239 0.452628 7.09946 
6.79737 -2.18808 1.34136 
21.314 -23.9866 28.8436 
0.736921 0.392727 1.44676 
0.395173 -0.525234 1.62159 
-4.68177 -9.81364 6.07488 
-12.8122 -19.6122 21.8261 
-4.30428 -18.1576 9.64829 
11.4132 -3.60675 3.43061 
18.939 -18.784 16.6147 
12.4827 4.11906 14.7446 
-11.5349 -7.31034 5.00272 
7.43678 -2.32676 1.50445 
10.365 0.498445 7.14938 
12.0689 3.99141 14.2068 
-0.379548 -0.782098 0.947812 
-4.47167 -9.32899 5.79296 
2.19103 -61.4209 42.2789 
7.25452 -2.14816 1.19684 
1.12699 -17.3241 3.27323 
-2.35191 1.6744 0.517199 
12.0921 -13.9091 5.16137 
-1.74267 -10.0269 8.25772 
22.6186 -20.616 20.085 

-0.293786 -6.22453 -1.13712 
1.6731 -4.82107 -1.01971 
-1.23512 -7.54169 2.68234 
7.23098 -18.3189 -5.53785 
-0.933687 0.127813 -0.0235653 
-1.69967 0.496687 0.912792 
-0.659564 -0.970966 -0.140011 
-1.85931 -2.49248 1.33893 
-0.413767 -0.136074 -0.636836 
-0.390635 -0.0352366 -0.365058 
0.0381269 -0.902964 -1.09022 
-0.830384 0.100344 -0.105433 
-0.907233 -4.42881 -0.0259386 
-0.618448 -1.06443 -0.145977 
2.24188 -14.3314 -4.33636 
1.31552 -0.956228 -2.25986 
0.356853 -0.614633 -1.80494 
-0.690148 -0.914381 -0.137077 
0.085232 -0.944634 -1.11853 
1.3118 -0.95376 -2.26375 
-0.539281 0.19604 -0.037092 
-0.686718 0.0324487 -0.186852 
-1.52788 -3.46834 0.617044 
-0.712975 -0.998514 -0.231081 
-0.232404 -1.575 1.38275 
2.91294 0.105356 -3.94771 
7.06591 -7.16708 1.66298 
-1.58394 -4.18795 1.54482 
0.868878 -5.95738 -1.4366 
