-0.945968 -0.167086 -0.277897 0.0149883 -0.055942 0.928264 -0.367691 -0.223476 0.319398 -0.332278 -0.887455 0.0967198 0 0 0 1
0.999887 -0.0150314 0.000733189 0.0111982 0.0150302 0.999886 0.00157822 0.00567617 -0.000756828 -0.00156702 0.999999 0.00133178 0 0 0 1
###
0.0165318 0.247852 -0.0420788 
-4.7284e-05 0.249552 -0.0450121 
0.391002 -1.18203 -0.804584 
0.961776 -1.84459 -0.784514 
0.0702604 0.00648777 -0.108589 
1.50292 -3.41211 -1.80165 
0.030244 0.248903 -0.054711 
-1.86116 -1.76722 -0.143964 
0.0501511 -0.937423 -0.140654 
0.0298545 -1.02801 -0.648192 
1.87877 -2.31804 0.806419 
0.0191423 0.210755 -0.0596966 
2.08522 -3.11758 -0.577003 
0.909349 -1.06028 -0.534942 
1.54075 -3.13885 -1.36328 
2.23842 -2.89351 0.981734 
0.0129335 0.188191 -0.0485071 
0.0565013 -0.934508 -0.0988034 
1.68782 -2.12338 0.745991 
0.28398 0.471947 0.0335537 

2.00507 -1.57738 2.14322 
-0.132008 0.353859 0.110216 
4.05642 -4.14407 5.9712 
4.05308 -3.80696 5.74091 
2.14485 -1.71208 2.30394 
-0.00556647 -0.379707 0.641349 
4.05674 -3.13711 4.33091 
0.871298 -1.04572 0.0907089 
0.337411 -3.61811 1.8364 
1.25556 -1.4806 0.558862 
2.00446 -7.8264 9.21685 
0.0272891 -0.110236 0.416905 
6.47845 -7.61695 7.05003 
1.32291 -4.07874 7.39764 
10.0278 -9.2718 5.713 
-1.02515 -3.85293 2.34378 
-0.887412 0.347904 0.58988 
0.329638 -3.64484 1.85327 
2.20497 -8.28613 9.31057 
-0.84511 -1.76002 1.53364 
