0.893595 -0.159648 -0.419525 0.582782 0.012382 0.943026 -0.332489 -0.0628599 0.448704 0.291916 0.84466 -0.201687 0 0 0 1
1 0 0 0 0 1 0 0 0 0 1 0 0 0 0 1
###
-0.535068 -1.49947 4.19593 
0.398896 -1.04919 2.06645 
0.36718 -1.94205 5.62971 
1.64793 -2.06635 0.225974 
7.54368 -8.06987 -0.120384 
-1.43728 -1.10422 2.35858 
-0.293698 0.208161 0.667952 
-0.498218 0.39367 0.385593 
3.82283 -3.15853 1.48175 
-1.88777 -1.32192 1.93793 
0.631314 -1.08459 2.04669 
0.48938 -0.787801 1.35586 
1.52417 -2.77321 0.42416 
-0.490481 -1.24325 3.80297 
-0.302884 -0.612946 0.813247 

20.1647 -19.009 18.4917 
-0.833148 0.605289 0.551541 
20.7875 -37.5187 54.7506 
22.8812 -23.9466 0.602019 
4.2344 -5.99063 0.173905 
3.82529 -7.93947 9.22632 
0.104502 0.229194 0.349576 
-0.486021 0.602489 0.107174 
22.4226 -25.6978 31.0222 
-0.0514722 0.286214 0.449063 
-0.467868 -0.56561 0.649374 
-3.7389 -7.22808 4.32215 
21.9815 -25.0359 30.1338 
40.0047 -37.2203 37.3 
0.738506 -12.97 3.90387 
