-0.976551 -0.169846 0.132287 -0.0595628 -0.215285 0.769953 -0.600686 0.353442 0.000169436 -0.615081 -0.788464 0.885725 0 0 0 1
0.991983 -0.124233 -0.0231394 0.0527102 0.124597 0.992094 0.0150258 -0.00839088 0.0210898 -0.0177884 0.999619 -0.0208216 0 0 0 1
###
-1.55835 -0.557841 -0.38093 
-1.69841 -3.15463 -0.169778 
-2.15242 -15.5636 -8.11633 
-1.68628 -4.33271 -1.11898 
-1.14075 -3.22116 2.20319 
-0.908179 0.349581 0.595297 
-1.55835 -0.557841 -0.38093 
-0.505968 -3.25141 -1.14049 
-1.47757 -0.508468 -0.320253 
-0.998153 -1.12575 0.596999 
-1.503 -6.71338 -2.81237 
1.68893 0.0135416 -0.229312 
-1.60812 -0.575117 -0.412769 
2.29491 -0.818571 0.459448 
2.01222 -0.0437569 0.412369 
-1.35756 -0.85551 0.161883 
-0.8675 -7.20689 -3.38434 
-1.34776 -0.305127 -0.404344 
1.60074 0.334576 -0.686362 
-0.887748 0.34808 0.590092 
0.0207043 0.236587 0.631131 
-1.50162 -0.707025 -0.326396 
-1.05908 -0.0874624 0.35104 
-1.24994 -0.789696 0.222777 
0.503071 -3.22027 1.30369 
0.411551 0.529788 0.535693 
0.717417 -1.57359 0.255057 
-1.57564 -2.81634 0.493586 

-0.0599405 0.350761 0.198031 
1.43518 -1.18744 1.10107 
-0.697276 -1.0951 1.17804 
-0.0366228 -0.461604 0.661951 
0.023637 -0.435324 0.614365 
0.429597 0.337284 0.0739734 
-0.0457679 0.321473 0.178084 
0.186866 -0.234427 0.298452 
-0.000743314 0.324243 0.175101 
-0.16894 -0.123655 0.344662 
-1.94972 -2.33158 2.1002 
-0.0670726 0.124522 0.279936 
-0.426128 0.167412 0.306559 
-0.608082 0.31382 0.32362 
-0.463987 0.111844 0.341422 
-0.273975 0.0562946 0.332029 
-1.55428 -1.5127 0.794806 
-0.164713 0.121896 0.26455 
-0.0968225 0.321382 0.194976 
-0.0213642 0.322683 0.173215 
0.533949 0.427241 0.114632 
-0.451163 0.109418 0.32845 
-0.1213 0.0709197 0.322826 
-0.0651377 0.300629 0.0926983 
0.13069 -0.870887 0.449472 
0.428206 0.338691 0.121055 
0.189393 -0.784954 0.6301 
-2.18645 -2.23622 1.32037 
