0.997259 -0.0401521 -0.0621433 -0.484185 0.0558305 0.959543 0.275972 1.22063 0.0485483 -0.278685 0.959155 0.759962 0 0 0 1
-0.6819 0.185272 0.707592 -0.665623 -0.240607 0.856736 -0.456193 0.802562 -0.690739 -0.48133 -0.539631 0.0389717 0 0 0 1
###
-12.2674 -19.7769 22.0268 
1.87227 1.82375 0.929057 
-2.16059 1.54225 0.465602 
9.90616 0.381285 6.90562 
-12.793 -15.7681 10.3172 
17.3912 -28.3794 41.7298 
-3.75049 -11.4758 4.82941 
9.78892 0.426365 6.80081 
5.61288 -2.08353 1.10688 
0.31364 -0.0389831 0.840174 
13.0686 -23.0704 33.5315 
1.17911 -21.4156 4.41834 
22.1971 -20.2265 19.8289 
23.038 -26.0299 31.3334 
-4.04613 -7.70785 4.68232 
-10.021 -2.64278 2.99872 
7.02271 -2.3811 1.64584 
6.84808 -2.03395 1.13786 
9.69164 0.463156 6.67876 
12.1834 4.00866 14.4229 
10.1291 -0.566468 7.31837 
-2.20338 1.56919 0.489631 
16.7892 -29.5252 42.6941 
21.8893 -24.9976 9.9393 
1.85037 1.52906 1.58363 
8.35054 -2.45628 4.39665 
24.6465 -24.8605 22.1097 

0.356853 -0.614633 -1.80494 
-0.830384 0.100344 -0.105433 
1.6731 -4.82107 -1.01971 
-0.933687 0.127813 -0.0235653 
-5.58847 -5.13894 6.75617 
0.676188 -5.39849 -0.953024 
-2.12943 -4.37746 1.14874 
0.085232 -0.944634 -1.11853 
-0.690835 -0.928251 -0.144805 
-0.488213 -0.0631802 -0.498412 
2.1754 -6.56586 -1.50988 
-0.459971 -3.92335 2.44273 
-1.16001 -2.69536 0.508114 
7.23098 -18.3189 -5.53785 
1.15939 -3.89098 -0.450353 
1.24506 -0.189642 -0.978263 
-0.744475 -0.812886 -0.11167 
-0.712975 -0.998514 -0.231081 
0.0442612 -0.902518 -1.08096 
1.31552 -0.956228 -2.25986 
0.105618 -1.1385 -1.08201 
-1.71469 0.502946 0.923988 
1.50253 -4.73033 -0.622065 
-1.16983 -4.23067 -0.240504 
-0.588198 -0.00711077 -0.368476 
-0.323597 -1.15634 -0.443064 
1.95082 -12.7597 -3.77327 
