-0.966933 -0.250082 0.0499951 0.0352091 -0.241683 0.835956 -0.492714 0.413761 0.0814253 -0.488504 -0.868754 0.931446 0 0 0 1
0.991983 -0.124233 -0.0231394 0.0527102 0.124597 0.992094 0.0150258 -0.00839088 0.0210898 -0.0177884 0.999619 -0.0208216 0 0 0 1
###
0.0177181 0.167022 0.614897 
-0.947085 -0.309144 0.141547 
-14.2447 -84.8588 -46.0833 
0.41504 0.531858 0.530687 
0.790763 -1.75702 0.343574 
2.05665 0.666155 0.144784 
-1.98459 -15.4967 -8.10097 
-0.194915 -0.551022 0.694937 
-1.52922 -0.541969 -0.358387 
-0.194425 -0.560544 0.706399 
-1.03397 -0.407477 0.705068 
-1.52922 -0.541969 -0.358387 
0.125059 0.250434 0.620089 
-1.51982 -0.53164 -0.351494 
-0.780084 -0.450262 0.502844 
-0.182414 -0.547677 0.715369 
1.67704 0.0165177 -0.220761 
-2.03517 -0.672811 -1.9376 
2.12092 -0.79956 1.08416 
-0.90461 -0.540348 0.42981 
1.54474 -0.0802881 -0.517607 
-0.537544 0.412096 0.597627 
-1.52182 -0.515773 -0.345406 
-2.70109 -12.0741 -5.69704 
-0.182733 -0.548949 0.717048 
0.888459 -1.03762 0.394718 
-1.5577 -2.81441 1.07448 
-0.369858 0.414481 0.543854 
-3.00161 -5.67295 -0.947996 
-1.09528 -7.33878 -3.26819 
2.19454 -0.845526 0.488021 
-0.524699 0.409228 0.597299 
0.66194 -4.51149 1.44974 

-0.00879989 0.298588 0.0755022 
-0.0599405 0.350761 0.198031 
0.298351 -0.549129 0.0807483 
-0.333173 0.180969 0.292844 
-0.325444 -0.795985 0.854208 
-0.632996 0.325647 0.335829 
-0.666816 -0.677996 0.358201 
0.714924 -0.574689 0.443776 
-0.173755 0.0166937 0.309672 
0.885945 -0.693441 0.566479 
0.116351 0.0574623 0.269713 
0.0138985 0.324569 0.174277 
0.15327 -0.777362 0.635313 
-0.336343 0.185495 0.305303 
-0.273975 0.0562946 0.332029 
-2.63251 -2.6955 1.61406 
-0.0945258 0.102112 0.28999 
-0.789159 0.205539 0.234711 
-0.171443 -0.0859235 0.338259 
-0.0656285 0.300137 0.092508 
-0.0771548 0.310061 0.122014 
-0.000743314 0.324243 0.175101 
-0.0457679 0.321473 0.178084 
-0.300581 -0.291492 0.344361 
-2.18645 -2.23622 1.32037 
-0.00373164 0.323269 0.175363 
-0.240891 -0.792007 1.07205 
-0.0761526 0.302303 0.115814 
2.24 -1.75835 0.804649 
-1.86151 -1.8862 0.839452 
0.0682465 0.0986533 0.236893 
0.000138731 0.327117 0.176762 
0.13069 -0.870887 0.449472 
