0.997879 -0.0644263 -0.00927624 -0.396889 0.0650521 0.992012 0.108075 1.23861 0.00223925 -0.10845 0.994099 0.865688 0 0 0 1
-0.6819 0.185272 0.707592 -0.665623 -0.240607 0.856736 -0.456193 0.802562 -0.690739 -0.48133 -0.539631 0.0389717 0 0 0 1
###
0.184018 -0.0699404 0.711635 
-17.0851 -22.5261 0.133842 
-10.0667 -12.9977 8.5059 
17.0221 -31.2807 45.9512 
5.0684 1.77933 0.0881251 
23.094 -21.7439 21.16 
-1.87844 1.3429 0.414038 
2.51697 -4.41964 3.70447 
5.51911 1.88966 1.11309 
7.27063 -18.6426 0.436139 
0.196293 -0.10456 0.637377 
26.1816 -39.2978 53.8202 
8.73572 0.333495 6.08624 
2.82717 -3.72503 1.1442 
-8.54742 -7.66138 1.56218 
24.6722 -28.0408 33.7829 
19.9579 -22.951 9.45731 
-1.96167 1.43176 0.479819 
-0.977122 -0.520237 1.44905 
8.74369 0.374213 6.08193 
-0.0147861 -3.43922 2.16788 
4.31392 -7.78436 9.35122 
2.50713 -3.5562 0.139372 
-1.07391 -0.48584 1.58289 
-2.87188 -7.89773 3.19512 
-3.61613 -7.48649 4.58492 
17.2828 -30.4444 44.0172 
21.4887 -32.4627 44.3402 
12.4206 -14.0336 4.95324 
-0.114419 -17.2575 4.16366 
11.0169 3.60916 13.0632 
-27.1017 -34.4151 9.85491 
21.2704 -32.2722 45.9628 
-0.107256 -16.733 4.00616 
5.43866 1.87995 0.7879 
6.29214 0.00144341 2.2283 
10.8732 3.57861 12.9108 
-0.306015 -0.630625 0.763556 
0.596112 -0.962679 2.00594 
-29.4022 -43.4352 11.8585 
-1.90109 1.35533 0.422785 
0.585896 -0.9642 1.91901 
19.6266 -20.0219 17.6493 

-0.860957 0.0883888 -0.119721 
20.9488 -17.898 8.13979 
-5.58847 -5.13894 6.75617 
-0.1701 -7.73631 -1.57334 
-1.56653 0.493214 1.0977 
3.11631 -18.2781 -6.67977 
-0.178579 -0.766559 -0.837645 
3.04232 -6.21503 -0.806233 
-0.424652 -0.139692 -0.652929 
-1.43335 -4.42588 1.77568 
-0.58667 0.263112 0.225186 
-2.31908 -2.55615 2.06247 
-0.933687 0.127813 -0.0235653 
-1.98939 -3.4024 1.00442 
-0.474413 -1.75512 -0.0280506 
-2.02226 -2.293 1.87957 
-0.675308 -2.84207 0.0328696 
-0.174729 -0.766672 -0.841409 
-1.71469 0.502946 0.923988 
0.0442612 -0.902518 -1.08096 
2.3341 -2.81139 1.4431 
9.6085 -25.6625 -8.79674 
-0.865421 -3.29538 -0.0161652 
-0.777427 0.0564963 -0.210594 
-1.05402 -3.99205 1.55142 
-0.686718 0.0324487 -0.186852 
1.50253 -4.73033 -0.622065 
2.24188 -14.3314 -4.33636 
-0.978961 -3.85673 -0.169687 
-0.459971 -3.92335 2.44273 
1.3118 -0.95376 -2.26375 
-1.10838 -4.10939 1.60444 
0.835972 -5.7188 -1.36934 
-0.460852 -3.86441 2.40347 
-0.685974 -0.000698254 -0.346209 
-0.622403 -0.0224 -0.361627 
1.31552 -0.956228 -2.25986 
3.07492 -1.4377 -0.417299 
0.39714 -0.631851 -1.87728 
-3.6802 -8.16158 10.4045 
-1.90276 0.560215 1.07218 
0.387273 -0.627165 -1.8332 
1.95082 -12.7597 -3.77327 
