0.997689 -0.0590754 -0.0335559 -0.423148 0.0657499 0.963944 0.257855 1.32218 0.0171131 -0.259466 0.965601 0.704708 0 0 0 1
-0.6819 0.185272 0.707592 -0.665623 -0.240607 0.856736 -0.456193 0.802562 -0.690739 -0.48133 -0.539631 0.0389717 0 0 0 1
###
-12.1178 -14.9436 9.81108 
0.56582 0.0814747 0.913614 
1.71892 1.67467 0.854609 
4.65274 1.38855 0.26679 
23.575 -27.0352 32.6334 
12.9384 -15.2247 6.56106 
-3.13902 -8.50986 3.49426 
0.553011 -0.000499965 0.752641 
9.22084 0.354137 6.43525 
-0.0749989 -15.1914 3.50228 
7.37762 -18.8918 0.41839 
9.13734 0.393992 6.35767 
11.7405 3.86003 13.9473 
-9.42477 -2.50836 2.80937 
-0.121615 -17.8081 4.29549 
-6.99277 -0.185566 6.89456 
9.09591 0.431981 6.28181 
-4.21755 -9.30348 5.20327 
-27.9077 -41.1264 11.0215 
7.77541 -6.12081 3.8903 
9.38285 -0.52873 6.78065 
-0.110836 -17.3332 4.15314 
-1.99961 1.42572 0.441985 
2.45645 2.36046 2.48811 
-27.8367 -41.1074 11.1668 
13.7156 -15.6295 5.96402 
7.66228 -2.25564 4.03106 

-5.66763 -5.0889 6.86972 
0.551582 -2.19371 -1.08594 
-0.830384 0.100344 -0.105433 
2.91294 0.105356 -3.94771 
-0.509658 -2.85398 -0.0616094 
-1.03378 -4.24783 -0.0713773 
-1.10838 -4.10939 1.60444 
-0.684349 0.0115277 -0.462518 
-0.768128 0.0700031 -0.203679 
-0.197728 -4.32894 2.38068 
-0.363939 -3.90952 2.30272 
0.0442612 -0.902518 -1.08096 
1.31552 -0.956228 -2.25986 
-1.08713 -1.42926 0.777822 
-0.459971 -3.92335 2.44273 
-1.14814 -1.24513 0.705259 
2.64295 0.228542 0.239838 
-0.840618 0.10819 -0.117288 
-0.185704 -4.04639 -0.287563 
-0.350456 -1.57993 -0.24328 
0.105618 -1.1385 -1.08201 
-0.460852 -3.86441 2.40347 
-1.74097 0.514512 0.937281 
-0.502332 -0.862498 -0.279507 
-3.6802 -8.16158 10.4045 
1.67288 -2.11482 1.04974 
-0.512049 0.147955 -0.00739094 
