-0.95482 -0.216341 -0.203751 0.0231832 -0.0983695 0.877036 -0.470246 -0.233001 0.280431 -0.428958 -0.858693 0.121748 0 0 0 1
0.999826 -0.0181378 -0.0043939 0.0211349 0.018183 0.99978 0.0104806 0.0140357 0.00420284 -0.0105586 0.999935 0.00168135 0 0 0 1
###
-1.19096 -1.52635 -0.274053 
-0.543707 -0.270037 0.0152174 
-0.0663235 0.251863 -0.0178454 
0.0673087 -1.1483 -0.174556 
0.216135 0.609475 -0.128267 
-0.0654264 0.251855 -0.0175362 
-0.0592687 0.266219 -0.0240213 
-0.01029 0.25806 -0.0370347 
-0.838462 -0.362432 -0.413381 
-0.0489752 0.257807 -0.0249626 
-0.0407071 0.261329 -0.0281709 
0.993454 -0.717204 0.519047 
0.0689349 -0.791215 0.0239633 
-0.105387 -0.344877 -0.219807 
0.0335777 -0.731508 -0.12639 
0.466089 -0.208341 0.252453 

4.05639 -4.14406 5.97117 
-0.89777 0.347542 0.588653 
0.0186565 -0.0656424 0.396815 
0.0864822 -3.62513 1.97933 
-1.00885 0.271601 0.355958 
0.251541 -0.0125612 0.442352 
0.159017 0.0674538 0.252187 
0.183174 -0.000994595 0.177956 
0.000804739 0.186137 0.302445 
-0.131147 0.101639 0.363692 
0.068977 0.221471 0.210246 
0.0590721 -1.43489 2.84368 
0.48923 -3.50918 1.71117 
1.95934 -1.5702 0.458909 
-0.232846 -3.78632 2.23625 
1.4163 -4.08974 7.55324 
