0.999745 -0.0219345 0.00540198 -0.331347 0.0223278 0.995797 -0.08882 1.08274 -0.00343106 0.088918 0.996033 1.0057 0 0 0 1
-0.6819 0.185272 0.707592 -0.665623 -0.240607 0.856736 -0.456193 0.802562 -0.690739 -0.48133 -0.539631 0.0389717 0 0 0 1
###
0.1627 -0.058037 0.638367 
11.1549 -13.1389 5.70002 
-11.7591 -13.5759 1.35241 
4.64598 -6.57014 0.194215 
16.4041 -11.0774 0.777545 
17.7089 -32.7178 48.0597 
26.0516 -41.6344 61.4963 
-9.02552 1.13727 2.22474 
7.69326 0.292751 5.35654 
4.37327 1.34336 0.777116 
-1.65108 1.18817 0.360789 
0.171771 -0.0821156 0.592026 
7.74214 0.329331 5.3904 
0.38323 -0.0957834 0.553172 
5.08213 -1.55731 2.46489 
7.99858 -0.468449 5.77972 
-0.175132 -4.44438 3.83523 
5.36242 -1.78546 1.1804 
19.8284 -35.7081 52.1153 
56.6551 -84.7067 122.976 
-5.85276 -0.173506 5.76275 
9.89165 3.23644 11.7624 
-6.03377 -0.14768 5.98009 
4.79798 1.65877 0.69714 
-0.114205 -16.6462 4.05361 
5.80237 -1.81055 1.3103 
6.05383 -0.812679 2.36987 
1.94236 1.78738 1.8944 
37.5659 -34.8563 34.8385 
1.25577 -16.6927 4.95937 
4.87316 -6.96623 0.221015 
24.3166 -44.3033 64.0886 
-0.138966 -14.2274 4.87787 
21.6778 -22.0676 19.7104 

-1.81903 0.536114 1.00948 
-3.90749 -8.25989 10.445 
-0.583365 -0.0127547 -0.367184 
-9.83032 -10.9121 18.2973 
-0.744198 0.0429203 -0.209595 
2.9524 -4.01592 0.365951 
-2.53088 -3.47399 1.32913 
2.09961 -0.25441 -0.744825 
0.0442612 -0.902518 -1.08096 
-0.424652 -0.139692 -0.652929 
-0.178579 -0.766559 -0.837645 
-0.860957 0.0883888 -0.119721 
0.085232 -0.944634 -1.11853 
3.01981 -0.810361 -0.697456 
-0.323597 -1.15634 -0.443064 
0.104016 -1.13671 -1.07314 
-1.57319 -2.57359 0.939381 
-0.512714 -0.738672 -0.314236 
-1.03378 -4.24783 -0.0713773 
-1.10669 -1.64164 0.926048 
-1.14814 -1.24513 0.705259 
1.31552 -0.956228 -2.25986 
-1.1244 -0.641605 0.353817 
-0.685974 -0.000698254 -0.346209 
-0.459971 -3.92335 2.44273 
-0.760398 -0.912816 -0.226778 
-0.517464 -0.709442 -0.347175 
-0.899964 0.115313 -0.0627837 
-1.16001 -2.69536 0.508114 
-0.894116 -4.14394 1.94119 
-1.60892 -3.70001 0.649166 
8.31814 -9.15463 2.37277 
-1.23512 -7.54169 2.68234 
0.389032 -3.44046 -0.193124 
