-0.971792 -0.234314 0.0267923 0.0507939 -0.228528 0.907496 -0.352457 0.287961 0.0582717 -0.348638 -0.935444 0.988723 0 0 0 1
0.989648 -0.138698 -0.0368741 0.0978097 0.137854 0.990149 -0.0245306 -0.0187241 0.0399132 0.0191934 0.999019 -0.0252965 0 0 0 1
###
-0.876716 -2.47826 -0.155665 
-2.0254 -3.84013 -0.358932 
2.05532 0.665625 0.14473 
-1.98382 -15.4992 -8.10038 
-0.96742 -0.320008 0.127053 
1.95838 -0.0459989 0.424241 
0.415178 0.532025 0.530589 
0.503018 -0.671237 0.886883 
2.67739 -1.61043 1.53656 
-1.16377 -1.36971 0.546486 
-1.52068 -0.537483 -0.351895 
-0.810602 -1.60847 1.44171 
-0.703909 -5.88067 -2.48276 
-8.9419 -49.8487 -27.3819 
-4.72067 -8.96295 -2.02102 
-0.726041 -1.44468 1.40182 
-1.52068 -0.537483 -0.351895 
-0.0753729 0.0424431 0.463117 
-1.00458 -0.384112 0.72397 
0.688686 -2.59777 1.38811 
-1.51548 -0.528412 -0.346586 
-2.02265 -0.666105 -1.92215 
1.50203 -1.59865 -0.792206 
-0.566998 -2.92468 1.85848 
1.47375 -1.56542 -0.76154 
0.448616 -0.0315202 1.07807 
-1.09054 -0.46403 0.676922 
-1.34072 -0.542492 0.271924 
0.151749 -0.157148 0.496043 

1.58753 -1.70272 1.72623 
0.0995552 -0.125743 0.165247 
-0.632996 0.325647 0.335829 
-0.697276 -1.0951 1.17804 
0.397938 0.366372 0.123217 
-0.0550929 0.321874 0.179121 
-0.333173 0.180969 0.292844 
0.138036 -0.825399 0.520827 
-0.945911 -0.869751 0.133435 
-0.16656 -0.0867014 0.331164 
-0.0457679 0.321473 0.178084 
3.03083 -2.69806 0.496354 
-0.527665 -0.797139 0.950573 
0.347777 -0.268272 0.206207 
0.124482 -0.191427 0.30474 
1.44241 -1.97987 0.206716 
-0.490713 0.177182 0.353341 
-0.172638 0.0984154 0.287567 
-0.108033 0.0867962 0.298145 
0.0482535 -0.450156 0.222349 
0.392854 0.360867 0.122219 
-0.789159 0.205539 0.234711 
-0.255952 0.224559 0.711856 
0.168475 -0.84489 0.44169 
-0.164534 0.200709 0.257143 
0.142372 -0.900485 0.262991 
-0.0926195 0.103914 0.289745 
-0.164713 0.121896 0.26455 
-0.246219 0.08078 0.305625 
