0.999537 0.0296783 -0.00668086 -0.262417 -0.0298218 0.999302 -0.0225107 1.16433 0.00600812 0.0226995 0.999724 0.839212 0 0 0 1
1 0 0 0 0 1 0 0 0 0 1 0 0 0 0 1
###
-2.30083 -15.7992 5.08466 
-11.4524 -14.1501 9.40421 
6.07863 -8.87895 0.254742 
22.8812 -23.9466 0.602019 
22.4226 -25.6978 31.0222 
12.1098 -2.30007 7.48836 
0.450078 0.146654 0.832705 
6.13916 -4.40148 -0.496536 
-6.77434 1.20205 4.37632 
0.145364 -0.0546255 0.571835 
4.75436 1.63919 1.51148 
4.67473 -1.43092 2.27804 
-0.69219 -0.456696 0.998282 
-5.32512 -0.160018 5.25394 
-0.124269 -15.3881 3.71703 
-24.3798 -38.9723 21.3082 
-5.44249 -0.137814 5.39772 
-6.27491 -1.69979 2.14367 
5.97556 -1.7628 3.14679 
40.0047 -37.2203 37.3 
2.46356 -15.0765 2.68785 
3.68448 -2.64718 14.1243 

0.615402 -3.44135 3.01069 
-2.5122 -2.09002 2.89225 
4.06979 -3.02618 5.49701 
2.78762 -2.08694 4.02395 
6.54743 -4.34221 5.7987 
-0.0404322 -0.0716838 0.69515 
0.0125901 0.295637 0.444123 
5.53315 -14.3009 4.47449 
1.32361 0.999493 1.7338 
-0.438804 0.296438 0.301029 
0.631927 0.485648 0.552877 
1.27439 -1.27717 3.22249 
0.0934377 0.224069 0.0443584 
1.4228 0.435039 1.58434 
0.64672 -3.48264 3.10157 
0.297759 -1.17562 2.06507 
1.45351 0.442818 1.61152 
0.102562 0.0677875 0.729438 
3.73381 -1.55519 0.369807 
-5.58847 -5.13894 6.75617 
0.102161 -3.6247 2.75134 
-0.180772 -0.0345457 0.743462 
