0.997391 0.0475377 -0.0543202 -0.297703 -0.0432636 0.996067 0.0773182 1.3715 0.0577821 -0.0747664 0.995526 0.669644 0 0 0 1
-0.6819 0.185272 0.707592 -0.665623 -0.240607 0.856736 -0.456193 0.802562 -0.690739 -0.48133 -0.539631 0.0389717 0 0 0 1
###
-24.9779 -27.2459 9.1016 
21.3403 -20.1527 19.6321 
0.148883 -0.0602327 0.574926 
28.5019 -45.5418 67.2422 
22.3902 -25.2616 30.5094 
-0.470314 -0.595346 0.663686 
19.93 -36.9527 54.2266 
7.12199 0.267091 4.95255 
-1.52147 1.09572 0.332835 
4.98554 -1.50379 0.857739 
21.9872 -39.8193 58.1146 
-8.12796 1.02711 2.05588 
7.16915 0.300333 4.98855 
5.05879 -1.40664 0.706886 
3.86624 -7.9706 9.25692 
2.36907 1.27223 0.0169306 
-0.0641229 0.0572989 0.575524 
0.378674 -0.0632627 0.465102 
-23.4549 -36.4301 42.2162 
-7.61558 -5.16044 3.39285 
9.16431 2.99947 10.8948 
-1.16622 -0.267021 1.5636 
-3.50332 -12.1135 4.69844 
-7.56852 -5.1581 3.3771 
6.07242 -1.79177 3.195 
4.98462 -1.50908 0.892632 
38.3526 -35.6707 35.7839 
2.39212 -14.6981 2.60913 
-35.1788 -44.3345 13.0068 
-28.1658 -41.5916 11.4012 
0.948187 -15.4454 3.08642 
-0.112122 -15.0106 3.6182 
5.16002 -2.02908 1.48101 
44.7485 -1.11829 48.9085 
2.72377 -15.9462 3.79506 

-1.27587 -1.40843 1.81157 
-5.61762 -4.81809 5.74475 
0.946142 -0.285704 -0.80636 
2.24188 -14.3314 -4.33636 
-1.69132 -2.01797 1.56274 
-1.71446 0.502669 0.923887 
2.9524 -4.01592 0.365951 
0.0442612 -0.902518 -1.08096 
-0.178579 -0.766559 -0.837645 
-0.659564 -0.970966 -0.140011 
7.23098 -18.3189 -5.53785 
7.06591 -7.16708 1.66298 
-1.69937 0.496223 0.912648 
-0.587086 -0.268102 -0.430431 
3.49026 -13.2341 -4.66318 
-0.899964 0.115313 -0.0627837 
0.931335 -0.292402 -0.748647 
2.91294 0.105356 -3.94771 
0.356853 -0.614633 -1.80494 
-0.788717 0.0654568 -0.17804 
1.31552 -0.956228 -2.25986 
0.910519 -1.99324 0.532057 
-1.03378 -4.24783 -0.0713773 
-0.893798 0.0893515 -0.119713 
-0.323604 -1.15636 -0.443085 
-1.12496 -1.13941 0.646678 
-5.4236 -4.98666 6.54192 
-1.04587 -4.14652 2.05282 
-1.0541 -3.99268 1.5517 
-3.6802 -8.16158 10.4045 
0.232153 -1.46559 0.749621 
-0.232404 -1.575 1.38275 
-0.555732 -1.26788 -0.131294 
-1.67672 -4.61557 1.45277 
-0.103896 -1.23653 1.19547 
