-0.99086 -0.11295 0.0737503 -0.0157048 -0.134829 0.846498 -0.515037 0.523594 -0.0042558 -0.520273 -0.85399 0.898349 0 0 0 1
0.989648 -0.138698 -0.0368741 0.0978097 0.137854 0.990149 -0.0245306 -0.0187241 0.0399132 0.0191934 0.999019 -0.0252965 0 0 0 1
###
-1.36582 -0.493193 -0.216319 
0.289513 0.0780638 0.560422 
-14.7197 -84.614 -46.2087 
-0.987391 -0.418717 0.703575 
0.94342 -3.77001 1.57131 
-1.58328 -1.10286 1.6237 
-2.00539 -15.7673 -8.24585 
0.535443 -0.757112 0.895343 
-1.04049 -8.73463 -4.10658 
-2.32618 -4.36072 1.09645 
0.416286 0.532616 0.529963 
-1.53429 -0.543656 -0.360896 
-1.11866 0.223773 0.234048 
-1.20961 -1.42706 0.530648 
-1.04273 -0.410304 0.711194 
-0.413912 -3.80674 -1.21559 
-2.37662 -6.57819 -1.95839 
0.40813 0.520105 0.542946 
-1.53721 -0.53945 -0.363164 
-1.27487 0.231525 0.131298 
2.90682 -11.7678 -5.62871 
-2.60491 -11.9189 -5.65126 
-5.52325 -13.6062 -5.29016 
1.54638 -0.0801551 -0.51813 
1.0328 -1.46616 0.843005 
-1.55616 -0.534983 -0.373443 
2.29302 -0.883151 0.470822 
-1.11055 -0.688081 0.309404 
-1.09967 -0.430353 0.696677 
-1.99312 -0.646377 -1.87769 
2.26731 -0.877225 0.472441 
-1.249 -0.788625 0.222754 
-1.10393 -0.432701 0.69426 
1.97493 -0.0333516 0.420341 
-0.548306 0.414718 0.593991 
0.71579 -0.618968 1.42166 
-0.351454 0.321749 0.239856 
1.33997 -0.751334 0.985328 
-0.954521 -0.157837 -1.27568 
-1.80091 -0.213601 -0.845874 
0.260644 -2.76263 1.36275 

-0.000743314 0.324243 0.175101 
0.393869 0.358756 0.122747 
-1.28079 -1.30552 0.691437 
0.109611 -0.0595248 0.2876 
0.0884152 -0.796857 0.248086 
0.332281 -0.210818 0.0181744 
-0.697276 -1.0951 1.17804 
0.108062 -0.591918 0.583637 
-2.62993 -2.65477 0.93446 
2.56552 -3.47501 0.428371 
-0.300581 -0.291492 0.344361 
0.397938 0.366372 0.123217 
-0.216528 0.316936 0.214725 
-0.16656 -0.0867014 0.331164 
-0.124321 0.082215 0.323934 
1.45996 -2.68426 0.00751611 
-1.58534 -1.5413 0.724014 
-0.354655 0.193386 0.31286 
-0.0550929 0.321874 0.179121 
-0.153763 0.322818 0.210758 
-0.196163 -0.628501 0.803701 
-0.365973 -0.390384 0.365172 
-1.28637 -1.26702 0.846159 
-0.0771548 0.310061 0.122014 
1.76719 -1.41662 0.315846 
-0.426128 0.167412 0.306559 
-0.608082 0.31382 0.32362 
-0.256736 0.0538407 0.320801 
-0.123465 0.0622646 0.30289 
-0.885524 0.234351 0.269619 
-0.171679 -0.138774 0.356804 
-0.249184 0.0558822 0.313133 
0.104567 -0.0283225 0.277065 
0.0138985 0.324569 0.174277 
-0.00960839 0.299664 0.0747701 
0.811064 -1.81381 -0.00214654 
0.432471 0.338781 0.0742296 
-0.169216 0.31182 0.190134 
0.421801 0.351225 0.120919 
-0.616249 0.313448 0.323082 
0.0798148 -0.764994 0.239746 
