-0.883586 -0.428701 -0.188391 0.0926844 -0.282821 0.809214 -0.514961 -0.212584 0.373213 -0.401732 -0.836256 0.114034 0 0 0 1
0.999886 -0.0151118 0.000660101 0.0112376 0.0151107 0.999884 0.00164704 0.0056564 -0.000684915 -0.00163688 0.999998 0.00134807 0 0 0 1
###
0.296217 0.0806857 0.221088 
0.0675548 -1.08716 -0.166762 
-1.40968 -1.87492 -0.333505 
-0.0278813 0.259266 -0.0308473 
0.693828 -1.02434 -0.657586 
-0.697694 0.0831245 -0.521205 
-0.0956021 -0.317742 -0.140583 
0.516677 -0.634912 -0.428749 
0.418555 -0.201918 0.0575043 
0.0519806 -0.945226 -0.139948 
1.61395 -1.38217 0.662818 
-0.0305776 0.272979 -0.033421 
2.36761 -2.18515 0.931928 
1.58331 -3.22284 -1.39642 
-0.002148 0.20419 -0.0596911 
-0.0357337 0.243404 -0.0431666 
0.345634 -0.491451 -0.551848 
-0.0543168 0.209199 -0.0398011 
2.25808 -2.9179 0.990047 
-0.0354028 0.24044 -0.043259 
-0.166706 -0.449543 -0.24356 
0.922239 -0.688938 0.349821 
-0.0196449 0.278842 -0.0366792 
0.428976 -0.208211 0.0702477 
0.21308 -0.00342512 0.157804 
0.381568 0.331509 0.0806981 
-0.0331851 0.266251 -0.0302738 
1.76813 -3.6126 -1.55742 

-0.894101 -1.21888 0.0481204 
0.69995 -3.75658 1.71216 
4.05654 -4.14422 5.97137 
1.97493 -0.0333516 0.420341 
-0.704458 -1.49912 1.41399 
-0.892213 0.347631 0.592783 
1.00491 -1.49522 0.781783 
2.1447 -1.71196 2.30383 
3.05662 -2.42034 2.21386 
0.489279 -3.50938 1.71123 
-1.00183 0.314594 0.49822 
0.0144543 0.00142833 0.366048 
1.3231 -4.07929 7.39854 
10.0784 -9.31595 5.73639 
-0.102403 0.0532528 0.388739 
0.0255376 0.278934 0.210432 
4.05358 -3.80744 5.74151 
0.0558395 -0.114862 0.408084 
2.20514 -8.28682 9.31127 
-0.541585 0.406517 0.594896 
-4.02876 -6.20317 0.197947 
2.37133 -3.88955 6.9661 
-0.132822 0.102059 0.365738 
6.4808 -7.61917 7.05174 
-1.02696 -1.89615 1.27449 
-0.882036 0.375891 0.675984 
0.0169143 0.160828 0.29181 
10.3857 -9.57684 5.8468 
