-0.982565 -0.18565 0.0100141 0.0605033 -0.175836 0.910429 -0.374435 0.335867 0.0603965 -0.369667 -0.927199 0.982261 0 0 0 1
0.989648 -0.138698 -0.0368741 0.0978097 0.137854 0.990149 -0.0245306 -0.0187241 0.0399132 0.0191934 0.999019 -0.0252965 0 0 0 1
###
2.05536 0.666134 0.145769 
0.0182576 0.165639 0.624774 
-0.704274 -1.49824 1.4133 
-1.16484 -0.405427 -0.043203 
-14.7191 -84.6001 -46.2434 
-0.0479772 -0.445983 0.763712 
0.415483 0.532201 0.530456 
0.532083 -0.723044 0.880943 
-0.83052 -1.52946 1.08735 
-1.05515 -0.438756 0.694904 
0.293002 0.0780162 0.553104 
2.93646 -1.80655 1.62414 
-0.94349 -0.16068 -1.27558 
-1.52474 -0.539135 -0.354462 
-2.21173 -5.72003 -1.68732 
0.408515 0.520613 0.542736 
1.08314 -1.64504 0.718241 
-2.19867 -13.0879 -6.74404 
-2.34579 -6.4815 -1.91947 
-1.5177 -0.529368 -0.348281 
-4.95231 -9.43926 -2.22206 
-0.992211 -0.604374 0.378874 
-0.182623 -0.569897 0.742124 
1.67177 0.0178162 -0.216993 
0.243659 -0.00876327 0.5427 
-0.182882 -0.571909 0.744661 
1.59928 -1.41493 1.7111 
-1.01885 -0.363722 0.742606 
0.419946 0.535042 0.527217 
-1.96697 -0.635448 -1.8429 
-1.04413 -4.14869 -4.60952 
2.26729 -0.877233 0.472381 
0.365345 -2.72308 1.31238 
0.947701 -3.78731 1.56916 

-0.632996 0.325647 0.335829 
-0.0651377 0.300629 0.0926983 
0.405362 -0.336428 0.097926 
-0.000743314 0.324243 0.175101 
0.20699 -0.216543 0.26198 
0.938461 -0.804533 0.736622 
-0.428753 0.306488 0.206723 
0.138042 -0.825417 0.520836 
-0.240891 -0.792007 1.07205 
-0.118462 0.0708449 0.299295 
-0.125451 0.315508 0.183411 
-0.945911 -0.869751 0.133435 
0.119659 0.337824 0.192163 
-0.490713 0.177182 0.353341 
0.348811 -0.269032 0.206692 
-0.354655 0.193386 0.31286 
0.108068 -0.591939 0.583659 
-1.28637 -1.26702 0.846159 
-0.0366228 -0.461604 0.661951 
0.0138985 0.324569 0.174277 
0.023642 -0.435331 0.614388 
-0.249184 0.0558822 0.313133 
4.30346 -3.37197 2.2432 
-0.0945258 0.102112 0.28999 
-0.0131269 0.326614 0.18601 
0.559336 -0.468908 0.452874 
-2.56488 -3.22887 0.193855 
-0.0600137 0.128816 0.277142 
-0.153139 0.317219 0.19556 
-0.789159 0.205539 0.234711 
-0.0237736 0.319796 0.170721 
0.494534 0.384422 0.082912 
0.13069 -0.870887 0.449472 
0.167767 -0.923849 0.354032 
