0.997391 0.0475377 -0.0543202 -0.297703 -0.0432636 0.996067 0.0773182 1.3715 0.0577821 -0.0747664 0.995526 0.669644 0 0 0 1
0.467183 0.259828 0.845121 -0.766443 -0.237919 0.957533 -0.162867 0.0978782 -0.851548 -0.124982 0.509161 -0.0424475 0 0 0 1
###
7.87554 -1.84035 4.50899 
1.39555 1.41041 0.734484 
0.148883 -0.0602327 0.574926 
28.5019 -45.5418 67.2422 
22.3902 -25.2616 30.5094 
-0.0646557 -0.974327 0.0179723 
-1.37901 -7.33433 5.39086 
7.12199 0.267091 4.95255 
-1.30079 -7.21842 5.24175 
4.98554 -1.50379 0.857739 
21.9872 -39.8193 58.1146 
-8.12796 1.02711 2.05588 
7.16915 0.300333 4.98855 
-2.48288 -6.78377 2.77098 
-2.05459 -6.8994 2.95903 
5.05879 -1.40664 0.706886 
3.86624 -7.9706 9.25692 
-7.61558 -5.16044 3.39285 
-5.51584 -0.138064 5.46827 
-4.2856 0.00281459 0.910857 
-1.27866 -7.1735 5.20291 
-7.56852 -5.1581 3.3771 
6.07242 -1.79177 3.195 
38.3526 -35.6707 35.7839 
2.39212 -14.6981 2.60913 
-28.1658 -41.5916 11.4012 
0.948187 -15.4454 3.08642 
-0.932165 -9.97405 2.63175 
-0.112122 -15.0106 3.6182 
44.7485 -1.11829 48.9085 
1.62846 1.30543 0.447455 
2.72377 -15.9462 3.79506 

0.197134 0.0302987 0.751623 
-0.125613 0.0564864 0.481856 
0.108442 0.310378 0.909426 
-1.27587 -1.40843 1.81157 
-3.34343 -3.23936 2.95243 
0.0507186 0.129696 0.831023 
0.315512 -1.68588 2.32297 
0.631314 -1.08459 2.04669 
0.330745 -1.22687 1.95768 
-0.523799 -0.450473 -0.346981 
-3.67837 -3.38991 3.55242 
0.88347 1.31218 2.38847 
0.0647755 -0.934175 -1.11948 
0.288306 -1.17139 2.07187 
0.6888 -1.4278 1.52612 
-0.531022 -0.304749 -0.345516 
-0.729955 -4.89345 -0.237121 
-0.890822 0.111248 -0.0631057 
1.45817 0.440709 1.54496 
0.648752 -1.15957 2.12731 
0.331585 -0.42062 1.16455 
1.06455 -0.275768 2.90887 
-0.343147 -1.14225 -0.465432 
-5.4236 -4.98666 6.54192 
-0.342886 -3.79183 2.22505 
0.0236086 0.235123 0.573055 
-0.459447 -3.85735 2.39995 
-0.169587 -3.64919 2.5371 
-0.319449 -3.70502 2.46789 
-4.8873 -7.98631 7.85376 
0.0708704 0.295691 0.900206 
-0.129269 -1.17207 -0.800619 
