0.984429 -0.0281886 -0.173509 -0.453674 0.0293871 0.999559 0.00434174 1.17833 0.17331 -0.00937307 0.984823 0.328548 0 0 0 1
-0.686993 0.138005 0.713439 -0.704355 -0.301723 0.838993 -0.45283 0.778379 -0.661063 -0.526352 -0.534742 0.0402981 0 0 0 1
###
0.131248 -0.062181 0.493159 
3.73363 1.18606 0.725864 
23.494 -26.8479 32.4038 
2.9259 -1.28213 0.32161 
0.31341 -0.0678998 0.456562 
-0.0353486 -12.2985 2.89747 
-12.0323 -14.854 9.96774 
19.2744 -28.9812 -1.02742 
6.30577 0.235483 4.38135 
4.40875 -1.32871 0.756677 
4.31026 -1.41661 0.88828 
11.1779 -12.7376 4.55965 
23.037 -42.9876 63.1496 
24.2293 -22.9294 22.4325 
5.40448 -1.57619 2.85006 
-2.68174 -5.64184 5.02237 
-0.114758 -14.0514 3.39567 
-11.1042 -18.7742 9.55722 
2.92126 -6.41411 7.41904 
17.1028 -30.7946 44.3597 
2.27141 -2.31343 6.61249 
6.36631 0.294791 4.39647 
4.2515 -1.2252 0.550751 
7.35745 2.41958 5.73948 
3.44714 1.17429 0.0843681 
5.02607 -3.99125 2.41161 
5.39812 -1.59291 2.83794 
23.574 -42.9004 62.6238 
-25.2915 13.5852 5.58736 
2.10527 1.13126 0.0151611 
3.81903 1.29371 0.538815 
4.40997 -5.41728 1.37725 
1.0113 -12.0584 3.44854 
6.25238 0.176228 4.11676 
0.791702 -0.0609672 1.29728 
-3.15761 -6.16277 5.48026 
7.83058 -15.9613 0.506142 
0.67495 -0.10968 1.27557 
-0.895156 -0.221344 1.58943 
-0.103629 -14.0044 3.39418 
5.06113 -1.57179 2.59964 

2.91294 0.105356 -3.94771 
-0.686558 -0.00178256 -0.34367 
4.02797 -6.51011 -0.67365 
-0.593681 -1.15201 -0.145232 
-0.668882 0.0229448 -0.28316 
-0.849596 -0.693322 -0.0666358 
0.868878 -5.95738 -1.4366 
-9.83032 -10.9121 18.2973 
0.085232 -0.944634 -1.11853 
-0.659564 -0.970966 -0.140011 
-0.653017 -0.998035 -0.149038 
7.06591 -7.16708 1.66298 
-0.293786 -6.22453 -1.13712 
1.44599 -8.74538 -2.96589 
-0.328819 -1.15231 -0.464452 
0.356853 -0.614633 -1.80494 
-0.458784 -3.91771 2.43993 
-0.68257 -3.38228 -0.0906542 
10.5642 -15.253 -2.51674 
7.74921 -21.0154 -6.55354 
0.137587 -0.023915 -0.0030301 
0.0442612 -0.902518 -1.08096 
-0.690148 -0.914381 -0.137077 
0.387273 -0.627165 -1.8332 
-0.770933 0.0642428 -0.203993 
-0.489448 -1.17588 -0.192411 
-0.512688 0.155017 -0.0104466 
1.6731 -4.82107 -1.01971 
-6.2897 -6.69593 3.55137 
-0.899964 0.115313 -0.0627837 
-0.685974 -0.000698254 -0.346209 
-0.158865 -0.659744 0.848666 
-0.894116 -4.14394 1.94119 
-1.69979 0.530743 1.00464 
-0.937304 0.127652 -0.0280361 
-0.880368 0.0999497 -0.0715084 
-1.4961 -4.28288 1.37399 
-0.744198 0.0429203 -0.209595 
-0.921293 0.118119 -0.00698205 
-0.232404 -1.575 1.38275 
-0.323604 -1.15636 -0.443085 
