0.98548 0.0524817 -0.16148 -0.369079 -0.0329528 0.992066 0.121322 1.33369 0.166566 -0.114239 0.97939 0.40827 0 0 0 1
0.467183 0.259828 0.845121 -0.766443 -0.237919 0.957533 -0.162867 0.0978782 -0.851548 -0.124982 0.509161 -0.0424475 0 0 0 1
###
-11.1238 -13.7335 9.13676 
-3.45492 -10.4314 4.54178 
23.6727 -26.9553 32.5422 
-0.12349 -14.1676 3.41251 
1.24073 1.19656 0.610789 
23.234 -21.9661 21.4508 
2.99982 -1.33656 0.311181 
0.138134 -0.0597521 0.524122 
22.1791 -25.2417 30.3756 
4.42254 -1.42878 0.880662 
3.74012 -2.646 14.3114 
4.58108 -1.38867 0.802123 
0.0710785 -1.03023 1.44478 
1.30953 1.14031 0.139871 
-23.3856 -36.1375 41.9221 
-1.67564 -13.7024 4.21235 
-30.2192 -42.4805 4.41156 
22.2323 -40.36 58.8823 
-6.07212 -1.63958 2.06016 
-5.00589 -0.152844 4.94441 
6.68792 0.309512 4.61954 
-7.14865 -4.84568 3.1947 
-0.1076 -14.4506 3.49606 
-0.881215 -7.92402 5.15132 
6.7729 0.322323 4.68262 
24.3848 -44.4593 64.3063 
-7.64096 -0.414635 2.45992 
-0.29933 -0.194326 0.433486 
2.88334 1.25986 0.64829 

-5.61974 -5.04757 6.8175 
0.643102 -1.45427 1.62511 
-0.487547 -0.866853 0.805446 
-0.156324 -3.71335 2.59041 
-0.125613 0.0564864 0.481856 
0.761163 -4.6766 -1.35766 
-0.0237951 0.0422114 0.900867 
0.153732 0.15897 0.646354 
-0.0876753 -1.27569 4.10275 
0.094621 0.0727684 0.818732 
0.36228 -0.279754 3.15865 
-0.523799 -0.450473 -0.346981 
-0.368363 -0.818309 -0.510548 
0.102787 0.192814 1.00882 
-0.890822 0.111248 -0.0631057 
0.128912 -3.7085 2.81476 
-0.224797 0.232786 0.240241 
-3.67837 -3.38991 3.55242 
0.0126358 0.172581 0.854463 
1.45817 0.440709 1.54496 
0.618497 -1.05279 2.01902 
0.181106 0.279052 0.640469 
0.0872805 -3.18211 2.45098 
-1.6092 -3.7004 0.64902 
0.631314 -1.08459 2.04669 
-2.53412 -3.83051 8.09013 
0.809033 -1.05289 2.23728 
0.182977 0.0934307 0.681082 
0.127112 0.351846 0.551116 
