0.982015 0.019475 -0.187796 -0.419403 -0.00274027 0.996031 0.0889624 1.3108 0.188783 -0.0868478 0.978171 0.335925 0 0 0 1
-0.6819 0.185272 0.707592 -0.665623 -0.240607 0.856736 -0.456193 0.802562 -0.690739 -0.48133 -0.539631 0.0389717 0 0 0 1
###
-5.67576 -7.9619 4.65905 
22.0399 -41.0496 60.3282 
23.2529 -26.5092 31.9792 
6.0816 -79.1213 122.91 
3.41578 1.11079 -0.367757 
10.4466 -12.3393 5.39475 
0.136921 -0.0626341 0.517925 
-11.5165 -14.2131 9.48499 
5.89597 -11.287 0.219488 
2.66928 0.372648 0.295624 
6.59192 0.246966 4.58212 
4.59431 -1.38364 0.784677 
5.93633 -4.37395 2.91193 
4.52099 -1.48509 0.942124 
-1.25856 -6.77662 4.94766 
6.59192 0.246966 4.58212 
6.63379 -4.95976 3.40548 
0.545723 -3.24063 2.61247 
5.63373 -1.64271 2.97186 
3.10667 -6.86981 7.93318 
21.6427 -24.597 29.5969 
-1.42457 1.02341 0.331953 
-0.785915 -0.34955 1.38192 
3.8008 -2.66075 14.4431 
7.68165 2.52742 5.99315 
5.00513 -3.30693 -1.41661 
22.5924 -41.1094 60.0241 
-5.26267 -0.439134 3.66976 
4.41328 -1.27669 0.569698 
6.72904 0.320994 4.65259 
-7.10998 -4.51691 3.0899 
5.63114 -1.66128 2.96222 
-3.80244 -7.19429 6.65525 
-7.0386 -4.7976 3.14224 
5.93672 -3.0361 2.41918 
8.46736 2.75597 10.0415 
-1.10272 -6.43827 5.27238 
21.127 -32.2164 45.8661 
5.52666 -6.82066 1.68099 
0.711892 -0.0889302 1.37066 
-9.215 -19.4448 -0.180122 
1.29293 1.23314 0.637155 
-0.106035 -14.3482 3.47319 
23.1019 -42.1353 61.0031 
17.0726 -26.1488 35.8735 

-4.97999 -4.46932 6.11203 
-0.293786 -6.22453 -1.13712 
10.9916 -17.8682 -4.06738 
10.6754 -33.5696 -13.2083 
0.0891778 0.0700482 -0.124467 
-2.00009 -3.46738 1.08985 
0.549594 -2.18477 -1.07767 
-5.4236 -4.98666 6.54192 
-1.4032 -3.70339 1.18364 
-0.424652 -0.139692 -0.652929 
0.085232 -0.944634 -1.11853 
-0.701355 -0.896527 -0.134999 
-0.166058 -0.55853 0.920193 
-0.653017 -0.998035 -0.149038 
-1.58568 -4.50151 1.56471 
-0.937304 0.127652 -0.0280361 
-0.468603 -1.75388 -0.00583266 
-2.31908 -2.55615 2.06247 
-0.328819 -1.15231 -0.464452 
-6.4379 -5.83252 6.14302 
9.6085 -25.6625 -8.79674 
-0.597375 -3.12952 0.0941656 
7.23098 -18.3189 -5.53785 
-0.770933 0.0642428 -0.203993 
0.39714 -0.631851 -1.87728 
-0.849813 0.0598551 -0.188624 
2.42149 -4.25339 -0.0120868 
-0.880428 -0.647831 0.00296689 
-0.734389 -0.831569 -0.122207 
0.0442612 -0.902518 -1.08096 
0.356853 -0.614633 -1.80494 
-0.512688 0.155017 -0.0104466 
0.35836 -0.615718 -1.80938 
-0.5482 0.113439 -0.0900708 
-0.561678 -1.28642 -0.133416 
1.31552 -0.956228 -2.25986 
-1.60519 -4.27061 1.56158 
4.70217 -8.31241 -1.55404 
-0.687437 -3.28074 -0.0665959 
-0.768128 0.0700031 -0.203679 
-2.19075 -9.82721 12.0948 
-0.725022 0.0194361 -0.269409 
-0.360106 -2.82339 1.97578 
-1.19478 -5.15857 -0.195596 
2.24188 -14.3314 -4.33636 
