-0.885164 -0.428113 -0.182217 0.109115 -0.331369 0.854971 -0.399023 -0.222504 0.326617 -0.29282 -0.898653 0.0845704 0 0 0 1
0.999886 -0.0151118 0.000660101 0.0112376 0.0151107 0.999884 0.00164704 0.0056564 -0.000684915 -0.00163688 0.999998 0.00134807 0 0 0 1
###
0.691161 -1.02045 -0.65628 
0.266571 0.101108 0.1509 
0.0643437 -1.07305 -0.158941 
-0.00217946 0.27178 -0.0403455 
0.595729 -0.828114 -0.564222 
0.903784 -1.05521 -0.529923 
0.0600113 -0.967854 0.099761 
-0.0198625 0.278768 -0.0367407 
0.396533 0.225352 0.0406775 
0.0554107 -0.937908 -0.128928 
0.249978 -0.32078 -0.467879 
0.646464 -2.35738 -1.56075 
0.0514922 0.261694 -0.0555155 
1.43725 -4.12589 -2.61319 
0.489932 -0.468129 -0.287448 
0.00538532 0.264388 -0.0403122 
-0.035498 0.240503 -0.0430845 
-0.114874 -0.428747 -0.108973 
1.71069 -2.28014 -0.518794 
0.661185 -0.720539 -0.395483 
0.0053128 0.264342 -0.0401816 

4.05654 -4.14422 5.97137 
-0.894101 -1.21888 0.0481204 
0.69995 -3.75658 1.71216 
0.0761121 0.144317 0.276072 
-0.704458 -1.49912 1.41399 
2.1447 -1.71196 2.30383 
-1.10942 -4.7793 2.67023 
0.169877 0.00814286 0.261701 
-0.820443 0.342985 1.10694 
0.489279 -3.50938 1.71123 
0.027347 -0.0447815 0.39756 
-0.148868 0.24768 0.387322 
-1.38003 -4.40454 2.81525 
1.83432 -3.24162 5.58215 
2.00541 -1.57768 2.14354 
1.97493 -0.0333516 0.420341 
1.94311 -0.105876 0.413771 
-0.98016 -4.18572 2.3372 
5.5734 -5.99781 6.13565 
2.10982 -1.62581 2.23526 
-0.992402 0.271141 0.349 
