-0.975478 -0.121099 0.183787 -0.132996 -0.195736 0.85916 -0.472791 0.490323 -0.100648 -0.497171 -0.861795 0.848911 0 0 0 1
0.989648 -0.138698 -0.0368741 0.0978097 0.137854 0.990149 -0.0245306 -0.0187241 0.0399132 0.0191934 0.999019 -0.0252965 0 0 0 1
###
1.66927 -1.46943 1.27532 
0.0690138 0.17151 0.606388 
0.0492439 0.178821 0.588363 
3.82808 -11.8945 -5.76069 
-2.06326 -16.2589 -8.51429 
-2.39644 -4.59361 -0.581855 
-0.994479 -0.423842 0.702997 
1.0432 -1.38856 0.823162 
0.017662 0.166009 0.616211 
0.944856 -3.77259 1.572 
-1.06852 0.271933 0.375665 
-1.06434 -0.438787 0.699239 
0.156209 -0.177084 0.439544 
-1.45301 -11.7821 -5.84728 
-1.54543 -0.549901 -0.368976 
-1.31898 -0.517826 0.632718 
-1.25126 -0.785139 0.214063 
-2.73986 -7.15283 -2.27074 
-1.79821 -3.33241 1.1012 
-1.54805 -0.545306 -0.370481 
-2.25852 -0.296236 -1.30502 
0.0181357 0.163064 0.609549 
0.429282 0.549028 0.509691 
-1.15981 -0.45775 0.678978 
0.152718 -0.159938 0.494214 
0.0319459 -1.56319 -1.83302 
0.950476 -3.79247 1.57043 
-2.3822 -1.35993 1.92285 
-1.13065 -0.702966 0.297661 
-2.50311 -6.83382 -2.05378 
-1.3415 -0.833972 0.171175 
-1.1039 -2.04539 1.1257 
-1.23093 -0.488626 0.655922 
-1.47464 -13.1362 -6.70369 
-0.980634 -0.125874 0.406558 
0.759627 -0.929407 0.494655 
-0.98108 -0.125761 0.407011 

0.08372 -0.653141 0.812795 
-0.153039 0.317541 0.195211 
0.432455 0.338776 0.0742124 
0.381815 -0.370347 0.410506 
0.732184 -0.612566 0.449231 
0.938298 -0.804366 0.7365 
-0.118462 0.0708449 0.299295 
0.111298 -0.783395 0.516952 
0.394029 0.356862 0.123055 
-0.33139 0.073374 0.335577 
-0.249741 0.318781 0.231218 
0.11 -0.0754772 0.290893 
-0.341849 0.184445 0.298195 
-0.697276 -1.0951 1.17804 
-0.0457679 0.321473 0.178084 
-0.124429 0.060922 0.304979 
-0.273975 0.0562946 0.332029 
0.348861 -0.269066 0.20671 
-0.240891 -0.792007 1.07205 
-0.426128 0.167412 0.306559 
-0.686327 0.345805 0.357598 
-0.0828102 0.319229 0.177191 
-0.250879 -0.554384 0.694749 
-0.139263 0.0329622 0.317745 
-0.246219 0.08078 0.305625 
0.0139557 0.325065 0.174866 
0.166248 -0.840314 0.436065 
0.442842 0.343535 0.0986698 
-0.0656285 0.300137 0.092508 
-0.34713 -1.20992 1.45146 
-0.0651377 0.300629 0.0926983 
0.186867 -0.234431 0.29845 
-0.108033 0.0867962 0.298145 
-1.11205 -1.49189 1.53646 
-0.161629 0.166371 0.248959 
-0.0455716 0.319875 0.177493 
-0.0852226 0.111667 0.288867 
