0.985864 -0.0597121 -0.156547 -0.492118 0.0433 0.993398 -0.10623 1.07454 0.161857 0.09795 0.981941 0.311574 0 0 0 1
-0.686993 0.138005 0.713439 -0.704355 -0.301723 0.838993 -0.45283 0.778379 -0.661063 -0.526352 -0.534742 0.0402981 0 0 0 1
###
4.83405 -58.3282 90.235 
0.315322 -0.0683307 0.459079 
-12.3795 -15.2897 10.2727 
4.81081 -6.75598 0.304683 
-2.31538 -6.25218 2.59246 
23.7873 -27.1645 32.7638 
4.17178 -5.90177 0.207114 
5.02729 -4.25408 -0.500433 
24.9468 -23.5994 23.0711 
8.26342 -84.2987 131.129 
0.0688133 -0.994545 1.39799 
16.9965 -15.5697 15.2275 
6.34847 0.23718 4.40793 
4.32752 -1.23636 0.567589 
15.5312 -17.5723 6.26798 
5.42848 -1.58225 2.85769 
4.42092 -1.43158 0.914985 
3.30317 -5.88695 7.15361 
4.77198 -11.9616 1.09033 
6.74489 -1.25384 1.06913 
-4.50203 -2.65927 4.0269 
5.06409 -4.02091 2.42771 
11.8161 -7.07207 -1.13755 
21.5429 -24.4854 29.4489 
4.39248 -1.22842 0.573709 
7.42863 2.44332 5.78998 
0.550544 -1.03092 1.94574 
6.31731 -7.41019 2.17214 
0.455064 -3.03161 0.416231 
-0.859961 -0.255482 1.5161 
4.27298 -1.22678 0.543943 
4.34659 1.5129 1.38192 
2.81513 -10.3307 1.66126 
21.565 -21.5363 19.4483 
8.01137 2.58843 9.4337 
0.599207 -0.091883 1.34165 
0.805554 -0.0407267 1.33808 
4.0914 2.66832 7.33955 
0.715105 -12.5575 3.80014 
3.35301 -1.19665 0.354435 
7.0347 2.23258 5.41549 
-0.101618 -14.1578 3.43054 
-3.46025 -6.77033 4.20179 
2.06237 1.1031 0.0244938 
4.93006 0.859198 1.63562 

10.6754 -33.5696 -13.2083 
-1.38038 0.315734 1.00847 
3.11631 -18.2781 -6.67977 
-0.159224 -0.551804 0.9139 
-2.12943 -4.37746 1.14874 
2.42149 -4.25339 -0.0120868 
-0.16121 -0.553776 0.915249 
-0.182539 -0.555144 0.91913 
1.44599 -8.74538 -2.96589 
-2.19075 -9.82721 12.0948 
-1.18046 -0.701293 0.517696 
-1.16009 -2.69552 0.508039 
0.085232 -0.944634 -1.11853 
-0.759296 -0.782712 -0.0982051 
-1.30226 -4.64837 -0.301696 
-0.328819 -1.15231 -0.464452 
-0.712975 -0.998514 -0.231081 
10.9916 -17.8682 -4.06738 
-0.277556 -3.63685 2.44987 
-0.810168 -0.712846 -0.0583824 
-1.71446 0.502669 0.923887 
-0.350456 -1.57993 -0.24328 
-1.59222 0.365693 0.575677 
4.02797 -6.51011 -0.67365 
-0.780743 -0.744918 -0.081939 
0.387273 -0.627165 -1.8332 
3.07492 -1.4377 -0.417299 
-1.17011 -4.23159 -0.240805 
-0.237682 -0.703759 0.92852 
-1.03378 -4.24783 -0.0713773 
-0.703934 -0.885704 -0.130882 
-0.412908 -0.127816 -0.644463 
-0.103896 -1.23653 1.19547 
1.95082 -12.7597 -3.77327 
1.31552 -0.956228 -2.25986 
-0.642708 -0.00615905 -0.369231 
-0.937304 0.127652 -0.0280361 
-0.58667 0.263112 0.225186 
-0.427064 -2.74788 1.54033 
-0.832572 -0.687617 -0.0406366 
0.35836 -0.615718 -1.80938 
0.232153 -1.46559 0.749621 
-0.539592 -0.0527728 -0.455136 
-0.679127 0.0377041 -0.248193 
-1.1473 -0.622885 0.218705 
