0.984266 -0.0544227 -0.168104 -0.507478 0.0435442 0.996753 -0.0677373 1.05648 0.171244 0.0593515 0.983439 0.105007 0 0 0 1
-0.686993 0.138005 0.713439 -0.704355 -0.301723 0.838993 -0.45283 0.778379 -0.661063 -0.526352 -0.534742 0.0402981 0 0 0 1
###
0.132963 -0.0542221 0.513205 
-5.81882 -7.57438 2.59387 
-12.4371 -15.3581 10.3122 
3.45552 1.1785 -0.341633 
23.9755 -44.7766 65.8937 
5.05719 -7.13618 0.307126 
6.36627 -5.52005 -0.523923 
-6.46461 -8.21594 2.86323 
6.11793 -5.31701 -0.537021 
5.45083 -1.58819 2.86981 
6.3661 0.238844 4.41752 
4.0214 -1.24872 0.501148 
7.50575 2.47122 5.97135 
10.4955 -10.3677 9.12888 
14.9276 -16.8839 6.03571 
4.45142 -1.34115 0.76001 
6.22271 -4.67775 3.14533 
4.72698 -1.80201 1.34017 
1.07158 -1.44347 2.24658 
3.44245 -5.06422 0.0551923 
-0.492648 -0.510452 0.647385 
5.89896 -2.1049 1.86156 
5.58029 -12.4511 0.769064 
-0.47898 -0.51832 0.628746 
4.37424 -1.24618 0.580091 
8.14519 2.65068 9.64685 
3.46507 1.16993 0.0761134 
-0.107215 -13.9705 3.36794 
8.05651 -4.71626 -0.905124 
4.1213 -1.68582 1.09387 
11.5689 -22.7363 33.9907 
20.9519 -19.1916 18.7131 
0.606347 -0.0828925 1.36609 
-5.93765 -13.577 17.4676 
4.16153 -6.05972 0.108893 
0.607976 -15.5546 3.27108 
4.388 -1.23955 0.571269 
0.67957 -0.128488 1.26455 
-0.09538 -14.0066 3.38908 
4.52021 -1.33353 0.796062 
2.07709 1.1082 0.0209913 
3.35712 -1.19499 0.355736 
6.61871 -0.309423 4.73402 
-12.7321 -24.0492 27.2014 
4.10224 0.777478 1.28223 

-0.54152 -0.0506512 -0.459379 
10.6472 -14.5748 -2.38508 
-5.61944 -5.04732 6.81713 
0.0891778 0.0700482 -0.124467 
10.2438 -18.0268 -4.21333 
-0.159224 -0.551804 0.9139 
-0.182539 -0.555144 0.91913 
2.42149 -4.25339 -0.0120868 
-5.71366 -3.5009 9.49206 
-0.328817 -1.15231 -0.464455 
0.085232 -0.944634 -1.11853 
-0.674044 -0.950723 -0.14374 
0.39714 -0.631851 -1.87728 
1.44599 -8.74538 -2.96589 
-1.3023 -4.64856 -0.301749 
-0.712975 -0.998514 -0.231081 
-0.358468 -1.62067 -0.251569 
-0.728466 -1.26551 -0.398943 
0.137587 -0.023915 -0.0030301 
-4.08307 -4.07397 6.5941 
-0.516292 0.154507 -0.0142859 
-0.603182 -1.29012 -0.216001 
-1.03123 -4.1386 2.06523 
-0.290262 -0.944033 -0.255621 
-0.690148 -0.914381 -0.137077 
1.31552 -0.956228 -2.25986 
-0.770933 0.0642428 -0.203993 
0.150345 -1.2347 0.783364 
-1.59191 0.365467 0.57568 
-0.670045 -1.04779 -0.19868 
0.676188 -5.39849 -0.953024 
-0.924356 -4.43052 -0.0219819 
0.0442612 -0.902518 -1.08096 
-1.16009 -2.69556 0.508024 
-1.52788 -3.46834 0.617044 
-0.803451 -3.8771 2.12439 
-0.844298 -0.673315 -0.025801 
0.931335 -0.292402 -0.748647 
-0.277375 -3.63579 2.44909 
-0.776068 -0.763333 -0.089967 
-0.890815 0.111246 -0.0631081 
-0.836472 -0.685198 -0.0384342 
0.0887986 -1.11081 -1.07543 
-1.60504 -4.27038 1.56151 
-1.13764 -1.09502 0.638997 
