-0.529614 -0.466804 -0.70824 0.153948 -0.280269 0.884361 -0.373303 -0.230098 0.800599 0.000791389 -0.599201 0.00375494 0 0 0 1
0.999884 -0.0152159 0.00063021 0.0112723 0.0152149 0.999883 0.00162971 0.00566281 -0.000654934 -0.00161993 0.999998 0.00135076 0 0 0 1
###
-0.0078317 0.207534 -0.0603064 
0.0373917 -0.365828 -0.186571 
0.638628 -0.108529 0.795552 
-0.106434 -0.58189 -0.284751 
1.49997 -3.4036 -1.79811 
0.42225 -0.495958 -0.330986 
0.320642 -0.236778 -0.159556 
0.361674 -0.0954614 -0.367863 
-0.177844 -0.647439 -0.353551 
0.519457 -0.641264 -0.430583 
1.94422 -2.6178 -0.601613 
0.307805 0.255208 -0.27804 
-0.1116 -0.489552 -0.253653 
0.466431 -0.215122 0.25119 
-0.515191 -0.986502 -0.719899 
0.470023 -0.215318 0.255472 
0.302017 0.337569 0.14098 
0.678602 -1.10364 -0.553141 
0.495824 -0.481848 -0.294151 
0.302191 0.336576 0.141446 
0.00488927 -0.429749 -0.464828 
0.0201182 0.273751 -0.0494406 
-0.00762805 0.220867 -0.0616664 
0.00655166 -0.417055 -0.459023 

-0.979642 0.374014 0.670107 
0.768089 -1.6366 0.366041 
-1.0849 -1.38125 0.0218282 
-0.909373 0.349864 0.596235 
2.11032 -1.62613 2.23566 
-0.703358 -1.48838 1.40611 
5.64187 -5.90118 6.09293 
0.195533 0.113304 0.299067 
-0.884299 0.377402 0.682296 
-0.845014 -1.75977 1.53343 
-0.232855 -3.78622 2.23618 
-1.02668 -1.89553 1.27411 
-0.890473 0.348621 0.591921 
1.17711 -1.36684 0.524054 
2.27567 0.766904 0.392811 
0.900874 -1.05959 0.402207 
-1.00237 0.314685 0.498538 
2.21111 -8.28122 9.68159 
1.83446 -3.24169 5.5824 
-1.01597 0.313799 0.496897 
-1.21766 -1.60378 0.0605958 
0.170161 -0.0400657 0.239825 
-0.131149 0.101639 0.363692 
0.0186565 -0.0656424 0.396815 
