-0.965495 -0.183323 0.184966 -0.137934 -0.236639 0.914121 -0.329219 0.324562 -0.108728 -0.361629 -0.925961 0.839403 0 0 0 1
0.989648 -0.138698 -0.0368741 0.0978097 0.137854 0.990149 -0.0245306 -0.0187241 0.0399132 0.0191934 0.999019 -0.0252965 0 0 0 1
###
-0.879633 -1.76379 1.49324 
-0.953991 -0.984529 1.33072 
-2.75942 -7.16785 -2.29504 
-1.08086 0.273512 0.369238 
0.152952 -0.160414 0.493899 
-1.08288 -1.38496 0.594584 
-2.41204 -4.65164 -0.590911 
-2.08256 -16.2576 -8.50986 
-1.54422 -0.54332 -0.367273 
-0.98231 -0.310119 0.795756 
-1.07344 -0.420282 0.705303 
0.0179871 0.163521 0.606901 
-1.0733 -1.37978 0.591789 
-0.816469 -0.428479 0.707148 
-5.14491 -9.8048 -2.3241 
-1.43541 -3.0121 0.127599 
-0.872977 0.371161 0.712953 
-1.38569 -0.791216 0.0363667 
-7.45226 -47.3432 -25.9088 
-4.33844 -8.22199 -1.77893 
-0.722263 -1.45046 1.40799 
-1.15705 -2.10275 1.06594 
-1.38295 -2.90473 0.158694 
-0.539702 0.410223 0.602379 
-2.23156 -0.286588 -1.27427 
-1.8572 -1.26193 1.51955 
-1.1541 -0.719093 0.282338 
-2.87993 -1.42101 0.1988 
-1.24033 -8.3196 -3.81616 
-1.2055 -2.18641 1.06751 
-0.366101 0.329044 0.21389 
-1.99112 -0.645513 -1.8682 
-0.0508032 0.0306572 0.475397 
-1.61186 -0.170235 0.0805645 
2.245 -2.81967 -0.550243 
-1.02975 -0.177023 -1.44519 
-0.922597 -1.88203 1.5573 
1.53389 -0.713211 -0.113833 
-1.61885 -0.967628 0.45688 
1.63418 -2.04224 -0.144559 
-1.22974 -8.11805 -3.67599 
-3.38382 -6.3063 -1.15079 

0.405362 -0.336428 0.097926 
0.332281 -0.210818 0.0181744 
0.186867 -0.234431 0.29845 
-0.249741 0.318781 0.231218 
0.119089 0.0770919 0.253508 
-0.300581 -0.291492 0.344361 
-0.365973 -0.390384 0.365172 
-0.697276 -1.0951 1.17804 
-0.426128 0.167412 0.306559 
-0.0600137 0.128816 0.277142 
-0.0852226 0.111667 0.288867 
0.393872 0.35876 0.122741 
-0.22166 -0.130948 0.365263 
-0.145691 0.015986 0.323299 
-0.0391502 -0.182845 0.302377 
-1.87848 -2.2347 2.01193 
0.36896 0.285257 0.042331 
-0.288683 0.0644903 0.309666 
-0.527665 -0.797139 0.950573 
-2.48387 -2.59524 2.52398 
1.77847 -1.44242 0.342512 
-0.105136 -0.359774 0.517594 
-1.69063 -1.97641 1.80233 
-0.000743314 0.324243 0.175101 
-0.708832 0.361243 0.372591 
0.442842 0.343535 0.0986698 
-0.249184 0.0558822 0.313133 
-0.1213 0.0709197 0.322826 
-0.196163 -0.628501 0.803701 
-0.224033 -0.688617 0.953727 
-0.0599405 0.350761 0.198031 
-0.789159 0.205539 0.234711 
0.432455 0.338776 0.0742124 
-0.103156 0.0914433 0.293757 
-0.0457679 0.321473 0.178084 
-0.246219 0.08078 0.305625 
0.0974927 -0.767155 0.508469 
-0.146884 0.0112106 0.32139 
-0.151947 -0.00438512 0.317117 
-0.00373164 0.323269 0.175363 
-0.212437 -0.74078 0.929089 
-1.74711 -1.78906 1.75502 
