0.984515 -0.0458311 -0.169203 -0.50562 0.0481448 0.998794 0.00959488 1.0469 0.168559 -0.0175925 0.985535 -0.0977743 0 0 0 1
-0.686993 0.138005 0.713439 -0.704355 -0.301723 0.838993 -0.45283 0.778379 -0.661063 -0.526352 -0.534742 0.0402981 0 0 0 1
###
-0.480565 -0.520902 0.645664 
-6.95273 -8.72239 3.11108 
204.417 -238.349 -26.7229 
10.5743 -12.5086 5.50644 
4.87282 -58.2533 90.4391 
6.34383 0.238471 4.40142 
-3.88552 -7.23548 7.06531 
0.12476 -0.0864894 0.473636 
24.0745 -44.9058 66.1581 
6.3835 -6.42187 5.92671 
3.57079 -3.04412 -0.398355 
12.2951 7.86559 -0.100909 
4.46714 -1.34529 0.770223 
7.44777 2.45243 5.919 
5.79209 -12.256 0.418542 
0.318843 -0.0492596 0.508124 
15.4526 -27.6775 40.3299 
13.1971 -14.9106 5.30713 
4.40332 -1.24784 0.592377 
5.04 -3.69972 2.38528 
4.2176 -1.35453 0.779387 
0.766478 -13.9748 2.83149 
19.8046 -29.1997 26.5779 
0.317575 -0.0418267 0.517463 
-0.43046 -0.542174 0.607102 
7.44487 2.4536 5.80702 
-8.38187 -7.96073 4.25606 
22.6635 -41.0975 59.9369 
20.9946 -23.8583 28.7008 
0.803354 -12.5284 2.43505 
-0.891457 0.491012 0.505122 
0.443502 -0.705711 1.44195 
-0.490772 -0.507736 0.641164 
6.40537 0.298222 4.41779 
4.48662 -1.24363 0.598439 
3.50858 -0.738684 12.0934 
-1.16351 -6.45651 4.68583 
5.15638 -4.08454 2.4955 
7.16125 -4.27092 -0.870796 
5.44778 -1.6066 2.86103 
12.725 -13.3071 8.31598 
0.591754 -0.145078 1.26634 
13.4283 -23.4449 33.876 
-18.5125 -24.2458 6.83404 
19.9131 -30.3992 43.2796 
-0.266894 -0.985495 1.28113 
4.62788 -11.7299 1.16603 
-3.2746 -6.02277 5.61865 
0.80054 -0.0550732 1.31819 

-0.346238 -1.14367 -0.45824 
4.02572 -6.50798 -0.673002 
7.06591 -7.16708 1.66298 
-0.649648 -0.0317883 0.883519 
4.13005 -4.67005 0.926129 
0.085232 -0.944634 -1.11853 
0.35836 -0.615718 -1.80938 
-0.744198 0.0429203 -0.209595 
10.2438 -18.0268 -4.21333 
-1.85541 -2.08959 1.69969 
-0.182539 -0.555144 0.91913 
-1.56653 0.493214 1.0977 
-0.659564 -0.970966 -0.140011 
0.387273 -0.627165 -1.8332 
-1.03123 -4.1386 2.06523 
-1.73986 0.513144 0.936879 
-0.1701 -7.73631 -1.57334 
-1.3023 -4.64856 -0.301749 
-0.844298 -0.673315 -0.025801 
-0.358279 -1.48833 -0.322354 
-0.701355 -0.896527 -0.134999 
-0.682277 -3.92086 2.23504 
10.0996 -25.4749 -7.88783 
-1.71356 0.501747 0.923627 
-0.289366 -1.1569 -0.560202 
0.39714 -0.631851 -1.87728 
-0.514725 -1.51528 -0.103683 
7.74921 -21.0154 -6.55354 
4.54119 -5.68462 0.268034 
0.150345 -1.2347 0.783364 
-0.622403 -0.0224 -0.361627 
0.104016 -1.13671 -1.07314 
0.946142 -0.285704 -0.80636 
0.0442612 -0.902518 -1.08096 
-0.810287 -0.711498 -0.0619952 
2.50574 -1.43508 -0.939493 
-1.53317 -3.99479 1.24759 
-0.468603 -1.75388 -0.00583266 
3.76685 -2.23049 -0.304835 
-0.343147 -1.14225 -0.465432 
-0.331421 -11.2822 -3.25106 
-1.69833 0.494974 0.912509 
1.50253 -4.73033 -0.622065 
-6.66429 -7.58101 12.759 
27.704 -39.254 -7.72981 
-0.422379 -0.104802 -0.599957 
-0.237682 -0.703759 0.92852 
1.15939 -3.89098 -0.450353 
-0.899964 0.115313 -0.0627837 
