-0.967088 -0.169263 0.189978 -0.146803 -0.235428 0.878468 -0.415773 0.39371 -0.0965147 -0.446815 -0.889405 0.754226 0 0 0 1
0.989648 -0.138698 -0.0368741 0.0978097 0.137854 0.990149 -0.0245306 -0.0187241 0.0399132 0.0191934 0.999019 -0.0252965 0 0 0 1
###
7.62502 -5.52411 0.930236 
-0.836063 -0.862448 1.29399 
-2.55107 -4.93166 -0.679691 
-1.04972 -0.633305 0.622768 
1.64426 -1.44223 0.561811 
-2.14219 -3.84509 1.18203 
-2.08529 -16.2452 -8.50189 
-1.54528 -0.549722 -0.368579 
-1.10469 -1.28929 0.566119 
0.265878 0.0806044 0.619012 
-1.7986 0.693974 0.365985 
-2.01885 -3.91728 -0.344493 
-1.54355 -0.542661 -0.366691 
-1.89835 -0.245333 -0.962601 
0.0715554 0.16882 0.61602 
-1.2051 -0.751781 0.250795 
-0.965587 -0.40255 0.71506 
-2.57243 -7.10788 -2.19237 
-1.71657 -3.14761 1.0978 
-0.0401967 0.0383242 0.407108 
2.37648 -1.45508 0.618411 
-1.54886 -2.7865 1.08831 
0.260271 0.0773986 0.627697 
-1.02339 0.296507 0.450233 
-1.01836 -0.360061 0.751215 
-1.9756 -0.643614 -1.84833 
4.31067 -13.4701 -6.46929 
-1.28335 -0.775481 0.15724 
-1.03376 -0.404919 0.715648 
0.634264 -3.68298 1.71258 
-1.56125 -4.29795 -0.942734 
-0.970722 -0.348993 0.754779 
-1.83983 -0.221369 -0.879803 
-2.16159 -5.96826 -1.64393 
0.829469 -3.25024 1.4729 
2.06691 -1.25839 0.647851 

-1.34381 -1.37169 0.216971 
0.375 -0.248612 0.0397292 
1.23541 -0.992442 0.761605 
-0.180292 -0.0563663 0.347289 
2.24125 -1.75937 0.804998 
-0.240891 -0.792007 1.07205 
-0.697276 -1.0951 1.17804 
-0.490713 0.177182 0.353341 
-0.325462 -0.328079 0.382908 
-0.273975 0.0562946 0.332029 
-0.0550929 0.321874 0.179121 
-0.365973 -0.390384 0.365172 
0.0138985 0.324569 0.174277 
-0.686327 0.345805 0.357598 
-0.00373164 0.323269 0.175363 
-0.0651377 0.300629 0.0926983 
-0.1213 0.0709197 0.322826 
0.298351 -0.549129 0.0807483 
-0.349317 -0.904677 1.2325 
0.116908 0.0575762 0.268454 
-0.239707 -0.0542074 0.354239 
-0.105136 -0.359774 0.517594 
-0.251551 0.0453111 0.324493 
0.111298 -0.783395 0.516952 
-0.0718125 0.121888 0.280937 
-0.885524 0.234351 0.269619 
-4.50114 -4.60311 1.72765 
-0.274885 0.059787 0.322513 
-0.0670726 0.124522 0.279936 
0.142403 -0.900585 0.262987 
0.500945 -0.432986 0.428741 
-0.058327 0.131889 0.282837 
-0.616249 0.313448 0.323082 
-2.18645 -2.23622 1.32037 
0.1678 -0.923963 0.354049 
-0.174507 -0.108714 0.35343 
