0.984446 -0.0278299 -0.173467 -0.496049 0.044847 0.99447 0.0949662 0.995583 0.169865 -0.101269 0.98025 -0.354937 0 0 0 1
-0.686993 0.138005 0.713439 -0.704355 -0.301723 0.838993 -0.45283 0.778379 -0.661063 -0.526352 -0.534742 0.0402981 0 0 0 1
###
1.52164 -2.24437 -0.0691683 
3.42474 -3.1391 -0.402518 
4.26381 1.45816 1.34872 
4.81473 -4.96898 4.28125 
6.23754 0.234984 4.32706 
-1.27607 -11.6181 14.1363 
1.67693 -2.78456 -0.0392759 
24.0357 -44.8203 66.0911 
3.46913 2.10866 6.16942 
0.119255 -0.0741029 0.474943 
-2.14503 -5.31823 11.8406 
4.26715 1.46361 1.34638 
4.33988 -1.40452 0.895201 
1.0278 -2.12666 0.196314 
3.95327 2.58421 7.07862 
7.31161 2.40989 5.70385 
0.119174 -0.0828068 0.470514 
-2.30489 -6.94689 2.83329 
15.5872 -8.70503 -2.79125 
10.3629 -10.2434 9.01669 
1.29861 1.10998 1.21237 
0.671455 -0.121557 1.25095 
5.16802 -4.07362 2.5129 
8.31368 -16.9373 0.622126 
4.24393 -1.22081 0.554543 
0.583907 -0.139729 1.25316 
-6.12481 -8.01629 5.11206 
-2.69999 -5.62799 3.47384 
5.36256 -1.58137 2.81519 
20.736 -20.6881 18.7029 
1.99604 -14.2703 2.20883 
4.6463 -1.33052 0.830432 
-17.7835 -23.3623 6.54595 
0.580907 -0.124655 1.27898 
12.3031 -21.4786 31.0892 
4.83374 -1.52726 2.51034 
8.94732 -10.7325 4.5829 
-3.28088 -6.86866 0.250384 

7.06591 -7.16708 1.66298 
-0.182539 -0.555144 0.91913 
-1.343 0.226536 0.263085 
3.11631 -18.2781 -6.67977 
0.085232 -0.944634 -1.11853 
2.3341 -2.81139 1.4431 
-9.83032 -10.9121 18.2973 
10.2438 -18.0268 -4.21333 
-1.3702 0.26045 0.321288 
-0.788717 0.0654568 -0.17804 
-0.690835 -0.928251 -0.144805 
-0.424652 -0.139692 -0.652929 
-0.593681 -1.15201 -0.145232 
-1.44426 -4.25565 1.38854 
0.931335 -0.292402 -0.748647 
0.39714 -0.631851 -1.87728 
-3.57036 -8.52609 10.766 
10.0996 -25.4749 -7.88783 
-0.849813 0.0598551 -0.188624 
2.24188 -14.3314 -4.33636 
-0.890815 0.111246 -0.0631081 
1.0128 -0.244796 -0.651441 
-0.367622 -1.81082 -0.140631 
-1.40285 -3.70281 1.18356 
-0.844298 -0.673315 -0.025801 
-1.69833 0.494974 0.912509 
0.868878 -5.95738 -1.4366 
1.06854 -0.267778 -0.94284 
-0.323604 -1.15636 -0.443085 
1.95082 -12.7597 -3.77327 
0.232153 -1.46559 0.749621 
-1.22593 -0.636019 0.238918 
-5.84757 -13.6825 2.15913 
-0.830384 0.100344 -0.105433 
1.6731 -4.82107 -1.01971 
-0.346238 -1.14367 -0.45824 
-5.28819 -8.12118 8.07405 
-5.61762 -4.81809 5.74475 
