0.981909 -0.0237715 -0.187858 -0.504414 0.051109 0.988539 0.142051 0.878851 0.182328 -0.149082 0.97187 -0.744532 0 0 0 1
-0.686993 0.138005 0.713439 -0.704355 -0.301723 0.838993 -0.45283 0.778379 -0.661063 -0.526352 -0.534742 0.0402981 0 0 0 1
###
4.67547 -3.95866 -0.466565 
22.0709 -25.2097 30.4516 
3.9925 1.35017 0.796208 
6.2763 0.238038 4.36112 
4.32702 -1.41681 0.904405 
2.65438 -4.19067 -0.082347 
4.75934 -3.56845 -0.46737 
-0.176749 -9.53966 12.0372 
23.7123 -44.2105 65.2548 
5.33234 -1.5536 2.80641 
6.2763 0.238038 4.36112 
8.16423 4.13747 1.14909 
5.18272 2.11868 5.30833 
-2.05561 -18.68 24.8417 
17.9387 -17.8231 15.7961 
5.6921 -4.33092 2.82264 
4.42442 -1.4314 0.928537 
3.58026 -2.4815 13.5498 
4.11581 2.74455 7.40922 
-0.0508146 -1.03941 1.36709 
6.38427 -6.10702 3.36852 
9.81525 -11.0038 3.70682 
7.9788 2.60364 9.44961 
1.47082 -10.5758 15.9354 
7.96187 -9.00624 2.6955 
3.72315 2.3228 6.57102 
-2.15168 -5.58447 4.5764 
0.223279 -0.757162 1.25573 
20.9993 -38.0544 55.5389 
18.3574 -18.2698 16.4098 
6.3403 0.302914 4.37312 
12.1289 -21.2927 30.8083 
5.36354 -1.58204 2.818 
4.9919 -0.577909 2.41145 
4.98031 -3.42112 2.31058 
32.4902 -15.1688 -6.31088 
7.73936 -8.7568 2.63399 
0.616675 -15.5709 3.30126 
-0.101012 -13.8563 3.37907 

-0.182539 -0.555144 0.91913 
4.02572 -6.50798 -0.673002 
-1.56653 0.493214 1.0977 
0.085232 -0.944634 -1.11853 
-0.712975 -0.998514 -0.231081 
-9.83032 -10.9121 18.2973 
-5.71366 -3.5009 9.49206 
-1.03378 -4.24783 -0.0713773 
2.0652 -4.84878 -0.51434 
-0.328817 -1.15231 -0.464455 
-1.69833 0.494974 0.912509 
-1.85024 0.754307 1.24067 
-0.091595 -0.274087 -0.996884 
15.8594 -15.7199 4.79541 
2.24188 -14.3314 -4.33636 
-0.358468 -1.62067 -0.251569 
-0.690148 -0.914381 -0.137077 
-0.770933 0.0642428 -0.203993 
-0.744198 0.0429203 -0.209595 
0.104016 -1.13671 -1.07314 
10.9927 -17.868 -4.06771 
-0.978961 -3.85673 -0.169687 
1.31552 -0.956228 -2.25986 
0.357149 -2.22155 0.178465 
-1.3023 -4.64856 -0.301749 
-0.513882 0.151693 -0.0111338 
-5.48491 -5.03605 6.63412 
-0.777682 0.0716068 -0.170614 
2.86418 -3.88024 0.400085 
1.32651 -8.90262 -2.2977 
0.0442612 -0.902518 -1.08096 
-1.19479 -5.15861 -0.195595 
0.946142 -0.285704 -0.80636 
-0.368363 -0.818309 -0.510548 
-0.514725 -1.51528 -0.103683 
-1.72337 0.641207 1.21189 
-1.17011 -4.23161 -0.240808 
-0.508738 -2.709 1.77504 
-0.232404 -1.575 1.38275 
