0.984248 -0.0154457 -0.176117 -0.492884 0.0384005 0.991071 0.127687 0.949174 0.172572 -0.132438 0.976053 -0.552117 0 0 0 1
-0.686993 0.138005 0.713439 -0.704355 -0.301723 0.838993 -0.45283 0.778379 -0.661063 -0.526352 -0.534742 0.0402981 0 0 0 1
###
5.92516 -7.24512 -1.10983 
3.25899 -3.06671 -0.332128 
0.0527525 -0.989398 1.42872 
23.8255 -44.4982 65.6047 
4.73979 1.60487 2.03336 
6.24906 2.80121 1.07367 
5.07765 -0.583444 2.5216 
6.25011 0.235438 4.34022 
0.0799694 -0.987266 1.3586 
-1.3232 -2.92214 14.9995 
2.32696 -3.70441 -0.0612357 
32.1343 -51.7257 76.6388 
-0.0760387 -8.16535 10.0233 
12.4843 -10.3293 6.21571 
3.48585 2.12849 6.2096 
0.593976 -0.106295 1.30298 
7.46544 -18.7313 28.1892 
7.01965 -8.42106 -1.39752 
-1.59322 -14.3992 17.9001 
6.2856 0.292245 4.33451 
5.89321 -4.45137 2.94909 
4.40516 -1.32837 0.770335 
4.01739 2.65233 7.2206 
-6.97938 -13.846 14.8936 
4.68925 1.87765 0.608929 
6.33987 0.30246 4.37454 
7.93033 2.5828 9.39126 
0.975815 1.29762 1.40212 
5.30539 -4.16523 2.60081 
7.34195 2.41655 5.70964 
0.588666 -0.11379 1.29225 
12.8277 -14.9264 17.3325 
1.70975 -3.11452 0.293093 
7.25114 2.38518 5.64997 
5.30394 -4.18031 2.60463 
5.00257 -1.53367 1.1683 
19.4147 -19.3527 17.4334 
-13.5955 -23.3049 -0.0992435 
-2.47543 -5.31193 3.2092 
0.0230585 -0.935446 1.29476 
3.24453 -0.799148 10.0835 
18.8641 -28.8051 40.9721 
1.08462 -15.2815 4.65977 
6.62915 -13.7376 0.584685 

-1.17011 -4.23161 -0.240808 
-3.35035 -3.44191 1.2525 
-0.328817 -1.15231 -0.464455 
-0.293786 -6.22453 -1.13712 
-0.424652 -0.139692 -0.652929 
-1.85024 0.754307 1.24067 
-0.377752 -0.805879 -0.5115 
0.085232 -0.944634 -1.11853 
-0.343147 -1.14225 -0.465432 
3.14986 -1.41003 0.423989 
-9.83032 -10.9121 18.2973 
10.9927 -17.868 -4.06771 
-1.03378 -4.24783 -0.0713773 
-0.503432 -1.94846 -0.0423817 
-1.3702 0.26045 0.321288 
-0.830384 0.100344 -0.105433 
13.6433 -17.6435 -2.58045 
-0.5482 0.113439 -0.0900708 
9.03345 -9.38264 3.30385 
0.0647755 -0.934175 -1.11948 
-0.474413 -1.75512 -0.0280506 
-0.674044 -0.950723 -0.14374 
-0.744198 0.0429203 -0.209595 
16.8676 -13.148 12.4837 
-1.56653 0.493214 1.0977 
0.0442612 -0.902518 -1.08096 
1.31552 -0.956228 -2.25986 
-0.583365 -0.0127547 -0.367184 
-0.358468 -1.62067 -0.251569 
0.387273 -0.627165 -1.8332 
-1.69833 0.494974 0.912509 
3.49026 -13.2341 -4.66318 
-1.44426 -4.25565 1.38854 
0.35836 -0.615718 -1.80938 
-0.367622 -1.81082 -0.140631 
-0.727721 -0.838022 -0.118466 
1.95082 -12.7597 -3.77327 
-2.19075 -9.82721 12.0948 
1.06854 -0.267778 -0.94284 
-0.539592 -0.0527728 -0.455136 
2.45704 -1.49109 -0.979318 
2.24188 -14.3314 -4.33636 
-0.103896 -1.23653 1.19547 
-1.40285 -3.70281 1.18356 
