-0.964534 -0.155586 0.213232 -0.179713 -0.252627 0.778282 -0.574854 0.464292 -0.0765153 -0.608334 -0.789984 0.466619 0 0 0 1
0.989648 -0.138698 -0.0368741 0.0978097 0.137854 0.990149 -0.0245306 -0.0187241 0.0399132 0.0191934 0.999019 -0.0252965 0 0 0 1
###
3.94435 -13.357 -7.01887 
9.8208 -6.18043 3.04213 
-0.87459 -1.92707 1.86617 
-1.32396 -1.99338 2.10203 
-13.9872 -84.4061 -46.4296 
-1.11055 0.208051 0.238132 
-1.25212 -0.785503 0.214468 
-1.20944 -0.47489 0.194177 
-1.54339 -0.549288 -0.365691 
0.947522 -3.7791 1.57434 
2.23158 -1.50748 1.25056 
-2.05002 -1.63295 1.90953 
-0.0613246 -1.25804 -2.65368 
-3.3415 -8.80467 -2.98229 
-1.55966 -0.551444 -0.379399 
-1.05228 -0.177726 -1.50434 
1.0168 -1.47164 0.266668 
0.907329 -3.50254 1.5268 
-0.765136 -1.17828 1.50799 
2.50285 -1.51514 0.616522 
2.37368 -7.17383 -3.23626 
0.0797804 -1.11432 -2.64328 
-0.150963 -1.08101 0.143676 
-2.53261 -4.88175 -0.65894 
-1.00047 -0.178316 -1.38327 
9.82081 -8.23972 4.39899 
0.00482057 0.0295146 0.460511 
-1.47823 -1.03947 1.45932 
-1.91119 -3.65513 -0.192031 
-0.380089 -3.10814 -1.08555 
-1.27015 -2.48542 1.76938 
-1.56985 -0.543959 -0.382952 
0.721285 -6.43332 -3.31434 
0.957528 -3.80794 1.57512 
-1.93368 -1.20302 1.61573 
-1.87023 -0.228771 -0.909937 
1.4781 -0.686186 -0.0687038 
-0.24284 -0.860754 1.02887 
-3.75668 -7.40231 -1.17161 
0.16216 -3.32608 -1.4774 
-0.904859 -0.354064 0.715232 
0.0936015 -0.127628 0.447789 
-1.10077 -3.99031 2.43382 
-2.35511 -4.59623 -0.452847 

-0.0534434 -0.245986 0.359605 
-0.945911 -0.869751 0.133435 
3.03487 -2.70173 0.496604 
0.23653 -0.477966 0.647825 
-0.697276 -1.0951 1.17804 
0.36896 0.285257 0.042331 
-0.273978 0.0562982 0.332038 
-0.23602 0.135793 0.283559 
0.397938 0.366372 0.123217 
0.0884152 -0.796857 0.248086 
-2.64218 -2.92587 2.69692 
0.332281 -0.210818 0.0181744 
-0.0630767 0.299016 0.0884891 
0.211107 -0.470143 0.63073 
-0.459602 0.163728 0.323975 
-0.350417 0.308802 0.227409 
1.76852 -1.41772 0.315938 
0.0482535 -0.450156 0.222349 
-0.0761429 0.299967 0.1159 
1.1931 -1.71227 0.126279 
-1.55428 -1.5127 0.794806 
-0.124429 0.060922 0.304979 
0.204761 -0.497346 0.673224 
-0.486152 -0.474911 0.463776 
0.429444 0.337207 0.073953 
0.103934 -0.674305 0.744873 
-0.0550955 0.323546 0.18425 
-0.0722131 0.31813 0.173585 
-1.87848 -2.2347 2.01193 
0.500945 -0.432986 0.428741 
0.0837004 -0.653016 0.812634 
-0.426128 0.167412 0.306559 
-0.613784 -0.616966 0.280842 
0.168189 -0.843845 0.441132 
-0.0361677 0.326049 0.193 
-0.708832 0.361243 0.372591 
-0.15242 0.226467 0.223496 
0.138035 -0.825387 0.520826 
-1.69063 -1.97641 1.80233 
0.257276 -0.207987 0.172037 
0.107429 0.0327506 0.269645 
-0.0651377 0.300629 0.0926983 
0.0631372 -0.566179 0.482656 
-1.65553 -1.96336 1.76688 
