0.979393 -0.043992 -0.197116 -0.530007 0.0777693 0.982877 0.167049 0.793078 0.186392 -0.178936 0.966043 -0.934007 0 0 0 1
-0.686993 0.138005 0.713439 -0.704355 -0.301723 0.838993 -0.45283 0.778379 -0.661063 -0.526352 -0.534742 0.0402981 0 0 0 1
###
4.79386 -4.0807 -0.485888 
32.3803 -52.1183 77.2484 
7.38704 -15.8159 0.491698 
5.31926 -1.54922 2.79839 
6.26589 0.237931 4.35364 
-0.128601 -13.9251 3.41303 
-7.52578 -7.3 3.78586 
-1.29198 -2.86588 14.6703 
4.74601 -3.59396 -0.443726 
21.6854 -24.7537 29.8857 
6.26589 0.237931 4.35364 
5.54606 -5.36455 2.9336 
3.62491 2.2635 6.48468 
5.14609 2.08618 5.25316 
4.45418 -5.62038 -0.734025 
6.27662 0.293733 4.32839 
0.782364 -0.0710741 1.27499 
-2.34032 -4.28814 12.1584 
4.46759 -1.43321 0.953552 
19.2296 -21.8377 26.2233 
6.33604 0.303467 4.37112 
-2.94154 -12.2576 6.55729 
0.781966 -0.0764548 1.26986 
1.25344 -8.89045 13.289 
9.53434 -13.2735 -2.90451 
3.76666 -8.30725 12.935 
1.41656 -14.0308 2.54316 
11.9755 -6.42738 -2.0545 
10.4866 -10.3786 9.15054 
7.30493 2.40166 5.67229 
-2.07766 -5.37768 4.43473 
6.53209 -0.357534 4.73093 
4.98521 -0.577377 2.40804 
12.1745 -21.3876 30.9318 
12.0136 -13.2761 4.04198 
1.38329 -13.9224 2.53525 
-0.10302 -14.008 3.42673 
9.12631 -10.8655 4.672 
-0.172581 -0.794499 1.17379 
3.27465 -0.788807 10.1335 

-0.182539 -0.555144 0.91913 
0.676188 -5.39849 -0.953024 
-1.44426 -4.25565 1.38854 
-0.328817 -1.15231 -0.464455 
-0.933687 0.127813 -0.0235653 
-1.04579 -4.14653 2.05277 
-1.17011 -4.23161 -0.240808 
3.14986 -1.41003 0.423989 
-5.71366 -3.5009 9.49206 
4.02572 -6.50798 -0.673002 
-1.69833 0.494974 0.912509 
-1.17426 -1.79185 0.939324 
-1.24914 0.197083 0.177861 
-0.16045 -0.271969 -1.003 
-0.173083 -0.554065 0.919478 
0.0647755 -0.934175 -1.11948 
-0.937304 0.127652 -0.0280361 
2.66805 -1.39342 -0.133632 
-0.727721 -0.838022 -0.118466 
1.50253 -4.73033 -0.622065 
0.0442612 -0.902518 -1.08096 
-0.907233 -4.42881 -0.0259386 
-0.899964 0.115313 -0.0627837 
10.2438 -18.0268 -4.21333 
-0.468603 -1.75388 -0.00583266 
1.44599 -8.74538 -2.96589 
0.150345 -1.2347 0.783364 
-0.788717 0.0654568 -0.17804 
2.24188 -14.3314 -4.33636 
0.387273 -0.627165 -1.8332 
-0.343147 -1.14225 -0.465432 
0.105618 -1.1385 -1.08201 
-0.371809 -0.816797 -0.511191 
1.56951 -4.91641 -0.674162 
-1.3023 -4.64856 -0.301749 
-0.898215 -4.33932 2.29574 
-0.232404 -1.575 1.38275 
-5.28819 -8.12118 8.07405 
-1.17505 -1.00534 0.577605 
2.45704 -1.49109 -0.979318 
