-0.97797 -0.206648 -0.0295228 0.0884857 -0.16299 0.844292 -0.510495 -0.191164 0.130418 -0.494437 -0.859374 0.1659 0 0 0 1
0.999884 -0.0151924 0.000635128 0.0112626 0.0151913 0.999883 0.00165493 0.00564966 -0.000660196 -0.00164509 0.999998 0.00135121 0 0 0 1
###
1.71994 -2.2988 -0.548114 
0.731725 -1.23945 -0.761277 
0.163789 0.15212 0.125736 
0.460131 -0.0189586 0.2549 
0.437501 -0.204827 0.0671019 
0.41929 -0.490997 -0.330183 
0.798488 -1.46585 -0.90253 
0.111199 -0.0154305 -0.531787 
0.154774 -0.0198036 -0.123055 
0.0366273 -0.486988 -0.444106 
0.0853049 -0.818941 -0.275294 
0.0414084 -0.358144 -0.172813 
-1.00512 -0.323926 -0.240329 
1.88882 -3.35466 -1.96792 
-0.0106041 0.245054 -0.0468481 
-0.00348787 0.192899 -0.0637443 
1.12451 -1.3859 -0.338234 
0.395156 -0.443214 -0.323986 
-0.101056 -0.334802 -0.142062 
0.0416861 -0.320465 -0.16022 
-0.00247714 -0.299714 -0.23937 
0.0681476 0.285533 -0.0422851 
0.0823131 -0.473463 0.288014 
0.430162 -0.207743 0.0685065 
1.8937 -2.37133 0.808991 
0.0486693 -0.299329 -0.154859 
-0.0274068 0.259404 -0.0307374 
0.343101 0.281225 -0.16914 
0.0827425 -0.891608 0.266885 
0.423156 -0.200414 0.0673907 
2.14826 -2.71415 0.88993 
0.0360677 0.254212 -0.0540044 
0.0269463 0.269725 -0.0497974 

-0.704734 -1.50036 1.41501 
-0.970185 -1.83846 1.32198 
-4.01994 -6.18915 0.197424 
-0.895162 -1.22041 0.0482809 
2.50118 -4.25481 7.06552 
2.14471 -1.71194 2.30387 
-2.18643 -9.27812 10.4508 
0.0272698 -0.110229 0.416848 
4.05411 -3.80783 5.7422 
2.00597 -1.57809 2.1441 
-0.994266 -4.23657 2.37267 
0.197 0.0749426 0.184969 
0.0200512 -0.0161619 0.373926 
-0.808764 -1.68441 1.51155 
1.97452 -0.0332617 0.420227 
1.25378 -1.47832 0.557839 
-0.232845 -3.78658 2.23637 
2.11092 -1.62653 2.23617 
0.962152 -1.44696 0.768738 
1.00494 -1.49517 0.781731 
-0.855576 0.39614 0.729713 
0.0625941 0.330983 0.0863596 
0.70087 -3.75998 1.71358 
6.49376 -7.63299 7.06422 
-1.1951 -4.80666 2.79578 
-0.153859 0.298623 0.302371 
-0.53928 0.408752 0.596815 
-1.00509 0.315235 0.50015 
0.335405 -3.61162 1.83372 
0.0499909 -0.0359371 0.35749 
2.20667 -8.29239 9.31736 
0.172722 0.0088247 0.265911 
0.609134 -0.355471 0.0587216 
