0.976966 -0.0695528 -0.201744 -0.574755 0.108159 0.976356 0.187166 0.697452 0.183956 -0.204675 0.961389 -1.14518 0 0 0 1
-0.686993 0.138005 0.713439 -0.704355 -0.301723 0.838993 -0.45283 0.778379 -0.661063 -0.526352 -0.534742 0.0402981 0 0 0 1
###
-1.9054 -6.06353 2.72374 
-0.0521424 -1.02825 1.61965 
6.44481 -7.41166 2.61641 
22.2421 -21.0287 20.5158 
32.4673 -52.2681 77.5649 
16.1909 9.22582 3.05557 
5.40053 -1.57299 2.84329 
6.35982 0.242124 4.41976 
3.93771 2.56362 7.1181 
-0.125472 -13.8984 3.39143 
-0.38208 -12.6499 16.5107 
3.18743 -5.00879 -0.138496 
-1.20689 -2.78666 13.9245 
4.36593 1.49731 1.37886 
21.1822 -24.1535 29.1372 
6.35982 0.242124 4.41976 
23.4357 -43.6164 64.4383 
2.10684 -0.94108 20.1189 
4.27827 2.89895 7.73666 
7.08078 2.27078 5.56033 
-2.25653 -4.22881 11.8332 
-0.109957 -13.8669 3.36622 
18.7087 -21.2441 25.471 
21.4126 -38.7572 56.7083 
0.69666 -14.2094 2.95673 
8.09455 2.64628 9.58967 
12.666 -13.02 8.11296 
8.90505 -8.35684 5.9566 
5.46943 -1.61056 2.88076 
6.56875 -0.375528 4.74513 
2.69882 -12.3291 19.261 
5.00316 -2.67839 1.94699 
15.5832 -16.0344 20.0373 
3.95587 2.56018 7.09066 
6.38203 0.299045 4.40262 
7.9173 2.58513 9.37016 
0.432588 -0.649821 1.59912 
0.293777 -0.823669 1.26922 
5.4378 -1.60357 2.85872 
16.4252 -16.2888 14.5484 
1.50189 -1.79153 13.9573 
6.61077 -0.304869 4.72956 
0.45111 -0.685637 1.51192 
2.50724 -7.06675 10.9013 
5.27691 -2.49579 1.8858 
8.58332 -7.73163 7.57379 
-0.110715 -14.2338 3.49256 

10.0996 -25.4749 -7.88783 
-0.368363 -0.818309 -0.510548 
-1.85541 -2.08959 1.69969 
3.11631 -18.2781 -6.67977 
10.9927 -17.868 -4.06771 
-1.56653 0.493214 1.0977 
-0.328817 -1.15231 -0.464455 
0.085232 -0.944634 -1.11853 
-1.24914 0.197083 0.177861 
-1.04579 -4.14653 2.05277 
-1.03378 -4.24783 -0.0713773 
-9.83032 -10.9121 18.2973 
3.14986 -1.41003 0.423989 
-1.85024 0.754307 1.24067 
4.02572 -6.50798 -0.673002 
0.0442612 -0.902518 -1.08096 
-0.293786 -6.22453 -1.13712 
-0.534949 -1.44634 -0.118732 
0.931335 -0.292402 -0.748647 
0.39714 -0.631851 -1.87728 
-1.18392 -0.876617 0.550534 
-0.458784 -3.91764 2.43992 
2.42149 -4.25339 -0.0120868 
7.74921 -21.0154 -6.55354 
0.150345 -1.2347 0.783364 
1.31552 -0.956228 -2.25986 
-0.1701 -7.73631 -1.57334 
-1.85926 -2.49246 1.3389 
-0.323604 -1.15636 -0.443085 
0.105618 -1.1385 -1.08201 
1.88482 -2.59954 0.750975 
-0.561678 -1.28642 -0.133416 
1.46393 -4.66465 -0.762459 
2.93776 -0.721368 -0.621978 
0.0381269 -0.902964 -1.09022 
1.3118 -0.95376 -2.26375 
-0.890815 0.111246 -0.0631081 
0.659468 -0.557898 -1.61434 
-0.346238 -1.14367 -0.45824 
0.389032 -3.44046 -0.193124 
3.01079 -1.17641 -0.519327 
0.0887986 -1.11081 -1.07543 
-0.818134 -0.903423 1.84239 
3.04232 -6.21503 -0.806233 
-0.512484 -1.1534 -0.24178 
0.868878 -5.95738 -1.4366 
0.160688 -1.27087 0.775437 
