-0.956727 -0.170079 0.236108 -0.218419 -0.25942 0.866089 -0.427306 0.320471 -0.131815 -0.470066 -0.872733 0.428711 0 0 0 1
0.989648 -0.138698 -0.0368741 0.0978097 0.137854 0.990149 -0.0245306 -0.0187241 0.0399132 0.0191934 0.999019 -0.0252965 0 0 0 1
###
4.18486 -12.9432 -6.30958 
0.0388443 -0.114831 0.448509 
4.64092 -3.37945 1.31628 
-2.1325 -16.2097 -8.45602 
-1.55027 -0.5532 -0.369792 
-1.95001 -0.260259 -1.02504 
-0.10134 -1.19823 -2.69675 
3.74358 -8.91234 -4.9424 
-1.58201 -0.766717 -0.386792 
-1.38571 -0.797725 0.0394905 
-1.25857 -0.778593 0.220116 
-1.06511 -0.182894 -1.52957 
-1.96696 -0.257671 -1.03027 
-2.19697 -3.96561 -0.468488 
-1.00803 -0.181595 -1.39664 
-1.57417 -0.558528 -0.390817 
-2.40054 -4.27068 -0.556122 
0.0220082 -0.11866 0.449244 
-0.0381938 0.0381025 0.408589 
1.57899 -1.61559 -0.838997 
0.0616361 -0.0772928 0.477887 
-1.02454 -0.178854 -1.42524 
-1.57435 -0.546474 -0.385426 
-2.58825 -12.0833 -5.70708 
-2.74845 -5.35049 -0.630753 
0.0614968 -0.0773533 0.477855 
9.66731 -9.30941 2.57953 
-2.59855 -4.61087 -0.660222 
-1.89167 -0.233237 -0.928779 
0.0364857 -0.118117 0.414196 
0.616945 -0.749411 0.529789 
0.139342 -0.126816 0.41304 
0.0584268 -0.119928 0.402644 

0.500945 -0.432986 0.428741 
-0.0213642 0.322683 0.173215 
1.02535 -0.703547 0.0699783 
-0.697276 -1.0951 1.17804 
0.397938 0.366372 0.123217 
-0.686327 0.345805 0.357598 
0.112609 0.00763144 0.276824 
0.285665 -0.409905 0.538106 
0.143102 -0.84021 0.534783 
-0.288703 0.0644926 0.309689 
-0.273982 0.0562937 0.332041 
0.17412 0.338365 0.18218 
-0.708832 0.361243 0.372591 
-1.38615 -1.37529 1.36557 
0.332281 -0.210818 0.0181744 
-0.0237736 0.319796 0.170721 
-0.0381484 -0.185005 0.303983 
-0.173755 0.0166937 0.309672 
-0.336343 0.185495 0.305303 
-0.139263 0.0329622 0.317745 
-0.149135 0.248676 0.218529 
-0.0656285 0.300137 0.092508 
-0.426128 0.167412 0.306559 
-1.87848 -2.2347 2.01193 
-1.69063 -1.97641 1.80233 
0.421849 0.351256 0.120914 
2.69236 -2.08255 0.919524 
-2.48742 -2.59918 2.52815 
-0.616249 0.313448 0.323082 
-0.000743314 0.324243 0.175101 
0.0224919 0.362249 0.192444 
0.415245 0.329424 0.0646284 
-0.171679 -0.138774 0.356804 
