-0.66008 -0.0777504 0.747161 0.0149022 -0.418889 0.863729 -0.280187 -0.197122 -0.623559 -0.497923 -0.602699 0.191804 0 0 0 1
0.999885 -0.0151586 0.000670676 0.0112465 0.0151574 0.999884 0.0016837 0.00564259 -0.000696121 -0.00167334 0.999998 0.00135763 0 0 0 1
###
0.0478851 -0.466897 -0.194568 
0.0328454 -0.457451 -0.422447 
-0.0214501 0.285494 -0.0127477 
0.0130989 0.189016 -0.0493351 
0.0635598 -0.515636 -0.515231 
-0.466347 0.11048 0.342582 
-3.17756 -3.19049 1.77005 
0.25843 -1.19362 -0.979158 
0.00669118 -0.684839 -0.592212 
-0.00358596 0.172181 -0.06855 
0.0738062 -4.07038 0.0914399 
0.10048 -0.217121 -0.520148 
0.0239429 0.145316 -0.0755215 
-1.37322 -1.24768 0.465787 
0.067815 0.28553 -0.0412109 
-0.459381 0.163903 0.323757 
-0.0235559 0.214509 -0.0538974 
-0.0288222 0.182023 0.0393551 
0.160288 -0.837942 0.55719 
0.482846 -0.463117 -0.285083 
0.030116 0.290646 0.0130996 
0.0515936 -0.840267 0.0849558 
-0.106513 0.0927774 0.0346638 
-2.42804 -3.52865 -0.605504 
0.107833 -0.00955604 -0.528441 
-0.0979688 -0.328498 -0.138265 
-0.126707 -1.07767 -0.278628 
-0.0552377 0.149643 0.0388296 
0.0350361 0.275761 -0.0517725 
-0.190691 -0.49248 -0.434656 
0.0094251 -0.467648 -0.00687105 
-0.195802 -0.504436 -0.440754 

-0.930387 -3.8987 2.60472 
4.07033 -3.14809 4.34528 
-0.13282 0.102055 0.365732 
-0.229324 0.311005 0.2906 
4.0547 -3.80837 5.74334 
-0.992404 0.271141 0.349001 
4.05673 -4.1441 5.9717 
-12.2523 -32.4022 35.3109 
2.00712 -1.57896 2.14532 
0.112977 -0.0642113 0.404422 
-0.93025 -0.262317 0.869025 
-0.855575 0.396131 0.729704 
-0.139297 0.111698 0.381492 
2.50139 -4.25512 7.06636 
0.20116 0.0692165 0.167149 
0.0273546 -0.0447952 0.397607 
-0.101323 0.278502 0.293419 
-0.617761 -1.29274 1.61371 
0.0996839 0.250152 0.166868 
1.4174 -4.09405 7.56023 
0.055679 -0.1144 0.404617 
-1.10893 -4.77708 2.66894 
-1.86847 -5.68109 6.32016 
1.15716 -1.92806 0.982092 
0.0264209 -0.110339 0.414946 
0.958513 -1.44109 0.766029 
-0.232843 -3.78678 2.23647 
0.106174 -3.45177 6.06805 
0.0112653 0.248546 0.285939 
0.906908 -1.06332 0.404507 
0.700765 -3.75952 1.71343 
1.17682 -1.36619 0.524164 
