0.975837 -0.0780351 -0.204088 -0.63584 0.0849911 0.996055 0.0255295 0.725737 0.201291 -0.0422583 0.97862 -1.20641 0 0 0 1
-0.686993 0.138005 0.713439 -0.704355 -0.301723 0.838993 -0.45283 0.778379 -0.661063 -0.526352 -0.534742 0.0402981 0 0 0 1
###
-5.6707 -7.40286 2.558 
10.4885 -8.58465 -0.731243 
6.40307 0.24687 4.45713 
5.6163 -4.14835 2.73408 
5.39191 -1.56943 2.83939 
4.03896 2.65801 7.31522 
-0.572332 -15.123 20.0336 
10.5418 -8.59139 -0.795819 
21.627 -24.5984 29.7312 
5.04479 -0.600881 2.48454 
5.68411 -1.42846 3.10813 
-4.71896 -6.7694 3.9706 
23.5284 -43.6833 64.5529 
10.5446 -10.8149 13.4329 
9.99462 -10.9882 3.59754 
5.69754 2.32573 2.10078 
6.63334 -0.385411 4.78854 
7.29911 2.37825 5.74894 
7.87215 -85.6228 134.375 
5.43343 -1.60171 2.85792 
21.4392 -38.7971 56.7288 
18.6314 -21.0957 25.3073 
0.433118 -0.656999 1.57851 
2.14559 0.729408 0.929537 
3.21009 1.27089 0.779357 
4.5146 0.23886 1.53884 
3.20931 -2.95533 9.84731 
2.15057 0.72735 0.92191 
3.24095 1.28709 0.766172 
3.96685 2.56854 7.10851 
1.3801 -0.605564 12.4855 
6.58186 -0.37467 4.75741 
-5.73744 -8.5415 8.47104 
5.52986 1.93046 3.13497 
4.3251 0.156424 1.47134 
1.11845 -0.632446 12.4028 
1.50913 -1.79766 13.8187 
1.77124 -16.832 26.4526 
1.3683 3.75769 14.0301 
5.65797 -1.48413 3.08981 
-0.271 2.07522 4.85488 
0.430611 -0.468608 1.50871 
-0.567574 -14.6201 3.77457 
-3.29176 -6.40474 3.79484 
0.450633 -0.658084 1.56497 
5.99674 -2.06061 1.47791 
11.8858 -10.5894 10.4186 

0.910519 -1.99324 0.532057 
-0.182539 -0.555144 0.91913 
0.085232 -0.944634 -1.11853 
-0.474413 -1.75512 -0.0280506 
-0.328817 -1.15231 -0.464455 
-1.24914 0.197083 0.177861 
7.23098 -18.3189 -5.53785 
-0.818134 -0.903423 1.84239 
-2.12898 -3.34469 1.0776 
-0.377752 -0.805879 -0.5115 
-0.289366 -1.1569 -0.560202 
0.868878 -5.95738 -1.4366 
-0.293786 -6.22453 -1.13712 
10.9927 -17.868 -4.06771 
-1.3023 -4.64856 -0.301749 
-0.413767 -0.136074 -0.636836 
0.104016 -1.13671 -1.07314 
0.39714 -0.631851 -1.87728 
10.2438 -18.0268 -4.21333 
-0.323604 -1.15636 -0.443085 
-0.1701 -7.73631 -1.57334 
4.02572 -6.50798 -0.673002 
-0.921293 0.118119 -0.00698205 
-9.37277 10.0721 1.74645 
-4.12863 3.35816 1.72422 
-0.727721 -0.838022 -0.118466 
-0.500653 -1.6043 -0.0816304 
-1.45586 0.294934 0.433954 
-0.649648 -0.0317883 0.883519 
0.946142 -0.285704 -0.80636 
2.5063 -1.36175 -0.139048 
0.105618 -1.1385 -1.08201 
-0.830384 0.100344 -0.105433 
-0.788717 0.0654568 -0.17804 
-1.09743 -0.623941 0.299147 
3.67677 -1.6955 -0.511917 
3.71075 -1.76475 -0.627827 
7.41102 -17.7214 -5.07199 
1.92868 -0.266773 -0.347289 
-0.300616 -1.16801 -0.559123 
-0.089474 -0.263433 -1.02746 
-0.690148 -0.914381 -0.137077 
-0.160238 -1.20983 1.24339 
-0.539592 -0.0527728 -0.455136 
-0.988189 0.166857 -0.187568 
-0.670699 -0.952707 -0.143356 
-4.97945 -4.46914 6.11151 
