-0.975729 -0.218559 0.0135787 -0.0985113 -0.198018 0.854148 -0.480854 0.321509 0.0934969 -0.471872 -0.876696 0.438576 0 0 0 1
0.989648 -0.138698 -0.0368741 0.0978097 0.137854 0.990149 -0.0245306 -0.0187241 0.0399132 0.0191934 0.999019 -0.0252965 0 0 0 1
###
-6.94022 -6.96081 2.92591 
1.21825 -1.1204 0.532655 
-3.53634 -9.29154 -3.1916 
4.96666 -11.3772 -5.47404 
-1.55216 -0.554154 -0.371678 
0.05048 0.0215748 0.231552 
0.438395 0.547203 -2.26096 
2.35884 -1.58003 1.27754 
-2.12777 -16.2074 -8.46018 
-1.19745 -2.88413 -0.584829 
3.99712 -13.5246 -7.10247 
0.803329 -0.395682 -2.05341 
-1.06493 -0.183153 -1.52708 
-1.56632 -0.554783 -0.384188 
11.4384 -317.997 -122.862 
1.52409 -0.618106 0.949289 
-1.25929 -0.790976 0.216467 
-1.96524 -5.09161 -1.42079 
0.961203 0.95804 -1.83708 
-1.92155 -0.25054 -0.984108 
-0.0383442 0.0384599 0.409062 
4.17308 -12.9505 -6.3188 
1.99372 -1.70786 0.477236 
-2.43058 -4.33403 -0.576648 
-1.25257 -0.780683 0.224526 
-0.241195 -2.88668 -1.255 
-0.607587 -2.61637 -2.25358 
0.0138944 0.0152301 0.398812 
0.0923739 -1.13995 -2.70217 
0.0607308 -0.0770236 0.48001 
0.0609193 -0.0770409 0.479871 
-1.88482 -0.237617 -0.930637 
-1.01183 -0.176045 -1.39316 
0.305658 -2.52122 -4.60821 
-2.02893 -0.661348 -1.92014 
1.17682 -1.36619 0.524164 
0.721606 -1.64505 0.298729 
-2.09753 -3.48584 1.19831 
2.66623 -2.65888 2.19507 
1.18774 -1.37178 0.531475 
-2.0722 -3.54536 1.31039 
0.445039 -3.41194 1.75445 
0.176114 0.246341 -0.903451 

1.2467 -1.82508 0.137485 
2.24318 -1.76089 0.805568 
-2.41054 -2.47145 1.45745 
-1.11205 -1.49189 1.53646 
0.397942 0.366368 0.12323 
0.481556 0.40222 0.092468 
-0.0131297 0.326608 0.186016 
-0.945911 -0.869751 0.133435 
0.381772 -0.370311 0.410464 
-2.78292 -2.85263 1.70652 
-0.363539 -1.27937 1.53535 
-0.354652 0.193387 0.312855 
0.17412 0.338365 0.18218 
0.0139002 0.324571 0.174281 
-0.105136 -0.359774 0.517594 
-0.606229 -0.339894 0.0432849 
-0.249183 0.055883 0.31313 
-1.09835 -1.09055 0.862466 
-0.153138 0.317217 0.195558 
-0.685274 0.349295 0.360098 
-0.0457662 0.321477 0.178089 
-0.2667 -0.50061 0.60725 
-0.274639 0.0597674 0.322296 
2.36634 -1.83951 0.827625 
-0.253301 0.0534096 0.316137 
-1.58534 -1.5413 0.724014 
-0.258451 0.053319 0.320711 
-1.1125 -1.05358 0.205298 
0.109781 -0.130012 0.301153 
-1.34381 -1.37169 0.216971 
0.421866 0.351265 0.120921 
-0.608021 0.313796 0.323584 
-0.246218 0.0807818 0.30562 
0.105443 -0.0817145 0.283572 
-0.787609 0.20515 0.234256 
0.000122017 0.327112 0.176775 
0.174406 -0.576983 0.639532 
-0.223972 -0.688369 0.953385 
-1.06702 -1.35566 0.105628 
-0.00074139 0.324249 0.17511 
-0.242846 -0.804916 1.08879 
0.142462 -0.900749 0.262976 
-0.0198192 0.324019 0.181291 
