0.992346 -0.0151087 0.122562 -0.920692 0.00772258 0.998137 0.0605168 0.6 -0.123248 -0.0591071 0.990614 -0.997868 0 0 0 1
-0.686993 0.138005 0.713439 -0.704355 -0.301723 0.838993 -0.45283 0.778379 -0.661063 -0.526352 -0.534742 0.0402981 0 0 0 1
###
-0.68769 -16.1026 21.3298 
6.43263 0.249341 4.48016 
1.36968 -0.0812736 2.21266 
-1.6622 -5.5874 2.54502 
-0.304788 2.05387 4.83185 
0.378032 0.560075 1.63402 
-3.60325 -5.48549 0.568004 
4.03817 2.64424 7.28668 
6.42539 0.301692 4.43617 
-1.97361 -16.8741 21.1162 
-4.99392 -7.01958 4.12222 
16.1167 -14.7401 14.4562 
0.438297 -0.218914 1.39867 
-0.201618 1.81598 4.51963 
4.40601 3.01797 7.98078 
5.44211 -1.60623 2.86446 
0.333262 -0.646482 1.30037 
0.717026 0.688652 11.6232 
-57.4381 -97.9348 -2.96887 
0.412237 -0.509597 1.336 
3.80057 -3.11163 12.1661 
8.08144 2.63738 9.54904 
3.88827 2.47224 6.91457 
0.333381 -0.645699 1.30007 
0.361201 -0.557662 1.34871 
0.888094 -0.488793 5.50322 
25.0936 -37.4307 51.6957 
-2.97094 -5.86002 3.54456 
20.0349 -30.5363 43.6951 
0.332554 -0.647235 1.30214 
-0.124528 -13.7558 3.35772 
2.42824 -13.6932 3.24664 
-4.94752 -8.58246 1.59069 
-0.315656 2.21037 5.02174 

-1.03378 -4.24783 -0.0713773 
0.085232 -0.944634 -1.11853 
-1.37108 0.259983 0.322136 
10.0996 -25.4749 -7.88783 
-0.893792 0.0893506 -0.119715 
-0.488213 -0.0631802 -0.498412 
0.910519 -1.99324 0.532057 
-1.3702 0.26045 0.321288 
0.0442612 -0.902518 -1.08096 
15.8594 -15.7199 4.79541 
0.868878 -5.95738 -1.4366 
-1.16009 -2.69556 0.508024 
-0.539592 -0.0527728 -0.455136 
-0.849985 0.100751 -0.109582 
-0.744198 0.0429203 -0.209595 
-0.328817 -1.15231 -0.464455 
-0.777427 0.0564963 -0.210594 
3.14194 -0.723611 -0.552308 
-1.80675 -4.38737 0.901926 
-0.512688 0.155017 -0.0104466 
-1.14814 -1.24513 0.705259 
1.31552 -0.956228 -2.25986 
-0.089474 -0.263433 -1.02746 
-0.497773 -0.0964713 -0.501311 
-0.880368 0.0999497 -0.0715084 
4.17298 -6.31128 -0.575392 
9.3499 -17.0787 -3.80521 
-0.459501 -1.55675 -0.0185414 
1.95082 -12.7597 -3.77327 
-0.583365 -0.0127547 -0.367184 
-0.232404 -1.575 1.38275 
-0.427064 -2.74788 1.54033 
-3.6802 -8.16158 10.4045 
0.946142 -0.285704 -0.80636 
