0.979673 -0.0292969 -0.198452 -0.646432 0.0347306 0.99911 0.0239544 0.669555 0.197574 -0.0303599 0.979818 -1.29461 0 0 0 1
-0.686993 0.138005 0.713439 -0.704355 -0.301723 0.838993 -0.45283 0.778379 -0.661063 -0.526352 -0.534742 0.0402981 0 0 0 1
###
4.02309 2.62772 7.25331 
25.8044 -30.6276 -3.25825 
12.1709 -9.82689 -0.879642 
5.06695 -0.607038 2.49675 
5.41036 -1.57696 2.85206 
-5.73465 -11.3287 11.9043 
21.4224 -24.3085 29.4183 
-6.97075 -8.76674 3.14314 
8.13182 -11.0316 0.49837 
5.97946 -4.01955 0.251181 
6.42868 0.248164 4.47556 
7.48175 2.46572 5.944 
23.3699 -43.562 64.4463 
32.8869 -52.7828 78.4183 
0.433684 -1.14227 1.25063 
5.2188 -3.81603 2.50468 
0.720382 0.754769 12.0509 
5.04021 -0.614325 2.47952 
4.35567 2.96403 7.87071 
5.94812 2.58952 0.907596 
5.14876 -2.4692 1.84151 
5.45484 -1.60981 2.8725 
6.53663 -2.22233 1.53129 
19.289 -21.8563 26.2762 
1.28536 0.738311 11.3174 
41.7621 52.4008 -2.05307 
5.11203 -0.592578 2.47931 
8.10222 2.64339 9.57446 
6.61612 -0.377733 4.78406 
6.42769 0.301717 4.43739 
12.0364 -13.1831 4.17298 
40.859 50.8482 -2.37776 
3.92966 2.51712 7.00408 
0.96657 -0.811073 3.62157 
6.24425 0.171093 4.1052 
1.84736 -1.7625 5.77314 
1.82221 -17.5717 27.7614 
21.2195 -38.4124 56.2358 
0.0913927 -10.618 2.81333 
4.9073 -1.59705 2.02093 
4.16514 -1.34123 13.4559 
0.448705 -0.661051 1.55753 
5.53996 1.94071 3.13838 
3.45464 -0.700597 11.8947 
24.9973 -37.3972 51.7884 
11.6844 -11.9526 7.3482 
5.27758 -4.23824 2.60388 
7.58325 -3.24982 7.15617 
3.65096 -0.689431 12.6268 
0.454141 -0.660924 1.5517 
7.50968 2.47325 5.83291 
3.82423 -0.771288 12.1101 
5.46783 -7.33269 0.682765 
0.952442 -1.41319 14.0722 
6.46043 -8.84029 13.1101 
-0.324002 2.23809 5.05746 
-0.118332 -13.819 3.39191 
5.04878 -2.41855 1.82606 

-1.24914 0.197083 0.177861 
-0.865421 -3.29538 -0.0161652 
-3.35035 -3.44191 1.2525 
-0.377752 -0.805879 -0.5115 
-0.328817 -1.15231 -0.464455 
-1.71001 0.536127 1.00327 
-1.6911 -2.01778 1.56264 
0.910519 -1.99324 0.532057 
-0.159224 -0.551804 0.9139 
-6.03895 -4.41318 10.6239 
0.0647755 -0.934175 -1.11948 
0.39714 -0.631851 -1.87728 
-1.81789 -3.10008 0.91847 
-0.1701 -7.73631 -1.57334 
2.94152 -1.13732 -0.394018 
-0.474413 -1.75512 -0.0280506 
3.0697 -0.742684 -0.573537 
-0.371809 -0.816797 -0.511191 
0.385177 -0.581837 -1.29417 
-1.56653 0.493214 1.0977 
-0.561678 -1.28642 -0.133416 
-0.323604 -1.15636 -0.443085 
-0.728466 -1.26551 -0.398943 
-5.61762 -4.81809 5.74475 
3.16666 -0.852426 -0.751332 
-9.37277 10.0721 1.74645 
-0.368363 -0.818309 -0.510548 
1.31552 -0.956228 -2.25986 
0.105618 -1.1385 -1.08201 
0.0442612 -0.902518 -1.08096 
-0.978961 -3.85673 -0.169687 
-0.649648 -0.0317883 0.883519 
-0.513882 0.151693 -0.0111338 
2.5063 -1.36175 -0.139048 
-0.0280374 -0.892553 -1.02053 
2.64266 -1.6762 -0.791708 
2.24188 -14.3314 -4.33636 
-1.59925 -3.34696 0.568963 
-0.458784 -3.91764 2.43992 
-0.351905 -1.28904 -0.414486 
2.44933 -1.71265 -0.868766 
-0.890815 0.111246 -0.0631081 
-0.788717 0.0654568 -0.17804 
2.50574 -1.43508 -0.939493 
0.587112 -1.75895 0.529227 
1.6731 -4.82107 -1.01971 
-0.514725 -1.51528 -0.103683 
-1.12496 -1.13941 0.646678 
2.5021 -1.43066 -0.932689 
-0.899964 0.115313 -0.0627837 
0.35836 -0.615718 -1.80938 
2.45704 -1.49109 -0.979318 
-1.05371 -3.99129 1.55131 
3.31885 -1.41661 -0.349736 
4.70217 -8.31241 -1.55404 
2.93776 -0.721368 -0.621978 
-0.803451 -3.8771 2.12439 
-0.489448 -1.17588 -0.192411 
