-0.767362 -0.374792 -0.520275 0.230554 0.00157141 0.810289 -0.586028 0.378886 0.641212 -0.450513 -0.621197 0.326352 0 0 0 1
0.989648 -0.138698 -0.0368741 0.0978097 0.137854 0.990149 -0.0245306 -0.0187241 0.0399132 0.0191934 0.999019 -0.0252965 0 0 0 1
###
0.119304 -0.659621 0.233003 
4.10688 -13.545 -6.95802 
2.14762 -1.7123 2.30638 
-0.287499 -0.642864 0.318498 
-0.103188 -1.1895 -2.67872 
-0.33398 -0.76029 0.268342 
2.00085 -1.71258 0.474156 
0.324155 -1.27974 0.865973 
-0.584543 -3.62861 -1.33752 
0.0608367 -0.0771337 0.481323 
-0.0652571 -1.16861 -2.88916 
2.98708 -8.82922 -4.55866 
-0.61932 -2.4675 -2.28025 
-0.069609 0.0316157 0.389021 
0.0416518 -0.0476485 0.465455 
0.0326634 -0.0508853 0.46049 
-1.05402 -2.02284 -0.131947 
0.105958 -1.77443 -0.515621 
0.958371 -3.80869 1.57569 
1.17722 -1.36603 0.52442 
0.0535373 -0.0797757 0.456887 

-0.474881 -0.468756 0.509345 
0.214481 -0.345486 0.459162 
-2.5203 -2.78646 2.56728 
-0.527699 -0.797209 0.950642 
-0.0630767 0.299016 0.0884891 
2.0488 -1.54263 0.838709 
2.36637 -1.83951 0.827636 
0.142477 -0.900783 0.262988 
0.0715316 -0.511087 0.706423 
1.02625 -0.704221 0.0700258 
-0.00882253 0.298752 0.0758183 
0.124484 -0.191438 0.304751 
0.0139002 0.324571 0.174281 
0.0139551 0.325066 0.174868 
0.424125 0.330721 0.0499715 
-0.124315 0.0822107 0.323917 
0.186185 -0.304722 0.409263 
0.257276 -0.207987 0.172037 
0.165867 -0.838932 0.43536 
-0.43166 0.167341 0.310085 
0.128934 -0.595557 0.584994 
