-0.714005 -0.183082 0.675779 0.0793563 -0.334964 0.9369 -0.100088 -0.23202 -0.614813 -0.297825 -0.730277 0.14493 0 0 0 1
0.999934 -0.0114132 0.00107399 0.00774168 0.0114132 0.999935 3.68594e-05 0.00346569 -0.00107434 -2.45993e-05 0.999999 0.000923018 0 0 0 1
###
0.275713 -0.249673 -0.279399 
0.0323688 -0.45472 -0.420858 
-3.073 -3.15857 0.453641 
0.0512114 -0.302876 -0.179539 
0.687947 -1.0155 -0.653881 
-0.00253391 0.203347 -0.0574149 
-1.18558 -1.12689 0.216586 
-2.61064 -2.65292 0.913014 
-0.948421 -0.278828 -0.0290028 
-0.18997 0.194819 0.183546 
-0.017553 0.284714 -0.00919762 
0.0408456 0.293964 0.0127217 
0.232076 -0.188318 -0.39708 
0.0406434 0.197567 -0.0940668 
0.0662595 0.280706 -0.0647648 
-0.097807 -0.330926 -0.138877 
0.0069622 0.202929 0.0207625 
-0.0932205 -0.896058 -0.235284 
0.0668348 -1.18046 -0.340171 
-0.00238535 -0.299922 -0.239394 
-0.204969 -0.019941 0.017405 
0.0418312 0.265298 -0.0535928 
0.0165324 0.139275 -0.0823979 

4.05512 -3.80892 5.74393 
2.00737 -1.57918 2.14558 
-0.140708 -2.61721 4.50114 
0.770054 -1.63806 0.365257 
0.106177 -3.45177 6.06804 
0.00798103 0.237082 0.229144 
-1.22664 -2.25797 1.52316 
2.50092 -4.25508 7.06571 
0.0264243 -0.110341 0.414955 
9.63353 -8.46716 5.23266 
-0.0157952 0.295826 0.102803 
1.95725 -0.045644 0.424208 
1.17722 -1.36603 0.52442 
-0.855575 0.39613 0.729703 
1.00443 -1.4939 0.781155 
0.958371 -1.44078 0.765907 
4.05758 -4.14492 5.97289 
-0.232862 -3.78739 2.2368 
-2.8323 -11.5474 7.94299 
-0.264111 0.350597 0.244634 
-1.027 -1.89624 1.27452 
0.731691 -1.68066 0.29969 
-0.146686 0.126723 0.407364 
