0.831025 0.0847136 0.549746 -1.1081 -0.222434 0.956482 0.188852 0.565472 -0.509824 -0.279223 0.813704 -0.840709 0 0 0 1
-0.686993 0.138005 0.713439 -0.704355 -0.301723 0.838993 -0.45283 0.778379 -0.661063 -0.526352 -0.534742 0.0402981 0 0 0 1
###
0.841719 -0.887901 3.6894 
3.96987 2.57188 7.13672 
0.331287 -0.642459 1.30714 
4.86937 -4.30436 4.58654 
1.39343 0.615023 11.4991 
1.32828 -13.1862 2.44057 
-0.128031 -14.0336 3.44498 
1.29394 -4.06876 6.57236 
1.8556 -1.82399 2.44028 
5.87698 -5.20983 5.42083 
1.37521 -13.9301 2.54773 
0.327063 -0.536001 1.21328 
0.400773 -0.700171 1.54036 
1.21716 0.790072 11.2958 
0.382765 -0.559537 1.33988 
1.82228 -1.78493 2.39629 
0.409452 -0.504263 1.34297 
0.41228 -0.721008 1.44549 
3.84783 2.42832 6.83099 
0.817067 -0.514022 5.24825 
0.296718 -6.8443 2.22753 
1.61829 -15.952 2.73 
3.47195 -0.695492 11.9417 
-2.15492 -6.40482 2.53769 
-0.342509 2.28635 5.12925 
-2.11417 -5.37887 4.44478 
0.367657 -0.443575 1.22187 
0.457723 -0.693449 1.47073 

-0.539281 0.19604 -0.037092 
-5.71366 -3.5009 9.49206 
0.910519 -1.99324 0.532057 
4.70217 -8.31241 -1.55404 
-0.518055 0.0366914 0.339973 
0.150345 -1.2347 0.783364 
-0.165587 -0.272255 -1.01926 
-5.61762 -4.81809 5.74475 
4.02471 -4.78842 0.756223 
3.11631 -18.2781 -6.67977 
-0.319489 -3.70521 2.46803 
-1.85024 0.754307 1.24067 
-0.570104 0.160093 -0.124224 
1.00821 -0.248334 -0.653378 
7.06591 -7.16708 1.66298 
-1.49839 -1.86932 1.36344 
2.94152 -1.13732 -0.394018 
-0.51205 0.147957 -0.00739269 
-0.58667 0.263112 0.225186 
3.67677 -1.6955 -0.511917 
-0.232404 -1.575 1.38275 
0.160688 -1.27087 0.775437 
2.5021 -1.43066 -0.932689 
1.56951 -4.91641 -0.674162 
-0.089474 -0.263433 -1.02746 
-0.164566 -0.556698 0.917207 
-0.470365 -1.81282 -0.000126002 
0.659468 -0.557898 -1.61434 
