0.857661 2.79653e-05 0.514216 -1.11788 -0.0859505 0.98594 0.143303 0.560494 -0.506982 -0.167103 0.845604 -0.600522 0 0 0 1
-0.686993 0.138005 0.713439 -0.704355 -0.301723 0.838993 -0.45283 0.778379 -0.661063 -0.526352 -0.534742 0.0402981 0 0 0 1
###
-0.672914 -16.0302 21.3094 
14.4477 -15.0954 18.3573 
4.03652 2.64333 7.2795 
-1.66416 -5.59253 2.54765 
4.3968 3.00334 7.95803 
21.2376 -38.4261 56.2757 
0.75739 -0.929383 1.89909 
3.89592 2.4801 6.93158 
0.706726 0.677045 11.6019 
-2.06589 -11.123 4.15901 
1.39189 -4.99732 7.93086 
-0.635599 -14.5047 3.82029 
0.331785 -0.643987 1.30472 
0.39788 -0.495522 1.33499 
-2.59789 -5.42816 3.32598 
-2.22594 -6.08963 2.49572 
10.3177 -20.4235 30.478 
-0.126418 -13.8851 3.39946 
3.44193 -0.700082 11.8596 
4.08028 2.65441 7.24814 
-2.58027 -5.40405 3.33145 
3.21314 -0.75625 12.2769 
0.395073 -0.518943 1.3025 
4.16209 2.88492 7.78885 
0.624575 2.7861 7.39465 
4.17772 -18.4248 20.3248 

2.86418 -3.88024 0.400085 
9.6085 -25.6625 -8.79674 
-1.59191 0.365467 0.57568 
-6.66429 -7.58101 12.759 
-0.849985 0.100751 -0.109582 
1.50253 -4.73033 -0.622065 
-0.500653 -1.6043 -0.0816304 
-0.58667 0.263112 0.225186 
3.14194 -0.723611 -0.552308 
-1.23115 -3.53906 4.87831 
-3.20925 -3.1767 3.174 
-0.360106 -2.82339 1.97578 
0.910519 -1.99324 0.532057 
-0.335569 -1.02642 -0.448072 
0.0442612 -0.902518 -1.08096 
-0.631654 -0.959734 1.52613 
0.587112 -1.75895 0.529227 
-0.232404 -1.575 1.38275 
2.5021 -1.43066 -0.932689 
-0.51205 0.147957 -0.00739269 
0.551582 -2.19371 -1.08594 
0.356853 -0.614633 -1.80494 
-0.622403 -0.0224 -0.361627 
2.94152 -1.13732 -0.394018 
-0.539592 -0.0527728 -0.455136 
-1.10838 -4.10939 1.60444 
