-0.33044 0.0388713 0.943026 -0.0155998 -0.420591 0.888397 -0.183996 -0.201627 -0.844934 -0.457428 -0.277213 0.184255 0 0 0 1
0.999885 -0.0151503 0.000673994 0.0112421 0.0151492 0.999884 0.00168378 0.00564 -0.000699425 -0.00167337 0.999998 0.00135731 0 0 0 1
###
0.0323688 -0.45472 -0.420858 
0.0068611 0.174342 0.0143985 
-0.466684 0.110387 0.343228 
0.105426 -0.0175461 -0.526006 
-0.00545595 0.187669 0.0505224 
0.0446876 0.197999 -0.0968517 
0.090145 -0.0121939 -0.511815 
-0.0683609 0.321208 0.183256 
-0.450036 0.162054 0.308467 
-0.00184083 0.190994 0.0595835 
-0.103474 -0.345914 -0.234841 
0.191961 -0.787597 -0.731591 
-0.017553 0.284714 -0.00919762 
0.0424325 0.200151 -0.093168 
-0.140147 -0.54755 -0.147637 
0.0668777 0.199374 0.0376449 
-0.463722 0.111863 0.341334 
-0.124585 -1.0448 -0.27167 
-0.186826 -0.4916 -0.432867 
0.079003 -0.500805 0.138533 
-2.44562 -3.55739 -0.609066 
-0.097807 -0.330926 -0.138877 
-0.106879 0.0759294 0.0506271 
-0.852071 -1.01794 -0.446643 
-0.0195272 0.272262 -0.0357503 
0.0259206 0.247538 0.0242348 
-0.088634 0.249307 -0.0468564 
-0.00796948 0.221452 -0.0602687 

1.4173 -4.09365 7.55968 
4.05845 -4.14582 5.97414 
-0.992404 0.271141 0.349 
3.94931 -1.73667 1.9046 
-1.02699 -1.89621 1.27451 
0.0264233 -0.11034 0.414953 
0.0302576 -0.0443712 0.434978 
2.2739 0.766399 0.393029 
-0.855576 0.396131 0.729702 
0.106169 -3.45163 6.06782 
2.11208 -1.62799 2.23815 
-0.605769 -1.10012 1.46246 
1.95721 -0.0456468 0.424212 
1.17739 -1.36615 0.524504 
-0.992649 -4.24618 2.37066 
-1.10913 -4.778 2.66946 
0.624903 -0.365978 0.0572315 
-0.232863 -3.78731 2.23677 
-0.176181 -0.272172 0.0844738 
0.700933 -3.76036 1.71378 
-1.93745 -3.65953 0.976035 
0.958511 -1.44094 0.766008 
2.50043 -4.25428 7.06455 
-0.617759 -1.29272 1.6137 
-0.19235 0.323977 0.263083 
0.0255376 0.278934 0.210432 
-0.132003 0.353864 0.110221 
-0.125448 0.0958767 0.35108 
