0.850612 0.12692 0.510245 -1.05284 -0.23682 0.958903 0.156273 0.567969 -0.469441 -0.253764 0.845712 -1.05847 0 0 0 1
-0.686993 0.138005 0.713439 -0.704355 -0.301723 0.838993 -0.45283 0.778379 -0.661063 -0.526352 -0.534742 0.0402981 0 0 0 1
###
-2.88822 -18.3031 23.5505 
23.1551 -43.0364 63.7095 
0.407089 -0.701648 1.52803 
0.0598439 -1.57431 0.921755 
5.54011 -4.99502 3.58044 
0.331408 -0.64303 1.30532 
3.87252 2.4676 6.94315 
9.47728 -18.2061 28.0497 
5.26733 -4.76116 3.41125 
-5.34317 -7.3678 4.34655 
9.7563 -13.697 20.2304 
0.405694 -0.723201 1.44238 
-0.128249 -14.0512 3.44994 
-2.05443 -4.00491 11.0036 
0.409956 -0.709414 1.50185 
3.89473 2.47519 6.92453 
-2.16591 -7.81897 11.6175 
10.5467 -11.4308 13.7691 
3.46061 -0.696985 11.9126 
1.44399 -1.72883 12.6712 
1.37255 -0.240218 12.8297 
10.0249 -9.7583 8.7702 
3.14964 -0.754701 11.9493 
6.78952 -12.93 19.7853 
-2.48044 -13.8802 4.87293 
7.27462 -7.00344 6.49497 
-0.321497 2.22745 5.04765 
-3.24392 -6.31991 3.73907 

5.91698 -8.84109 -1.15741 
-1.81702 -3.09867 0.918356 
0.204607 -1.80837 -0.928469 
0.910519 -1.99324 0.532057 
-0.596709 -3.1255 0.0954034 
-0.518055 0.0366914 0.339973 
-0.788679 0.0654046 -0.177963 
-0.293786 -6.22453 -1.13712 
-9.83032 -10.9121 18.2973 
0.868878 -5.95738 -1.4366 
0.829735 -5.7408 -1.36847 
-0.674044 -0.950723 -0.14374 
-0.16082 -0.281621 -0.921217 
-0.529817 -0.320502 -0.344259 
0.659468 -0.557898 -1.61434 
-1.81702 0.534261 1.00884 
-2.53218 -3.4756 1.32927 
15.7215 -24.2451 -4.95917 
2.50215 -1.43069 -0.932698 
3.03638 -1.19382 -0.527102 
2.87165 -1.07423 -0.485331 
1.95082 -12.7597 -3.77327 
2.58606 -1.43247 -0.876287 
2.24188 -14.3314 -4.33636 
-0.924356 -4.43052 -0.0219819 
3.04232 -6.21503 -0.806233 
0.946142 -0.285704 -0.80636 
-1.99064 0.596003 1.08942 
