-0.580893 -0.540687 -0.608458 0.0743586 -0.0349086 0.76337 -0.645017 0.129727 0.813231 -0.353445 -0.462311 1.01365 0 0 0 1
1 0 0 0 0 1 0 0 0 0 1 0 0 0 0 1
###
0.737351 -1.17315 2.26072 
4.66428 -4.92199 2.01834 
10.8686 -14.4539 -2.12324 
6.44381 -13.0409 -3.06528 
0.161549 -0.892293 -1.03633 
0.286494 -1.33752 2.0815 
1.81935 -2.87325 3.58935 
1.10195 -1.0409 1.90046 
4.8441 -6.09779 -0.591147 
8.99704 -18.6277 -5.39899 
1.4692 -3.10477 3.54636 
23.9025 -33.0903 -5.80243 
-0.193997 -1.08946 0.0523075 
1.02373 -0.206968 2.88403 
-0.674257 -0.0445546 -0.514444 
1.8043 -2.88334 3.58117 
1.72015 -0.763378 -0.223217 
-0.770226 -1.00122 -0.170808 
-0.349428 0.300118 0.937353 
-0.269346 -0.98573 -0.405449 
0.12079 -0.852683 -1.00199 
4.32788 -6.22395 -0.421804 
4.13851 -6.44049 -1.15157 
-1.3125 -3.92798 1.61233 
-0.331823 0.261543 0.845991 
-0.372592 0.287024 0.901787 
1.11134 -0.528617 3.10044 
0.0419431 -1.17466 -1.14859 
-0.144869 -3.85595 2.29478 
0.766697 0.523514 2.54241 
-0.402287 0.246245 0.74905 

-3.40283 -6.13609 3.78454 
8.1843 -86.2488 135.376 
23.1551 -43.0364 63.7095 
20.828 -37.6261 55.0758 
6.42097 0.249033 4.47134 
-3.20649 -9.66596 4.21681 
-3.16314 -6.78847 3.86578 
-12.2998 -16.7481 18.4578 
32.4707 -52.3384 77.5923 
18.4447 -20.8891 25.0831 
-2.30848 -6.9722 2.9236 
19.4973 -21.7331 26.3024 
5.43432 -6.19611 2.18986 
-6.83271 -4.61838 3.06323 
4.15024 1.39941 0.828938 
-3.34197 -7.30423 4.15359 
-0.188815 0.199768 0.301106 
4.3947 -1.42673 0.916314 
6.44593 0.310013 4.45001 
5.38208 -1.56943 2.83339 
6.41525 0.301282 4.42864 
9.31136 -18.3718 27.3216 
15.9939 -14.6252 14.3415 
-0.229551 0.516595 0.141864 
-0.110865 0.130287 0.352727 
-2.62773 -5.46672 3.35709 
-6.60639 -5.31847 3.1248 
6.59314 -0.375747 4.76622 
0.697906 -12.0323 3.63633 
-6.23336 -1.65603 1.84083 
0.230176 0.232704 0.300523 
