-0.197479 -0.0254137 0.979978 0.0264756 -0.340255 0.939294 -0.0442074 -0.224226 -0.919363 -0.342172 -0.194138 0.152268 0 0 0 1
0.999885 -0.0151503 0.000673994 0.0112421 0.0151492 0.999884 0.00168378 0.00564 -0.000699425 -0.00167337 0.999998 0.00135731 0 0 0 1
###
0.0446456 0.198278 -0.0966955 
0.0517807 0.272212 -0.0563937 
-0.0883697 0.261693 -0.00884098 
-1.21146 -1.63642 -0.291748 
-0.305625 -0.669628 -0.42926 
-0.00247165 0.203837 -0.0565109 
-1.43615 -1.21959 0.417854 
-0.0473205 0.25871 -0.0127439 
0.0620588 -0.492951 -0.544406 
-0.429892 -0.969582 -0.587629 
0.0403555 0.194793 -0.0910852 
-0.0467173 0.138738 0.0137324 
0.0903756 -0.0120495 -0.512019 
-0.402384 0.171463 0.290749 
0.0407729 0.293941 0.0126107 
-0.0237577 0.320816 0.171146 
-0.455777 0.161728 0.319852 
0.0396165 0.194563 -0.0994606 
-0.175004 -0.00994752 -0.00377569 
-0.0293859 0.300084 0.0721166 
-1.27861 -1.10912 0.401001 
0.024339 -1.04637 -0.410188 
-0.0725426 0.259288 -0.0142408 
-0.0330706 0.325166 0.183242 
-0.0278508 0.299586 0.0709876 
-0.165983 0.00268604 -0.00285944 
-0.905167 -0.785335 0.153474 
-0.094993 -0.318254 -0.137048 
-0.072864 -1.54545 -0.222605 
-0.108172 0.102231 0.272772 
0.0514613 -0.315355 -0.243713 
-2.62707 -3.84324 -0.642526 
-0.521809 -0.377492 0.0276016 
-0.127911 -0.308296 -0.14084 
-3.26695 -4.84453 -0.790862 

0.0696198 0.151292 0.35471 
-0.132003 0.353864 0.110221 
0.214435 -0.0401109 0.193129 
4.05845 -4.14582 5.97414 
0.0174052 0.264219 0.30093 
0.00798123 0.237082 0.229144 
-0.140731 -2.61766 4.50192 
-0.139297 0.111698 0.381492 
4.05663 -3.81007 5.74586 
0.871475 -1.04602 0.0907091 
1.97465 -0.0332352 0.420302 
-1.2268 -2.25824 1.52335 
0.0302576 -0.0443712 0.434978 
-0.855576 0.396131 0.729702 
0.0492924 0.232637 0.210092 
-1.00885 0.271601 0.355958 
0.0264233 -0.11034 0.414953 
-0.280905 0.336182 0.238099 
-0.821748 -1.50535 1.05033 
0.0200512 -0.0161628 0.373926 
2.14761 -1.71183 2.30676 
-0.902818 -3.76593 2.53183 
0.0713242 0.222165 0.205568 
-0.889831 0.348737 0.591614 
0.0201947 -0.014653 0.374069 
-1.02699 -1.89621 1.27451 
2.50043 -4.25428 7.06455 
0.958511 -1.44094 0.766008 
0.700933 -3.76036 1.71378 
-4.02133 -6.19162 0.197363 
-1.22263 -1.94229 0.70221 
1.15782 -1.92905 0.982524 
-1.17016 -4.34045 5.22414 
-0.65515 -3.80188 2.43252 
-1.93745 -3.65953 0.976035 
