-0.489686 -0.551619 -0.675222 0.31315 0.0739356 0.745366 -0.662543 0.240842 0.868759 -0.374361 -0.324211 0.959791 0 0 0 1
1 0 0 0 0 1 0 0 0 0 1 0 0 0 0 1
###
-0.060863 -0.820171 -0.955298 
0.709432 -1.1388 2.23059 
3.64501 -5.95526 14.4302 
0.325543 -1.37639 2.12169 
6.86971 -15.9838 -4.54349 
2.54933 -3.9029 -0.215432 
3.17457 -5.19097 13.0197 
-0.537821 0.435063 0.741019 
-0.320118 0.281847 0.8027 
3.38929 -2.60495 4.7952 
-0.669213 0.00543984 -0.368543 
0.349043 -1.33837 2.10631 
28.2746 -38.4056 -6.45234 
-0.42358 -0.944887 -0.319682 
0.0872318 -0.63273 -1.13857 
-0.0608132 -0.946507 -0.870077 
-0.74428 -1.10392 -0.260822 
2.61432 -3.89844 4.52139 
-0.504247 0.389284 0.70908 
-0.38563 0.400468 0.789384 
-0.660351 0.251725 0.192367 
12.2066 -34.9377 -13.3836 
29.3054 -39.6176 -7.07505 
1.13295 -0.53251 3.14825 
1.01414 -0.204779 2.87937 
0.0940283 -1.5683 1.802 
-0.215382 0.0112385 0.600129 
0.278405 -1.28973 2.1188 
0.844383 -1.55377 2.78101 
-0.298962 0.182374 0.913742 
2.50032 -4.24478 -0.580437 
-0.660539 0.250858 0.191576 
3.13703 -15.5293 -5.4715 
0.731503 -1.45234 1.58261 
-0.223806 0.0439167 0.584209 

6.42097 0.249033 4.47134 
-3.40283 -6.13609 3.78454 
-0.311976 0.0296592 0.162067 
-3.20649 -9.66596 4.21681 
18.4447 -20.8891 25.0831 
23.1551 -43.0364 63.7095 
-3.79243 -16.1507 8.68149 
-0.222212 0.499355 0.140507 
-0.0474139 0.261933 0.411768 
-7.22071 -8.52994 6.75907 
4.15024 1.39941 0.828938 
-2.30848 -6.9722 2.9236 
9.31136 -18.3718 27.3216 
5.38208 -1.56943 2.83339 
0.105187 -0.61398 1.1316 
6.59314 -0.375747 4.76622 
4.3947 -1.42673 0.916314 
-2.9197 -6.42482 3.59982 
0.0528916 0.303978 0.449374 
-0.119207 0.622126 0.126431 
2.0976 1.11529 -0.00633849 
20.8363 -19.6671 19.1556 
31.1682 -46.6591 64.5045 
-6.60639 -5.31847 3.1248 
6.41525 0.301282 4.42864 
0.697906 -12.0323 3.63633 
0.112512 0.687087 -0.339325 
-2.15006 -6.39102 2.53144 
23.2293 -24.2279 0.602217 
-0.224495 -0.203009 0.453191 
5.43432 -6.19611 2.18986 
-6.06306 -1.71244 1.83359 
15.9939 -14.6252 14.3415 
-0.998705 -5.78443 4.73414 
0.752457 0.00693441 1.14721 
