-0.450035 -0.633684 -0.629216 0.441519 -0.0442705 0.719566 -0.693012 0.200999 0.891913 -0.284024 -0.351883 0.949148 0 0 0 1
1 0 0 0 0 1 0 0 0 0 1 0 0 0 0 1
###
1.46898 -3.77997 4.05256 
1.07348 -1.42111 2.60977 
-0.387057 0.400329 0.790218 
7.06847 -16.5143 -4.71063 
1.02956 -0.209196 2.90082 
1.03545 -1.53715 1.74536 
1.07707 -1.60355 0.486396 
0.349743 -1.34016 2.10828 
1.20699 -2.92997 -0.179218 
0.0520349 -1.03783 -1.26633 
4.27986 -3.1382 5.64073 
0.750893 0.489886 2.45097 
1.21152 -1.98958 2.87559 
-0.356417 0.286923 0.909159 
6.16875 -9.47407 -1.28638 
0.0412319 -1.18276 -1.14354 
0.35159 -0.966636 -1.74424 
-0.473032 0.354211 0.683875 
0.020631 -0.968632 -1.17995 
-2.16519 -5.37447 0.808918 
-0.771592 -0.662295 0.0141509 
-0.263826 0.24117 0.288803 
0.0424233 -1.17336 -1.13856 
3.0833 -4.79518 -0.321237 
-0.409656 -1.08411 -0.415146 
1.04155 0.189697 2.71433 
0.75024 0.502352 2.44904 
2.58094 -3.85806 4.47682 
-0.665883 0.252369 0.190815 
-0.393118 -1.14788 -0.463717 
1.0311 -0.269282 2.91318 
0.994607 0.881139 2.3954 
-0.666178 0.252648 0.191378 

-3.20649 -9.66596 4.21681 
-3.40283 -6.13609 3.78454 
-0.229551 0.516595 0.141864 
18.4447 -20.8891 25.0831 
-6.83271 -4.61838 3.06323 
-3.16314 -6.78847 3.86578 
8.1843 -86.2488 135.376 
-2.30848 -6.9722 2.9236 
23.1551 -43.0364 63.7095 
6.42097 0.249033 4.47134 
-7.22071 -8.52994 6.75907 
-6.5467 -1.75462 1.9649 
-3.34197 -7.30423 4.15359 
-0.263568 0.0292866 0.231454 
9.31136 -18.3718 27.3216 
6.63662 -0.387268 4.78994 
-0.0563315 0.610821 0.27554 
-0.153589 0.02934 0.331988 
6.41525 0.301282 4.42864 
5.35212 -7.54113 0.368868 
4.3947 -1.42673 0.916314 
-8.74637 -8.95798 4.11555 
6.59314 -0.375747 4.76622 
31.1682 -46.6591 64.5045 
-0.444793 0.16037 0.244563 
-6.74816 -2.84926 2.74104 
-6.23336 -1.65603 1.84083 
-2.9197 -6.42482 3.59982 
1.19565 1.17168 0.599474 
5.43688 -1.60404 2.86141 
-6.78708 -4.61683 3.04266 
2.11909 1.12026 0.00390983 
-6.06306 -1.71244 1.83359 
