0.958831 0.0107065 0.283774 0.183723 -0.0399456 0.994438 0.0974512 -0.0541006 -0.281153 -0.104775 0.953926 0.257687 0 0 0 1
-0.712083 0.124122 0.691037 -0.706783 -0.301587 0.834743 -0.460706 0.773646 -0.634022 -0.536468 -0.556972 0.0991289 0 0 0 1
###
2.02998 -5.56719 5.72572 
-0.208143 0.137195 -0.0797043 
1.25145 -1.22012 0.0925655 
9.01193 -8.80329 5.39037 
1.21057 -1.17545 0.0873466 
1.16834 -5.52936 6.42676 
0.0876128 0.283434 -0.171477 
-1.80731 -5.7628 1.93201 
-7.08261 7.58525 1.33119 
-0.563447 -0.0227096 -0.106346 
2.90168 -3.67247 3.55403 
2.01095 -5.28472 6.49842 
0.10443 0.300189 -0.163015 
1.32699 2.43198 4.05891 
-0.524679 -0.829795 0.294924 
1.06912 -1.24304 -0.0806768 
-0.164702 0.0717648 0.056119 
1.4209 -1.5554 0.0123588 
-0.182591 0.206402 -0.00216001 
-0.281746 -0.109557 -0.0569265 
0.959289 -1.08409 -0.0814947 
-0.181915 0.207793 -0.000793559 
-0.291612 0.458918 -0.199364 

2.1496 -11.7292 -3.32776 
-0.804454 0.110122 -0.0885407 
-0.153911 -0.528118 0.944273 
2.3896 -3.65376 0.319138 
-0.162171 -0.524752 0.943974 
7.04105 -15.6575 -4.19432 
3.02958 -0.965145 -0.326982 
-1.49012 -4.08517 1.49954 
-1.86235 0.747349 1.20992 
0.442284 -0.566136 -1.68434 
-6.57057 -5.62957 6.46022 
9.4292 -15.72 -3.32046 
1.25462 -0.185566 -1.0484 
-0.786716 0.112123 -0.0869295 
-5.49812 -5.05527 6.51587 
-0.158502 -0.546285 0.963914 
-1.26667 -4.23538 1.72808 
-1.28962 -1.41231 1.81162 
-0.856508 0.117872 -0.0528904 
-1.82827 0.536793 0.986285 
0.206658 -1.68117 0.460293 
-0.697076 0.0561306 -0.185908 
-1.7338 0.439539 0.795636 
