-0.450035 -0.633684 -0.629216 0.441519 -0.0442705 0.719566 -0.693012 0.200999 0.891913 -0.284024 -0.351883 0.949148 0 0 0 1
0.999718 -0.00884152 -0.0220501 -0.0108133 0.00890251 0.999957 0.00266901 -0.0160559 0.0220256 -0.00286455 0.999753 0.0167269 0 0 0 1
###
-0.00968165 -0.945702 -1.1248 
6.14378 -12.0184 -2.70478 
0.330588 -1.3847 2.1304 
-0.362686 0.289789 0.904503 
0.999317 -2.986 -0.509164 
-0.528653 -1.72573 0.190376 
1.07707 -1.60355 0.486396 
2.09453 -3.4165 -0.107304 
1.20699 -2.92997 -0.179218 
6.16875 -9.47407 -1.28638 
0.0412319 -1.18276 -1.14354 
0.35159 -0.966636 -1.74424 
0.259929 -0.862723 -1.55651 
-2.16519 -5.37447 0.808918 
-0.388443 0.400241 0.789006 
-0.516623 0.428437 0.699661 
-0.263826 0.24117 0.288803 
-0.503358 0.39068 0.710662 
-0.409656 -1.08411 -0.415146 
12.3092 -34.9474 -13.3343 
-0.830383 0.0845994 -0.179702 
-0.666178 0.252648 0.191378 
0.555508 -0.553467 2.91059 

1.29459 2.37444 3.96185 
0.958081 -1.0826 -0.0817348 
-0.144828 -0.11557 0.252722 
-0.546028 -0.905406 0.104674 
1.02498 -1.07653 0.909742 
2.08229 -5.71262 5.87638 
2.90183 -3.67396 3.55525 
8.49578 -8.29233 5.03689 
11.2537 -11.1253 7.26554 
0.923335 -1.89476 1.87081 
-0.26163 0.101869 -0.028091 
0.0865561 0.280994 -0.17271 
0.0926397 0.288686 -0.167893 
3.46044 -3.1501 0.715152 
0.126972 1.62657 1.11072 
-0.173512 -0.0540884 0.0706447 
-0.167089 0.0104392 0.0667474 
-0.211461 0.401935 -0.0287398 
0.0851633 1.60295 0.857196 
0.228784 -0.245162 0.218459 
-0.116828 0.0267449 0.193754 
0.313692 2.46211 5.48663 
-0.914141 -4.26604 5.02709 
