0.963741 -0.00158232 0.266836 0.184837 -0.0605654 0.972587 0.224514 -0.000977687 -0.259877 -0.232534 0.937226 0.267054 0 0 0 1
0.451507 0.260094 0.853518 -0.799882 -0.24173 0.956455 -0.163588 0.0975094 -0.858899 -0.13246 0.494718 -0.0384624 0 0 0 1
###
-0.256734 0.212245 -0.116193 
-0.0842594 0.101722 0.130745 
0.0093208 0.225739 -0.177689 
-0.279782 0.143118 -0.139345 
-0.536849 0.42987 -0.215888 
12.8458 -6.63806 8.85644 
-0.257519 0.045923 -0.0714538 
-0.558872 -0.0277178 -0.095249 
-0.338389 0.0472349 -0.159157 
-0.278225 0.143251 -0.139876 
0.149837 0.00590703 0.162916 
0.286642 2.22552 4.9538 
-0.527893 -0.384446 -0.00897572 
-0.271243 -0.113917 -0.0451476 
4.25318 -4.54735 -0.112629 
-0.0181734 0.162099 -0.232691 
-0.158241 0.0689608 0.0539775 
-0.162868 0.539663 -0.0333263 
0.155174 0.00369875 0.169078 

0.75024 0.502352 2.44904 
-0.067991 0.0934634 0.52466 
0.182049 0.293243 0.669226 
-0.133306 0.0606132 0.500102 
0.182377 0.292118 0.668468 
0.29873 -1.20786 2.1202 
-0.0362545 0.181157 0.923029 
0.0436132 0.364245 0.336118 
-0.131232 0.0164128 0.604679 
-5.49812 -5.05527 6.51587 
-0.474215 0.15739 0.026077 
0.778254 0.425039 2.45795 
-0.153372 0.0173408 0.627094 
0.516313 1.36355 2.51048 
-3.41645 -3.33315 2.91936 
0.164826 -0.895819 -1.04803 
0.735159 -1.64319 1.74605 
0.0941176 0.0796153 0.849462 
-0.0650978 -0.0172333 0.675621 
