-0.543133 -0.529892 -0.651322 0.355814 0.0949652 0.731965 -0.674691 0.294687 0.834259 -0.4283 -0.347234 0.863392 0 0 0 1
0.999981 0.00562725 -0.00249145 -0.00634208 -0.00560071 0.999929 0.0105333 0.00311856 0.00255054 -0.0105191 0.999941 0.0283595 0 0 0 1
###
0.641569 -1.17996 2.17047 
0.858208 -0.851447 2.50025 
10.0312 -15.3847 -3.05525 
-0.327428 0.281113 0.802286 
-0.392709 0.331827 0.347115 
0.480509 -1.56709 2.25068 
0.285868 -3.38843 -0.711587 
3.26577 -2.95038 3.01563 
-0.388876 0.330647 0.337849 
-0.384351 -1.20482 -0.504198 
0.626893 -1.10201 2.05514 
1.52213 -3.45076 -0.331115 
0.986312 -3.56767 -0.768246 
-0.770614 -1.14807 -0.285973 
-0.394826 0.335367 0.718885 
0.0297129 -1.1672 -1.12567 
-0.0200075 -0.902402 -1.0937 
3.10104 -4.83068 -0.330967 
1.167 -3.87315 3.26803 
-0.303679 0.220125 0.940886 
3.29128 -7.48793 15.901 
-0.401986 -1.12268 -0.445261 
1.20507 -0.946109 -2.2754 
0.0257651 -1.14901 -1.10857 
-0.390343 0.331556 0.340935 
-0.392083 -1.16281 -0.476043 
1.21139 -1.03197 3.67425 
1.88012 -3.93842 3.53709 
0.771695 -1.48465 1.61696 
0.656156 -1.13403 2.07747 
0.455281 -1.5155 2.23721 
2.45431 -1.37399 -0.805155 
1.03112 -0.324508 2.94448 
0.527032 -0.487897 2.53992 
2.99391 -4.30973 5.8412 
0.754569 0.512278 2.47461 

-3.16314 -6.78847 3.86578 
29.8787 -27.7481 27.7861 
20.828 -37.6261 55.0758 
-0.0474139 0.261933 0.411768 
1.21474 1.1865 0.620184 
-1.07345 -6.01816 4.34124 
20.8363 -19.6671 19.1556 
0.112512 0.687087 -0.339325 
1.20397 1.17557 0.602653 
-0.444793 0.16037 0.244563 
6.44593 0.310013 4.45001 
23.1551 -43.0364 63.7095 
10.5612 -10.8317 13.4634 
4.3947 -1.42673 0.916314 
0.188121 0.536453 0.21777 
6.63662 -0.387268 4.78994 
6.42097 0.249033 4.47134 
9.31136 -18.3718 27.3216 
0.697906 -12.0323 3.63633 
-0.477342 0.155293 0.2728 
-27.8952 -39.249 4.12573 
-0.43874 0.157105 0.241548 
7.99588 2.60216 9.4343 
6.59314 -0.375747 4.76622 
1.19465 1.17517 0.600911 
5.43688 -1.60404 2.86141 
17.5841 -16.211 15.7956 
6.00306 -13.4466 0.886526 
-0.998705 -5.78443 4.73414 
-2.62773 -5.46672 3.35709 
-1.90925 -6.08883 2.73414 
-0.228816 -0.20255 0.450323 
-6.78708 -4.61683 3.04266 
-8.74637 -8.95798 4.11555 
23.2293 -24.2279 0.602217 
-6.06306 -1.71244 1.83359 
