0.95769 0.0086461 0.287671 0.190825 -0.0495302 0.989587 0.135149 -0.0372985 -0.283507 -0.143679 0.948146 0.266139 0 0 0 1
0.451507 0.260094 0.853518 -0.799882 -0.24173 0.956455 -0.163588 0.0975094 -0.858899 -0.13246 0.494718 -0.0384624 0 0 0 1
###
-0.196399 0.147791 0.037722 
-0.458098 -0.101618 -0.130555 
-0.103481 -0.0182929 0.169513 
-0.566159 0.452936 -0.225387 
1.33523 -1.29419 0.0960406 
-0.291049 0.148642 -0.145444 
1.29459 2.37444 3.96185 
-0.10296 -0.0131799 0.148375 
-0.273968 -4.63488 2.4802 
-0.323848 0.206931 -0.133477 
1.46182 -1.5353 -0.0480108 
-0.112713 -0.258443 0.132474 
-0.878214 -8.33035 2.38324 
-0.00749465 0.241637 -0.196816 
-0.295477 0.295753 -0.132708 
-0.0883624 0.103493 0.105898 
-0.330446 0.442317 -0.214737 
-0.0230373 0.164173 -0.244963 

0.194369 0.0374831 0.774599 
-0.133551 0.012469 0.576892 
-0.0893041 0.159653 0.53346 
0.698409 -1.44167 1.56548 
-0.644818 -2.85501 0.0330194 
0.063453 0.189144 0.9663 
0.123984 -0.93924 -1.13066 
0.0206181 0.145976 0.880295 
0.538998 -0.79239 1.25604 
-0.0813285 -0.116771 0.721889 
-4.47158 -4.10995 4.74762 
-0.275908 -1.10092 -0.424001 
-0.0565589 -1.12024 -0.741429 
-1.53503 -4.20827 1.52271 
0.180964 -1.07849 -0.991725 
-0.324509 -1.07927 -0.470519 
0.073466 0.539864 0.96984 
0.665973 -1.20648 2.21154 
