0.95769 0.0086461 0.287671 0.190825 -0.0495302 0.989587 0.135149 -0.0372985 -0.283507 -0.143679 0.948146 0.266139 0 0 0 1
-0.712083 0.124122 0.691037 -0.706783 -0.301587 0.834743 -0.460706 0.773646 -0.634022 -0.536468 -0.556972 0.0991289 0 0 0 1
###
-0.196399 0.147791 0.037722 
0.0926397 0.288686 -0.167893 
1.33523 -1.29419 0.0960406 
-0.291049 0.148642 -0.145444 
0.0865561 0.280994 -0.17271 
3.46044 -3.1501 0.715152 
-0.429498 0.421331 -0.214827 
1.29459 2.37444 3.96185 
1.44704 -1.52126 -0.046922 
0.0968782 0.291517 -0.166906 
-0.546584 -0.023813 -0.112833 
1.46182 -1.5353 -0.0480108 
-0.112713 -0.258443 0.132474 
-0.878214 -8.33035 2.38324 
1.97619 2.39917 3.63833 
-0.295477 0.295753 -0.132708 
-0.330446 0.442317 -0.214737 
-0.0230373 0.164173 -0.244963 
-1.1504 -0.117751 -0.0812469 
-0.953881 -9.0534 2.58959 
-0.211461 0.401935 -0.0287398 

-1.71511 0.500342 0.902701 
0.956518 -5.47317 -1.20393 
26.5888 -24.8202 4.38214 
-5.49812 -5.05527 6.51587 
3.02958 -0.965145 -0.326982 
-0.149088 -0.523374 0.939596 
-1.35178 0.395235 1.12869 
-1.69977 0.49589 0.894059 
-0.156848 -0.536445 0.956451 
-0.85705 0.124805 -0.0483169 
0.442034 -0.565752 -1.68452 
22.8119 -27.4053 -3.78049 
-0.275908 -1.10092 -0.424001 
-1.01305 -4.08978 2.02649 
-0.260942 -0.972746 -0.376974 
-1.068 -4.01408 1.6818 
-1.10391 -1.22252 0.699958 
-0.147245 -0.5215 0.938405 
-0.804454 0.110122 -0.0885407 
-0.305175 -3.66262 2.21873 
-1.7683 0.60864 1.12107 
