0.963741 -0.00158232 0.266836 0.184837 -0.0605654 0.972587 0.224514 -0.000977687 -0.259877 -0.232534 0.937226 0.267054 0 0 0 1
-0.712083 0.124122 0.691037 -0.706783 -0.301587 0.834743 -0.460706 0.773646 -0.634022 -0.536468 -0.556972 0.0991289 0 0 0 1
###
-0.256734 0.212245 -0.116193 
0.0651596 0.253588 -0.172809 
-0.314615 0.102164 -0.138118 
-0.27568 0.123773 -0.15662 
0.0093208 0.225739 -0.177689 
8.21764 -7.60094 4.43912 
-0.56285 -0.028008 -0.0942079 
12.1613 -10.9836 5.62548 
-0.288343 0.123562 -0.147422 
-0.31672 0.0494539 -0.17133 
-0.558872 -0.0277178 -0.095249 
2.46183 -6.47602 7.96359 
-0.338389 0.0472349 -0.159157 
-0.278225 0.143251 -0.139876 
-0.494515 -0.345327 -0.0338509 
0.286642 2.22552 4.9538 
-0.527893 -0.384446 -0.00897572 
-0.271243 -0.113917 -0.0451476 
4.25318 -4.54735 -0.112629 
0.048205 -5.53962 2.55864 
-0.0181734 0.162099 -0.232691 
-1.12496 0.0870998 -0.19866 
-0.390516 -0.53195 0.120726 
-0.280136 -0.166804 -0.0165889 
-0.110533 0.286775 0.0664081 
0.155174 0.00369875 0.169078 

-0.533209 0.219504 0.288142 
-0.433506 -0.0426964 -0.460735 
-0.731868 0.0843346 -0.148312 
2.95188 0.180096 -3.63812 
1.25462 -0.185566 -1.0484 
1.09542 -9.73639 -2.63707 
0.442284 -0.566136 -1.68434 
16.5943 -13.9371 7.12988 
-1.08711 0.126557 -0.000370392 
1.07074 -0.22187 -0.801023 
0.442034 -0.565752 -1.68452 
4.58109 -7.65197 -1.24531 
-1.7683 0.60864 1.12107 
-5.49812 -5.05527 6.51587 
0.16196 -0.892635 -1.03542 
-0.85705 0.124805 -0.0483169 
-1.69977 0.49589 0.894059 
-1.77665 0.452635 0.787932 
-0.159291 -0.541113 0.959254 
-0.256963 -3.66617 2.51552 
-0.697076 0.0561306 -0.185908 
-0.628084 0.0534109 -0.222335 
9.98323 -15.4446 -3.12023 
-0.296752 -1.75532 -0.104649 
-3.83579 -8.21041 10.3046 
-1.71511 0.500342 0.902701 
