0.959233 0.000229798 0.282618 0.151083 -0.0736203 0.965678 0.24909 0.111232 -0.27286 -0.259741 0.926327 0.185643 0 0 0 1
-0.712083 0.124122 0.691037 -0.706783 -0.301587 0.834743 -0.460706 0.773646 -0.634022 -0.536468 -0.556972 0.0991289 0 0 0 1
###
5.79875 -0.0886625 6.65692 
0.422253 -0.063096 0.370016 
7.10503 -8.96057 8.68356 
-0.218839 0.0828333 -0.110799 
-0.163671 -1.10057 -0.0728848 
4.34901 -0.673328 4.85349 
0.911665 -0.0906921 0.850101 
1.08341 0.509627 2.56008 
-0.0818461 -0.0592799 0.08566 
2.73031 -3.44859 6.98301 
-0.256536 0.0350023 -0.114055 
0.253734 -9.54804 10.4463 
12.0457 -11.9654 7.81112 
9.46963 -9.65239 6.16659 
4.91109 -0.758755 5.49166 
-0.2697 -0.182098 -0.0153889 
-0.798946 -0.0778592 -0.0623994 
-0.790168 0.0332339 -0.158182 
5.5226 -7.13436 6.82952 
11.1925 -10.2535 2.16838 
-0.11781 0.0514771 0.03995 
-0.640924 -3.46641 2.65952 
-1.19437 -7.80637 2.40418 
7.83539 -7.8523 5.14295 
-0.270577 -0.183585 -0.0132249 
4.70501 -5.06245 -0.124344 
3.51542 -2.12953 6.14314 

2.81595 -1.8639 -0.657533 
2.60982 -1.53901 -0.605024 
12.305 -34.9465 -13.3412 
-1.74158 0.511699 0.916859 
-0.487153 -4.07661 2.52493 
2.69161 -1.30023 -0.00468171 
-0.533243 0.219573 0.288053 
2.5704 0.283912 0.388472 
-1.14833 -0.68612 0.511689 
-0.474253 0.157286 0.0260269 
1.07074 -0.22187 -0.801023 
8.33686 -19.5553 -5.71294 
27.9715 -37.9522 -6.75674 
8.72201 -15.5155 -3.53733 
3.03455 -1.30935 -0.167015 
0.923915 -1.89915 0.597938 
-0.804467 0.110069 -0.0885227 
-0.742102 0.0773322 -0.154966 
-0.801074 -4.29487 -0.00286235 
9.64314 -22.5581 -6.63576 
-1.26545 -4.23361 1.7283 
-0.15231 -0.526223 0.941351 
-0.324089 -2.6184 1.90384 
2.14797 -11.7293 -3.32874 
-0.458245 -0.679928 -0.315947 
-1.28292 -3.50162 4.81741 
-1.85083 0.587724 1.07343 
