0.964026 -0.0114698 0.265562 0.172369 -0.0512708 0.972284 0.228113 0.0299422 -0.260818 -0.233523 0.936718 0.240723 0 0 0 1
0.451507 0.260094 0.853518 -0.799882 -0.24173 0.956455 -0.163588 0.0975094 -0.858899 -0.13246 0.494718 -0.0384624 0 0 0 1
###
-0.550981 0.422764 -0.234827 
-0.0919316 -0.0236933 0.187509 
0.00799593 0.174371 -0.182909 
-0.416361 0.31418 -0.246469 
-0.488484 0.391201 -0.196168 
0.0134091 0.179821 -0.179478 
4.09573 0.111814 4.31252 
4.31408 -4.36766 -0.0827637 
-0.246948 -4.18584 2.23627 
-0.23402 0.0422944 -0.0654316 
-0.532 -0.0311192 -0.0775281 
-0.553248 0.105166 -0.168304 
-0.144188 0.0630404 0.0488215 
10.0231 -9.66849 4.41674 
-0.0894517 0.00607498 0.0310418 
-0.212746 0.192777 -0.0905525 
0.2958 2.09729 4.66895 
-0.149892 -0.348696 0.129877 
-0.109018 0.24893 0.0597929 
-0.863747 -8.20128 2.34383 

0.203116 0.616485 0.88243 
-0.0893269 0.159651 0.533461 
0.201984 0.041758 0.770756 
23.8094 -95.394 -39.6091 
-0.133574 0.012461 0.576884 
-0.143584 -5.80474 -0.810641 
-0.627469 0.234754 0.170895 
-0.524112 -0.850847 1.00764 
0.542399 -0.807918 1.26551 
0.406265 0.565132 0.752063 
0.0436132 0.364245 0.336118 
0.063453 0.189144 0.9663 
0.733847 -1.64073 1.74491 
-5.0085 -8.12345 7.85986 
0.806436 -1.06846 2.30262 
0.200248 0.0374763 0.781146 
0.616263 0.509564 0.61585 
3.07729 -1.998 3.07915 
0.352454 0.718306 1.09946 
-0.337106 -3.80041 2.23391 
