0.953625 0.0146086 0.300644 0.138358 -0.100257 0.957203 0.271498 0.173004 -0.283811 -0.289049 0.914277 0.146631 0 0 0 1
0.960715 -0.19341 -0.199048 0.0310144 0.155951 0.969457 -0.189294 -0.0109914 0.229579 0.150816 0.961534 0.0176507 0 0 0 1
###
2.36982 -2.32463 0.184066 
12.0042 -11.1818 6.48349 
4.21582 -0.0636123 4.82183 
-0.181335 -0.0779369 -0.0208759 
4.41087 -3.7717 0.485544 
-0.347024 -0.596482 0.22484 
0.277539 -10.6579 11.6546 
4.63405 -0.721985 5.18635 
-4.84384 -5.13344 0.870036 
-0.726245 -0.0719312 -0.120793 
-0.230757 -0.155973 -0.0122806 
-0.581935 -3.13983 2.4166 
-0.793159 -3.72822 3.27664 

0.932248 -0.790164 0.117189 
-3.79072 -3.67127 6.03675 
-0.190739 -0.0352613 0.785388 
-0.466447 0.355858 0.682303 
4.72996 -3.55653 6.2291 
1.22586 -1.25528 2.94001 
4.25989 -3.64292 3.85099 
-0.46593 0.321453 0.333706 
-0.449027 -1.37311 3.82143 
-0.377027 0.148661 0.773182 
0.573071 0.50994 0.603207 
1.38967 -6.58687 12.8629 
0.750785 -0.900303 1.45742 
