-0.439644 -0.438825 -0.783674 0.452906 0.0876998 0.847378 -0.523697 0.130061 0.89388 -0.298968 -0.33406 0.751383 0 0 0 1
1 0 0 0 0 1 0 0 0 0 1 0 0 0 0 1
###
2.70517 -4.32302 12.201 
-0.0307789 -0.882762 -1.0646 
5.44375 -10.5916 -2.34538 
-0.390749 0.33158 0.344048 
7.11497 -16.6435 -4.76219 
-0.391128 0.331893 0.34263 
4.71282 -7.29857 -1.10744 
0.0329728 -1.17369 -1.1342 
4.95495 -8.07091 -1.35074 
-0.222178 0.0358135 0.585883 
-0.54194 -1.50035 0.014449 
-0.432997 -0.70507 -0.407077 
-0.386374 -1.19532 -0.499212 
0.0283095 -1.15319 -1.11581 
-0.399717 -1.13495 -0.454865 
-0.0977817 -2.49881 1.90966 
1.45582 -1.22362 4.0845 
0.548842 -1.09023 2.31946 
-0.396359 -1.1559 -0.465034 

-9.31878 -10.7514 1.07438 
6.42097 0.249033 4.47134 
23.1551 -43.0364 63.7095 
1.21474 1.1865 0.620184 
9.31136 -18.3718 27.3216 
1.19465 1.17517 0.600911 
20.828 -37.6261 55.0758 
6.63662 -0.387268 4.78994 
19.4973 -21.7331 26.3024 
-24.2716 -35.8251 9.87011 
20.8363 -19.6671 19.1556 
5.02847 -0.612263 2.47319 
0.314699 -0.0761233 0.444846 
6.59314 -0.375747 4.76622 
-0.43874 0.157105 0.241548 
0.697906 -12.0323 3.63633 
-8.74637 -8.95798 4.11555 
23.2293 -24.2279 0.602217 
0.136962 0.0226339 0.379389 
