0.962831 -0.00910337 0.269953 0.162316 -0.0570923 0.969992 0.236339 0.064987 -0.264004 -0.242967 0.933418 0.217268 0 0 0 1
-0.712083 0.124122 0.691037 -0.706783 -0.301587 0.834743 -0.460706 0.773646 -0.634022 -0.536468 -0.556972 0.0991289 0 0 0 1
###
6.18773 -6.07785 4.44662 
-0.277196 -0.335962 0.0199512 
-0.150877 0.114947 0.00801742 
-0.450815 0.341131 -0.21671 
1.3694 1.67696 2.57277 
0.0125278 0.168879 -0.152866 
-0.247524 0.109068 -0.118115 
-0.0905767 -0.0671237 0.0980321 
0.694032 -0.305051 0.312827 
10.3455 -9.32619 4.78842 
-0.0568798 0.176363 -0.140254 
-0.292087 0.0391048 -0.128229 
-1.40875 -4.13176 1.72604 
5.74544 -5.82947 -0.0986493 
8.40671 -8.25724 4.8114 
-0.457263 -0.0282055 -0.0844735 
11.0893 -10.1431 2.12236 
1.44963 1.75741 2.66444 
-0.593041 -0.335952 0.111256 
-0.143927 0.0243196 0.0435664 
-0.169465 0.322558 -0.0231026 
6.62741 -7.18083 -0.121641 
-0.457871 -0.00860902 -0.0918868 
-1.62289 -4.0145 2.70745 
-0.921619 -0.093324 -0.0652655 
-0.704955 -3.81327 2.92726 
-0.10031 0.228693 0.0550852 

2.0891 -4.57477 -0.363359 
-5.53214 -5.09562 6.54938 
-1.93861 0.732833 1.14716 
-1.3785 0.32058 0.994899 
-0.853624 0.0962297 -0.102648 
-0.638288 0.0454805 -0.22571 
-1.38743 0.344686 1.00629 
-1.14833 -0.68612 0.511689 
-0.503821 0.209731 -0.00930535 
3.18209 -15.7948 -5.58013 
-1.74158 0.511699 0.916859 
-0.742102 0.0773322 -0.154966 
-1.49425 -3.74521 1.112 
-2.37705 -9.85452 12.034 
-1.06991 -4.90121 -0.186613 
-0.836666 0.110143 -0.0540412 
-1.48147 -3.54206 0.639549 
1.09872 -0.21184 -0.876994 
-1.71492 0.500292 0.902722 
-0.697162 0.0561203 -0.185987 
-5.97845 -3.61752 9.40987 
0.206658 -1.68117 0.460293 
-0.801102 0.0675003 -0.172006 
3.76788 -4.14647 1.06191 
-0.848534 0.121355 0.00686014 
-0.152487 -0.526398 0.941473 
-1.57373 0.49637 1.07865 
