0.949509 0.023227 0.312878 0.13233 -0.121115 0.947089 0.297245 0.220292 -0.289419 -0.32013 0.902083 0.119144 0 0 0 1
-0.712083 0.124122 0.691037 -0.706783 -0.301587 0.834743 -0.460706 0.773646 -0.634022 -0.536468 -0.556972 0.0991289 0 0 0 1
###
7.44333 -8.14987 7.29286 
12.6217 -11.7804 6.82344 
-0.333909 -0.115418 -0.0135168 
1.81738 -0.129123 1.82839 
5.93857 -5.01764 0.682089 
7.76639 -9.82301 9.47651 
6.73222 -13.7505 13.0084 
3.16643 -1.25285 7.78062 
4.31408 -0.0711314 4.95478 
-4.49202 -5.33992 -0.639352 
6.44657 -2.49012 4.89725 
4.48445 -1.42897 5.05266 
6.12369 -2.90207 4.26247 
2.2276 -2.81851 5.71097 
0.011977 -3.40563 1.58847 
-0.210742 -0.142499 -0.0101241 
4.70786 -0.712853 5.06112 
5.32488 -2.51524 3.66328 
1.95743 1.15301 2.15508 
4.28773 -0.668741 4.80354 
-3.74456 -1.2235 0.729219 
9.26977 -8.51546 -0.0948682 
1.95936 0.833238 4.9005 
4.35559 1.28037 4.26428 
-0.157434 -0.0739313 -0.0143763 
0.585654 1.07816 1.7946 
-2.34918 1.37087 0.731675 
9.60901 -8.83321 -0.0928556 
-0.618017 -0.0594894 -0.0488295 
4.24072 -1.34905 4.53346 
-1.20413 -2.9779 2.00723 

-6.79497 -7.34909 3.61721 
2.25132 -6.21641 -1.31367 
1.07074 -0.22187 -0.801023 
-0.450361 0.105977 0.108817 
-0.147245 -0.5215 0.938405 
-0.116946 -6.03408 -1.07236 
12.8187 -12.7807 4.63952 
3.09534 -1.06632 -0.300081 
-1.13639 -0.987543 0.572317 
23.7356 -24.7956 5.48485 
-0.486687 -0.0319507 -0.422324 
1.17271 -0.197224 -0.977693 
-1.11318 -0.937016 0.578237 
-0.531757 -1.11671 -0.120368 
0.238791 -1.36228 0.795057 
0.923915 -1.89915 0.597938 
-0.895844 0.136354 -0.0157466 
-0.43446 -1.56354 -0.0577015 
-1.74158 0.511699 0.916859 
3.02958 -0.965145 -0.326982 
-0.312997 -1.77021 -0.239855 
-2.37705 -9.85452 12.034 
2.55847 0.237461 0.437209 
2.41318 -0.147681 -0.589362 
4.06556 -1.68432 -0.463737 
0.120142 -0.853322 -1.00275 
-0.400616 -1.70332 0.023537 
-0.159291 -0.541113 0.959254 
-0.804467 0.110069 -0.0885227 
3.6736 -1.52739 -0.467437 
-1.99806 0.586216 1.05433 
