-0.423969 -0.447568 -0.787359 0.446485 0.134757 0.828508 -0.543521 0.162768 0.895596 -0.336538 -0.290949 0.67947 0 0 0 1
1 0 0 0 0 1 0 0 0 0 1 0 0 0 0 1
###
-0.38929 -1.1689 -0.495947 
-0.0294849 -0.889082 -1.06968 
-0.0181305 -0.164819 2.0409 
-0.390852 0.331594 0.342292 
-0.278413 0.252714 0.349673 
-0.581382 -0.205078 -0.302584 
-0.399356 -1.14061 -0.45829 
5.06411 -7.84816 -1.21426 
-0.387172 0.345501 0.68209 
-0.44644 -0.128261 -0.785193 
-0.33003 0.107003 0.91779 
-0.368526 -0.965349 0.282587 
0.272589 -0.877173 -1.58569 
-0.559822 -0.388089 -0.199589 
-1.8697 -4.42226 0.766829 
-0.365813 -1.1754 0.211172 
-0.162404 -0.133192 0.829039 
-0.301178 0.263292 0.513122 

-0.0672542 0.077955 0.039627 
-0.080302 -0.171392 0.0509765 
4.28773 -0.668741 4.80354 
0.139092 1.09642 2.43727 
-0.067931 0.154017 0.0372985 
-0.210742 -0.142499 -0.0101241 
0.89399 1.08013 1.63442 
11.5713 -11.4487 6.76626 
-0.0726726 -0.0108077 0.107688 
-0.0970346 -0.0300933 0.0390523 
3.95974 -3.56897 0.196967 
7.76639 -9.82301 9.47651 
-0.0688081 0.156448 0.0380815 
-0.130406 0.0967239 -0.0461697 
-0.211517 -0.0313772 -0.0480172 
12.7784 -12.7382 8.302 
-1.01096 -3.20923 1.0626 
-1.67417 -8.00254 5.73965 
