-0.423969 -0.447568 -0.787359 0.446485 0.134757 0.828508 -0.543521 0.162768 0.895596 -0.336538 -0.290949 0.67947 0 0 0 1
1 0 0 0 0 1 0 0 0 0 1 0 0 0 0 1
###
-0.125985 -0.12354 0.907071 
-0.0294849 -0.889082 -1.06968 
-0.416835 -1.10132 -0.807702 
-0.391889 0.331622 0.346062 
7.20691 -16.9039 -4.86026 
10.3195 -13.4657 -1.83437 
-0.39094 -1.17686 -0.485793 
-0.399356 -1.14061 -0.45829 
-0.428082 -0.765064 -0.46198 
5.06411 -7.84816 -1.21426 
-0.44644 -0.128261 -0.785193 
0.0339098 -1.1796 -1.13863 
3.18969 -9.018 -2.90267 
-3.33441 -6.37342 -0.827539 
2.2276 -5.08541 11.5642 
-0.33003 0.107003 0.91779 
1.4116 -4.56555 -1.24364 
3.09694 -5.4553 -1.07054 
0.0300581 -1.16009 -1.12256 
-0.397732 -1.13981 -0.459004 
-0.368526 -0.965349 0.282587 
-0.436032 0.335834 0.360782 
-1.8697 -4.42226 0.766829 
-0.248658 0.18677 0.533158 
3.70769 -6.39356 -1.33277 
-0.40215 -1.11502 -0.437559 
-0.246634 0.11463 0.713056 
-0.567018 -0.439681 -0.262621 
0.589214 -4.18216 -1.17587 

-3.34197 -7.30423 4.15359 
6.42097 0.249033 4.47134 
5.05752 -0.605609 2.49195 
1.20397 1.17557 0.602653 
18.4447 -20.8891 25.0831 
-0.198422 0.362868 0.381143 
-0.444793 0.16037 0.244563 
-0.43874 0.157105 0.241548 
5.02847 -0.612263 2.47319 
20.828 -37.6261 55.0758 
-4.47899 -4.62888 0.500844 
6.63662 -0.387268 4.78994 
19.4973 -21.7331 26.3024 
7.46845 2.46222 5.93472 
-28.4541 -39.7876 3.95928 
23.2293 -24.2279 0.602217 
13.8534 -15.5669 5.48924 
15.9939 -14.6252 14.3415 
6.59314 -0.375747 4.76622 
5.43688 -1.60404 2.86141 
9.31136 -18.3718 27.3216 
1.21091 1.14514 0.458178 
5.35212 -7.54113 0.368868 
-0.263568 0.0292866 0.231454 
29.8787 -27.7481 27.7861 
-0.441783 0.159197 0.240628 
0.829421 0.707007 0.858225 
0.105187 -0.61398 1.1316 
20.8363 -19.6671 19.1556 
