0.962831 -0.00910337 0.269953 0.162316 -0.0570923 0.969992 0.236339 0.064987 -0.264004 -0.242967 0.933418 0.217268 0 0 0 1
0.960715 -0.19341 -0.199048 0.0310144 0.155951 0.969457 -0.189294 -0.0109914 0.229579 0.150816 0.961534 0.0176507 0 0 0 1
###
-0.450815 0.341131 -0.21671 
0.0125278 0.168879 -0.152866 
0.903499 -0.0829101 0.825633 
0.0148823 0.172003 -0.151916 
3.6947 -3.63441 2.52743 
-0.19767 0.177188 -0.083059 
0.249489 -9.52543 10.4228 
-0.0872353 -0.0120793 0.0725877 
-0.212204 -0.106636 -0.00422171 
11.0893 -10.1431 2.12236 
1.44963 1.75741 2.66444 
-0.593041 -0.335952 0.111256 
-0.143927 0.0243196 0.0435664 
-0.212509 -0.107361 -0.00279625 
-0.169465 0.322558 -0.0231026 
6.62741 -7.18083 -0.121641 
-0.457871 -0.00860902 -0.0918868 
-0.252424 -0.297871 0.00136891 
-0.704955 -3.81327 2.92726 

0.767353 0.350421 0.295764 
-0.118299 0.224767 0.0452648 
-0.117799 0.297321 0.1902 
0.921704 0.416476 0.372451 
8.87392 -6.72973 4.23117 
-0.0493671 -0.0728577 0.722738 
4.25989 -3.64292 3.85099 
1.54731 0.439624 1.66936 
0.65973 0.49236 0.561302 
5.33702 -6.21019 6.79327 
-0.604459 0.261721 0.230526 
0.0906794 0.234786 0.0443 
0.770236 0.453712 0.471965 
-0.0455659 -0.0763882 0.728964 
-0.259837 0.172547 -0.0465782 
-2.21793 -3.32501 7.04664 
2.91343 -2.21272 4.1463 
-0.466447 0.355858 0.682303 
1.39288 -6.60014 12.8878 
