0.964026 -0.0114698 0.265562 0.172369 -0.0512708 0.972284 0.228113 0.0299422 -0.260818 -0.233523 0.936718 0.240723 0 0 0 1
-0.712083 0.124122 0.691037 -0.706783 -0.301587 0.834743 -0.460706 0.773646 -0.634022 -0.536468 -0.556972 0.0991289 0 0 0 1
###
-0.550981 0.422764 -0.234827 
2.46257 -6.80483 7.0604 
0.00799593 0.174371 -0.182909 
5.47212 -5.3673 3.92288 
-0.412886 -0.330419 -0.0578562 
-0.416361 0.31418 -0.246469 
-0.488484 0.391201 -0.196168 
0.00921769 0.175811 -0.182351 
-0.254364 0.130536 -0.127656 
0.0134091 0.179821 -0.179478 
4.09573 0.111814 4.31252 
-0.262927 0.112869 -0.134493 
-0.058357 0.207159 -0.142071 
4.31408 -4.36766 -0.0827637 
-0.253359 0.130671 -0.127729 
3.05598 -8.04635 9.89871 
-0.954121 0.0391748 -0.196482 
-0.553248 0.105166 -0.168304 
-0.979048 -0.0972514 -0.0770758 
8.92088 -9.0725 5.79027 
1.64326 1.99431 3.02419 
-0.572746 -0.306376 0.0657836 
-0.982914 0.0386042 -0.194209 
-0.122784 0.367497 0.0600949 
-0.676121 -0.386622 0.140968 
-0.994587 -0.100381 -0.0732454 
-0.541913 -0.0275027 -0.0713221 
-0.312101 -0.390973 0.0461113 
0.2958 2.09729 4.66895 
-0.710333 -0.413723 0.166838 
-0.863747 -8.20128 2.34383 

-0.532587 0.0058479 -0.336313 
2.14797 -11.7293 -3.32874 
-0.486687 -0.0319507 -0.422324 
0.952747 -5.44158 -1.22344 
0.0449061 -0.84944 -0.939913 
-0.569987 -0.0063876 -0.328736 
0.120142 -0.853322 -1.00275 
-0.456601 -0.743183 -0.277887 
-0.272511 -1.10598 -0.428433 
-1.71492 0.500292 0.902722 
1.17065 -0.168777 -0.722968 
-1.0871 0.126547 -0.000329094 
-1.11318 -0.937016 0.578237 
-0.160096 -0.543361 0.960538 
-5.53214 -5.09562 6.54938 
4.73821 -7.87355 -1.28583 
26.5888 -24.8202 4.38214 
-1.74158 0.511699 0.916859 
-0.147245 -0.5215 0.938405 
10.2152 -17.5677 -3.69564 
-0.259792 -0.968386 -0.365641 
-0.561945 0.275763 0.245432 
-0.756658 -3.19879 0.00342323 
-0.196571 -0.174594 -0.758911 
10.4008 -13.5912 -1.86516 
-0.720805 0.0823875 -0.180447 
-0.804467 0.110069 -0.0885227 
10.0312 -15.3847 -3.05525 
-0.857104 0.124793 -0.048337 
1.09872 -0.21184 -0.876994 
-1.01311 -4.09012 2.02661 
