0.953625 0.0146086 0.300644 0.138358 -0.100257 0.957203 0.271498 0.173004 -0.283811 -0.289049 0.914277 0.146631 0 0 0 1
-0.712083 0.124122 0.691037 -0.706783 -0.301587 0.834743 -0.460706 0.773646 -0.634022 -0.536468 -0.556972 0.0991289 0 0 0 1
###
-0.322815 -0.129633 -0.0393108 
3.35302 -9.28485 9.6187 
-0.133422 0.104257 -0.0186146 
0.378778 -0.076873 0.907927 
2.36982 -2.32463 0.184066 
4.21582 -0.0636123 4.82183 
-1.04999 -3.04546 1.27154 
0.092148 0.798655 0.395824 
-0.181335 -0.0779369 -0.0208759 
-0.716793 -0.0725091 -0.121241 
4.41087 -3.7717 0.485544 
3.46708 -1.20766 3.68467 
6.71791 -2.59589 5.11595 
-0.164174 0.0294826 -0.0445605 
4.63405 -0.721985 5.18635 
-3.63717 -0.956119 0.481375 
-0.230757 -0.155973 -0.0122806 
12.1117 -11.1072 2.37075 
-0.282537 -0.257355 -0.0281306 
0.0747817 0.947531 0.645415 
-0.568527 -3.0698 2.35487 
-0.100578 0.0439153 0.0341256 
-0.142063 0.105628 -0.0519387 

-0.801102 0.0675003 -0.172006 
2.14846 -11.7323 -3.33 
-0.804467 0.110069 -0.0885227 
-1.65569 -1.50591 0.495611 
-0.153911 -0.528118 0.944273 
-1.13639 -0.987543 0.572317 
-6.88292 -7.66854 12.6376 
-1.73486 0.439339 0.794818 
-0.474253 0.157286 0.0260269 
0.114203 -0.854057 -1.0119 
-0.147245 -0.5215 0.938405 
2.52772 -1.2721 -0.0109901 
2.81595 -1.8639 -0.657533 
-0.503821 0.209731 -0.00930535 
1.09872 -0.21184 -0.876994 
-0.406471 -1.70219 0.00324882 
0.923915 -1.89915 0.597938 
-3.83831 -8.20543 10.291 
-0.660163 -0.855678 -0.124794 
-0.836666 0.110143 -0.0540412 
-3.01815 -4.18375 1.26956 
-1.26545 -4.23361 1.7283 
-0.508624 0.133182 -0.0657091 
