0.948949 0.0308027 0.313922 0.125071 -0.130947 0.94388 0.303221 0.247887 -0.286964 -0.328848 0.899728 0.102725 0 0 0 1
-0.712083 0.124122 0.691037 -0.706783 -0.301587 0.834743 -0.460706 0.773646 -0.634022 -0.536468 -0.556972 0.0991289 0 0 0 1
###
4.39289 -3.96799 0.274331 
3.84905 -10.676 11.013 
-3.00318 -3.49558 -0.473708 
4.04443 -0.0687852 4.64078 
3.12799 -2.86985 0.143866 
-0.577911 -0.0426768 -0.0184679 
8.4447 -10.736 10.3246 
-1.3327 -2.39377 1.93889 
-0.193807 -0.133093 -0.0103857 
6.53054 -13.1712 12.4718 
0.182604 1.37008 3.03751 
-0.0969393 0.0737085 0.00621491 
-6.55114 -7.74348 -0.831979 
2.69732 -0.875236 2.83644 
-1.32594 -2.39263 1.9406 
-0.606907 -0.0614798 -0.10212 
-2.67249 -4.68708 4.3072 
-4.65826 -4.94598 0.858384 
-3.3338 -1.09105 0.64074 
11.3641 -11.3157 7.38803 
-1.42969 -6.85377 8.02088 
4.24119 -0.669027 4.75373 
4.02344 -0.619575 4.29896 
4.34059 0.989662 4.76117 
0.0202473 -2.50992 -0.244591 
10.0241 -10.2536 6.59497 
-0.193437 -0.133331 -0.00940179 
-0.0744224 -0.159204 0.049215 
0.89854 -0.716869 4.09757 
1.22106 -0.931252 -0.0304338 
0.0289157 -3.70999 1.71588 
0.837544 1.01008 1.52788 
-0.0744449 -0.159216 0.0482599 
-0.073801 -0.57458 -0.135083 

-1.01312 -4.01112 -0.196362 
2.3896 -3.65376 0.319138 
-4.47158 -4.10995 4.74762 
2.69161 -1.30023 -0.00468171 
-0.162171 -0.524752 0.943974 
-0.836666 0.110143 -0.0540412 
-1.1064 -4.28374 -0.233114 
-5.53214 -5.09562 6.54938 
-0.443018 -0.0746982 -0.465848 
-0.42901 -4.06413 -0.264922 
-0.849963 0.118403 -0.0519029 
-0.433753 -0.0428951 -0.460969 
7.20691 -16.9039 -4.86026 
-1.10583 -1.22343 0.699335 
3.22664 -16.0141 -5.66913 
-0.497839 -0.26893 -0.352521 
0.956599 -5.47391 -1.20425 
-4.92067 -4.42354 5.9243 
-0.29016 -1.50538 -0.242667 
0.483158 -6.56495 -1.43711 
0.120142 -0.853322 -1.00275 
3.03455 -1.30935 -0.167015 
2.83199 -0.968249 -0.313436 
2.56143 -0.229534 -0.439111 
-0.166308 -4.06921 2.30225 
2.14872 -11.7342 -3.33057 
-0.486687 -0.0319507 -0.422324 
-1.69976 0.495923 0.89406 
-0.458245 -0.679928 -0.315947 
-4.1985 3.31063 1.62625 
-0.25702 -3.66638 2.51562 
3.28539 -0.646355 -0.618149 
0.159599 -0.899699 -1.04657 
-0.202589 -2.36495 1.57503 
