0.955315 0.00414392 0.295561 0.100826 -0.0551185 0.984862 0.164346 0.252736 -0.290406 -0.173293 0.941081 0.128133 0 0 0 1
-0.712083 0.124122 0.691037 -0.706783 -0.301587 0.834743 -0.460706 0.773646 -0.634022 -0.536468 -0.556972 0.0991289 0 0 0 1
###
1.83358 -3.89514 3.51138 
-0.0798827 -0.143536 0.0828526 
0.515595 -0.0477111 1.22583 
-4.07412 -4.77492 -0.56761 
-1.22097 -1.53586 -0.29163 
3.47238 -1.17174 3.69014 
0.0697344 0.803217 1.07035 
1.72358 0.0749371 4.22801 
-8.55349 -10.1091 -1.00803 
-0.101849 -0.610791 -0.0676904 
3.41982 -0.0419297 4.05456 
0.318251 -0.191406 0.787483 
-0.092804 0.079804 0.0139677 
-0.582141 -0.0488953 -0.0879577 
-0.181013 -0.128141 -0.0137198 
-0.178737 -0.120884 -0.00853485 
-0.575302 -0.0522278 -0.0905242 
-2.89141 -0.950663 0.5468 
-0.100529 -0.612634 -0.0685577 
1.35872 -1.70935 -0.0235579 
-0.557998 -0.05599 -0.092298 
1.80318 -0.399808 1.9481 
3.89802 -0.733315 4.16167 
1.78045 0.737682 4.14362 
-0.0679585 -0.142749 0.058799 
-3.25358 -5.74369 5.73762 
-0.707959 -5.0661 1.37417 
8.60528 -8.80888 5.65019 
3.84597 -0.607317 4.3074 
-0.178285 -0.120882 -0.0081825 
-0.088475 0.0674814 0.00616495 
-0.288901 -0.660237 0.274356 
-0.0667164 -0.143376 0.0557909 
-0.164104 -0.194328 0.00909687 
-1.04816 -2.46894 1.03556 
1.07079 -0.697665 4.44231 
1.5757 -1.97111 0.0149567 
-0.139574 -0.0587656 -0.0187122 
-0.133192 -0.0628986 -0.0132392 
-0.126449 0.0229615 -0.0341832 
0.0260337 -3.37756 1.56094 

10.2735 -17.6653 -3.7219 
-1.69976 0.495923 0.89406 
-1.65569 -1.50591 0.495611 
1.78046 -4.708 -0.925901 
7.45439 -18.5011 -5.89046 
-0.503821 0.209731 -0.00930535 
1.09809 -0.211991 -0.876126 
-1.10572 -1.08092 0.635218 
1.57825 -4.53253 -0.505068 
-0.487155 -4.07661 2.52493 
3.08461 -0.624211 -0.367241 
-0.522121 -1.19804 -0.145612 
-1.71492 0.500292 0.902722 
7.91029 -12.2031 -2.20224 
-0.486685 -0.0319749 -0.422281 
-0.443029 -0.0747047 -0.465851 
-0.561945 0.275763 0.245432 
-1.11318 -0.937016 0.578237 
-0.344176 -3.90196 2.58199 
-2.37705 -9.85452 12.034 
-0.48175 0.167989 0.0124413 
3.02973 -0.965219 -0.327083 
4.35146 -1.83498 -0.67243 
-0.0989349 -0.748999 -0.912573 
-0.849219 0.118623 -0.05257 
0.956588 -5.47411 -1.20432 
-0.323999 -2.61716 1.90329 
2.19965 -12.024 -3.45472 
3.03476 -1.30948 -0.167145 
-1.82786 0.536696 0.98633 
-1.3785 0.32058 0.994899 
3.2233 -15.9948 -5.66184 
-1.7431 0.628705 1.15881 
1.17106 -0.168693 -0.723518 
-4.43521 -4.88293 7.39018 
-0.703331 -0.757352 -0.0818189 
-1.28962 -1.41231 1.81162 
-1.90796 0.519388 0.92889 
3.09949 -1.06714 -0.30173 
-0.532587 0.0058479 -0.336313 
0.19815 -1.25972 0.806814 
