0.951449 0.028609 0.306473 0.115548 -0.113001 0.958613 0.261328 0.256589 -0.286312 -0.283272 0.915304 0.102999 0 0 0 1
0.44668 0.25464 0.857692 -0.780328 -0.236231 0.958191 -0.161449 0.0917733 -0.862944 -0.130497 0.488159 -0.028791 0 0 0 1
###
2.61488 -2.57957 0.231547 
14.3948 -14.2592 8.72705 
-0.084608 -0.14535 0.102548 
0.844614 -0.210287 2.05427 
9.29495 -10.3697 9.41674 
-1.71755 -3.08771 2.61984 
0.0702578 0.818844 1.08978 
-7.70838 -9.0955 -0.927291 
9.5063 -11.1081 10.1405 
4.83165 -2.29004 3.34924 
14.4364 -14.312 8.50409 
0.159055 1.21757 2.70007 
-0.183385 -0.125683 -0.00942172 
4.41378 -2.08545 3.02697 
-0.170216 -0.200688 0.0081854 
-1.0583 -2.49267 1.04196 
-0.244473 -0.0907645 -0.0155148 
-0.071362 -0.146696 0.0656059 
-0.184996 -0.125004 -0.00866623 
4.47854 -2.11295 3.06798 
-0.492499 -2.66261 2.05 
-0.0808503 -0.0618613 0.0335098 
-2.7819 -0.724692 0.349774 
-0.603357 -0.0512735 -0.0923038 
0.800297 0.964259 1.46071 
-0.167823 -0.201266 0.00700816 
-1.09915 -2.5846 1.08598 
0.663782 0.970855 1.64035 
-0.149275 0.0504218 -0.076591 
-0.595298 -0.0534331 -0.093356 
-0.478199 -2.59764 1.99316 

3.07729 -1.998 3.07915 
-0.293862 -1.21567 3.85927 
-0.153378 0.0173348 0.627099 
-1.10572 -1.08092 0.635218 
-1.28962 -1.41231 1.81162 
-0.505288 -1.21348 3.73924 
-0.276024 -1.10102 -0.424039 
-2.21793 -3.32501 7.04664 
-6.45556 -5.86172 5.95346 
-0.0665527 -0.0182384 0.675277 
-2.78199 -3.86125 8.45796 
0.780429 0.426335 2.46908 
0.0157616 0.309078 0.928524 
0.182695 0.0713097 0.733142 
-0.0700891 -0.0171641 0.677565 
0.2881 -1.19333 2.11911 
0.664506 -1.20243 2.20565 
0.123984 -0.93924 -1.13066 
0.516363 1.36385 2.51092 
2.3063 -1.43999 3.12301 
1.38967 -6.58687 12.8629 
1.4219 0.937961 1.67164 
1.46167 0.457383 1.59366 
0.203116 0.616485 0.88243 
-0.272511 -1.10598 -0.428433 
-0.621754 0.0317516 -0.258742 
0.295911 -1.22567 2.13928 
0.00939054 0.180678 0.884783 
0.187516 0.0683291 0.741239 
0.201147 0.621532 0.884347 
0.863629 -1.22274 1.88502 
