0.951449 0.028609 0.306473 0.115548 -0.113001 0.958613 0.261328 0.256589 -0.286312 -0.283272 0.915304 0.102999 0 0 0 1
-0.712083 0.124122 0.691037 -0.706783 -0.301587 0.834743 -0.460706 0.773646 -0.634022 -0.536468 -0.556972 0.0991289 0 0 0 1
###
2.61488 -2.57957 0.231547 
-0.084608 -0.14535 0.102548 
0.844614 -0.210287 2.05427 
4.69995 -0.0954457 4.86865 
9.29495 -10.3697 9.41674 
0.135152 -0.215044 0.279875 
2.42457 -2.37811 0.18475 
-0.0838414 -0.147305 0.0904309 
-0.189813 -0.131839 -0.00920976 
0.0702578 0.818844 1.08978 
-7.70838 -9.0955 -0.927291 
4.07724 -1.94785 2.80746 
0.756684 0.916252 1.39947 
9.5063 -11.1081 10.1405 
4.83165 -2.29004 3.34924 
0.159055 1.21757 2.70007 
4.41378 -2.08545 3.02697 
-0.170216 -0.200688 0.0081854 
-0.0916255 0.069665 0.00598101 
-0.071362 -0.146696 0.0656059 
-0.184996 -0.125004 -0.00866623 
4.08677 -0.645498 4.57992 
-0.183939 -0.124917 -0.00972561 
-0.603357 -0.0512735 -0.0923038 
-0.167823 -0.201266 0.00700816 
-0.144437 -0.0608373 -0.0191212 
-1.09915 -2.5846 1.08598 
-0.131101 0.0235932 -0.0353703 
-0.699936 -4.97368 1.34525 
-0.151496 0.0672181 -0.0691741 
0.0274865 -3.52248 1.62885 

-0.153911 -0.528118 0.944273 
-0.943255 0.17782 -0.175718 
-1.65569 -1.50591 0.495611 
-0.503821 0.209731 -0.00930535 
2.08213 -2.7093 0.773211 
-1.15064 -0.863755 0.546338 
-0.400616 -1.70332 0.023537 
-0.895844 0.136354 -0.0157466 
-1.09319 -1.12484 0.642034 
1.09872 -0.21184 -0.876994 
-0.89101 -4.07146 -0.0468054 
0.283715 -1.72262 -0.835108 
-0.731931 0.0843262 -0.148372 
-1.13617 -1.76708 0.930583 
-0.43446 -1.56354 -0.0577015 
-0.857104 0.124793 -0.048337 
-1.10583 -1.22343 0.699335 
1.32727 -0.12562 -0.925154 
-1.3785 0.32058 0.994899 
-1.69976 0.495923 0.89406 
0.923915 -1.89915 0.597938 
-1.86072 0.747232 1.21054 
-1.71492 0.500292 0.902722 
-0.278555 -1.10232 -0.416039 
-0.532587 0.0058479 -0.336313 
-1.90796 0.519388 0.92889 
-4.43521 -4.88293 7.39018 
2.98653 -0.714382 -0.522208 
-0.324089 -2.6184 1.90384 
-1.74158 0.511699 0.916859 
0.198688 -1.26107 0.806647 
