-0.58418 -0.409933 -0.700492 0.288337 0.172572 0.780602 -0.600732 0.221499 0.793065 -0.471821 -0.385269 0.662304 0 0 0 1
1 0 0 0 0 1 0 0 0 0 1 0 0 0 0 1
###
-0.0275079 -0.89134 -1.07313 
-0.389848 0.332578 0.342752 
5.41721 -10.4495 -2.30179 
6.37854 -9.77068 -1.35827 
-0.579354 -0.103658 -0.279587 
-0.392714 -1.16319 -0.47665 
-0.418016 -0.0770223 -0.531573 
0.869647 -2.03789 1.86932 
3.0952 -4.71629 -0.435478 
-0.265141 -0.647439 0.263362 
-1.64024 -2.08753 0.687415 
0.917528 -2.14639 1.92356 
4.04836 -6.07436 -0.667096 
-0.591233 0.14007 -0.0758441 
-1.42558 -3.71008 1.66367 
1.25696 -0.180859 -0.970003 
-0.30695 0.207935 0.648127 

-0.0798827 -0.143536 0.0828526 
-0.164104 -0.194328 0.00909687 
4.42306 -7.29334 -0.101791 
9.19427 -11.6711 11.2487 
-0.0646084 -0.084447 0.0620191 
0.764603 0.922245 1.3971 
0.155844 0.202063 -0.000395785 
0.0130716 -3.01636 1.40302 
6.02663 -6.20765 3.86121 
1.5757 -1.97111 0.0149567 
-3.33267 -1.09236 0.660475 
0.0260337 -3.37756 1.56094 
4.06954 -11.28 11.7005 
-0.0972214 0.0315501 0.0145197 
-0.00342385 -3.77826 1.84407 
0.116446 0.670276 0.224028 
-8.55349 -10.1091 -1.00803 
