-0.800953 -0.280266 -0.529079 0.0390809 0.163792 0.747395 -0.643873 0.235604 0.575887 -0.602371 -0.552723 0.635532 0 0 0 1
1 0 0 0 0 1 0 0 0 0 1 0 0 0 0 1
###
-0.479748 -0.798657 0.198569 
8.05912 -12.4314 -2.23455 
6.51023 -9.96495 -1.40705 
-0.539107 -1.92601 -0.0183358 
0.820242 -1.95161 1.8272 
3.90327 -1.15578 -1.09754 
-0.0166115 -0.929503 -1.13685 
2.85169 -1.56069 -0.472333 
27.2356 -36.9823 -6.65288 
4.26665 -6.72348 -1.16582 
-0.572341 -0.363118 -0.344221 
0.448356 -1.26927 1.44153 
0.235634 -0.82741 -1.49831 
-0.566706 -0.432535 -0.302103 
-0.375319 -3.59071 -0.323847 
-0.441642 -0.205365 -0.914977 
-0.784817 0.104618 -0.112263 
-0.580738 -0.118942 -0.303531 
-1.30656 -2.85827 1.28292 
3.07355 -2.03544 -0.287037 
-0.831805 0.0873401 -0.178523 
-0.594051 -0.23812 -0.380335 
0.0138823 -4.58945 -0.911828 
0.500171 -1.36245 1.49395 

10.2288 -11.3877 10.3689 
15.8381 -15.7111 9.6435 
16.1839 -16.0269 9.54877 
4.27845 -5.03565 -0.0367642 
0.0126348 -2.79266 1.29853 
3.86942 -0.0793727 4.00165 
-0.0639227 -0.129892 0.0657045 
4.33993 0.0465414 4.59627 
6.98605 -7.12462 4.48176 
14.381 -13.4516 7.81936 
3.04627 0.939233 1.02031 
0.0242176 -3.14198 1.45195 
-0.0742983 0.0944066 0.00321878 
2.77822 0.837785 0.933814 
9.65207 -12.297 11.8792 
0.14457 0.187441 -0.000358853 
0.219145 -0.15299 -0.00250827 
3.52051 -0.54961 3.9431 
-1.00358 -3.15513 1.08881 
3.69169 -1.28857 3.96167 
3.863 0.0553663 4.15124 
3.74903 -1.19402 4.2236 
4.33495 -12.0064 12.4502 
-0.716689 -5.13861 1.40436 
