0.963352 -0.0245435 0.267114 0.0775469 -0.00177325 0.995201 0.0978383 0.245195 -0.268233 -0.0947264 0.958685 0.141592 0 0 0 1
-0.712083 0.124122 0.691037 -0.706783 -0.301587 0.834743 -0.460706 0.773646 -0.634022 -0.536468 -0.556972 0.0991289 0 0 0 1
###
4.2529 -11.7027 12.1322 
-5.7423 -6.1114 1.02492 
-0.560829 -0.0474591 -0.0851713 
3.5294 -0.0593698 4.03606 
-1.82203 -3.29417 2.82636 
-4.7779 -5.28503 1.00526 
6.29341 -6.46687 4.04655 
15.3478 -15.143 9.22598 
-0.55394 -0.0507791 -0.0875853 
3.90197 -0.0323903 4.62081 
3.9473 0.0552718 4.24905 
4.16233 1.43034 5.04093 
-0.790632 -5.58401 1.52568 
-9.23805 -10.9282 -1.06079 
15.6783 -15.5328 9.24839 
5.21423 0.0458554 5.5621 
-0.170953 -0.117402 -0.00943974 
2.49988 -0.992937 2.68378 
1.09957 -1.72348 0.00652446 
-0.0854026 0.0651434 0.00562827 
1.68838 0.992561 1.8606 
-0.066714 -0.135926 0.0662134 
-0.435645 -0.0675782 -0.0408197 
-0.537838 -0.0541996 -0.0890928 
-0.690141 -4.94075 1.33984 
1.0709 -1.6898 0.00825753 
4.49182 1.33426 3.8876 
-0.158395 -0.187817 0.00931087 
-1.01156 -2.51792 1.70851 
-0.140783 -0.0848457 -0.00809308 
2.61662 -1.59788 4.58592 
-1.01709 -2.40081 1.00833 
-0.361644 0.0661731 -0.0470087 
1.07877 -1.43084 0.0187778 
0.860796 -1.30971 -0.0203686 
-0.743213 -5.33122 1.45797 
4.36084 1.28559 3.75927 
-0.796076 -2.30119 1.05295 
3.87531 -0.978715 6.95255 
0.0246438 -3.28181 1.51662 
-2.98821 -5.4147 5.01768 
-0.653388 -3.41217 3.06246 

31.4466 -42.59 -7.69356 
3.2233 -15.9948 -5.66184 
0.923915 -1.89915 0.597938 
-0.522121 -1.19804 -0.145612 
-2.04634 -2.1022 3.52617 
2.14841 -11.7321 -3.32986 
-0.809998 -4.33562 -0.0137508 
-1.04306 -4.88265 -0.164054 
-1.74158 0.511699 0.916859 
-1.13639 -0.987543 0.572317 
-0.474253 0.157286 0.0260269 
2.92985 0.0345135 -0.544709 
-0.344176 -3.90196 2.58199 
1.66925 -4.76113 -0.570378 
1.3895 -3.30694 0.0433389 
-1.69976 0.495923 0.89406 
-0.458255 -0.679913 -0.315905 
3.00678 -1.08437 -0.355028 
-0.156901 -0.536503 0.95648 
-1.3785 0.32058 0.994899 
-0.816172 0.0963603 -0.104643 
-0.849219 0.118623 -0.05257 
-0.58629 0.0605011 -0.457462 
-0.486685 -0.0319749 -0.422281 
-0.323999 -2.61716 1.90329 
-0.15856 -0.546353 0.963953 
2.07372 -0.189498 -0.579519 
3.10998 -0.746471 -0.552365 
-0.651752 0.0592871 -0.186662 
-0.786815 0.112079 -0.0869919 
-0.510579 0.124107 -0.0759291 
-4.43521 -4.88293 7.39018 
-0.508346 0.132815 -0.0652668 
3.84714 -13.1746 -4.55577 
0.483158 -6.56495 -1.43711 
-0.25702 -3.66638 2.51562 
0.442266 -0.566242 -1.68459 
6.82016 -7.33094 2.36287 
-0.477018 0.170198 0.0189217 
0.19815 -1.25972 0.806814 
-1.71492 0.500292 0.902722 
-0.272513 -1.10598 -0.428434 
