0.982413 -0.0453801 0.181123 0.0373101 0.0295989 0.995601 0.0889016 0.244723 -0.18436 -0.0819771 0.979434 0.122672 0 0 0 1
-0.712083 0.124122 0.691037 -0.706783 -0.301587 0.834743 -0.460706 0.773646 -0.634022 -0.536468 -0.556972 0.0991289 0 0 0 1
###
-0.651898 -0.00684781 -0.0566886 
-0.0733737 -0.129923 0.0865426 
3.39903 -0.0566517 3.88596 
-5.56113 -5.92027 0.995605 
-0.525074 -0.0504031 -0.0850155 
3.86942 -0.0793727 4.00165 
1.61789 0.742615 4.16537 
4.09982 -7.714 7.53903 
15.687 -15.4769 9.45157 
14.381 -13.4516 7.81936 
4.33495 -12.0064 12.4502 
-0.0706003 -0.130302 0.0785898 
-2.45066 -0.806944 0.443693 
4.37937 -1.50061 4.68892 
4.20602 -1.63055 3.19169 
6.98605 -7.12462 4.48176 
-0.159178 -0.179284 0.0198247 
-0.164334 -0.112469 -0.00811613 
3.15369 0.959341 1.06871 
-0.141374 -0.0990788 -0.00268522 
2.36964 -0.936835 2.53238 
0.278785 -10.0576 11.0052 
16.1839 -16.0269 9.54877 
-0.0855867 0.0743026 0.0129603 
-0.159739 -0.178856 0.0197222 
3.863 0.0553663 4.15124 
3.69169 -1.28857 3.96167 
4.29769 -1.65849 3.26757 
-0.164696 -0.111876 -0.00807558 
-0.462365 -0.0482264 -0.0226269 
3.55184 -0.560548 3.97493 
0.300884 -9.25845 10.182 
-0.676311 -4.84994 1.31572 
-2.39643 -0.598366 0.260331 
-0.343 -0.251179 0.0927777 
-0.716689 -5.13861 1.40436 
2.23981 -3.70963 0.0183121 
-0.975229 -2.29835 0.963756 
-0.0489478 -0.00794566 0.0536222 

-0.458274 -0.679903 -0.315855 
-0.804684 0.110155 -0.0888676 
-0.732399 0.0845618 -0.149116 
3.22841 -16.0325 -5.67796 
-1.71448 0.500199 0.902784 
-1.11161 -0.936386 0.578056 
0.119833 -0.853482 -1.00305 
1.70581 -2.30011 0.847611 
0.0384643 -7.28745 -1.42403 
2.0895 -4.57678 -0.363793 
2.14656 -11.7339 -3.33148 
-0.849275 0.118602 -0.052617 
-0.281602 -1.4444 -0.244346 
-0.434739 -1.56349 -0.057787 
2.7704 -1.84213 -0.632953 
2.93624 -3.818 0.498334 
-0.892301 0.137388 -0.0106209 
0.92711 -1.90325 0.597046 
-1.79734 0.548914 1.04699 
-0.789465 0.114296 -0.0903289 
3.00744 -1.08475 -0.355366 
2.49025 -4.12439 0.0998647 
8.39706 -19.7065 -5.76591 
-0.487274 -0.0316173 -0.423904 
3.11014 -0.746539 -0.552585 
1.17106 -0.168693 -0.723518 
4.34477 -1.83305 -0.670267 
3.08474 -0.624255 -0.367365 
-0.456841 -0.743419 -0.278293 
-0.586827 0.0605162 -0.458161 
3.02981 -0.965261 -0.327171 
4.85666 -5.09333 2.07836 
-0.325564 -2.63183 1.91013 
-0.968082 -0.586465 0.28278 
0.180584 -1.07891 -0.99229 
0.276398 -1.46866 0.774563 
-0.159923 -0.541805 0.95965 
-4.39153 -4.82615 7.31883 
-1.38704 0.344096 1.00596 
