-0.800953 -0.280266 -0.529079 0.0390809 0.163792 0.747395 -0.643873 0.235604 0.575887 -0.602371 -0.552723 0.635532 0 0 0 1
0.999981 0.00562725 -0.00249145 -0.00634208 -0.00560071 0.999929 0.0105333 0.00311856 0.00255054 -0.0105191 0.999941 0.0283595 0 0 0 1
###
0.851725 -4.42394 -1.23956 
8.05912 -12.4314 -2.23455 
-0.107367 -0.726012 -0.777262 
0.289871 -0.61127 -1.80604 
3.90327 -1.15578 -1.09754 
-0.0166115 -0.929503 -1.13685 
27.2356 -36.9823 -6.65288 
6.02323 -23.8902 -9.24518 
0.0191279 -1.14822 -1.10199 
1.21928 -1.66574 0.209123 
-0.399591 -1.13967 -0.458603 
-0.428542 -0.760942 -0.462757 
0.0101567 -1.11866 -1.07263 
2.42407 -6.99593 -2.16353 
1.19296 -0.944843 -2.2699 
-0.441642 -0.205365 -0.914977 
-0.400088 -1.12634 -0.447657 
0.0138823 -4.58945 -0.911828 
-0.733678 -0.978228 -0.135448 
-0.0959659 -0.897484 -1.04595 
-0.560077 -1.81253 -0.0943556 
3.29559 -5.32395 -0.749216 

20.8363 -19.6671 19.1556 
20.828 -37.6261 55.0758 
-10.0411 -14.8582 16.688 
7.46845 2.46222 5.93472 
-0.224173 -0.460554 0.556437 
6.41525 0.301282 4.42864 
23.1551 -43.0364 63.7095 
10.5612 -10.8317 13.4634 
6.63662 -0.387268 4.78994 
18.4447 -20.8891 25.0831 
-0.444793 0.16037 0.244563 
5.02847 -0.612263 2.47319 
6.59314 -0.375747 4.76622 
5.43432 -6.19611 2.18986 
7.99588 2.60216 9.4343 
4.15024 1.39941 0.828938 
-0.43874 0.157105 0.241548 
12.2304 -12.0979 10.7428 
4.3947 -1.42673 0.916314 
6.26636 0.192517 4.12618 
-0.26863 -0.667603 0.671082 
5.28584 -21.9521 23.6271 
