-0.81359 -0.332194 -0.477199 0.0190807 0.0314859 0.794345 -0.60665 0.127039 0.580586 -0.50859 -0.635812 0.617145 0 0 0 1
1 0 0 0 0 1 0 0 0 0 1 0 0 0 0 1
###
1.35756 -0.719646 0.0108597 
-0.391414 -1.16482 -0.491121 
8.02603 -12.3773 -2.21205 
-0.63202 0.0114889 -0.315679 
3.80304 0.43043 0.0325685 
-0.0349227 -0.883527 -1.0584 
-0.541508 -0.454901 -0.210672 
3.98934 -1.20946 -1.14719 
6.04726 -23.9843 -9.3018 
3.74002 -11.6459 -4.3798 
4.69095 -7.52842 -1.18421 
2.90465 -1.58195 -0.47508 
3.51895 -0.954521 -0.761355 
3.06506 -1.86948 -1.27738 
-0.417899 -0.0789059 -0.531078 
-1.03917 0.0473902 -0.429037 
0.175303 0.0842966 0.705308 
0.38647 -1.44635 -0.0352031 
3.34423 -0.886841 -0.711724 
-0.546586 -0.0994082 -0.186707 
0.250215 -0.850542 -1.53736 
-0.577855 -0.182687 -0.309743 
-0.384649 -3.94734 -0.417414 
2.37993 -2.19447 -0.705849 
-1.02066 0.0639025 -0.342427 
-0.798593 0.677118 -0.33255 
-0.387399 -3.89566 -0.403136 
-1.42619 -3.25064 1.36933 
0.293995 -2.5074 -0.607837 
2.8783 -1.58026 -0.42428 
1.44469 -1.49358 2.13627 

4.0693 -1.92985 2.82215 
-0.162047 -0.375508 0.149971 
0.237092 -0.467461 0.0818894 
-0.17759 -0.0547442 -0.0405036 
-0.141439 -2.29216 1.22648 
0.438376 0.805743 1.34293 
-0.157095 -0.106338 -0.00705944 
-0.0506692 0.114967 0.0278441 
10.5649 -11.7652 10.7293 
9.92544 -12.649 12.2417 
16.6739 -16.5135 9.86517 
4.0126 0.0420168 4.24916 
-0.109046 0.0429658 -0.0114974 
3.97441 -0.828408 2.83016 
0.647485 0.632831 0.110354 
-0.0698262 -0.123836 0.0815704 
0.0670923 0.762321 1.01995 
1.07112 -1.91176 -0.0511306 
3.5043 -0.0294381 4.15162 
2.79237 0.858616 0.937526 
3.60016 0.0507348 3.87644 
2.81115 0.859893 0.945996 
0.742452 -1.57662 -0.0679279 
-0.0753588 0.0854616 -0.000782503 
-0.0655313 -0.124223 0.071973 
3.91679 4.82768 0.849916 
1.07984 -1.6047 -0.0282538 
-0.935965 -2.93589 1.01292 
0.0936682 -0.100498 0.0893931 
3.39643 -1.18605 3.6422 
-0.252063 -0.252357 0.0886519 
