0.988756 -0.0283976 0.146819 -0.00877954 0.0304693 0.999465 -0.0118808 0.236964 -0.146403 0.0162207 0.989092 0.0222963 0 0 0 1
-0.712083 0.124122 0.691037 -0.706783 -0.301587 0.834743 -0.460706 0.773646 -0.634022 -0.536468 -0.556972 0.0991289 0 0 0 1
###
0.0654039 0.746141 0.998437 
-1.66578 -3.02125 2.60198 
3.28271 0.969984 2.89734 
1.28944 -0.594967 1.33723 
-1.75252 -1.42655 1.03158 
3.15062 -0.540596 3.72777 
9.63315 -8.70246 4.49854 
3.46861 1.19291 4.20062 
-0.11645 -0.152241 0.0311278 
3.89731 -1.84639 2.69308 
-2.09093 -3.76074 3.3404 
2.61009 -3.78905 0.443276 
3.07345 3.79343 0.668552 
1.50672 0.889473 1.66828 
-1.94311 -8.86874 10.5413 
-0.910716 -2.14717 0.902281 
0.103421 -0.363698 0.000370322 
-0.888073 -2.20827 1.49671 
-1.57083 -1.62408 0.887791 
-0.128068 -2.1834 1.14775 
0.103328 -0.363488 0.000198334 
-0.0752465 0.0583938 0.00633418 
-2.58113 -0.846844 0.49511 
-0.0754044 0.0576644 0.00572551 
-0.659106 -4.74558 1.29388 

1.10057 -0.211653 -0.880122 
-5.62988 -5.18408 6.65472 
2.31761 -0.155639 -0.719596 
2.55319 -1.28057 -0.0204607 
-0.697391 0.0561036 -0.186277 
-0.797586 0.118273 -0.101651 
3.22872 -16.0404 -5.68065 
2.93123 0.0342265 -0.545508 
-1.72289 0.541443 0.983355 
-1.11161 -0.936386 0.578056 
-1.71448 0.500199 0.902784 
-0.163166 -0.546746 0.962765 
-0.365294 -0.115849 -0.613202 
1.19624 0.167773 -0.0016365 
26.5765 -24.7277 4.42261 
-1.28314 -3.84954 1.5977 
-0.160871 -0.542884 0.960215 
-0.394928 -1.51378 0.00818502 
-0.434754 -1.56348 -0.0577846 
-2.97562 -6.70375 0.16732 
-6.58658 -5.63793 6.45918 
-0.353559 -0.114424 -0.587746 
-0.283288 -1.24365 -0.373283 
-0.43404 -0.0432316 -0.461148 
0.276338 -1.46881 0.774509 
