0.986856 -0.0374134 0.157215 0.0014501 0.0380886 0.999274 -0.00128319 0.238832 -0.157052 0.00725442 0.987564 0.0491563 0 0 0 1
-0.712083 0.124122 0.691037 -0.706783 -0.301587 0.834743 -0.460706 0.773646 -0.634022 -0.536468 -0.556972 0.0991289 0 0 0 1
###
-0.148648 -0.168119 0.0182961 
-0.112995 -0.130881 0.0922338 
-0.530938 -0.796637 -0.086039 
0.0666877 0.757103 1.01339 
-0.172242 -0.0564851 -0.0393449 
3.50311 1.04381 3.10523 
1.50152 0.390914 0.625393 
1.41052 -1.81742 3.65663 
-0.299684 -0.232087 0.0697902 
0.238735 -0.464466 0.0846884 
3.22744 -0.553668 3.82006 
3.92815 -1.51081 2.69762 
0.752042 0.775191 0.147752 
-1.91486 -8.84901 10.4962 
-5.02299 -5.56763 1.06743 
-0.135996 -2.30139 1.22991 
0.234568 -9.3999 10.2923 
-0.756798 -1.91188 1.26329 
4.09685 0.0431124 4.33637 
3.96784 -1.88034 2.743 
3.41455 -1.20502 3.6792 
2.82701 -4.10988 0.477638 
-0.0778687 0.061465 0.00726498 
-0.15496 -0.104738 -0.00660213 
4.04431 4.98287 0.901171 
0.110285 0.857366 1.90962 
-3.9358 -4.19736 0.723947 
3.23603 -0.512079 3.62317 
0.0118605 -2.72786 1.26879 
-0.154869 -0.104603 -0.00630674 
-0.0763355 0.0582391 0.00512045 
-0.955467 -0.935586 2.23652 
-0.841392 -2.16806 0.851857 
0.0194735 -2.88758 1.33435 
-0.187315 -0.172583 -0.0158827 
-0.667591 -4.78999 1.30808 
-0.72801 -2.16385 0.894401 

-0.433846 -0.0443271 -0.44829 
-1.0019 -3.9977 -0.188197 
0.92711 -1.90325 0.597046 
-0.276136 -1.10101 -0.424081 
-0.706291 0.0271109 -0.25965 
2.31761 -0.155639 -0.719596 
-0.742296 0.07727 -0.155293 
-0.63037 -0.8986 -0.123014 
0.180565 -1.07892 -0.992291 
2.25294 -6.22211 -1.31595 
3.08532 -0.624478 -0.367659 
2.4327 -1.58321 -0.689795 
-4.21109 3.32102 1.62796 
1.25035 -3.78427 -0.370092 
2.14633 -11.734 -3.33149 
-2.97562 -6.70375 0.16732 
1.57761 -4.53237 -0.505184 
0.113887 -0.854233 -1.01223 
-0.895948 0.136311 -0.0158848 
-1.11161 -0.936386 0.578056 
3.0078 -1.08496 -0.355597 
-0.163166 -0.546746 0.962765 
-0.532544 0.21738 0.289494 
-1.74128 0.511677 0.916927 
-0.365294 -0.115849 -0.613202 
-0.857212 0.124751 -0.0484669 
3.22872 -16.0404 -5.68065 
3.03667 -1.3107 -0.168067 
0.20061 -1.26697 0.805665 
-0.474551 0.157485 0.0252918 
1.17558 -0.196807 -0.982285 
-0.531854 -1.1165 -0.120325 
-1.00386 -3.95229 1.53706 
0.188871 -1.23592 0.808847 
-0.651929 0.0591399 -0.186809 
0.276338 -1.46881 0.774509 
-1.38128 -4.21229 1.36253 
