0.988756 -0.0283976 0.146819 -0.00877954 0.0304693 0.999465 -0.0118808 0.236964 -0.146403 0.0162207 0.989092 0.0222963 0 0 0 1
1 0 0 0 0 1 0 0 0 0 1 0 0 0 0 1
###
-2.30136 -2.67902 -0.152655 
0.0654039 0.746141 0.998437 
-1.66578 -3.02125 2.60198 
-0.961368 0.756926 -0.0255332 
2.76646 0.846886 0.932315 
1.52824 0.639039 3.60472 
0.0158521 0.830072 1.83065 
6.31073 -16.7267 20.5113 
0.213006 -9.52449 10.4241 
3.07345 3.79343 0.668552 
-0.765352 -1.93861 1.28522 
0.276179 -9.05869 9.96752 
-0.867294 0.143457 2.58168 
-0.0805716 0.212949 0.3157 
-0.597422 -2.86289 2.51724 
-0.725994 -2.13738 0.881988 
-0.0752465 0.0583938 0.00633418 
-2.58113 -0.846844 0.49511 
-0.0570425 -0.125656 0.0447491 
0.0998623 0.586912 0.194592 
0.226881 -7.32876 8.04998 
-1.19427 -5.85104 2.68196 

-0.612703 0.26722 0.23845 
1.60457 -1.68249 3.98065 
0.613618 -0.875891 1.29893 
0.658192 0.495056 0.566227 
0.160561 0.163096 0.673046 
2.94426 0.170322 0.154955 
0.921704 0.416476 0.372451 
3.57195 -2.58733 2.37557 
4.25989 -3.64292 3.85099 
1.09512 0.535944 0.671746 
2.80886 -2.05622 3.52863 
2.01714 -1.78812 1.93419 
1.54748 0.439662 1.66952 
0.818773 0.463312 0.485208 
0.750785 -0.900303 1.45742 
9.31846 -8.3953 6.55196 
0.969552 0.352527 0.205097 
1.42125 0.408035 1.55335 
0.664506 -1.20243 2.20565 
0.249036 0.38298 0.522126 
4.24238 -3.62147 3.84608 
0.349842 -1.33926 2.10745 
