-0.692547 -0.454043 -0.560556 0.130527 0.00958935 0.771206 -0.636513 0.125097 0.721309 -0.446191 -0.529743 0.553015 0 0 0 1
1 0 0 0 0 1 0 0 0 0 1 0 0 0 0 1
###
8.00523 -12.3275 -2.19827 
5.33346 -10.2798 -2.27562 
-0.800912 -4.04398 -0.391226 
-0.505713 -1.26177 0.0656042 
-0.427649 -0.893496 -0.588251 
0.935529 -3.19226 -0.675997 
-0.415283 -0.0787474 -0.527935 
3.06282 -0.347086 0.501977 
1.17648 0.157182 0.0114299 
3.11205 -0.664646 0.541401 
3.47648 -0.935197 -0.743446 
-0.0211936 -0.913659 -1.11173 
2.86632 -1.55009 -0.458558 
0.237094 -0.105318 0.312134 
-0.243514 -0.107822 -0.687368 
-0.595964 -0.184958 -0.355595 
-0.559584 -0.630684 -0.276719 
10.468 -10.5468 2.95174 
-0.578485 -0.449145 -0.340556 
4.18254 -6.27796 -0.731724 
-0.439719 -0.189039 -0.860504 
-0.54927 -0.550653 -0.232945 
8.85115 -9.60616 0.2325 
1.19664 -0.829475 0.131223 
-0.576395 -0.460304 -0.335451 
2.3567 -1.39219 -0.85353 
-0.562941 -0.413333 -0.292472 
3.0567 -4.59144 -0.503007 
8.33367 -9.27835 -0.366082 
-0.0413281 -0.876669 -1.07549 
2.81456 -0.303962 0.438845 
-0.542145 -0.0449399 -0.51191 
-0.585622 -0.194753 -0.334984 
0.253963 -1.64216 -0.716731 
0.714952 -0.556561 0.293067 
0.114199 0.117636 0.65729 
-0.797436 0.0583408 -0.235486 

4.65633 -4.77992 2.70044 
10.9369 -12.1665 11.1018 
0.102478 -0.359436 0.000565324 
0.31613 -0.757438 0.0429257 
0.025957 0.676028 0.603799 
10.1067 -9.28787 2.02852 
0.831028 0.803803 0.118841 
0.425802 -0.279426 0.482636 
3.13226 1.22766 4.61419 
0.438843 -0.0406504 1.04321 
-0.105479 0.041515 -0.0109711 
-1.9157 -8.68519 10.3264 
3.27677 -0.0671702 3.38593 
3.83855 -1.81815 2.65135 
0.642592 0.776795 1.17635 
3.14762 -0.492827 3.5258 
-0.0549655 -0.0718519 0.0527626 
4.97963 -9.94251 9.3764 
-0.0666165 0.00412368 0.0266864 
6.43917 -6.40411 4.15956 
0.808833 0.749175 0.111747 
-0.0745343 0.0570847 0.0049236 
3.37502 -7.06649 6.98535 
3.24396 -0.610199 3.46445 
2.71982 0.833017 0.916037 
3.94325 -0.789866 2.99371 
-0.0670295 0.00419369 0.0267972 
9.11205 -9.31685 5.97639 
0.0912677 -0.097905 0.0871138 
-0.837159 -2.08755 1.40306 
1.45141 -0.903622 3.68919 
3.44873 0.049113 3.7106 
3.24071 -1.03268 3.6473 
-1.74527 -1.41912 1.02912 
3.14878 -0.498101 3.52312 
-0.0684507 0.0869089 0.00317219 
-1.45475 -6.86778 8.09647 
