0.996621 -0.0498251 0.0653048 -0.00921214 0.0473417 0.998116 0.0390392 0.242685 -0.0671269 -0.0358157 0.997101 0.0663796 0 0 0 1
-0.712083 0.124122 0.691037 -0.706783 -0.301587 0.834743 -0.460706 0.773646 -0.634022 -0.536468 -0.556972 0.0991289 0 0 0 1
###
3.1104 -0.0529211 3.55618 
4.46114 -12.3653 12.8377 
3.38418 -1.07913 3.81068 
8.1563 -8.24976 5.2904 
5.45963 -10.9092 10.2935 
3.60016 0.0507348 3.87644 
3.47931 1.02136 3.71838 
-4.97649 -5.50798 1.05993 
0.920408 -1.244 0.821788 
2.85214 -1.0528 3.06785 
16.6739 -16.5135 9.86517 
9.82436 -9.03862 1.97028 
-0.246963 -0.162376 0.0216305 
3.62676 1.06496 3.75843 
2.79237 0.858616 0.937526 
0.535417 -0.968387 -0.0611665 
-0.0777617 0.0592333 0.00502424 
0.38837 0.238432 -0.00124841 
1.54807 0.913499 1.71486 
2.81115 0.859893 0.945996 
-2.86787 -5.16389 4.75964 
-0.905265 -2.33172 0.928115 
0.020434 -2.95423 1.36562 
0.387792 0.237172 -0.00193043 
-2.10346 -3.83417 3.4628 
-0.15822 -0.105719 -0.00682482 
8.16801 -8.36933 5.37488 
0.402351 0.254815 0.00203336 
1.07984 -1.6047 -0.0282538 
0.317012 -0.274609 0.485165 
-1.15875 -2.17762 1.95651 
0.742452 -1.57662 -0.0679279 

2.7704 -1.84213 -0.632953 
31.7491 -43.0036 -7.78402 
2.87399 -1.35184 -0.0397823 
-1.7976 -3.00712 0.927216 
-1.48367 -1.86548 1.34809 
3.11014 -0.746539 -0.552585 
2.44415 -0.134194 -0.480605 
2.14656 -11.7339 -3.33148 
-4.47382 -4.11231 4.75166 
3.00744 -1.08475 -0.355366 
8.39706 -19.7065 -5.76591 
-0.152974 -0.526884 0.941658 
-1.60653 0.511248 1.00526 
2.97499 -0.0636977 -0.803824 
-0.353535 -0.114415 -0.587674 
-0.161646 -0.545033 0.961709 
1.1745 -0.19698 -0.98058 
-0.702129 0.0367332 0.912386 
-0.816299 0.0963331 -0.104726 
-1.77649 0.452604 0.787926 
-1.71448 0.500199 0.902784 
-1.00385 -3.95238 1.53713 
-0.257115 -3.6667 2.51577 
-1.31251 0.227077 0.256809 
-0.223684 -1.12009 -0.513915 
1.17106 -0.168693 -0.723518 
10.4583 -17.9726 -3.80448 
-0.643803 -0.00956593 0.893922 
-0.159923 -0.541805 0.95965 
-1.12339 -0.796777 0.523845 
-5.63065 -5.18481 6.65549 
-2.32427 -2.59291 2.03986 
