0.953853 -0.0482204 0.296377 -0.0555488 0.021492 0.995454 0.0927906 0.190806 -0.299504 -0.0821389 0.950553 -0.119571 0 0 0 1
-0.712083 0.124122 0.691037 -0.706783 -0.301587 0.834743 -0.460706 0.773646 -0.634022 -0.536468 -0.556972 0.0991289 0 0 0 1
###
1.26608 0.0521044 3.10317 
10.379 -13.1949 12.7544 
0.0401192 0.739031 1.64758 
2.85972 -0.0572092 2.95559 
1.05993 -2.98197 2.88556 
-4.47847 -4.79726 0.771479 
-0.811593 -1.92808 0.818182 
1.30542 0.0150075 3.12173 
-1.38509 0.39108 1.33778 
1.00758 -1.45281 1.28941 
-0.00305706 0.728151 1.6067 
1.43168 0.720165 3.48998 
-0.137031 0.0320486 0.331856 
-0.208088 -0.225338 0.117517 
-10.6338 -12.5902 -1.15789 
3.28529 -1.55911 2.25714 
6.16525 -6.20708 3.59842 
2.88351 -0.0225093 3.41438 
-0.139753 0.0352495 0.335174 
-0.838911 -1.97116 0.82489 
2.95125 -1.03864 3.17333 
-0.763164 0.120777 2.26664 
2.96514 -0.557789 3.17034 
-0.767399 -2.46262 0.817457 
5.09665 -5.9684 5.40453 
-0.387557 -1.84109 2.06807 
0.0178716 -2.53974 1.17098 
-0.81415 -1.92195 0.806456 
-0.00410637 -2.05499 1.14403 
0.0795095 -0.290939 0.127211 
-2.37513 -2.61174 0.451266 
3.15636 -3.7874 3.3762 
-1.03137 -2.28079 1.75402 
3.92677 -3.96092 2.21033 
-0.998185 -4.31067 5.06223 
0.0407991 -1.80984 3.30977 
-1.7133 -1.70682 0.953716 

-1.65784 -1.50725 0.494987 
9.40848 -15.6758 -3.29656 
-0.561827 0.275751 0.245256 
-0.504728 0.210825 -0.0110713 
2.19458 -12.0169 -3.45374 
3.2282 -16.0358 -5.67878 
-1.40874 -4.12825 1.67771 
1.17668 -0.196588 -0.983909 
2.0745 -0.189647 -0.580145 
-6.58658 -5.63793 6.45918 
1.17271 -0.168368 -0.725724 
2.57119 0.283875 0.38807 
-0.276136 -1.10101 -0.424081 
-1.57733 0.363169 0.557291 
1.68175 -4.79317 -0.581813 
-1.11161 -0.936386 0.578056 
0.0385404 -7.28908 -1.4246 
3.08543 -0.624525 -0.367699 
0.92711 -1.90325 0.597046 
-1.28853 -3.85922 1.60214 
4.3159 -1.82437 -0.660158 
-0.440129 -0.940842 -0.228002 
2.97298 -1.0648 -0.345632 
0.201337 -1.26889 0.805444 
0.413738 -2.15948 0.224666 
26.5716 -24.7248 4.42189 
0.189377 -1.23724 0.808679 
-1.54713 -4.23756 1.52813 
-1.15779 -3.86223 1.7584 
-2.34024 -9.69507 11.8374 
-5.62988 -5.18408 6.65472 
-0.902475 -4.11154 -0.0527817 
-0.789665 0.106627 -0.0831594 
-3.67268 -7.85995 9.86069 
-0.836836 0.1101 -0.0543227 
-0.652114 -1.22864 -0.372113 
-0.451192 0.1071 0.107007 
