0.964588 -0.0796247 0.251456 -0.100487 0.00626001 0.959988 0.279971 0.0980556 -0.263687 -0.268482 0.926491 -0.306219 0 0 0 1
-0.712083 0.124122 0.691037 -0.706783 -0.301587 0.834743 -0.460706 0.773646 -0.634022 -0.536468 -0.556972 0.0991289 0 0 0 1
###
2.69181 -0.051316 2.78548 
-2.13145 -2.9075 1.70859 
-1.18266 -2.06546 1.80337 
-2.52191 -2.73473 0.756752 
-0.407612 0.104241 0.386375 
-1.89903 -0.299319 1.7369 
-7.95891 -10.6095 2.7482 
-1.10979 -5.21137 6.11965 
2.86538 0.0354726 3.06901 
-3.4918 -3.96849 1.40597 
1.22013 -1.54642 3.12882 
-0.00345254 0.687723 1.5169 
-4.78014 -5.84763 -0.472543 
-2.47999 -2.68975 0.76255 
16.9817 -16.7168 10.1875 
-2.07488 -1.44655 1.32495 
-0.639364 -1.87145 0.786453 
-0.743527 -1.84665 1.20663 
-2.15182 -0.697597 0.404446 
-0.614767 -4.4084 1.21363 
3.07635 -1.4558 2.11243 
4.53314 -4.46166 2.61586 
2.65861 -0.0206234 3.14787 
-1.26043 -5.63779 6.6544 
0.182255 -7.76079 8.49802 
-1.6384 -2.78993 2.49916 
-0.62756 -4.55243 1.26672 
3.73505 -3.78773 2.77289 
1.83882 -1.86851 1.1643 
2.9467 -1.3807 2.0586 
2.61138 -0.399563 2.78473 
-0.43273 0.0624679 0.316404 
0.00589608 -1.87033 0.929504 
2.62733 -0.841578 2.95562 
-1.9749 -2.25057 2.27125 
-0.42372 0.0650721 0.308544 
1.10239 -1.3842 1.34032 
0.0185561 -2.44208 1.12979 
-0.465262 0.0678791 0.302146 
-0.872063 -3.70477 4.35536 
-0.850873 -0.166506 2.00026 
2.38735 -2.99763 2.93787 
-0.610604 -4.43967 1.22604 
0.107928 -4.50343 -0.19001 
4.97402 -4.53558 2.24873 
0.898994 -1.13853 1.11884 
1.86385 -0.524753 3.33182 
-1.98964 0.446651 1.36625 
-1.94327 0.613099 1.77222 
-0.123768 -1.40331 2.75403 

-1.71448 0.500199 0.902784 
2.10118 -2.72975 0.771686 
-5.62988 -5.18408 6.65472 
0.0541486 -8.61871 -2.30852 
-1.69895 0.495663 0.894129 
-0.586437 0.0602687 -0.457565 
4.59973 -7.68418 -1.256 
1.63561 -1.99377 1.12291 
-0.43404 -0.0432316 -0.461148 
5.97467 -8.49001 -0.903841 
-0.474551 0.157485 0.0252918 
1.17271 -0.168368 -0.725724 
1.68175 -4.79317 -0.581813 
1.57761 -4.53245 -0.505186 
27.2384 -37.0247 -6.67375 
0.631935 -2.09169 -0.984347 
-1.49135 -4.08494 1.49894 
26.5716 -24.7248 4.42189 
-0.281542 -1.44418 -0.244068 
-0.215114 -1.51041 1.38514 
-0.504728 0.210825 -0.0110713 
0.0385404 -7.28908 -1.4246 
3.08543 -0.624525 -0.367699 
0.119815 -0.8535 -1.00307 
8.31178 -19.4841 -5.68639 
2.95314 0.179916 -3.64051 
-0.326745 -2.64139 1.91431 
1.20509 -10.7767 -2.9932 
7.36926 -18.3069 -5.82008 
-1.10588 -1.22332 0.698851 
2.83356 -0.969115 -0.314417 
-0.733283 0.0737944 -0.195119 
0.189377 -1.23724 0.808679 
3.03678 -1.31078 -0.1681 
-0.281185 -1.52739 -0.204322 
-1.74128 0.511677 0.916927 
2.93802 -3.8203 0.497914 
0.201337 -1.26889 0.805444 
-0.276136 -1.10101 -0.424081 
-0.288513 -1.43917 -0.283384 
-0.456031 -0.510486 -0.296038 
7.013 -10.72 -1.58935 
0.276338 -1.46881 0.774509 
-0.166578 -4.07484 2.30453 
4.88162 -8.09674 -1.35239 
2.87509 -3.71901 0.526076 
-0.61477 -0.920637 -0.122198 
-0.443421 -0.0745221 -0.466928 
-1.7431 0.628705 1.15881 
-0.608628 0.252817 0.187987 
