0.964042 -0.0651587 0.257639 -0.0890588 -0.00320873 0.966551 0.256454 0.116489 -0.265732 -0.248059 0.931587 -0.2693 0 0 0 1
-0.712083 0.124122 0.691037 -0.706783 -0.301587 0.834743 -0.460706 0.773646 -0.634022 -0.536468 -0.556972 0.0991289 0 0 0 1
###
-4.41506 -5.99575 -1.8932 
4.08828 -8.65821 8.4901 
-1.77744 0.55179 1.653 
-1.08302 -4.77226 3.30473 
-2.55797 -17.3127 5.3536 
-1.84639 -1.24627 2.01811 
2.69343 -0.0531926 2.78487 
-0.114238 0.032995 0.301938 
-2.02502 -2.44604 -0.637523 
11.3018 -12.5468 11.5043 
3.736 -3.62683 2.42983 
1.01421 -1.08704 0.454277 
-1.61653 0.495995 1.53775 
-0.638176 -1.86885 0.784732 
-1.50937 -6.75242 8.00502 
-0.457691 0.0650897 0.299783 
-10.6395 -12.6367 -1.17046 
-0.858166 -0.683399 -0.0970272 
1.41622 -1.6761 1.56914 
2.96633 -1.41006 2.03415 
1.20682 -0.702478 2.9686 
-2.15253 -0.699312 0.404303 
-0.642939 -4.59299 1.27017 
-5.06665 -6.17678 -0.498487 
2.64944 -2.68115 1.97235 
2.74406 -0.965587 2.94983 
4.30922 -4.22578 2.48587 
-0.8795 -1.51082 1.4867 
4.73554 -4.59612 2.98916 
-0.700033 0.106378 2.07891 
-0.474985 0.0740913 0.303601 
2.74789 -0.517261 2.93748 
2.49402 0.839683 3.02366 
2.6612 -0.847228 2.99276 
-2.09662 -1.45926 1.34049 
-2.67671 -1.51696 1.66645 
-4.62932 -5.65674 -0.427267 
0.777961 -0.432074 2.95801 
-1.41375 -2.14126 -0.459511 
10.835 -9.89269 2.21107 
4.28937 -5.02938 4.55749 
-2.64967 -2.88267 0.484816 
-1.92566 0.605967 1.75786 
-0.747741 -1.24124 0.779092 
-1.95319 -2.22482 2.24468 
0.454574 0.66061 1.12279 
-0.533624 -5.11788 1.47702 
-0.411732 0.11133 0.394746 
0.467861 -0.853042 0.199172 
-0.868336 -0.165835 2.03669 
-1.96255 -0.356349 1.77732 
3.98183 -4.08465 2.58201 

0.92711 -1.90325 0.597046 
2.38734 -2.76012 1.54977 
2.0745 -0.189647 -0.580145 
-1.73549 0.438944 0.794074 
-0.30634 -3.66525 2.2182 
-0.696128 -3.07577 0.0728719 
-0.504728 0.210825 -0.0110713 
-0.173316 -0.52725 0.943815 
2.09618 -2.94527 3.37667 
-1.13603 -1.76678 0.930454 
-6.83414 -8.98275 2.38233 
-0.150605 -0.524872 0.940164 
0.44119 -0.566034 -1.68514 
-1.49135 -4.08494 1.49894 
-0.155326 -0.529536 0.944845 
-0.272609 -1.10603 -0.428456 
6.76046 -7.26552 2.36576 
-1.09265 -2.6757 0.519382 
-2.01933 -2.29809 1.84251 
-1.11161 -0.936386 0.578056 
3.12282 -1.07198 -0.310841 
-0.281542 -1.44418 -0.244068 
-0.100168 -0.242176 -0.977298 
15.9002 -23.3363 -4.32959 
0.0385404 -7.28908 -1.4246 
4.3159 -1.82437 -0.660158 
7.19785 -16.875 -4.84501 
-5.62988 -5.18408 6.65472 
0.206579 -1.68196 0.46002 
-0.513469 0.128716 -0.0822245 
-0.276136 -1.10101 -0.424081 
2.97298 -1.0648 -0.345632 
2.56565 -0.0254223 -0.354894 
3.03678 -1.31078 -0.1681 
-1.10588 -1.22332 0.698851 
-0.468273 -0.0811564 -0.537544 
-1.07322 -4.91399 -0.190038 
-0.648291 -0.860259 -0.116076 
5.97467 -8.49001 -0.903841 
-0.153905 -0.527815 0.941987 
1.68182 -4.83496 -0.931073 
-4.92067 -4.42354 5.9243 
-0.697385 0.0561124 -0.186271 
1.3954 -3.31909 0.0395255 
-0.410429 -1.71823 -0.00854227 
-0.435834 -0.985466 -0.211212 
-0.221279 -0.654234 0.943144 
-0.864397 0.124074 -0.0509439 
-2.32543 -2.59397 2.04056 
-0.652114 -1.22864 -0.372113 
1.17271 -0.168368 -0.725724 
0.962326 -2.36571 0.396208 
