-0.70958 -0.404781 -0.576757 0.0546623 0.00501708 0.815607 -0.578584 0.0369248 0.704607 -0.413445 -0.576708 0.225357 0 0 0 1
1 0 0 0 0 1 0 0 0 0 1 0 0 0 0 1
###
2.49166 -7.42341 -2.23014 
9.43504 -8.38618 6.3321 
-1.4118 -2.39353 0.195952 
-0.023317 -0.905653 -1.08862 
7.86162 -12.0669 -2.09526 
2.19092 -6.52171 -2.12484 
9.77046 -9.94009 1.3476 
-0.398081 -1.13751 -0.456429 
-0.424422 -0.81896 -0.509284 
2.92553 -0.298255 0.389385 
0.145522 -2.41335 -0.495333 
4.16561 -1.3152 1.026 
7.27356 -5.3207 8.36312 
1.88248 -0.811435 -0.286128 
9.51485 -10.3593 -0.38254 
0.0082639 -1.11411 -1.06539 
3.48758 -0.934701 -0.742511 
4.04487 -6.002 -0.725846 
3.38749 -1.9115 -0.454303 
-7.44119 -1.91158 -11.3496 
-0.40108 -1.12987 -0.45087 
3.03147 -1.20717 -0.640368 
1.98197 -1.41918 2.56695 
12.5657 -35.7739 -13.6858 
-0.409945 -4.18007 -0.481266 
-0.0327381 -0.896064 -1.10451 
6.66038 -4.79923 4.2964 
-0.557759 -0.618877 -0.279399 
-0.80379 -1.664 0.456684 
1.55845 -0.275339 -1.37432 
0.643965 -1.41048 1.66519 

18.4447 -20.8891 25.0831 
17.4717 -17.3011 15.3261 
5.35212 -7.54113 0.368868 
-12.2998 -16.7481 18.4578 
20.828 -37.6261 55.0758 
11.8881 -12.2034 7.57062 
10.5612 -10.8317 13.4634 
0.314699 -0.0761233 0.444846 
5.02847 -0.612263 2.47319 
-0.127274 0.0528476 0.382981 
12.2304 -12.0979 10.7428 
4.3947 -1.42673 0.916314 
13.8534 -15.5669 5.48924 
-3.19187 -6.30091 3.87557 
8.1843 -86.2488 135.376 
6.59314 -0.375747 4.76622 
-0.321578 0.646477 -0.0714873 
9.31136 -18.3718 27.3216 
0.158718 0.217441 0.280647 
0.24351 -0.313074 0.971984 
-0.108511 0.439053 0.238441 
-0.224173 -0.460554 0.556437 
-10.0411 -14.8582 16.688 
-23.7756 -25.9959 8.70292 
23.1551 -43.0364 63.7095 
6.44593 0.310013 4.45001 
15.9939 -14.6252 14.3415 
1.52667 1.12262 0.236832 
4.70693 -7.0223 -0.0350104 
-0.311976 0.0296592 0.162067 
0.125546 0.202402 0.292161 
