0.991542 0.00231462 -0.129765 -0.011508 0.0405185 0.944346 0.326448 0.0573342 0.123299 -0.328945 0.936265 -0.439424 0 0 0 1
-0.712083 0.124122 0.691037 -0.706783 -0.301587 0.834743 -0.460706 0.773646 -0.634022 -0.536468 -0.556972 0.0991289 0 0 0 1
###
-1.01176 -4.73638 5.54842 
1.33093 -0.539904 3.27344 
4.21316 -8.83087 8.67078 
2.38602 0.918439 3.48511 
6.13326 -5.63754 1.19994 
0.0882237 0.692518 1.54357 
2.25354 0.686965 0.763804 
-0.353501 -0.633791 0.343617 
1.21358 0.715956 1.34085 
2.91222 0.0244933 3.06708 
2.2907 0.701609 0.77111 
-0.632417 -1.85121 0.777525 
-0.619944 -4.45782 1.22778 
3.20054 -1.50709 2.19912 
0.0509461 0.69795 1.59042 
-0.706006 0.105666 2.08765 
2.79287 0.819479 2.89233 
2.61726 -0.0202288 3.09842 
-1.09562 -1.90217 1.76042 
-0.548353 -2.39068 2.85716 
0.167695 -7.47795 8.18333 
-0.711577 0.113169 2.11085 
2.27398 0.699387 0.761664 
2.7051 -0.951554 2.90841 
-0.745416 -1.84999 1.21588 
-0.0238637 -2.91138 1.45198 
4.13763 -4.07922 2.38412 
4.78959 -5.42873 4.91979 
4.36803 -4.37323 3.24299 
-0.775367 -0.768276 1.81898 
-0.70425 0.11064 2.09503 
3.02051 -0.584096 2.13252 
4.79213 -4.90966 3.10641 
-0.84753 -0.165262 1.99132 
3.52745 -3.45586 2.27947 
1.86146 0.867928 3.1948 
-1.80948 0.158951 1.85356 
-0.469954 -1.66936 1.20779 
0.0187566 -2.4382 1.12852 
1.77539 -0.397325 3.17903 
1.8624 0.870616 3.2073 
-1.80771 0.154854 1.84587 
0.0194083 -2.39569 1.11527 
-0.799653 -0.782618 1.84763 

1.63561 -1.99377 1.12291 
-1.10564 -1.08085 0.635148 
4.85073 -7.08116 -0.362579 
2.9513 0.139922 -0.268124 
6.81564 -17.102 -5.02894 
-0.849304 0.118624 -0.0526233 
-1.37554 0.318204 0.994306 
0.92711 -1.90325 0.597046 
-0.816299 0.0963331 -0.104726 
1.17271 -0.168368 -0.725724 
-1.57131 0.494757 1.07841 
-1.49135 -4.08494 1.49894 
-0.215114 -1.51041 1.38514 
-1.11161 -0.936386 0.578056 
-1.95116 0.562281 1.04167 
-0.440129 -0.940842 -0.228002 
2.97535 -0.0637824 -0.804046 
3.08543 -0.624525 -0.367699 
-0.217764 -1.11218 -0.511957 
26.5716 -24.7248 4.42189 
1.57761 -4.53245 -0.505186 
-1.09997 -0.606868 0.218887 
1.10109 -0.211557 -0.880862 
4.3159 -1.82437 -0.660158 
-0.394943 -1.51381 0.00818285 
-1.35265 -4.26157 1.76424 
8.31178 -19.4841 -5.68639 
8.85115 -9.60616 0.2325 
0.914863 -4.63018 -1.08596 
-1.65784 -1.50725 0.494987 
0.740559 -0.50784 -1.52827 
2.49473 -1.3179 -0.763914 
2.146 -11.7318 -3.33067 
-1.12339 -0.796777 0.523845 
0.485317 -6.57207 -1.43268 
2.49896 0.199057 0.0574136 
-0.724058 0.0774034 -0.180706 
-0.961937 -2.25875 0.671301 
0.201337 -1.26889 0.805444 
-0.649181 -0.968753 -0.21101 
3.06321 0.323204 -0.141726 
-1.1458 -0.714596 0.496675 
0.276338 -1.46881 0.774509 
-0.504728 0.210825 -0.0110713 
