0.993822 -0.0537353 0.0971071 -0.0730408 0.0222088 0.953563 0.300374 0.0802673 -0.108738 -0.296362 0.948865 -0.373576 0 0 0 1
-0.712083 0.124122 0.691037 -0.706783 -0.301587 0.834743 -0.460706 0.773646 -0.634022 -0.536468 -0.556972 0.0991289 0 0 0 1
###
2.34196 -0.810118 2.52512 
4.20057 -8.82584 8.65924 
3.65466 -3.21426 0.247451 
-1.71413 0.530457 1.611 
-3.15131 -3.57971 1.27285 
-2.93815 -4.74984 4.16646 
1.26473 0.529558 2.98407 
3.05332 -2.63644 0.288577 
-7.29672 -7.89682 2.53798 
0.0140572 0.623156 1.41051 
2.38422 0.915984 3.4794 
11.9594 -7.11727 0.385309 
-2.16631 -8.13612 5.08223 
-1.78373 -2.03611 2.08998 
-4.82965 -5.90502 -0.477346 
2.81994 0.0145013 2.96184 
2.70846 -0.511895 2.89387 
2.76366 -3.55357 3.45723 
-4.90636 -6.03019 -0.464754 
10.0317 -6.0509 0.27473 
2.87406 -3.63425 3.52755 
-2.42214 -2.67559 0.45571 
4.19777 -4.13931 2.41683 
-0.645701 -4.6814 1.30626 
-0.00274216 -1.91732 1.06698 
0.745403 -0.480312 3.07719 
1.88036 -0.399637 3.34201 
-0.410982 0.53833 0.847619 
-1.35827 2.38404 1.43675 
-0.57897 -4.22261 1.15849 
0.00306146 -1.84207 1.09077 
-1.89846 -0.352172 1.72155 
-1.80949 0.159766 1.85525 
0.710185 0.753408 0.903298 
-0.77423 -2.47859 0.828018 
-0.849692 -0.165864 1.99774 
4.03487 -4.01452 2.30498 
-1.35442 2.38806 1.43803 
1.51692 -1.97748 -0.0198779 
-0.179993 -4.64816 0.573319 
1.05064 -1.6653 0.0127577 
-0.778136 -1.83745 0.774063 
-2.62005 -2.88756 0.472136 
1.52283 -1.75172 1.68993 
-1.90282 0.172838 1.9315 
-1.95349 0.618088 1.78106 
0.644808 -0.390346 2.52029 
-0.688021 -0.702571 1.63963 

-0.434754 -1.56348 -0.0577846 
-0.895741 -2.45984 0.438162 
-0.150052 -0.524077 0.939674 
0.441604 -0.566266 -1.68445 
8.85115 -9.60616 0.2325 
-0.272609 -1.10603 -0.428456 
2.57119 0.283875 0.38807 
-0.150605 -0.524872 0.940164 
-1.82776 -3.18686 0.894127 
-0.43404 -0.0432316 -0.461148 
2.9513 0.139922 -0.268124 
-0.173316 -0.52725 0.943815 
-1.73549 0.438944 0.794074 
-0.410429 -1.71823 -0.00854227 
1.68175 -4.79317 -0.581813 
2.76683 -0.6334 -0.444812 
-0.895948 0.136311 -0.0158848 
-2.01933 -2.29809 1.84251 
9.61729 -22.5127 -6.6236 
-0.51366 0.132695 -0.0715452 
-6.58658 -5.63793 6.45918 
-4.92067 -4.42354 5.9243 
7.19785 -16.875 -4.84501 
-0.326745 -2.64139 1.91431 
-1.35265 -4.26157 1.76424 
-0.721294 -0.739226 -0.0749263 
-0.652114 -1.22864 -0.372113 
0.161606 -0.892957 -1.0359 
-1.71448 0.500199 0.902784 
-0.215114 -1.51041 1.38514 
-4.93072 -7.90297 7.87349 
2.95314 0.179916 -3.64051 
-0.724058 0.0774034 -0.180706 
0.119815 -0.8535 -1.00307 
0.201337 -1.26889 0.805444 
-0.477998 0.171174 0.0167162 
-7.03463 -7.83176 12.8942 
-0.864397 0.124074 -0.0509439 
-1.29219 -1.41434 1.81282 
-1.01331 -4.09035 2.02659 
-3.38018 -3.34451 3.23296 
-1.54713 -4.23756 1.52813 
-1.99725 0.586588 1.05499 
1.84426 -4.87846 -1.00214 
-1.1458 -0.714596 0.496675 
-1.7431 0.628705 1.15881 
-0.755902 -0.688044 -0.0476456 
0.635691 -2.10004 -0.9878 
