-0.70958 -0.404781 -0.576757 0.0546623 0.00501708 0.815607 -0.578584 0.0369248 0.704607 -0.413445 -0.576708 0.225357 0 0 0 1
1 0 0 0 0 1 0 0 0 0 1 0 0 0 0 1
###
2.82526 -0.276396 0.378162 
-0.245932 -0.0982523 -0.652668 
2.49166 -7.42341 -2.23014 
2.78993 0.367082 0.245613 
7.86162 -12.0669 -2.09526 
2.19092 -6.52171 -2.12484 
1.97672 0.733782 0.576205 
4.71868 -7.46011 -1.5277 
7.07298 -7.59423 2.41815 
-0.0156321 -0.924958 -1.12788 
1.26959 0.516067 0.395644 
4.16561 -1.3152 1.026 
2.85802 -0.504874 0.573059 
7.27356 -5.3207 8.36312 
2.52306 -3.90642 -0.773531 
8.488 -10.8642 -1.53869 
4.01964 -1.93396 -0.650892 
1.88248 -0.811435 -0.286128 
2.73844 0.171853 0.16698 
-0.400706 -1.12378 -0.445039 
9.51485 -10.3593 -0.38254 
1.68474 -1.6319 -0.422265 
2.94479 -0.938792 -0.705972 
3.54648 -0.971456 -0.966935 
4.04487 -6.002 -0.725846 
27.4251 -37.22 -6.73388 
3.38749 -1.9115 -0.454303 
-7.44119 -1.91158 -11.3496 
9.59953 -10.9026 2.3158 
3.18177 -3.31896 0.0504018 
3.84425 -2.78135 4.73451 
3.03147 -1.20717 -0.640368 
2.88808 -1.51043 -0.43135 
2.32658 0.0197072 -0.759396 
1.95979 -1.08934 -0.186261 
-1.17958 1.19671 -1.98662 
11.4467 -17.7715 -3.41649 
2.9921 -1.55121 -0.464226 
2.8062 0.111458 0.235547 
2.77467 -3.8598 -0.641245 
12.5657 -35.7739 -13.6858 
2.53279 -1.96251 -0.733077 
2.95809 -1.93705 -0.265858 
5.83487 -4.14239 6.73795 
-0.0327381 -0.896064 -1.10451 
0.540327 -0.262008 0.0461269 
3.11832 -4.6697 -0.516249 
2.14708 -2.47689 -0.0950897 
-0.558339 -0.616358 -0.279272 
-0.0622658 -5.417 -1.18729 
-0.557759 -0.618877 -0.279399 
-0.80379 -1.664 0.456684 
1.15512 -0.955057 -2.25887 
2.81833 -1.74159 -1.15699 
-0.55146 -0.977143 -0.201425 

0.373028 -0.0344815 0.886536 
-0.0633935 0.0487787 0.0049752 
10.8175 -9.85918 2.20459 
1.08547 0.758983 2.99348 
6.7811 -6.2495 1.32186 
6.22238 -5.85443 3.32842 
2.28893 0.701193 0.770323 
-2.43528 -2.65269 0.727346 
4.21799 -8.84263 8.68067 
-1.61267 -0.747304 1.60914 
-0.0638437 -0.109866 0.00994001 
1.22442 -1.54707 3.13062 
1.13139 -1.13196 2.99705 
-1.02666 -4.59831 5.40196 
15.9146 -14.8829 8.62641 
6.69115 -17.6257 21.6708 
2.93691 0.020971 3.09062 
2.69031 -0.0507219 2.78405 
1.13299 0.517332 2.89779 
0.545816 0.661271 1.00012 
3.27707 -3.47464 3.08554 
3.58397 -1.84562 2.48197 
-0.041862 0.0949221 0.0229878 
1.02607 -0.17644 2.41048 
4.3354 -11.9325 12.4306 
2.42653 -2.28193 0.911588 
-0.125027 -0.14205 0.0157284 
0.501149 -0.0211812 0.54322 
11.8713 -10.8639 2.36404 
5.01074 -5.67422 5.14225 
-0.556415 -2.41708 2.89052 
-0.12635 -0.14188 0.0166366 
3.07378 -1.14869 2.15725 
0.113301 0.146964 -0.000267442 
2.72089 -0.956713 2.92507 
2.49836 3.08503 0.540657 
0.144564 -7.06359 7.71733 
2.7529 -0.417203 2.95462 
1.18487 0.504803 2.97144 
4.37167 -4.07476 2.73971 
6.16262 -5.39573 1.00554 
2.55659 -0.0415843 2.91895 
-0.0623338 0.0706478 -0.000597271 
-0.050038 0.094843 0.0155729 
-0.676317 -1.69486 1.13071 
2.61017 -0.398812 2.78277 
4.26614 -4.27956 2.81143 
10.7289 -13.5892 13.2184 
-0.811938 -0.791967 1.86861 
3.27444 -3.4578 3.08047 
-0.0637294 0.0488528 0.00425154 
-0.989839 -4.63679 5.42753 
-0.70791 0.101289 2.08386 
3.06361 -0.590917 2.16324 
-0.0497393 0.094449 0.0156015 
