-0.67852 -0.356471 -0.642292 0.137095 0.0491382 0.85038 -0.523869 0.0122361 0.732937 -0.387017 -0.559484 0.19319 0 0 0 1
0.999981 0.00562725 -0.00249145 -0.00634208 -0.00560071 0.999929 0.0105333 0.00311856 0.00255054 -0.0105191 0.999941 0.0283595 0 0 0 1
###
3.59941 -10.7411 -3.17168 
2.91689 -0.129078 0.326545 
10.4059 -10.5715 1.41227 
-1.55664 -2.92412 0.11123 
-0.0221919 -0.908511 -1.0926 
-0.396694 -1.10598 -0.445221 
-0.423353 -0.792577 -0.484835 
0.908748 -2.7768 -0.815667 
65.9012 -53.5322 21.2369 
0.656614 0.357726 0.339308 
-0.022883 -0.805553 -0.722008 
5.13257 -8.08369 -1.6706 
15.9009 -19.8194 -2.57613 
-0.349034 -0.107021 -0.593076 
-0.107568 -0.726019 -0.778845 
-0.40198 -1.12691 -0.449371 
0.810809 -10.1449 -3.01508 
0.0406666 -7.5771 -1.9135 
8.18258 -5.94981 9.33365 
-6.13439 -13.431 0.75156 
3.26821 -1.21054 -0.558612 
8.85414 -11.2535 -1.64572 
-0.0142651 -1.16267 -1.04382 
0.403175 -2.322 -0.771933 
2.98949 -1.95259 -0.271748 
1.62188 -1.4324 -0.440722 
2.99551 -2.16293 4.12775 
12.5396 -35.7473 -13.6692 
5.48379 -2.5365 -0.772349 
-2.51524 -6.43469 0.805502 
-0.0377264 -0.882212 -1.08555 
3.07853 -4.83111 -0.767341 
3.27394 -2.26777 2.12644 
0.256506 0.287203 0.180394 
0.781069 -3.46921 2.86321 

18.4447 -20.8891 25.0831 
-0.127274 0.0528476 0.382981 
13.8534 -15.5669 5.48924 
23.2293 -24.2279 0.602217 
6.41525 0.301282 4.42864 
5.38208 -1.56943 2.83339 
0.318313 -0.0782754 0.393912 
5.43432 -6.19611 2.18986 
19.4973 -21.7331 26.3024 
-6.23336 -1.65603 1.84083 
6.63662 -0.387268 4.78994 
20.828 -37.6261 55.0758 
20.8363 -19.6671 19.1556 
4.15024 1.39941 0.828938 
-0.249162 0.0226038 0.226402 
-0.43874 0.157105 0.241548 
17.4717 -17.3011 15.3261 
9.31136 -18.3718 27.3216 
-10.0411 -14.8582 16.688 
-6.78708 -4.61683 3.04266 
-3.24392 -6.31991 3.73907 
15.9939 -14.6252 14.3415 
6.59314 -0.375747 4.76622 
23.1551 -43.0364 63.7095 
0.158718 0.217441 0.280647 
-0.188815 0.199768 0.301106 
-0.123349 0.146523 0.328521 
8.11595 -9.37623 3.51232 
-4.08825 -15.5958 7.96034 
4.56951 -6.51642 0.257113 
6.44593 0.310013 4.45001 
-3.20649 -9.66596 4.21681 
29.8787 -27.7481 27.7861 
-0.0676179 0.567526 0.302684 
0.697906 -12.0323 3.63633 
