0.97473 0.00757362 -0.223256 0.0165586 0.0682921 0.941472 0.3301 0.0379585 0.212689 -0.337005 0.917165 -0.492379 0 0 0 1
-0.712083 0.124122 0.691037 -0.706783 -0.301587 0.834743 -0.460706 0.773646 -0.634022 -0.536468 -0.556972 0.0991289 0 0 0 1
###
6.7811 -6.2495 1.32186 
-0.0036959 0.68927 1.51924 
-7.90472 -11.7444 4.42718 
2.37498 0.927321 3.48973 
-0.631544 -1.84816 0.776061 
-1.37264 -2.31361 2.07968 
2.27076 0.695985 0.770687 
2.74506 0.811845 2.41366 
-0.556415 -2.41708 2.89052 
1.21048 -0.860094 0.0161206 
-0.622415 -4.47274 1.2317 
-0.0102951 0.689004 1.51923 
2.16425 0.709504 0.953127 
2.73461 -0.463077 3.2393 
-0.676317 -1.69486 1.13071 
-0.38097 -2.01567 1.55654 
2.81678 -1.53585 3.06093 
0.507468 -0.019781 0.545916 
1.21992 0.719882 1.3477 
2.71862 0.798575 2.86822 
-0.567075 -1.86069 2.20008 
6.73396 -12.1288 10.5957 
4.22807 -4.16562 2.43562 
-1.07638 -1.86518 1.72472 
-0.00260943 -1.90291 1.05851 
6.42626 -5.89317 2.95059 
41.7865 -50.8126 49.8379 
0.501149 -0.0211812 0.54322 
3.10949 -0.603483 2.19296 
-0.745182 -1.85291 1.21593 
2.91959 0.86789 2.52142 
2.32685 0.727927 0.765529 
3.41603 -4.19612 4.19013 
6.22238 -5.85443 3.32842 
2.7168 0.686602 2.79409 
2.77067 -0.872455 2.97347 
-7.1132 -7.82373 4.72895 
-0.108206 -1.88693 0.995638 
0.0187109 -2.43449 1.12632 
0.00299964 -1.82867 1.08257 
6.16262 -5.39573 1.00554 
-0.811938 -0.791967 1.86861 
-1.82727 -0.348849 1.66065 
4.20667 -4.10363 2.3953 
7.60381 -6.74173 3.46092 
-1.80012 0.154235 1.84391 
-0.856752 -0.166468 2.01049 
0.456373 0.665684 1.12544 
1.87692 0.877598 3.23207 
-0.757183 -2.42896 0.811168 

7.18551 -16.8504 -4.83729 
0.629034 -2.07556 -0.973071 
-0.15352 -0.527512 0.941728 
2.95675 0.138261 -0.270083 
-1.49113 -4.08253 1.49835 
-5.62714 -5.18173 6.65188 
-1.82692 0.536444 0.986464 
2.21996 -0.170165 -0.652958 
-0.508717 0.127875 -0.0617642 
-0.697505 0.0558526 -0.1863 
-0.486142 -4.07424 2.52317 
-1.11161 -0.936386 0.578056 
-0.742562 0.0771501 -0.155611 
3.09118 -0.626843 -0.37019 
-0.854798 0.0960796 -0.103104 
-0.34913 -0.106497 -0.595355 
4.31903 -1.83009 -0.661542 
1.13399 -0.176885 -0.66824 
0.961203 0.052021 0.169962 
3.0847 -0.0804132 -0.891055 
-0.836944 0.110058 -0.0543574 
-1.57035 -3.57785 0.570489 
2.41349 -4.02024 0.123061 
-0.366224 -0.0847001 -0.552168 
-1.35299 -4.26092 1.7641 
0.959256 -5.47838 -1.23914 
14.7271 -16.4939 -1.13098 
-1.57733 0.363169 0.557291 
2.4984 -1.32045 -0.766459 
-0.849341 0.118621 -0.0526338 
2.0779 -0.191024 -0.582953 
-0.533159 0.00593399 -0.337356 
-6.59085 -5.64114 6.46334 
-0.921734 -4.18424 -0.0747539 
2.99589 -0.150595 -0.813981 
3.27411 -1.41597 -0.319613 
-0.640934 -0.871223 1.21441 
0.180566 -1.07945 -0.992878 
-0.257115 -3.6667 2.51577 
-1.54346 -4.83476 1.453 
-0.991191 -3.92492 -0.138318 
-0.504728 0.210825 -0.0110713 
-1.69895 0.495663 0.894129 
1.86358 -4.91032 -1.00464 
0.944042 -5.4266 -1.18404 
-0.804811 0.109627 -0.0887972 
-0.652827 -1.22913 -0.372191 
-0.790241 0.114947 -0.0913806 
-1.21284 -1.39162 2.33003 
0.197236 -1.25997 0.806824 
