-0.67852 -0.356471 -0.642292 0.137095 0.0491382 0.85038 -0.523869 0.0122361 0.732937 -0.387017 -0.559484 0.19319 0 0 0 1
1 0 0 0 0 1 0 0 0 0 1 0 0 0 0 1
###
3.59941 -10.7411 -3.17168 
2.91689 -0.129078 0.326545 
0.277563 -0.903214 -1.62557 
-1.55664 -2.92412 0.11123 
0.908748 -2.7768 -0.815667 
5.17681 -8.92691 -1.97748 
12.8555 -11.6518 4.38462 
65.9012 -53.5322 21.2369 
5.13257 -8.08369 -1.6706 
6.07262 -9.97464 -2.51714 
66.7107 -54.9018 26.0661 
3.79496 -2.9018 1.78487 
3.12565 0.412356 0.244595 
-0.107568 -0.726019 -0.778845 
2.88853 -1.56196 -0.464363 
2.92618 -0.513215 0.582623 
1.32785 0.536856 0.401927 
-0.40198 -1.12691 -0.449371 
0.0406666 -7.5771 -1.9135 
10.7531 -12.1509 2.50084 
27.599 -37.4991 -6.82996 
3.48531 -0.93313 -0.741245 
3.12851 0.161444 0.266617 
8.18258 -5.94981 9.33365 
7.94739 -16.6364 -4.41701 
0.419824 0.33028 0.406115 
1.79998 -0.753676 -0.252764 
3.40444 -0.359376 0.432612 
3.14804 -0.0960189 -0.968006 
3.99705 -5.93313 -0.701948 
8.85414 -11.2535 -1.64572 
2.36458 -3.20804 -0.474017 
0.123364 0.0225061 0.176179 
1.25664 0.614673 0.752794 
7.41449 -0.845895 0.492404 
3.03092 -1.20598 -0.639675 
2.98949 -1.95259 -0.271748 
0.573875 -1.63859 0.404728 
3.01246 -1.55833 -0.466291 
2.96168 -2.28984 1.06852 
0.751193 -1.57195 1.61948 
4.32918 -6.4798 -0.814248 
9.28209 -13.0384 -2.47719 
0.729142 -1.63182 1.7418 
2.3329 -3.68378 -0.52436 
1.01862 -0.620099 -1.92866 
-0.402242 -1.10674 -0.432689 
4.64042 -3.87594 4.08125 
-2.51524 -6.43469 0.805502 
-0.0377264 -0.882212 -1.08555 
-0.402321 -1.11002 -0.426626 
7.57045 -5.25424 5.82981 
2.70079 -1.67856 -1.10882 
7.80357 -5.47673 8.63001 
3.10105 -1.46173 0.38885 

4.0204 -4.72302 4.27246 
1.20846 -0.512258 3.00754 
3.20154 -1.51242 2.19896 
3.76329 -3.30739 0.25419 
5.94005 -5.60486 3.18915 
7.0973 -7.05697 4.5582 
4.78906 -9.45139 9.21923 
2.4109 -4.363 5.30044 
5.28799 -5.28733 3.05345 
14.7894 -13.848 8.00759 
15.5862 -15.3543 9.33863 
0.259056 -0.629573 0.748199 
1.1107 0.775387 3.0613 
-0.461008 -0.85307 1.61685 
2.81746 -0.0519673 2.91578 
2.45163 -0.0443214 2.79405 
-0.0505266 0.0959435 0.01587 
-0.465316 0.0659165 0.302821 
4.81977 -5.46355 4.93583 
11.6915 -10.705 2.32174 
0.0795103 -0.0853071 0.0758831 
-0.091733 0.0361006 -0.00946928 
1.35832 0.650336 3.44495 
-0.556697 -2.4206 2.89208 
3.34207 -4.11654 4.10441 
-0.0588715 -0.00624672 0.0239721 
-0.127044 -0.144298 0.0159428 
2.6614 -0.85474 2.99344 
2.7446 0.942932 3.31768 
4.87629 -4.99809 3.15741 
6.63904 -6.44979 4.97175 
4.2018 -9.83466 11.8499 
2.59736 -0.451054 3.07327 
11.4675 -10.3373 5.36656 
2.99362 0.0214748 3.15042 
2.77066 -0.97566 2.97733 
3.12917 -1.1708 2.19454 
-0.744053 -2.38918 0.795232 
2.70259 -0.51192 2.88566 
-2.4537 -2.7086 0.75235 
-6.92462 -15.3614 -4.42923 
4.2886 -4.28137 2.7972 
4.22694 -3.94991 2.65574 
-0.0408802 -0.00450344 0.0377623 
5.2129 -5.21541 2.98518 
-0.176083 -4.53948 0.558908 
-0.0477754 -0.0624509 0.0458435 
0.178119 -5.91784 6.49522 
-1.04854 -4.93384 5.78083 
-0.685866 -1.72115 1.14577 
0.557623 0.67548 1.02174 
10.8116 -13.6708 13.272 
3.11691 -0.601638 2.19975 
0.0636251 -5.51744 5.88883 
1.87829 -1.14727 3.28582 
