0.988334 -0.0990743 -0.115675 -0.067797 0.125603 0.959769 0.251131 0.0236979 0.0861409 -0.26273 0.961016 -0.576998 0 0 0 1
-0.712083 0.124122 0.691037 -0.706783 -0.301587 0.834743 -0.460706 0.773646 -0.634022 -0.536468 -0.556972 0.0991289 0 0 0 1
###
2.76002 -0.0519643 2.85703 
2.14634 0.679618 0.909671 
4.71732 -9.35535 9.13973 
-2.82206 -3.07655 0.214691 
-0.726315 -1.82281 1.18483 
-0.910617 -1.58823 1.51189 
-0.627605 -1.83413 0.769413 
-1.36502 -1.20969 0.951493 
3.27257 -1.2549 2.23302 
5.21055 -4.54103 0.831266 
1.01014 -0.331534 2.42341 
-0.674401 -1.69122 1.12695 
6.70317 -6.51395 5.01849 
0.011519 -2.34513 1.09241 
-2.12367 -1.39325 1.30091 
5.06621 -4.44605 0.821635 
-0.717051 0.113496 2.12558 
0.549477 0.665655 1.00706 
-0.389944 -1.87273 1.39769 
-0.710014 -1.26258 1.31739 
4.82672 -4.64772 2.12212 
7.04704 -6.83653 5.28209 
7.25881 -8.06742 7.52613 
-0.463069 -1.61587 1.17427 
-0.988021 -1.66063 1.5972 
4.13189 -3.91453 2.61568 
2.72229 -0.959224 2.92649 
5.69709 -5.93531 5.09352 
2.66774 0.910601 3.23481 
4.50971 -4.23215 0.923175 
-0.00331994 -1.90026 1.05623 
1.23265 -11.8794 10.4922 
4.26253 -4.17608 2.75508 
1.27483 -0.397307 2.37571 
5.31263 -5.45018 4.6571 
0.661429 -0.509898 2.99095 
5.59246 -4.91665 0.91954 
-0.762258 -1.80077 0.756352 
0.0172671 -2.4138 1.11531 
1.1849 -11.013 9.74577 
1.8908 0.88091 3.24426 
1.85073 -0.272234 3.29399 
-0.805732 -0.787769 1.85593 
4.9673 -4.65643 0.940582 
0.526473 -0.615748 0.444945 
11.9601 -11.9782 9.78773 
0.62293 -0.491827 2.84771 
1.85085 -1.1306 3.23922 
-0.62096 -0.614078 1.92477 
3.70006 -3.3074 0.756741 
-0.855196 -0.166853 2.00666 
1.23983 0.736596 1.36052 

-1.11161 -0.936386 0.578056 
-1.57131 0.494757 1.07841 
12.2922 -12.2981 4.48865 
0.92711 -1.90325 0.597046 
26.55 -24.7232 4.4263 
-5.62714 -5.18173 6.65188 
-1.56577 -4.4673 1.40156 
-0.527845 0.173087 -0.0882879 
2.48903 -1.61698 -0.738086 
1.86358 -4.91032 -1.00464 
-0.532544 0.21738 0.289494 
0.119753 -0.853795 -1.00341 
3.22753 -16.0413 -5.68035 
0.16874 -1.17886 0.819683 
-0.561827 0.275751 0.245256 
6.55821 -6.49464 1.79844 
-0.513431 0.128822 -0.0823357 
1.06665 -0.220111 -0.829327 
-0.153758 -0.52774 0.941875 
-0.278681 -1.10245 -0.416143 
2.19542 -12.0279 -3.45737 
1.60225 -8.05263 -2.63116 
-6.59085 -5.64114 6.46334 
-1.81397 -2.47576 1.2999 
-0.482052 0.16704 0.0117201 
5.98675 -8.51144 -0.907908 
4.31903 -1.83009 -0.661542 
-6.78918 -7.34236 3.61478 
2.56939 -0.0265396 -0.357009 
24.033 -25.0705 5.58825 
-1.35299 -4.26092 1.7641 
0.24478 -4.38255 -0.512905 
27.4251 -37.22 -6.73388 
-0.652827 -1.22913 -0.372191 
-2.32534 -2.59374 2.04068 
-0.614944 -0.920795 -0.122223 
-0.991191 -3.92492 -0.138318 
-4.8699 -7.44008 7.35167 
-0.257115 -3.6667 2.51577 
1.53863 -8.61553 -2.15773 
3.06551 0.32291 -0.142453 
-0.646168 -0.9658 -0.203119 
0.380313 -2.07114 -0.793066 
7.89337 -8.46661 2.5593 
-1.04467 -4.88722 -0.164758 
-1.56836 -1.66346 1.88106 
-0.721247 -0.739187 -0.0748281 
-1.85077 0.587714 1.07345 
-0.440786 -0.941572 -0.22835 
1.62103 -1.98311 1.12139 
-0.477998 0.171174 0.0167162 
2.95886 0.179062 -3.64961 
