0.95834 -0.167141 0.23162 -0.251101 0.111407 0.965416 0.235711 0.0110115 -0.263007 -0.200087 0.943818 -0.54834 0 0 0 1
-0.712083 0.124122 0.691037 -0.706783 -0.301587 0.834743 -0.460706 0.773646 -0.634022 -0.536468 -0.556972 0.0991289 0 0 0 1
###
4.78906 -9.45139 9.21923 
2.81746 -0.0519673 2.91578 
0.0636251 -5.51744 5.88883 
-0.725725 0.104601 2.13535 
7.07672 -6.58773 2.37716 
-4.93495 -5.88279 2.2918 
0.0418525 -5.72498 6.21248 
1.79901 -4.85066 4.81791 
2.59736 -0.451054 3.07327 
2.42037 0.941653 3.55275 
-4.61022 -6.1823 -1.355 
-2.0699 -1.44033 1.32063 
-8.10845 -12.034 4.53458 
-2.00814 -1.42138 1.2117 
2.6614 -0.85474 2.99344 
-2.46062 0.649176 1.53033 
-0.381709 -1.84523 1.383 
-1.14815 -1.88454 1.76361 
3.20154 -1.51242 2.19896 
-0.0479219 -1.67599 0.950322 
2.96595 0.878762 2.55934 
-1.4485 -2.2884 2.0749 
-0.462232 -1.61592 1.17917 
-0.472175 -0.382539 1.3963 
11.4533 -14.669 14.2265 
-0.727908 0.114912 2.15855 
-4.20431 -4.67646 8.68256 
-1.85486 -0.352597 1.68318 
-0.77047 -1.81973 0.764134 
0.187631 -0.319244 0.567345 
-0.453026 -1.60827 1.17297 
3.1033 -1.46205 2.12121 
4.03908 -3.96128 2.3036 
4.84749 -4.28109 2.17921 
-0.0461499 -3.64077 0.778658 
-0.0716571 -1.88136 1.0111 
-0.547843 -1.83989 1.28264 
14.9325 -13.6967 3.97156 
0.184532 -0.319525 0.566793 
1.91974 0.894481 3.29317 
1.87829 -1.14727 3.28582 
-0.0401809 -3.5588 0.7662 
-0.722357 -1.72479 0.744757 
1.25094 -12.1085 10.6805 
-0.780405 -0.494481 1.89231 
-0.176083 -4.53948 0.558908 
1.81203 0.075127 3.20615 
-0.864085 -0.169246 2.02884 

-1.81397 -2.47576 1.2999 
-0.434333 -0.0446306 -0.449135 
-6.83414 -8.98275 2.38233 
-0.829044 -0.627371 0.014798 
-0.148498 -0.522812 0.938799 
2.41349 -4.02024 0.123061 
-1.52616 -3.28137 0.558781 
10.5338 -18.1109 -3.84055 
-0.797822 0.118199 -0.101715 
2.95675 0.138261 -0.270083 
14.7247 -12.3965 6.51379 
0.92711 -1.90325 0.597046 
1.04294 -0.22897 -0.760466 
-1.12855 -1.08757 0.629766 
-0.68656 0.0539192 -0.183477 
-0.570541 -0.0065516 -0.329534 
-0.153758 -0.52774 0.941875 
-0.47943 0.166415 0.0155929 
-0.434754 -1.56348 -0.0577846 
-1.06735 -4.0116 1.68075 
2.0779 -0.191024 -0.582953 
-0.482052 0.16704 0.0117201 
7.19664 -16.8798 -4.84878 
-0.668793 -0.810206 -0.0971695 
-3.4285 -3.38332 3.35059 
-0.807696 -0.648609 -0.0182023 
-0.533159 0.00593399 -0.337356 
-0.857379 0.124755 -0.0485354 
-4.86906 -7.43935 7.35058 
-2.34024 -9.69507 11.8374 
-2.01933 -2.29809 1.84251 
0.740559 -0.50784 -1.52827 
9.61744 -22.5149 -6.6243 
0.944042 -5.4266 -1.18404 
-0.642123 -4.04594 1.84007 
0.119753 -0.853795 -1.00341 
-3.38018 -3.34451 3.23296 
-7.03463 -7.83176 12.8942 
3.42282 -11.6247 -3.91968 
-1.21284 -1.39162 2.33003 
-1.85077 0.587714 1.07345 
-0.203819 -2.3771 1.57866 
-1.547 -4.23623 1.52788 
1.53863 -8.61553 -2.15773 
-0.778067 -0.664419 -0.0252257 
-0.394558 -2.69664 1.54285 
-0.474551 0.157485 0.0252918 
-0.600463 -0.939049 -0.120827 
