-0.654239 -0.481408 -0.583282 0.25315 0.00282179 0.769684 -0.638419 0.0315722 0.756283 -0.419324 -0.502199 0.169231 0 0 0 1
0.999981 0.00562725 -0.00249145 -0.00634208 -0.00560071 0.999929 0.0105333 0.00311856 0.00255054 -0.0105191 0.999941 0.0283595 0 0 0 1
###
-0.0199647 -0.911399 -1.0974 
-0.396842 -1.10076 -0.442035 
1.51387 -4.89057 -1.88336 
7.47517 -11.4812 -1.99097 
8.29859 -6.03416 9.47802 
5.71585 -10.5734 -2.42622 
2.79216 -3.76684 -0.576474 
0.867308 -10.4825 -3.13618 
0.00317115 -1.08962 -1.01538 
-4.83847 -7.55699 -1.24201 
2.36136 -2.92201 -0.291533 
0.709808 -1.95545 -0.581072 
4.68944 -3.52089 6.22396 
-0.401983 -1.12336 -0.447375 
2.85214 -0.50177 0.573803 
2.74688 0.174804 0.169238 
2.78703 -0.261208 -0.841146 
3.94599 -1.62761 -0.935188 
0.00643663 -1.10817 -1.05816 
0.114287 0.247432 0.111908 
0.258883 0.289373 0.181487 
3.1912 -2.44986 1.25234 
2.08896 -1.15621 -0.202492 
1.65933 -4.83226 -1.70255 
30.6293 -38.623 -6.8867 
2.82369 -1.39764 -0.236187 
1.96401 -2.1429 -0.0118726 
-0.149274 -1.68913 -0.135136 
3.46726 -2.29168 -0.325756 
31.6626 -43.0068 -7.60753 
-0.0371834 -0.882834 -1.08619 
-0.819078 -3.55643 -0.0910865 
1.27973 0.58688 0.691796 
3.20715 -5.60144 -1.19769 
-7.79544 7.05713 -18.1337 
0.252085 -1.04637 1.10162 
3.07615 -2.19241 1.4374 
-0.371562 -0.86539 0.31674 

6.42097 0.249033 4.47134 
-0.444793 0.16037 0.244563 
10.5612 -10.8317 13.4634 
20.828 -37.6261 55.0758 
-12.2998 -16.7481 18.4578 
9.31136 -18.3718 27.3216 
18.4447 -20.8891 25.0831 
17.4717 -17.3011 15.3261 
6.63662 -0.387268 4.78994 
-6.78708 -4.61683 3.04266 
32.4707 -52.3384 77.5923 
19.4973 -21.7331 26.3024 
-10.0411 -14.8582 16.688 
5.43688 -1.60404 2.86141 
4.3947 -1.42673 0.916314 
-0.26863 -0.667603 0.671082 
-0.123349 0.146523 0.328521 
-3.19187 -6.30091 3.87557 
6.59314 -0.375747 4.76622 
-0.228816 -0.20255 0.450323 
-0.108511 0.439053 0.238441 
36.3914 -68.4356 65.572 
-0.263568 0.0292866 0.231454 
13.8534 -15.5669 5.48924 
15.9939 -14.6252 14.3415 
-4.08825 -15.5958 7.96034 
23.1551 -43.0364 63.7095 
11.5652 -11.8233 7.26966 
0.158718 0.217441 0.280647 
9.7563 -13.697 20.2304 
-3.09562 -6.44542 4.057 
5.35212 -7.54113 0.368868 
-7.27618 0.92684 1.81885 
12.2304 -12.0979 10.7428 
6.93062 -15.5367 1.09851 
0.697906 -12.0323 3.63633 
-8.74637 -8.95798 4.11555 
-2.15006 -6.39102 2.53144 
