-0.654239 -0.481408 -0.583282 0.25315 0.00282179 0.769684 -0.638419 0.0315722 0.756283 -0.419324 -0.502199 0.169231 0 0 0 1
1 0 0 0 0 1 0 0 0 0 1 0 0 0 0 1
###
0.113616 0.247467 0.112562 
-0.0490009 -0.634123 0.0995187 
3.68049 -1.44034 -0.611107 
0.421146 -0.272921 0.339447 
1.51387 -4.89057 -1.88336 
7.47517 -11.4812 -1.99097 
13.3461 -13.0115 6.42883 
3.88621 -2.96577 1.83516 
8.29859 -6.03416 9.47802 
2.79216 -3.76684 -0.576474 
2.70813 -2.89433 0.024804 
24.1462 -25.1436 5.63697 
65.8954 -53.562 21.159 
0.867308 -10.4825 -3.13618 
2.90241 -1.56759 -0.465618 
3.12835 0.412875 0.243668 
4.20855 -1.74871 -0.949324 
3.46584 -0.927656 -0.73685 
2.36136 -2.92201 -0.291533 
0.98388 -2.383 -0.65185 
1.54569 -1.65825 0.0643688 
3.40922 -0.36121 0.431327 
2.78703 -0.261208 -0.841146 
4.61437 -3.30416 5.61462 
14.671 -12.336 6.51441 
27.7119 -37.6324 -6.8572 
3.94599 -1.62761 -0.935188 
-0.0201123 -0.914254 -1.11057 
3.64473 -4.14423 -0.282466 
3.31905 -1.87486 -0.440795 
3.20438 -0.166624 0.284967 
0.238726 0.288399 0.200006 
3.23408 -2.33716 4.4588 
-0.105035 -0.866932 -0.992539 
3.0319 0.350499 0.0514756 
5.56053 -10.565 -2.75333 
2.08896 -1.15621 -0.202492 
2.74293 0.100838 0.235976 
5.03967 -15.6867 -4.93894 
2.18006 -1.44073 -0.942707 
-0.401992 -1.1031 -0.429906 
3.12478 -1.24165 -0.659069 
2.82369 -1.39764 -0.236187 
2.98167 -5.72118 -1.47975 
2.92341 -0.308326 0.440231 
3.14048 -2.94211 -1.01428 
2.03333 -0.292445 -1.31731 
0.71797 0.28168 0.107522 
3.58044 -5.02745 -0.721786 
4.52174 -6.59921 -1.31677 
2.90957 -1.10372 -0.45692 
3.29364 -0.859905 -0.690441 
3.21466 -0.289537 -1.06877 
2.52558 -1.58283 1.87622 
0.148041 -0.176763 0.139514 
0.632379 0.417739 0.463758 
-1.51788 1.67844 -3.5166 
9.11252 -12.8336 -2.44562 
1.25207 0.626315 0.77168 
0.426403 0.275573 0.288041 
-0.40226 -1.10763 -0.425267 
1.15545 -0.25254 -1.18097 
0.957009 0.354968 0.225047 
0.265528 -0.621409 -1.8385 

-0.212049 -0.209673 0.0769185 
4.65521 -5.27512 4.76646 
1.75103 0.0619223 3.11983 
10.9021 -9.93705 2.2209 
5.21285 -4.90392 2.79894 
4.97543 -4.96969 2.86908 
1.41715 -3.55585 3.66638 
0.253792 -0.61713 0.733624 
-1.05679 -4.96555 5.82435 
2.76965 -3.56263 3.46499 
0.0780998 -0.0837875 0.0745411 
5.49442 -10.5639 10.3189 
2.3392 -4.30977 5.23086 
4.24748 -11.6732 12.163 
2.74339 -0.0481464 2.84009 
1.01512 0.705266 2.79524 
-0.0423756 0.0963775 0.0234669 
2.55932 -0.0420383 2.92144 
13.8419 -12.9625 7.49844 
3.8871 -3.6723 0.884973 
11.6132 -12.9214 11.7691 
1.32382 -0.525847 3.23616 
1.17877 0.547154 3.01129 
-1.03401 -4.62843 5.43866 
2.72697 -12.8347 14.8421 
2.25863 -2.22454 1.60188 
-0.125108 -0.142144 0.015754 
0.351435 0.647229 1.0777 
10.7459 -13.5357 13.1515 
-0.0418888 0.0949851 0.0230167 
-0.126422 -0.141975 0.0166559 
-0.0623774 0.0707076 -0.000579861 
-0.0579974 -0.00615812 0.023619 
3.05431 -1.43521 2.08911 
2.74997 0.808605 2.90676 
9.5633 -9.51925 6.214 
2.68326 -0.944043 2.88335 
1.21465 0.504337 3.01876 
11.5334 -10.5593 2.2955 
-0.0414715 0.0480879 0.0244059 
-0.460608 0.0659606 0.299167 
2.63042 -0.498831 2.8093 
2.53693 -0.0119306 2.98406 
3.77205 -3.52457 2.37276 
1.15608 -0.181388 2.94632 
2.73083 -0.0421972 2.818 
-0.179939 -4.59162 0.564242 
0.049391 0.646955 0.955442 
4.7256 -4.8436 3.06074 
0.120122 -5.88676 6.40803 
1.1584 -1.16401 3.05913 
2.57637 -0.0204171 3.05318 
1.16339 0.690669 2.9225 
3.93478 -4.62224 4.18394 
5.18599 -5.16435 2.95766 
-0.06212 0.0711336 -0.000100257 
2.49826 3.08426 0.540684 
5.8794 -5.40098 2.68667 
2.28907 0.701775 0.7713 
2.32939 0.726846 0.77191 
-0.130631 -0.0885424 -0.00524824 
-0.110863 0.0325724 0.299876 
0.548806 0.665352 1.00599 
2.928 0.859508 2.5156 
