0.926056 -0.151903 0.345464 -0.32383 0.0702575 0.968805 0.237656 -5.30308e-05 -0.370788 -0.195812 0.90784 -0.551724 0 0 0 1
-0.712083 0.124122 0.691037 -0.706783 -0.301587 0.834743 -0.460706 0.773646 -0.634022 -0.536468 -0.556972 0.0991289 0 0 0 1
###
-1.02823 -1.74113 1.63628 
1.26792 -0.530557 3.12784 
2.60128 -0.457444 3.08641 
-0.787824 -2.35077 2.77362 
-2.04522 0.665871 1.89737 
-0.439905 -0.878968 0.928018 
1.93967 0.944901 3.50939 
-0.0564098 -0.343896 0.522373 
-6.53007 -8.91324 -2.98605 
-8.74563 -10.4101 -0.986943 
6.3839 -6.25398 4.76063 
1.28444 0.537542 3.02952 
0.0449291 0.734396 1.64393 
-1.05983 -1.85811 1.1667 
-4.89122 -6.97058 3.62773 
1.78844 -4.79072 4.76331 
3.27722 -3.70553 3.64313 
2.64844 -0.41264 2.96397 
2.33893 0.904017 3.42978 
2.64566 -0.0217261 3.13076 
2.90119 0.0225618 3.05365 
-0.755428 -1.79371 0.760401 
-0.489498 0.671033 0.943917 
0.0329094 0.683499 1.47584 
5.74953 -8.11355 8.74856 
-0.679616 -1.70574 1.13527 
-0.456832 -1.60061 1.16839 
-2.3985 -2.75921 0.474489 
-1.51632 -2.35727 2.11855 
7.62081 -8.8651 7.964 
6.66627 -9.38556 10.0193 
2.67204 0.601091 2.91836 
-6.15011 -7.47035 -0.660633 
-1.71812 -2.60952 2.30462 
-0.540975 -1.75432 1.23081 
-0.836953 -0.623191 2.33592 
0.229264 -0.300776 0.639349 
-0.00250957 -1.90834 1.06006 
-0.314974 -0.228795 0.555024 
-0.765793 -1.80849 0.759455 
-2.0058 0.63721 1.82309 
-0.463106 -0.853623 1.61815 
-0.851313 -0.168145 2.00058 
0.276336 -0.489239 0.618774 
1.9062 0.888167 3.27039 
-0.81153 0.158477 2.3077 
-0.0968386 -0.187219 0.580749 
-2.7126 -3.05948 0.472497 
12.2823 -22.773 1.09153 
2.8198 -2.75855 1.77081 
-0.857342 -0.167835 2.01311 
-0.180189 -4.57586 0.560019 
-1.29272 -0.237795 1.83741 
-0.725236 -1.73041 0.743493 
-3.48518 -1.93301 -1.02292 

-5.62133 -5.17666 6.64596 
-1.15067 -0.863793 0.546309 
2.61865 -1.54703 -0.612007 
-1.7431 0.628705 1.15881 
0.441691 -0.566704 -1.68633 
1.15221 -0.203301 -0.947153 
2.80916 0.298563 -0.0018172 
0.92711 -1.90325 0.597046 
-0.53318 0.0057835 -0.33728 
24.0924 -25.1179 5.60307 
3.21606 -15.9879 -5.65971 
-0.103939 -0.726384 -0.780632 
-1.95116 0.562281 1.04167 
-0.804985 0.109518 -0.0888801 
-0.538344 0.00907321 -0.34222 
1.53082 -8.58038 -2.14527 
-6.58174 -5.63381 6.45585 
1.0675 -0.220375 -0.830201 
2.95739 0.13781 -0.269642 
3.09311 -0.62773 -0.370797 
3.12322 -0.752869 -0.558832 
-5.0001 -8.11083 7.84856 
1.1348 -0.179118 -0.676199 
-0.291572 -0.905782 -0.463245 
-1.04751 -4.08858 -0.176602 
0.119608 -0.853976 -1.00384 
-0.96163 -2.25735 0.671159 
0.958854 -5.47744 -1.23883 
-0.47943 0.166415 0.0155929 
27.599 -37.4991 -6.82996 
26.5354 -24.7163 4.42497 
2.56628 -0.231097 -0.442372 
-1.07227 -4.9069 -0.188501 
-0.482052 0.16704 0.0117201 
-1.09082 -2.67061 0.519359 
-1.03347 -0.628555 0.394418 
-2.32168 -2.59029 2.03851 
-1.35297 -4.25945 1.76324 
-1.06385 -0.610174 0.291322 
-4.86906 -7.43935 7.35058 
-0.84945 0.118607 -0.0526702 
-1.10588 -1.22332 0.698851 
-0.631456 -0.885423 -0.116106 
-2.34024 -9.69507 11.8374 
2.56401 0.214375 0.0360184 
-0.943452 0.177283 -0.175829 
-0.755667 -0.688464 -0.0446115 
-1.71448 0.500199 0.902784 
-3.35934 -3.32649 3.21957 
-1.46163 -3.47696 0.59024 
-0.652947 -1.22922 -0.372214 
-0.30634 -3.66525 2.2182 
-0.829116 -0.627544 0.0147729 
-1.48788 -4.07272 1.49566 
-0.262161 -3.45371 2.38057 
