0.949441 -0.0560564 0.308901 -0.327609 -0.0479329 0.946511 0.319091 -0.0672498 -0.310265 -0.317764 0.895969 -0.686488 0 0 0 1
-0.712083 0.124122 0.691037 -0.706783 -0.301587 0.834743 -0.460706 0.773646 -0.634022 -0.536468 -0.556972 0.0991289 0 0 0 1
###
-1.45179 -3.77053 4.30022 
2.73581 -1.47612 3.15776 
1.30771 -0.348231 3.19989 
2.74339 -0.0481464 2.84009 
2.12229 0.74141 2.76438 
-4.47004 -4.7866 0.7801 
2.73083 -0.0421972 2.818 
2.35743 0.906669 3.44366 
11.6132 -12.9214 11.7691 
-7.93899 -9.47828 -0.909681 
-0.0677139 -1.99487 1.01998 
2.35479 -4.49963 4.65985 
1.82534 -9.36941 11.6269 
-0.304136 -1.58871 1.25783 
-6.19076 -7.23357 2.85914 
-2.1461 -1.40714 1.31463 
-0.678357 -1.70417 1.13476 
2.55061 -0.823932 2.87168 
-2.31301 0.602389 1.44237 
5.49442 -10.5639 10.3189 
2.72697 -12.8347 14.8421 
-0.228756 -1.49366 1.17408 
1.25237 -1.22901 0.94839 
5.21285 -4.90392 2.79894 
2.65677 -0.413379 2.97502 
-0.724724 0.115916 2.14698 
2.49621 -0.0795758 2.80795 
-0.224842 -1.48237 1.16701 
-6.67416 -7.91027 3.95991 
2.35333 0.905324 3.41551 
7.06344 -6.98026 0.813245 
1.2782 -3.2107 3.36889 
3.11934 -14.8127 18.2061 
-0.453916 -1.59068 1.16223 
2.65414 0.599331 2.90001 
-0.578958 -2.09183 2.70939 
-0.495601 0.667918 0.957231 
-0.411772 -1.90449 1.72466 
-0.857143 -1.37295 1.61128 
3.45554 -3.21545 1.33796 
-0.670442 -0.455521 1.7197 
-0.0401481 -1.82263 0.999853 
-0.910855 -1.43958 1.65912 
-0.408715 -1.88481 1.71547 
1.8255 0.0824129 3.23123 
0.0294543 -9.70716 12.5186 
2.96491 -2.91248 2.00405 
-0.0439421 -1.87768 1.01051 
20.6205 -18.8088 4.29847 
3.14355 -3.04864 1.90793 
-0.760531 -1.79728 0.755398 
-2.01829 -0.269012 2.47611 
1.85192 -1.07772 3.20793 
-1.41638 -1.25025 1.00771 

-1.00115 -3.99232 -0.187279 
-1.13566 -0.987175 0.572099 
2.80023 -1.33483 -0.0409017 
-0.435239 -1.56396 -0.0578919 
-0.158212 -0.816997 -0.71766 
2.259 -6.24253 -1.32335 
0.742102 -0.507977 -1.53232 
2.95739 0.13781 -0.269642 
7.19664 -16.8798 -4.84878 
7.29658 -7.81597 2.45842 
-1.54127 -4.8289 1.45162 
11.4626 -11.4786 4.2872 
9.7019 -16.2021 -3.45548 
-0.156337 -0.5304 0.942632 
8.31491 -19.4928 -5.6903 
-1.09299 -1.1247 0.641926 
0.119608 -0.853976 -1.00384 
-0.723242 0.0758958 -0.178907 
-0.486448 -0.0333956 -0.420392 
2.5128 -2.87997 1.58208 
-6.83414 -8.98275 2.38233 
-0.158034 -0.532413 0.94572 
-3.83652 -7.86448 9.93146 
1.20045 -10.7584 -2.98768 
3.04321 -0.638498 -0.507231 
-0.440865 -0.941695 -0.228409 
2.9597 -0.693254 -0.407689 
-0.750162 -3.17683 0.011776 
-1.96899 -2.32351 1.66279 
3.31808 0.2129 -0.408963 
-0.161287 -0.541377 0.958708 
10.5897 -18.2078 -3.86842 
14.7247 -12.3965 6.51379 
-1.82776 -3.18686 0.894127 
2.56628 -0.231097 -0.442372 
0.164376 -0.896576 -1.04925 
-0.697665 0.0557987 -0.186425 
2.46199 -1.38134 -0.811692 
0.441691 -0.566704 -1.68633 
-7.03463 -7.83176 12.8942 
-0.778269 -0.664595 -0.0253626 
-0.837073 0.109989 -0.0544393 
-0.790921 0.11504 -0.0919928 
-5.62133 -5.17666 6.64596 
-0.652947 -1.22922 -0.372214 
-6.58174 -5.63381 6.45585 
-0.625055 -0.933311 1.52552 
26.5354 -24.7163 4.42497 
-1.004 -3.9501 1.53639 
9.61196 -22.5026 -6.62064 
-1.54665 -4.23459 1.52725 
-0.795159 -0.649692 -0.0110472 
-0.528085 0.172974 -0.0884843 
-1.69895 0.495663 0.894129 
