0.94537 -0.0511718 0.321959 -0.344761 -0.0574995 0.945947 0.319183 -0.079907 -0.32089 -0.320259 0.891327 -0.731241 0 0 0 1
-0.712083 0.124122 0.691037 -0.706783 -0.301587 0.834743 -0.460706 0.773646 -0.634022 -0.536468 -0.556972 0.0991289 0 0 0 1
###
-0.0540608 -1.41195 0.859734 
-0.274359 -3.93317 2.20409 
-2.3983 -2.63542 0.717979 
-0.671755 -1.68758 1.12387 
-0.0392739 -5.45094 5.91759 
2.50394 -0.0406708 2.85866 
1.55341 -3.89721 3.98105 
-6.46918 -7.51573 2.97198 
-7.76051 -9.26652 -0.888618 
-2.62001 -3.02977 1.08085 
10.1102 -9.57033 2.51641 
-0.619252 -0.815076 1.89369 
0.97613 -1.21845 1.75874 
3.00887 -2.87014 2.44872 
-0.040113 -1.85377 0.992422 
-2.03073 -1.41099 1.29537 
-1.49542 -3.84855 4.36031 
-0.548229 -0.749043 1.77943 
1.91093 -1.14982 3.30815 
3.8208 -3.56695 1.4434 
-0.716159 0.115011 2.12125 
-2.28109 0.593586 1.42282 
-0.291071 -1.55924 1.36127 
2.59452 -0.0633595 2.87743 
-0.367369 -0.924359 1.41018 
-6.87769 -8.40758 -0.775585 
4.55166 -5.67027 0.536779 
-0.341812 -1.7216 1.30266 
2.55585 -0.0538112 2.83998 
5.7529 -6.47173 5.86566 
-2.18919 -0.699839 0.4047 
-0.942074 -3.8141 4.01652 
3.56043 -4.31506 4.57074 
-0.400458 -1.84299 1.68298 
21.245 -19.3915 4.47889 
1.81375 -1.10773 3.17428 
20.025 -23.8604 -0.0488497 
0.823649 -0.851003 0.911148 
-0.752945 -1.7774 0.747558 
1.80156 -0.263018 3.20694 

-1.03819 -4.00047 1.57071 
-1.01411 -4.08654 2.02484 
2.07001 -2.70618 0.775116 
0.119462 -0.8545 -1.00442 
-1.01273 -4.76759 -0.144484 
-0.0231835 -0.233462 -0.966222 
1.52718 -8.5667 -2.13961 
-0.916791 -4.15707 -0.0689842 
1.25343 -3.06071 0.119177 
-1.56836 -1.66346 1.88106 
-12.3586 -13.3428 21.673 
-1.10524 -1.08051 0.635005 
2.22784 -3.25078 0.463867 
3.21634 -16.004 -5.6633 
-1.37954 -4.31949 1.33049 
-0.43404 -0.0432316 -0.461148 
-0.743029 0.0768991 -0.15611 
0.634888 -2.10118 -0.988487 
-0.477998 0.171174 0.0167162 
-3.83652 -7.86448 9.93146 
-0.441082 -0.941602 -0.228371 
0.92711 -1.90325 0.597046 
1.06655 -0.221904 -0.829339 
-0.488071 -0.032336 -0.423535 
-0.697862 0.0556871 -0.186604 
7.95022 -8.54015 2.57602 
-0.160932 -0.5385 0.955495 
-1.4104 -3.39447 0.649638 
2.96598 -0.696593 -0.409602 
27.7119 -37.6324 -6.8572 
-1.05927 -0.614931 0.285423 
1.57528 -4.53476 -0.505288 
6.78295 -17.0044 -4.98977 
-0.304499 -0.783423 -0.469202 
9.61455 -22.5108 -6.62302 
-1.85077 0.587714 1.07345 
-0.16348 -0.543328 0.958353 
1.62404 -4.66471 -0.536387 
-1.48463 -4.05944 1.49217 
-0.615312 -0.920911 -0.122455 
