0.832457 -0.11454 0.542121 -0.549711 -0.0679148 0.949931 0.30499 -0.110153 -0.549911 -0.290709 0.782998 -0.729255 0 0 0 1
-0.712083 0.124122 0.691037 -0.706783 -0.301587 0.834743 -0.460706 0.773646 -0.634022 -0.536468 -0.556972 0.0991289 0 0 0 1
###
7.01731 -9.93443 10.6311 
0.0566432 -5.67924 6.07859 
-0.121442 -0.449644 0.725071 
1.77745 -3.21745 3.44921 
-0.311804 -4.30281 2.35027 
-6.73065 -7.76443 3.0635 
1.13675 -0.148163 2.77546 
-0.294149 -1.52759 1.21807 
-0.534367 -2.22717 1.76479 
-2.60005 -3.00449 1.06974 
-0.662879 -1.66701 1.10995 
0.305732 -0.449204 1.12492 
-0.111313 -1.72185 0.92583 
1.30738 -0.193945 3.04687 
-2.72487 -3.14823 1.10636 
-1.49863 -1.3078 0.994013 
-1.64112 -0.256898 1.49972 
-1.92335 0.64059 1.89239 
-1.99765 -1.38961 1.27521 
-0.62373 -1.82244 0.752532 
-3.42608 -5.21373 -1.47733 
6.7499 -8.20981 8.29904 
-0.705238 0.112474 2.08967 
8.66408 -15.5059 13.5808 
-7.08295 -8.73232 -0.85421 
-0.830359 -0.160874 1.94954 
-2.15519 -5.45282 6.14267 
-0.149896 -1.01997 1.15199 
-1.51456 -1.31311 1.00243 
-0.414973 -1.31869 0.431744 
-0.953291 -0.34662 1.93452 
-0.829971 -0.161226 1.94996 
-0.946325 0.273733 2.06363 
-2.04958 -1.27867 1.41012 
-0.17831 -4.52371 0.556111 
-1.71884 -0.342625 1.58519 
-0.752783 -0.745048 1.75731 
-6.73637 -8.35128 -0.76098 
-0.738955 -0.735978 1.74033 
1.11389 -0.236046 2.88285 
-0.717496 -18.4891 -0.483022 
-0.611914 -1.79485 0.749085 

1.21436 -3.70427 -0.338759 
5.72516 -13.6304 -3.83141 
-0.533083 0.00471135 -0.336122 
7.35094 -7.88239 2.47483 
-1.01411 -4.08654 2.02484 
2.31705 -3.89294 0.152373 
-0.486317 -0.0342918 -0.419149 
-0.156823 -0.528694 0.940533 
-0.528581 0.172844 -0.08919 
-2.32247 -2.59097 2.03906 
0.119462 -0.8545 -1.00442 
9.52594 -15.9045 -3.34396 
-0.858205 -3.42058 1.42698 
3.1275 -0.754903 -0.559195 
-2.00956 -2.28948 1.83737 
-1.08611 -1.40095 0.809081 
-1.93819 0.732652 1.14717 
0.440916 -0.566289 -1.68657 
0.0992223 -0.93906 0.79546 
-1.54584 -4.22702 1.52549 
2.20128 -12.0701 -3.47242 
2.72928 -3.60001 0.528499 
-1.09997 -0.606868 0.218887 
9.61455 -22.5108 -6.62302 
7.95022 -8.54015 2.57602 
-0.532714 -1.11706 -0.120401 
-0.947971 -3.7919 -0.126354 
-0.165255 -0.526086 0.942419 
-0.435529 -1.56327 -0.0577754 
0.198317 -1.27322 0.804467 
-1.15067 -0.863793 0.546309 
-0.498366 -0.269116 -0.353295 
-0.784518 -0.663263 -0.0271616 
-0.47943 0.166415 0.0155929 
-0.172482 -4.04274 2.28301 
0.164282 -0.897149 -1.04989 
-1.11161 -0.936386 0.578056 
-1.06913 -4.88472 -0.18334 
-1.10588 -1.22332 0.698851 
-1.74128 0.511677 0.916927 
-0.668815 -3.8165 1.94486 
-4.86648 -7.43609 7.34707 
