-0.600188 -0.420869 -0.680179 0.38153 -0.0928773 0.881292 -0.463355 -0.0499074 0.794448 -0.214927 -0.56803 0.126547 0 0 0 1
0.999981 0.00562725 -0.00249145 -0.00634208 -0.00560071 0.999929 0.0105333 0.00311856 0.00255054 -0.0105191 0.999941 0.0283595 0 0 0 1
###
0.625244 -2.77174 -0.938069 
3.691 -11.0734 -3.30187 
0.0108284 -1.12956 -1.07429 
2.95478 0.0668177 0.222194 
4.25482 -3.56672 1.38517 
-0.0170561 -0.920059 -1.10855 
0.450383 -0.680509 0.0096252 
-0.629529 -3.0459 0.0623014 
65.6468 -53.4784 20.9617 
0.368543 0.287551 0.319832 
0.851945 -2.31467 -0.715767 
2.93651 -1.58495 -0.472753 
1.33632 -18.9253 -7.1835 
27.1781 -37.0753 -6.79192 
2.59067 -4.3698 -1.04079 
-0.0250098 -0.903104 -1.09437 
3.8807 -12.0647 -4.5534 
0.00941999 -1.11816 -1.06808 
2.59331 -4.54513 -0.978938 
4.26382 -3.05779 5.1984 
4.77517 -1.62631 -1.25622 
0.266059 0.292271 0.181737 
0.48226 -4.95109 -1.40679 
1.67884 -4.86791 -1.72737 
4.81859 -6.26953 7.03926 
2.30603 -3.92445 -0.823956 
-0.37364 -1.0104 -0.373488 
-0.0356965 -0.889366 -1.09313 
5.33202 -6.81272 7.62117 
3.41878 -1.05741 0.199868 
3.10544 -0.837093 0.151483 

15.9939 -14.6252 14.3415 
20.828 -37.6261 55.0758 
6.63662 -0.387268 4.78994 
1.21474 1.1865 0.620184 
19.4973 -21.7331 26.3024 
6.42097 0.249033 4.47134 
18.4447 -20.8891 25.0831 
-6.60639 -5.31847 3.1248 
23.1551 -43.0364 63.7095 
-0.311976 0.0296592 0.162067 
5.43432 -6.19611 2.18986 
0.158718 0.217441 0.280647 
20.8363 -19.6671 19.1556 
11.8881 -12.2034 7.57062 
9.7563 -13.697 20.2304 
1.19465 1.17517 0.600911 
10.5612 -10.8317 13.4634 
6.59314 -0.375747 4.76622 
6.50423 -9.661 13.4528 
-10.0411 -14.8582 16.688 
-0.127274 0.0528476 0.382981 
-0.108511 0.439053 0.238441 
10.0249 -9.7583 8.7702 
13.8534 -15.5669 5.48924 
-4.08825 -15.5958 7.96034 
20.2999 -30.9263 44.2764 
-0.473276 0.156557 0.268561 
-3.09562 -6.44542 4.057 
-4.05823 -15.6162 8.67087 
4.3947 -1.42673 0.916314 
5.43688 -1.60404 2.86141 
