-0.600188 -0.420869 -0.680179 0.38153 -0.0928773 0.881292 -0.463355 -0.0499074 0.794448 -0.214927 -0.56803 0.126547 0 0 0 1
1 0 0 0 0 1 0 0 0 0 1 0 0 0 0 1
###
1.27075 0.621935 0.761573 
3.691 -11.0734 -3.30187 
7.6859 -6.7735 3.44331 
7.30598 -17.1069 -4.91633 
0.450383 -0.680509 0.0096252 
6.17217 -7.77707 -1.0965 
3.01677 -0.528074 0.593666 
-0.629529 -3.0459 0.0623014 
-0.478789 -2.47902 0.011367 
65.6468 -53.4784 20.9617 
5.86603 -11.6211 -3.00219 
7.8584 -12.0413 -2.09737 
1.03876 -1.31155 -0.0411951 
6.71895 -6.65104 1.83287 
0.368543 0.287551 0.319832 
-1.09212 -4.24091 -0.218688 
0.851945 -2.31467 -0.715767 
2.93651 -1.58495 -0.472753 
0.896937 0.342783 0.216 
1.33632 -18.9253 -7.1835 
5.38039 -16.8944 -5.40553 
1.82451 0.930468 0.947902 
3.22689 -0.0966791 -0.992384 
2.93356 -0.124152 0.321457 
2.91075 -3.9223 -0.629225 
0.503869 0.397414 0.399978 
3.42787 -1.93387 -0.453584 
3.04084 -0.249153 -1.27384 
3.94856 -2.8981 1.72722 
3.47072 -0.928897 -0.737301 
3.30099 -0.169132 0.283656 
3.85685 -1.55469 -0.893905 
4.93741 -5.02584 0.144198 
3.39037 -2.23171 -0.32359 
2.82941 -1.21885 0.833806 
2.59865 -4.35689 -1.0699 
4.26382 -3.05779 5.1984 
3.64489 0.0413701 -0.75524 
3.12348 -1.24108 -0.659047 
3.04062 -1.98168 -0.279826 
2.44183 -3.32909 -0.444354 
2.85704 -0.210576 0.395876 
3.36175 -1.6723 -0.346713 
2.99964 0.201225 -0.308185 
0.295833 -0.347816 0.118458 
1.67884 -4.86791 -1.72737 
3.54154 -3.6759 0.146699 
4.65593 -3.3322 3.26013 
2.68138 -5.00684 -1.0246 
2.49546 -1.47694 -0.915652 
-0.0105425 -0.309347 0.320217 
3.11526 -3.20833 0.160988 
-0.402574 -1.0998 -0.42695 
3.41878 -1.05741 0.199868 
3.58487 -2.96521 3.38295 

0.109278 0.141774 -0.000309892 
10.7366 -9.78533 2.18742 
4.40476 -12.0485 12.5659 
10.3195 -10.2655 6.70931 
3.82633 -4.49533 4.06855 
6.78582 -17.9312 22.0419 
2.44624 -0.0396971 2.79257 
-0.0622373 -0.107098 0.00969051 
-0.206024 -0.203716 0.0747521 
2.29673 -4.22939 5.13506 
2.30305 -2.2663 1.62474 
0.0759169 -0.0814404 0.0724589 
6.32859 -5.84336 1.20872 
5.37319 -10.3438 10.0922 
-0.0412913 0.0940752 0.0227264 
-0.734796 -2.28728 2.66387 
5.50226 -5.19284 2.96349 
2.67095 -0.0467196 2.76537 
2.2284 0.683233 0.750924 
0.0496901 -0.247829 0.296137 
0.111224 -5.70354 6.20853 
-0.0580342 -0.0180914 0.0236482 
2.55229 0.873134 3.08212 
1.09155 0.0445149 2.67331 
-5.48463 -6.05021 1.90553 
-0.0792131 -0.0702761 0.0077164 
2.5147 -0.810463 2.82967 
2.6857 0.799314 2.64852 
3.68354 -3.44129 2.31709 
-0.0592569 0.18752 0.2647 
2.69745 0.0203635 2.84075 
-0.121515 -0.138075 0.0153189 
10.4542 -11.6101 10.5306 
3.05729 -1.44339 2.10068 
1.19235 -1.50617 3.04704 
5.75447 -5.28508 2.62971 
-0.662879 -1.66701 1.10995 
2.22636 0.857319 3.26281 
2.57696 -0.393178 2.76301 
2.54424 -0.481108 2.71747 
7.20558 -7.20845 4.77743 
1.11202 -0.246917 2.85455 
2.5055 -0.0197063 2.96921 
1.83125 0.852339 3.14058 
11.3077 -10.352 2.25041 
-1.03177 -4.84777 5.68597 
1.23008 -8.14622 10.0556 
14.4262 -14.211 8.64797 
0.00280609 -1.77731 1.05199 
-0.194969 -0.323508 0.0376268 
10.628 -13.3848 13.0067 
-2.26263 -2.51588 0.712831 
-0.127642 -0.085288 -0.00456974 
1.76734 -0.392878 3.1625 
0.157339 -5.56991 6.11835 
