-0.602333 -0.487964 -0.631733 0.472923 -0.00508658 0.793733 -0.608246 0.0284173 0.798229 -0.363153 -0.480573 0.108925 0 0 0 1
1 0 0 0 0 1 0 0 0 0 1 0 0 0 0 1
###
18.4583 -22.9855 -3.17232 
3.02102 -0.84224 -0.646482 
23.0535 -23.9063 5.28756 
7.35904 -6.50167 3.33849 
3.04752 -4.1116 -0.669701 
-0.0166017 -0.921976 -1.11051 
0.678061 0.354693 0.348477 
0.303881 -0.120989 0.247559 
0.292041 0.167417 0.499059 
2.91613 -1.25522 0.858871 
2.91361 -0.665973 0.646725 
5.41945 -3.99695 6.69958 
0.278323 -0.114938 0.217472 
3.6285 0.0415333 -0.75158 
3.63634 -2.67695 5.06323 
2.78958 -3.97881 -0.522723 
-1.59676 -14.0815 -2.76931 
2.1937 -5.80233 -1.70141 
3.56955 -1.15986 -1.02601 
2.94674 -1.59085 -0.473196 
4.5728 -2.08827 -0.973753 
14.9606 -16.7411 -1.19603 
3.07873 -4.65 -0.996472 
29.5763 -37.3509 -6.66086 
0.435044 -4.63621 -1.28753 
2.47222 -1.81617 3.5429 
4.52712 -3.40172 6.03653 
3.01716 -0.949105 -0.743881 
2.21513 -0.519855 -0.499188 
2.78048 0.101155 0.236323 
3.77256 -11.7724 -4.45609 
12.5799 -13.3972 0.131678 
3.30248 -0.862086 -0.691899 
2.83504 -0.5162 0.540029 
2.78799 -5.20735 -1.07761 
3.03323 -1.56702 -0.470144 
1.91279 -5.75346 -1.67408 
0.846365 0.336055 0.20861 
3.28973 -2.1599 -0.309381 
0.698299 0.444656 0.489282 
2.41141 -2.22424 -0.711699 
5.37473 -6.47736 -0.893878 
1.30199 0.00453082 1.72204 
2.78122 0.285315 0.178665 
4.07484 -4.26141 0.11851 
1.21226 0.607488 0.752088 
0.719067 0.453224 0.496968 
3.49895 -0.869085 0.0805736 
2.47739 -1.46475 -0.905614 
-0.273066 -0.611289 -0.831813 
3.13984 -0.847077 0.153437 
0.924586 0.346866 0.22824 
2.75139 -0.174079 0.280688 

8.83072 -8.78133 6.64547 
1.14261 -1.46338 2.95272 
2.35811 -4.50513 4.66212 
4.73288 -12.9364 13.5022 
2.30712 -2.27037 1.62769 
-1.2296 -5.76479 6.79537 
-0.0624579 0.0476604 0.00427628 
5.85252 -5.39411 1.12167 
-0.660374 -1.67398 1.09986 
1.28466 -0.509385 3.14026 
1.09662 -1.09724 2.904 
-1.16454 -5.22325 6.16552 
10.2994 -12.9689 12.6085 
2.22007 0.85538 3.25374 
-0.0563152 -0.00598134 0.0229342 
11.39 -11.324 7.40958 
0.0759169 -0.0814404 0.0724589 
3.79734 -3.58822 0.865861 
3.05391 -1.44105 2.09827 
2.60933 -0.916334 2.80375 
1.19827 0.710352 1.31484 
8.42754 -9.39058 8.57232 
-0.0480885 0.0821154 0.0250174 
6.95006 -18.356 22.5699 
1.82334 -4.82644 4.79718 
2.60381 -2.55484 0.592101 
-0.834463 -3.55181 4.16975 
-1.63383 -0.269243 1.51023 
2.68977 0.0205353 2.83263 
1.15488 0.480236 2.87529 
3.90821 -3.47395 0.758176 
3.69346 -3.45148 2.3235 
2.50046 -0.0196117 2.96313 
1.10985 -0.246169 2.8492 
4.94065 -4.77163 2.1745 
2.54301 -0.480347 2.71603 
22.7163 -20.7267 4.75153 
0.529202 0.644182 0.979715 
-0.258183 -0.280104 0.303139 
-0.0696459 0.132792 -0.00930037 
2.97955 -1.11397 2.09007 
11.8889 -11.1338 6.45503 
-0.571004 -0.586256 1.80652 
1.09959 0.651623 2.76407 
0.109742 -5.52654 6.01395 
-0.126884 -0.0858616 -0.00466203 
0.086727 0.680819 1.51717 
2.44142 -0.0393432 2.78707 
2.8629 -0.577442 2.1678 
-0.0541879 0.0410806 0.340816 
1.75983 -0.391473 3.14871 
0.53247 0.645383 0.975926 
1.7084 0.0609249 3.04551 
