0.370711 -0.140783 0.918016 -0.862103 -0.144641 0.967632 0.206801 -0.032711 -0.917416 -0.209446 0.338349 -0.343829 0 0 0 1
-0.707707 0.171871 0.685282 -0.669757 -0.240302 0.853572 -0.462244 0.79491 -0.664384 -0.491808 -0.562778 0.095582 0 0 0 1
###
-2.24191 -2.98562 4.42363 
1.48655 -3.87611 4.43831 
-0.276587 -3.02037 2.03003 
-0.0348702 -0.304138 0.785797 
-0.545915 -0.954128 1.16637 
-9.01015 -10.1806 3.84169 
-1.24756 -2.21335 2.56453 
-3.94599 -4.24122 0.68082 
-0.613217 -1.79764 0.750539 
-0.659765 -1.65914 1.10496 
-1.64191 -0.257939 1.50044 
-2.25419 0.587159 1.40541 
-0.704794 0.112268 2.088 
-7.16633 -8.61021 -0.83951 
-2.7048 -3.05902 1.11479 
-0.151973 -2.41538 0.919659 
-0.0161198 -1.81893 0.970859 
-0.640748 -1.84202 0.766044 
-1.74101 -0.339063 1.58982 
-1.64495 0.388104 1.26456 
-0.107516 -1.72685 0.918584 
-1.2218 -4.66545 4.79143 
-0.796564 -0.334244 2.34412 
-0.104308 -1.68539 0.923264 
-0.290218 -0.88286 0.631198 
-1.4691 -1.28305 0.993505 
-0.612911 -1.8032 0.748184 
-1.9741 0.631069 1.79036 
-1.86245 -3.75854 4.07053 
-0.827066 -0.160658 1.94313 
0.370822 -7.39245 9.38918 
-6.27039 -15.3724 -5.04976 
-5.74591 -7.85368 -3.14204 
-0.0134292 -0.333279 0.77751 
-0.292536 -1.52439 1.21949 
-1.1163 -0.238207 1.71366 
-7.2627 -8.88105 -0.815449 
-0.747574 -5.75178 1.21862 

-1.59467 -1.46396 0.510896 
26.4062 -24.6257 4.43118 
-0.645533 -4.04935 1.83971 
27.7638 -33.9671 -6.9095 
-3.30256 -3.46161 1.16623 
-10.1191 -10.9998 4.66702 
-0.743029 0.0769076 -0.156111 
2.04036 -2.67587 0.777128 
-1.48468 -4.05947 1.49218 
-1.76766 0.608507 1.12112 
-1.65277 0.526484 0.987312 
-0.357332 -0.111566 -0.601781 
-0.441082 -0.941617 -0.228378 
1.57545 -4.53529 -0.505352 
-1.79579 -3.00237 0.926172 
-1.03825 -4.00056 1.57075 
-1.54136 -4.82795 1.45123 
-1.54584 -4.22695 1.52549 
0.180321 -1.08043 -0.993991 
-1.82692 0.536444 0.986464 
-1.55127 -4.30101 1.55695 
-2.32247 -2.59097 2.03906 
1.38915 -0.878896 -2.08973 
-1.0044 -3.94378 1.53492 
-4.49922 -7.29051 7.13724 
0.252991 -1.64689 -0.720823 
-4.86674 -7.4367 7.34743 
1.0522 -0.229012 -0.774564 
-1.38704 0.344096 1.00596 
-0.82909 -0.627469 0.0147682 
-1.56836 -1.66346 1.88106 
-5.3174 -8.38473 8.09852 
-5.6232 -5.17835 6.64788 
-6.58312 -5.63471 6.45697 
-1.52668 -4.35747 1.38167 
-0.75581 -0.688503 -0.0446009 
-3.67268 -7.85995 9.86069 
-1.00976 -4.11534 2.0488 
