0.56993 -0.159908 0.805983 -0.764788 -0.0977595 0.960719 0.259735 -0.0760225 -0.815857 -0.226824 0.53191 -0.499502 0 0 0 1
-0.712083 0.124122 0.691037 -0.706783 -0.301587 0.834743 -0.460706 0.773646 -0.634022 -0.536468 -0.556972 0.0991289 0 0 0 1
###
-7.29062 -8.76327 -0.855811 
-0.295451 -1.52974 1.21855 
-7.7434 -8.83753 3.41258 
4.62422 -6.574 7.12646 
-1.62263 -4.15807 4.66292 
0.110909 -5.68619 6.19031 
-0.222731 -1.20111 1.14491 
-0.302553 -4.23954 2.32876 
-0.3683 -1.64747 1.51217 
-1.32076 -4.22542 5.02794 
-1.1239 -3.22197 3.96308 
-2.02043 -2.98255 2.51546 
-0.703102 0.11137 2.08325 
-0.659673 -1.66018 1.10519 
-0.302795 -2.56251 2.0733 
-1.20357 -3.71654 4.38657 
0.0739234 -2.94314 4.19144 
-0.105905 -1.69021 0.921768 
-1.86858 0.628905 1.81586 
0.0821215 -3.0192 4.29523 
-0.705838 -5.39823 3.35062 
-5.74862 -7.88117 -3.15257 
-0.826389 -0.160758 1.94133 
0.0172239 -2.30273 1.06365 
-1.85691 -3.74802 4.05999 
-0.64289 -1.6309 1.10334 
0.104779 -0.357522 0.951887 
-0.787689 0.157628 2.20594 
-1.96598 0.626778 1.78338 
-0.241718 -0.803593 0.648385 
-0.471906 -1.43604 0.783001 
0.267559 -3.26848 4.57603 
-6.88471 -9.30177 2.36722 

1.8609 -4.90507 -1.00212 
-0.156823 -0.528694 0.940536 
1.51495 -2.11498 0.855769 
-0.743029 0.0769076 -0.156111 
-0.401612 -1.70272 0.0233711 
6.037 -14.3347 -4.05683 
-0.157076 -0.528937 0.940698 
-1.01413 -4.08653 2.02484 
-1.08611 -1.40095 0.80908 
-0.158368 -0.530541 0.943447 
-0.95018 -2.08409 0.696455 
-1.59467 -1.46396 0.510896 
-1.09997 -0.606868 0.218887 
0.180321 -1.08043 -0.993991 
-0.993104 -1.21478 1.34516 
-0.151391 -0.523648 0.937389 
3.42282 -11.6247 -3.91968 
-0.857822 -3.41873 1.42672 
0.442529 -0.566692 -1.69039 
-2.00952 -2.28946 1.83733 
-1.81314 -2.47473 1.29969 
0.924052 -5.34294 -1.14842 
-0.631548 -0.885348 -0.116074 
-1.48468 -4.05947 1.49218 
-0.653604 0.0592175 -0.188434 
-1.7431 0.628705 1.15881 
-1.13182 -1.75842 0.927214 
-0.532544 0.21738 0.289494 
-0.805206 0.109209 -0.0890981 
-1.54584 -4.22695 1.52549 
-4.86674 -7.4367 7.34743 
-3.36124 -3.32818 3.2208 
0.221894 -0.262729 -0.995781 
