0.330145 -0.0910809 0.939526 -0.887727 -0.221253 0.960138 0.170826 -0.00616905 -0.917634 -0.264271 0.296833 -0.353175 0 0 0 1
-0.707707 0.171871 0.685282 -0.669757 -0.240302 0.853572 -0.462244 0.79491 -0.664384 -0.491808 -0.562778 0.095582 0 0 0 1
###
-0.915596 -1.47578 1.33456 
-0.340147 -4.68487 2.51153 
-0.370652 -1.66411 1.52398 
-6.66066 -7.47623 -0.583541 
-0.981308 -2.45389 3.10913 
-8.61912 -12.7749 4.82319 
-1.50261 -3.82949 4.32318 
-0.70337 0.111198 2.08341 
-7.2167 -8.67883 -0.846954 
-0.314943 -0.619831 0.656828 
-0.658985 -1.65767 1.10384 
-8.27157 -12.2505 4.72625 
-0.932196 -5.79492 5.03674 
-0.172957 -0.523365 0.646094 
-1.64226 -0.257859 1.50024 
-2.27353 0.632831 1.7932 
0.529732 -1.46255 1.95193 
-1.08828 -3.41995 4.10284 
0.0743182 -2.38587 3.51132 
-0.303503 -1.65074 1.25742 
-0.171289 -0.520854 0.648407 
-2.11222 -0.550374 0.291389 
-0.22958 -1.71052 1.73514 
-0.278387 -2.29905 1.02436 
-0.827549 -0.160941 1.94325 
-0.171832 -0.521341 0.647575 
-1.7254 -0.250579 1.53797 
-0.825747 -0.160998 1.94002 
0.0885019 -0.453565 1.0722 
-0.00145089 -1.84513 1.0261 
-0.259792 -2.16017 1.01628 
-6.30652 -15.4586 -5.07592 
-1.43818 -1.18247 1.01057 
-0.399016 -1.82769 1.66746 
-0.609296 -0.446838 1.58927 
-2.18872 -13.4273 2.91574 
-1.0149 0.303279 2.14162 
-2.09539 -1.30118 1.41959 
-1.85032 -0.259955 1.57304 
-0.0317444 -0.371632 0.768378 
-1.67921 -0.339501 1.5628 

-3.30256 -3.46161 1.16623 
-0.645533 -4.04935 1.83971 
-1.11053 -1.42111 0.818801 
-0.471602 -3.17857 -0.0694649 
-1.0021 -3.98788 -0.186316 
-6.39022 -4.58638 10.6349 
-0.743029 0.0769076 -0.156111 
-0.441082 -0.941617 -0.228378 
7.30598 -17.1069 -4.91633 
-5.6232 -5.17835 6.64788 
0.119464 -0.85451 -1.00444 
-0.68181 0.0397401 -0.25058 
-1.7355 0.438986 0.794067 
-2.32233 -2.5774 2.03078 
2.96531 0.176236 -3.65252 
0.743411 -0.508187 -1.53591 
-1.57733 0.363169 0.557291 
-2.74393 -3.73165 1.25515 
0.0352391 -7.29767 -1.42736 
-1.82692 0.536444 0.986464 
27.1781 -37.0753 -6.79192 
-0.939646 -0.583046 0.132717 
-0.993104 -1.21478 1.34516 
-0.486045 -4.07194 2.52184 
-1.06366 -0.610037 0.291343 
-6.58312 -5.63471 6.45697 
-0.857695 0.124594 -0.0487189 
-0.795245 -0.649721 -0.0110369 
-2.34024 -9.69507 11.8374 
-4.49922 -7.29051 7.13724 
0.220954 -1.32894 0.79922 
-5.3174 -8.38473 8.09852 
-0.601076 -0.941115 -0.119149 
-0.272962 -1.10661 -0.428802 
-0.807781 -0.648687 -0.0182691 
-1.00976 -4.11534 2.0488 
-0.600504 -0.551977 0.56074 
0.92711 -1.90325 0.597046 
0.161419 -0.893845 -1.03709 
-1.56836 -1.66346 1.88106 
0.164286 -0.897164 -1.04991 
