0.356459 -0.0388006 0.933505 -0.884944 -0.306578 0.938959 0.156094 -0.00529609 -0.88258 -0.341833 0.322805 -0.435243 0 0 0 1
-0.707707 0.171871 0.685282 -0.669757 -0.240302 0.853572 -0.462244 0.79491 -0.664384 -0.491808 -0.562778 0.095582 0 0 0 1
###
0.634433 -1.69137 2.13511 
-2.28786 -2.52255 0.686627 
-1.43684 -2.21537 1.57006 
-0.104224 -1.8262 0.916776 
-8.51765 -12.6207 4.76563 
-1.44345 -3.69603 4.18732 
-3.82854 -4.11897 0.659386 
-7.13864 -8.58641 -0.837901 
-0.10174 -1.80577 0.91745 
-5.00515 -7.32255 -2.44023 
-0.0896142 -0.411941 0.751273 
-0.703475 0.110807 2.08309 
-0.297892 -1.53518 1.22168 
-0.295357 -4.30865 2.30512 
-2.29382 -0.649563 0.31446 
-1.64176 -0.257749 1.49963 
-1.82652 0.594101 1.83069 
-7.13864 -8.58641 -0.837901 
-2.23043 0.579156 1.39346 
-7.13864 -8.58641 -0.837901 
-1.71753 -0.251951 1.53335 
-0.597758 -1.35135 1.44976 
-0.82461 -0.161063 1.93739 
-0.8111 -1.89337 0.729598 
-0.447047 -1.33998 0.94176 
-0.502815 -0.864736 0.518782 
0.198141 -0.658546 1.21903 
-0.749813 -0.743219 1.75088 
-0.139497 -1.80003 0.710164 
-0.727351 -0.727478 1.72408 
-0.0532917 -1.79653 0.971854 
-6.22746 -15.2895 -5.01355 
-5.80465 -7.91479 -3.16402 
-7.14317 -8.6437 -0.772801 
-1.66309 -0.337872 1.55361 
-1.97238 0.630677 1.78832 
-0.427464 -1.93627 1.64904 
-0.0633398 -1.77118 0.964373 
-1.98883 -1.24672 1.38911 
-1.8948 -0.854642 0.593939 
-1.03671 0.562681 0.902214 
-7.46176 -9.13341 -0.860714 
0.0801985 -1.77408 2.81476 
-0.777376 0.597119 2.2229 
-0.454662 -1.15566 0.583665 
-2.32965 0.54751 0.110854 

-6.00725 -3.63273 9.4509 
0.394125 -2.10875 0.245405 
-0.805232 0.109218 -0.0890884 
-1.03821 -4.00047 1.57072 
-1.57733 0.363169 0.557291 
-0.721365 0.0825449 -0.181273 
-3.36124 -3.32818 3.2208 
6.81042 -17.0905 -5.05139 
-1.67679 -4.7231 1.38477 
2.14357 -11.7486 -3.3383 
15.0669 -12.6753 6.61457 
-0.807799 -0.648707 -0.0182752 
-0.156786 -0.528807 0.94079 
-0.645463 -4.04919 1.83969 
-0.411051 -1.71617 -0.00764267 
-1.93819 0.732652 1.14717 
0.442529 -0.566692 -1.69039 
6.06287 -14.4013 -4.0811 
-1.77649 0.452604 0.787926 
1.57558 -4.53538 -0.50536 
-1.57131 0.494757 1.07841 
-0.571 -0.00671914 -0.330119 
-1.06376 -0.610086 0.291354 
-4.86682 -7.43692 7.34761 
-0.262614 -3.45372 2.38052 
-5.62286 -5.17806 6.64753 
-0.162538 -0.548552 0.961011 
-0.504728 0.210825 -0.0110713 
0.218145 -1.32147 0.800444 
-0.855335 0.0960161 -0.103383 
-1.06758 -4.01247 1.68102 
-4.93072 -7.90297 7.87349 
4.64759 -7.7806 -1.2826 
9.61871 -22.521 -6.62647 
-0.857705 0.12461 -0.0487186 
1.05163 -0.229166 -0.773279 
-0.493941 0.0582607 0.358357 
0.119489 -0.854505 -1.00443 
0.92711 -1.90325 0.597046 
-0.401617 -1.70283 0.0233431 
-0.474551 0.157485 0.0252918 
-1.0358 -4.74209 -0.144557 
-6.58312 -5.63471 6.45697 
0.743915 -0.508182 -1.53712 
-1.54581 -4.22689 1.52546 
-1.21365 0.200103 0.175542 
