-0.661447 -0.493056 -0.56514 0.517953 -0.0683984 0.790046 -0.60922 0.0442758 0.746867 -0.364312 -0.556298 0.120663 0 0 0 1
1 0 0 0 0 1 0 0 0 0 1 0 0 0 0 1
###
-2.29884 -4.57779 -0.182157 
-0.528636 -4.76469 -0.469477 
3.86439 -11.5527 -3.50081 
7.9096 -12.1236 -2.12442 
4.85322 -7.82651 -1.57525 
-1.05672 -2.93275 0.270338 
-0.905676 -2.64206 0.159392 
4.93844 -4.32382 1.46406 
-0.0243755 -0.905522 -1.09734 
-0.245397 -0.757979 -0.229564 
4.29641 -5.5802 6.29493 
3.46227 -0.926419 -0.734848 
2.90792 -0.67434 0.646048 
2.99734 -2.10862 4.88187 
4.34683 -1.22483 -1.24257 
2.18963 -6.56846 -2.02459 
-0.844835 -2.4429 0.177828 
1.34072 -17.5927 -6.65983 
0.404246 -1.74406 -0.443934 
0.531629 -5.61091 -1.59262 
2.99661 -5.01835 -1.2889 
-0.423272 -0.782466 -0.474242 
-0.403033 -1.12075 -0.445541 
-0.772494 -2.21712 0.290338 
1.3159 -1.02786 0.2177 
2.80988 -4.73603 -1.23054 
-0.484364 -4.93369 -0.801964 
1.77059 -5.28958 -1.8918 
0.83594 0.386197 0.353296 
0.486815 -5.17449 -1.45211 
20.6976 -23.4155 4.46435 
-0.380947 -1.04001 -0.391103 
0.584688 0.414983 0.49636 
2.54693 -1.50964 -0.938027 
0.477943 -2.3737 -1.17965 
3.16418 -1.90781 -0.108126 

23.2293 -24.2279 0.602217 
9.31136 -18.3718 27.3216 
18.4447 -20.8891 25.0831 
20.828 -37.6261 55.0758 
11.5652 -11.8233 7.26966 
8.11595 -9.37623 3.51232 
-10.0411 -14.8582 16.688 
10.5612 -10.8317 13.4634 
6.41525 0.301282 4.42864 
5.43688 -1.60404 2.86141 
-4.05823 -15.6162 8.67087 
-0.321578 0.646477 -0.0714873 
4.3947 -1.42673 0.916314 
-9.31878 -10.7514 1.07438 
-0.127274 0.0528476 0.382981 
19.4973 -21.7331 26.3024 
4.70693 -7.0223 -0.0350104 
20.8363 -19.6671 19.1556 
15.9939 -14.6252 14.3415 
17.4717 -17.3011 15.3261 
9.7563 -13.697 20.2304 
0.316509 -0.0778649 0.394125 
-0.43874 0.157105 0.241548 
8.11969 -11.0109 0.496293 
8.1843 -86.2488 135.376 
29.8787 -27.7481 27.7861 
11.8881 -12.2034 7.57062 
5.43432 -6.19611 2.18986 
0.112512 0.687087 -0.339325 
12.2304 -12.0979 10.7428 
0.0701774 -0.996372 1.43407 
-8.74637 -8.95798 4.11555 
0.318313 -0.0782754 0.393912 
-0.477342 0.155293 0.2728 
6.42097 0.249033 4.47134 
6.63662 -0.387268 4.78994 
