0.352153 -0.0158147 0.935809 -0.903197 -0.346745 0.926504 0.146141 -0.0401033 -0.869342 -0.375951 0.320788 -0.551892 0 0 0 1
-0.707707 0.171871 0.685282 -0.669757 -0.240302 0.853572 -0.462244 0.79491 -0.664384 -0.491808 -0.562778 0.095582 0 0 0 1
###
-1.37267 -3.54199 4.03755 
-6.58819 -7.39484 -0.579542 
0.90033 -1.76254 2.78466 
-0.70792 0.104541 2.07668 
-1.55815 0.484628 1.6126 
-2.60584 -4.24485 -1.67903 
1.17126 -2.48788 2.79245 
-0.107595 -1.76657 0.943698 
-0.865686 -2.26395 2.83462 
-0.655222 -1.64891 1.09786 
-2.22734 0.579187 1.39253 
-0.0595172 -1.76942 0.943502 
-0.301468 -3.24963 -1.82552 
-4.1493 -6.66144 -3.19116 
-0.297613 -1.52901 1.21738 
-1.9316 0.586848 1.75601 
-2.20559 0.608705 1.76145 
-0.293316 -3.2614 -1.83875 
-1.65943 -0.259745 1.51196 
-4.49618 -6.74823 -2.15987 
-7.03554 -8.46773 -0.823906 
-0.823201 -0.160865 1.93419 
-0.0986248 -1.76538 0.917398 
0.00762831 -1.74547 0.998654 
-1.97575 0.630902 1.79014 
-0.674626 -0.527915 2.00288 
-4.42614 -6.60375 -2.05875 
-0.362613 -0.882596 0.397913 
-0.852627 -0.158578 1.97629 
-1.65727 -0.337106 1.55025 
2.35791 -4.35374 3.21064 
-0.369491 -0.903389 0.381376 
-0.691505 -1.37756 0.0566527 
-0.791618 0.609694 2.24492 
-0.469795 -1.53956 1.13881 
-7.28495 -8.92661 -0.832151 
-0.806891 -0.335386 1.84141 
-6.87711 -8.35013 -0.741252 
-0.597901 0.154739 0.392195 
0.00956495 -1.65384 0.995783 
-1.32294 -3.70064 -2.01471 

-0.411051 -1.71617 -0.00764267 
-0.471575 -3.17816 -0.0694456 
-12.3586 -13.3428 21.673 
-0.807799 -0.648707 -0.0182752 
0.442045 -0.567693 -1.6908 
-5.62286 -5.17806 6.64753 
-4.60459 -10.5665 13.1971 
-1.38192 -4.20723 1.36106 
-0.809708 -0.875615 1.81556 
-0.401617 -1.70283 0.0233431 
-0.533079 0.00476873 -0.336174 
-1.54133 -4.82791 1.45123 
15.0669 -12.6753 6.61457 
3.21955 -16.0236 -5.67057 
-0.156786 -0.528807 0.94079 
-0.837433 0.109703 -0.0547424 
-0.801899 0.0672003 -0.172354 
2.14357 -11.7486 -3.3383 
-1.93819 0.732652 1.14717 
2.2008 -12.0674 -3.47163 
1.57558 -4.53538 -0.50536 
-0.530394 -1.20845 -0.160323 
-1.37952 -4.31955 1.3305 
0.197973 -1.27225 0.804834 
-0.849712 0.118558 -0.0527746 
-0.659507 -0.904109 -0.173211 
1.52294 -8.54699 -2.1324 
12.5799 -13.3972 0.131678 
-1.77649 0.452604 0.787926 
-1.69895 0.495663 0.894129 
-2.34024 -9.69507 11.8374 
-2.32247 -2.59097 2.03906 
2.0387 -2.6741 0.7774 
1.05163 -0.229166 -0.773279 
-1.29365 -4.5166 1.42839 
-7.03463 -7.83176 12.8942 
-0.70111 -0.768972 -0.0861253 
-3.67268 -7.85995 9.86069 
-2.00952 -2.28946 1.83733 
-4.86682 -7.43692 7.34761 
2.29884 -3.86775 0.158086 
