-0.661447 -0.493056 -0.56514 0.517953 -0.0683984 0.790046 -0.60922 0.0442758 0.746867 -0.364312 -0.556298 0.120663 0 0 0 1
0.999715 -0.00832138 -0.0223653 -0.00355825 0.00839438 0.99996 0.00317201 -0.0053905 0.022338 -0.00335885 0.999745 0.00556748 0 0 0 1
###
3.09762 -0.540254 0.602053 
4.27172 -3.71602 3.94553 
2.23102 -0.233222 0.364249 
-0.528636 -4.76469 -0.469477 
2.24533 -6.71391 -2.15333 
3.86439 -11.5527 -3.50081 
4.19893 -0.056061 -1.17683 
3.2608 -5.53435 -1.38384 
7.9096 -12.1236 -2.12442 
4.85322 -7.82651 -1.57525 
3.15235 -4.24734 -0.700943 
-0.905676 -2.64206 0.159392 
3.12682 0.411982 0.24287 
5.24281 -10.4352 -2.64784 
15.9544 -17.8437 3.45091 
2.79541 -0.115831 0.313136 
1.58284 -1.30015 0.213855 
2.18963 -6.56846 -2.02459 
2.95052 0.158446 0.259896 
-0.633302 -1.86107 0.302291 
1.34072 -17.5927 -6.65983 
0.190778 0.273402 0.151897 
5.65929 -5.68889 0.000814872 
2.9941 -1.62528 -0.319198 
2.9525 0.0926096 0.168442 
-0.772494 -2.21712 0.290338 
2.66983 -0.976537 -0.414614 
2.0252 -1.24024 2.46153 
7.16771 -7.3204 3.64019 
4.00618 -3.01132 5.67279 
2.55593 -4.95272 -1.12906 
2.8642 -0.138858 0.362021 
0.717668 0.452507 0.495588 
1.1032 -0.759498 0.258718 
-0.0397371 -0.861439 -1.05285 
1.67951 -4.85634 -1.73309 
3.04984 -4.20266 -0.749407 
3.06285 -1.13535 -0.704674 
2.54106 -2.04531 -0.806251 
3.11833 -2.03551 -0.277923 
1.76714 -4.6373 -1.43256 
2.89855 -0.215939 0.395774 
3.30026 -0.861261 -0.691289 
1.23098 0.569627 0.675785 
3.05201 -1.99905 -0.277132 
2.50557 -1.48168 -0.918178 
1.714 -4.95646 -1.81904 
-0.402854 -1.09905 -0.426767 
4.82805 -3.30067 3.82929 
0.695125 0.315205 0.272701 
3.3555 -0.819056 0.0916831 
1.30532 0.655962 0.805747 
6.07241 -7.18217 -0.95569 

1.14101 -1.46142 2.94876 
0.0638076 -5.42948 5.81029 
0.998425 -0.171567 2.34505 
2.68108 -3.44757 3.35418 
10.5033 -9.57245 2.14065 
3.79509 -4.45781 4.03557 
2.0664 0.722564 2.69222 
6.9666 -18.399 22.6251 
5.12641 -5.11939 2.96235 
-2.36916 -2.60184 0.708792 
3.81372 -3.64149 2.4193 
-1.97575 0.630902 1.79014 
0.924378 0.640429 2.54637 
3.19883 -15.0232 17.4566 
-7.03554 -8.46773 -0.823906 
1.27356 -0.337869 3.11685 
8.37981 -9.33721 8.5239 
0.113597 -5.33074 5.80517 
1.11546 0.510119 2.85624 
-0.0622533 -0.107123 0.00969424 
0.244866 -0.595309 0.707639 
-0.0456605 -0.0596845 0.0438175 
2.72565 -5.23281 6.29559 
1.08759 0.0445184 2.66378 
1.20793 0.506369 2.82621 
0.0402618 0.511938 0.348968 
2.51507 -0.810019 2.83002 
-1.06384 -4.7812 5.62176 
1.81802 -4.81196 4.78326 
-0.0446084 -0.0180867 0.0361609 
3.66009 -3.59277 1.48611 
1.11675 0.113273 2.82153 
-0.0696459 0.132792 -0.00930037 
0.0759169 -0.0814404 0.0724589 
-0.655222 -1.64891 1.09786 
-0.523462 -2.28762 2.73191 
-4.80971 -5.33376 1.75328 
2.54012 -0.479813 2.71284 
2.69185 -1.04612 1.93574 
-0.258132 -0.280042 0.30307 
2.35928 -4.50739 4.66463 
1.10965 -0.246066 2.84864 
2.49906 -0.0195473 2.96146 
-0.0696867 0.13289 -0.00921292 
2.53553 -0.392134 2.70191 
-0.65729 -1.66565 1.09542 
-1.09521 -5.13583 6.03579 
2.22516 0.681877 0.749357 
10.2748 -12.9372 12.5787 
2.29799 0.714967 0.759041 
1.80209 -1.10622 3.16883 
-0.00458298 0.670569 1.47879 
-2.66524 -3.06385 1.08214 
