0.0158062 -0.135889 0.990598 -1.04878 -0.333364 0.93332 0.133351 -0.0595495 -0.942666 -0.332337 -0.0305482 -0.291029 0 0 0 1
-0.707707 0.171871 0.685282 -0.669757 -0.240302 0.853572 -0.462244 0.79491 -0.664384 -0.491808 -0.562778 0.095582 0 0 0 1
###
-0.40552 -3.3582 -1.96077 
-1.14717 -1.32078 1.19423 
-4.32267 -7.02054 -3.46514 
-5.73517 -8.46967 -2.91175 
-1.82044 0.582399 1.81839 
-8.04418 -11.1099 -4.88079 
-0.614278 -1.79463 0.751882 
-2.20368 0.605751 1.75821 
-0.758423 -1.40528 2.04958 
-0.614278 -1.79463 0.751882 
-0.297551 -0.6345 0.623071 
-0.794489 -1.47969 2.11692 
0.0689946 -2.0512 3.1092 
-5.75426 -14.3103 -4.72089 
-0.297568 -0.634801 0.622305 
-0.84668 0.695674 2.12688 
-0.824719 -0.161435 1.93548 
-5.91958 -8.77415 -3.09046 
-7.03226 -8.47366 -0.822535 
0.378841 -4.42586 -1.1061 
-6.74392 -10.6839 -5.88263 
-0.918525 -1.77943 -0.253589 
-0.297893 -0.636461 0.619898 
-0.361934 -1.61655 1.19571 
-0.783347 -0.53279 1.77502 
-0.661467 -1.65576 1.09933 
-1.30996 -2.27972 0.652048 
-0.196473 -4.73391 0.162905 
-0.494657 -1.38029 -0.0411548 
-2.12387 -0.687856 0.406519 
-1.19978 -0.270765 1.36495 
-1.2193 -2.48963 3.54138 
-2.33854 -1.17365 0.550156 
-0.737132 -0.451823 1.83624 
-0.782136 -0.520375 1.80432 
-0.814288 -0.162745 1.92348 
-0.572257 -0.680128 1.81572 
-0.641101 -1.78741 0.752833 

0.394068 -2.10864 0.245445 
-2.34024 -9.69507 11.8374 
-1.07459 -2.6014 0.507256 
2.14349 -11.748 -3.33811 
0.442529 -0.566692 -1.69039 
0.956397 -5.46931 -1.23476 
-1.48443 -4.05885 1.49202 
-0.435055 -0.0447823 -0.450494 
-0.837435 0.109702 -0.0547435 
-4.50011 -7.29201 7.13854 
-2.00952 -2.28946 1.83733 
-0.895948 0.136311 -0.0158848 
1.05135 -0.229234 -0.772887 
-4.86668 -7.4367 7.34738 
-6.58312 -5.63471 6.45697 
-0.364203 -0.0849209 -0.553194 
-1.77649 0.452604 0.787926 
1.51999 -8.5336 -2.1275 
1.57546 -4.53521 -0.505333 
-1.38618 -4.39019 1.75018 
-5.3148 -4.76848 6.34848 
-6.72423 -6.09893 6.18048 
-10.1191 -10.9998 4.66702 
-1.7355 0.438986 0.794067 
-0.807799 -0.648707 -0.0182752 
-1.7431 0.628705 1.15881 
-0.0947052 -1.20156 1.21623 
0.218218 -1.32169 0.800404 
-1.5692 -1.95405 1.56007 
-1.05927 -0.614931 0.285422 
1.29776 -0.136294 -0.886922 
-1.10588 -1.22332 0.698851 
-0.809708 -0.875615 1.81556 
-0.778257 -0.664533 -0.0253233 
-1.06376 -0.610084 0.291355 
-0.659438 -0.904045 -0.173048 
-0.967772 -0.586574 0.282863 
-1.49713 -3.80974 1.25835 
