-0.45902 -0.685095 -0.565637 0.598095 -0.135519 0.683216 -0.717531 0.152469 0.878029 -0.252706 -0.406453 -0.0290552 0 0 0 1
0.999715 -0.00832138 -0.0223653 -0.00355825 0.00839438 0.99996 0.00317201 -0.0053905 0.022338 -0.00335885 0.999745 0.00556748 0 0 0 1
###
4.38279 -3.80741 4.04497 
3.4021 -0.360289 0.43429 
0.893792 0.530266 0.531767 
0.558894 -0.433479 0.17274 
0.707308 0.446869 0.489575 
3.16658 -0.0932928 0.184343 
0.615484 -0.297373 0.252261 
24.0871 -25.0194 5.63165 
1.99662 -1.33673 2.74306 
4.85435 -7.82638 -1.57589 
-1.34113 -6.1878 -0.217063 
4.08006 -1.97239 -0.683678 
65.0287 -53.1502 20.7624 
4.01543 -0.0522198 -1.1186 
2.95895 -0.197872 -1.01988 
-0.0177211 -0.920222 -1.10783 
2.59425 -8.69426 -3.34474 
3.75346 -3.82023 -0.0947092 
3.2434 -0.340297 0.50016 
0.536364 -0.191889 0.277739 
2.84591 0.179661 0.167381 
3.09933 -2.24335 4.3489 
3.08233 -4.63688 -1.00104 
0.458508 0.237101 0.372628 
0.110914 -2.17927 -0.440016 
2.75856 0.384632 0.205017 
3.69879 -2.75984 5.23264 
2.10005 -1.38718 2.77918 
3.09058 -5.18194 -1.3347 
0.00250185 -0.913552 -1.09075 
-0.105656 -0.883721 -1.01741 
3.28662 -1.04957 -0.916325 
0.515176 -0.135463 0.290197 
0.67349 0.434603 0.480195 
4.89607 -5.82983 -0.829192 
0.718586 0.452898 0.495414 
11.8443 -34.1439 -13.1341 
2.10588 -2.97735 -0.418718 
7.58178 -16.7578 -4.54264 
1.54241 -1.1241 0.249886 
6.84987 -17.1194 -5.01483 
3.09713 -10.3048 -3.31964 
2.994 -1.63763 -0.433963 
3.6349 -1.94363 -0.679851 
3.30585 -0.86293 -0.69306 
0.548774 0.369548 0.320625 
1.9657 -2.74795 -0.348808 
29.0675 -36.6149 -6.52026 
1.87117 -5.58215 -1.61485 
3.16212 -0.957287 0.205975 
3.10176 -1.23263 -0.652587 
2.84488 0.115178 0.239142 
1.05565 0.342767 0.114555 
1.24359 0.410607 1.43618 
3.09226 -1.44958 0.39567 
1.20044 0.419984 1.38791 
2.57038 -1.60359 -1.05778 
3.37092 -1.03885 0.192623 
-0.0358408 -0.888423 -1.09257 
2.59167 -1.53861 -0.958847 
0.350959 0.179641 -0.0726999 
1.26399 0.637386 0.783022 

0.0642689 -5.64599 6.0467 
1.14253 -1.4629 2.95264 
-0.0543537 -0.110283 0.0665418 
3.78731 -4.44816 4.02731 
2.08778 0.683485 0.909551 
3.09769 -1.45894 2.12841 
3.83248 -3.65865 2.43128 
6.2419 -11.9888 11.7361 
-0.82984 -3.5374 4.15217 
5.14487 -5.13675 2.97323 
-0.048328 0.0917709 0.0151735 
2.51979 -0.810656 2.83511 
0.244866 -0.595309 0.707639 
2.06549 0.722318 2.69086 
2.64471 0.778224 2.79645 
0.346487 0.638266 1.06288 
-6.57858 -7.36767 -0.582423 
8.42979 -9.39135 8.5772 
2.4374 -0.0390183 2.78244 
4.59246 -4.7051 2.97443 
0.0475327 0.623424 0.921834 
-0.0446084 -0.0180867 0.0361609 
-2.37671 -2.61035 0.711336 
2.65365 -0.0463055 2.74716 
12.3028 -11.5164 6.68132 
0.922715 0.639265 2.54178 
0.0402655 0.51187 0.348909 
-0.985207 -4.43703 5.20594 
12.7651 -11.4973 5.98752 
-1.24028 -5.81592 6.85855 
2.57589 -0.392599 2.76201 
2.69251 0.020658 2.83561 
3.71381 -3.47015 2.33627 
-0.0603274 0.0690752 -9.63027e-05 
2.67806 -3.44304 3.35022 
-0.0696459 0.132792 -0.00930037 
4.89933 -13.4127 13.9997 
0.113048 -5.38189 5.86431 
3.67268 -3.60391 1.49137 
0.0759169 -0.0814404 0.0724589 
5.1213 -5.10427 2.92942 
-6.9934 -8.42633 -0.812966 
2.99027 -1.40212 2.0448 
2.60693 -0.915167 2.80106 
2.49531 -0.0193859 2.95702 
-1.35139 -1.37296 0.766101 
10.5421 -9.60695 2.14925 
10.2919 -12.956 12.6023 
10.7082 -9.80726 2.12848 
2.71349 -1.4608 3.12851 
2.53906 -0.392287 2.70568 
1.13793 0.482312 2.84961 
2.29725 0.714674 0.758707 
-0.700002 0.11004 2.07437 
2.22284 0.681145 0.748473 
-1.77272 -0.269077 1.88079 
2.97939 -0.573684 2.10372 
-0.0557095 0.00348786 0.022272 
-0.258107 -0.279973 0.303019 
2.86633 -0.577612 2.17028 
-0.0412874 0.0940679 0.0227209 
-0.00466552 0.67015 1.47787 
