-0.45902 -0.685095 -0.565637 0.598095 -0.135519 0.683216 -0.717531 0.152469 0.878029 -0.252706 -0.406453 -0.0290552 0 0 0 1
0.448664 0.262677 0.854226 -0.80637 -0.242258 0.955789 -0.166667 0.10064 -0.860239 -0.132165 0.492464 -0.0373997 0 0 0 1
###
3.4021 -0.360289 0.43429 
3.16658 -0.0932928 0.184343 
1.99662 -1.33673 2.74306 
-1.31578 -5.99818 -0.167275 
-1.34113 -6.1878 -0.217063 
4.08006 -1.97239 -0.683678 
0.52183 -3.11046 -0.986665 
65.0287 -53.1502 20.7624 
16.2623 -18.1847 3.51134 
-0.0177211 -0.920222 -1.10783 
2.59425 -8.69426 -3.34474 
15.3907 -17.23 -1.26807 
3.75346 -3.82023 -0.0947092 
4.8392 -9.66188 -2.4099 
3.08233 -4.63688 -1.00104 
0.458508 0.237101 0.372628 
0.00828067 -1.12448 -1.06792 
0.99601 -1.8877 -0.374168 
0.62602 -5.36971 -1.86929 
0.939923 -2.12157 -0.566787 
3.43393 -1.4825 -0.676957 
-0.105656 -0.883721 -1.01741 
-0.917014 -4.17321 -0.0726296 
2.16961 -6.52044 -1.99858 
3.28662 -1.04957 -0.916325 
0.67349 0.434603 0.480195 
4.84677 2.5963 4.57863 
4.89607 -5.82983 -0.829192 
2.3761 -1.73572 3.4392 
3.47213 -3.2566 0.108701 
1.54241 -1.1241 0.249886 
3.09713 -10.3048 -3.31964 
2.994 -1.63763 -0.433963 
1.661 -4.80763 -1.70871 
1.1811 0.604659 0.749809 
3.08565 -2.01042 -0.283076 
3.16212 -0.957287 0.205975 
5.02414 -3.60643 3.4632 
2.80319 -1.38842 -0.224891 
1.69751 0.754437 0.990666 
3.00702 -3.10227 -0.184148 
0.588203 0.472828 0.574135 
1.08105 -0.665793 -2.03929 
1.17922 0.555177 0.65335 
4.53613 -5.57764 -0.881967 
2.99628 -4.12147 -0.734343 
1.59088 -2.88597 2.93543 
1.20044 0.419984 1.38791 
3.37092 -1.03885 0.192623 
-0.0358408 -0.888423 -1.09257 
1.45805 -2.9278 2.83166 
2.50526 0.279186 2.98565 
0.73805 0.147704 -0.00475777 
0.517585 -4.32048 -1.44063 
0.221829 0.256664 0.116792 

-1.12855 -1.08757 0.629766 
0.181479 0.234676 0.688573 
0.636734 -1.38121 1.62373 
-0.784388 -3.277 -0.0676704 
-0.129002 0.0795027 0.548871 
-0.0215599 0.150201 0.890325 
-5.62355 -5.17867 6.64824 
-4.28443 -4.16761 6.64061 
0.861233 -1.21866 1.88211 
0.0341181 0.213524 0.829544 
-2.7933 -3.84675 8.7019 
-1.19626 -3.69063 0.0247183 
-7.7807 -7.19123 6.03659 
-3.41533 -3.33125 2.91776 
-1.47566 -3.20204 0.560025 
-0.0696325 -0.000856359 0.667577 
-0.0813284 -0.116777 0.721892 
-6.72423 -6.09893 6.18048 
-0.505288 -1.21348 3.73924 
-0.136031 -0.496683 1.91399 
0.0996839 0.316838 0.868245 
-0.0408953 -0.0575167 0.710583 
0.929368 -0.907739 1.72034 
0.126543 0.355892 0.484541 
-0.0133478 0.186606 0.591002 
0.75993 1.20042 2.26983 
-1.1086 -1.25105 0.712838 
-0.524112 -0.850847 1.00764 
0.611081 -1.04463 2.04586 
-5.84949 -5.26118 4.99409 
-3.63767 -3.23743 3.68701 
-2.22898 -3.34123 7.07093 
0.0734803 0.539826 0.969826 
0.899106 -1.10321 2.69146 
0.521792 1.36127 2.50806 
0.632682 -1.08969 2.09539 
-0.0699927 -0.0171983 0.677515 
-0.293862 -1.21567 3.85927 
1.38479 -6.57893 12.8526 
-0.000833518 0.281726 0.909636 
-1.0901 -2.66735 0.519366 
0.353527 0.721811 1.10186 
2.4599 -3.17791 3.53999 
-0.913567 0.116582 -0.0638625 
-1.96859 -2.20347 1.84502 
-0.48556 -1.19272 3.62389 
-0.175938 -3.89116 2.70291 
0.00939054 0.180678 0.884783 
-0.295835 -1.14938 -0.434832 
-0.0419615 -0.0581913 0.711578 
-0.225668 -2.88753 -1.04324 
0.182695 0.0713097 0.733142 
0.523293 -0.094206 0.966611 
-4.92067 -4.42354 5.9243 
0.108455 0.17966 0.998401 
