-0.564305 -0.188043 0.803866 -1.01641 -0.358181 0.933063 -0.0331735 0.0800869 -0.743819 -0.306649 -0.593885 0.29327 0 0 0 1
0.43992 0.252729 0.861742 -0.766931 -0.232103 0.958978 -0.162757 0.0896544 -0.867524 -0.128413 0.480532 -0.0192103 0 0 0 1
###
-0.225029 -0.300494 0.906938 
-2.30265 -2.52892 0.688853 
-5.40126 -6.02871 -0.287124 
-0.616808 -1.80115 0.75432 
-0.653187 -1.64311 1.09402 
-0.739073 -1.75267 0.744877 
-1.51381 0.399009 1.58489 
-1.67541 -0.261072 1.52413 
-0.713377 0.508966 0.286599 
-0.460899 0.471722 0.592062 
-6.04395 -8.90962 -3.12633 
-6.89737 -11.0709 -6.18319 
-0.525372 0.413863 0.396381 
-6.94733 -8.37221 -0.807582 
-2.10863 -2.36708 1.92798 
-5.95859 -6.25796 2.24558 
-0.424756 0.107345 0.36609 
-4.98263 -8.05422 -4.14194 
-4.07228 -5.65445 -1.94482 
-0.616808 -1.80115 0.75432 
-0.532828 0.4365 0.375616 
-0.531065 -1.43957 -0.129097 
-6.88318 -10.9169 -6.02731 
-0.17477 -0.211099 -0.0523875 
-0.30068 -1.63417 1.24405 
-0.626821 -1.45849 1.07471 
0.358895 -4.30618 -1.03521 
-5.75947 -8.55097 -2.98157 
-5.74133 -7.85851 -3.12434 
-0.494643 -1.17755 0.0978545 
-0.614446 -1.80549 0.748736 
-8.25823 -12.2024 4.76828 
-0.500992 0.0171047 -0.0802727 
-0.415173 -1.14228 0.12129 
-1.05456 -2.90457 -1.36639 
-0.50298 0.0207455 -0.0840469 
-1.56494 0.386565 -1.39011 
-0.438495 -1.56269 -0.280788 

0.308858 -0.259917 0.595349 
-2.7933 -3.84675 8.7019 
-2.7738 -3.85515 8.44306 
0.616369 -1.37167 1.63491 
0.634526 -1.10392 2.10039 
0.125077 -0.813017 0.987675 
0.854209 1.3081 2.40859 
0.750282 0.50244 2.44848 
-0.0679962 0.093459 0.524668 
0.18548 0.146178 0.743626 
-0.331429 -2.84722 7.80452 
1.3312 -17.4511 -6.59647 
-0.089062 0.157652 0.532494 
-2.22898 -3.34123 7.07093 
1.10122 -1.35033 4.30474 
-5.84949 -5.26118 4.99409 
0.0623019 0.156283 0.978674 
-5.3148 -4.76848 6.34848 
1.08603 -0.797145 3.45342 
0.619096 -1.41205 1.6458 
2.35336 -1.49344 3.18789 
-3.80228 -4.48738 2.16581 
0.852693 -4.44241 -1.24593 
-0.126869 0.0625437 0.501682 
0.861233 -1.21866 1.88211 
0.611081 -1.04463 2.04586 
-1.38231 -4.32168 1.75509 
-4.39153 -4.82615 7.31883 
-0.505288 -1.21348 3.73924 
-0.524112 -0.850847 1.00764 
-1.34265 -4.85232 1.50495 
1.45746 -6.43015 12.6304 
-0.0824569 -0.119834 0.723621 
-1.29219 -1.41434 1.81282 
-1.0901 -2.66735 0.519366 
0.137396 -0.909881 -1.07433 
-0.728072 0.0220188 -0.295048 
-3.41533 -3.33125 2.91776 
