-0.564305 -0.188043 0.803866 -1.01641 -0.358181 0.933063 -0.0331735 0.0800869 -0.743819 -0.306649 -0.593885 0.29327 0 0 0 1
-0.707707 0.171871 0.685282 -0.669757 -0.240302 0.853572 -0.462244 0.79491 -0.664384 -0.491808 -0.562778 0.095582 0 0 0 1
###
-0.738167 -1.74958 0.748438 
-0.225029 -0.300494 0.906938 
-2.30265 -2.52892 0.688853 
-5.40126 -6.02871 -0.287124 
-0.393076 -1.73583 1.55392 
-5.22644 -7.64193 -2.57205 
-0.616808 -1.80115 0.75432 
-1.67541 -0.261072 1.52413 
-0.713377 0.508966 0.286599 
-6.04395 -8.90962 -3.12633 
-6.89737 -11.0709 -6.18319 
-0.525372 0.413863 0.396381 
-6.58229 -7.35478 -0.588271 
-5.95859 -6.25796 2.24558 
-0.0118278 -2.06779 0.451591 
-4.07228 -5.65445 -1.94482 
-1.83071 0.593217 1.83138 
-0.531065 -1.43957 -0.129097 
-0.626821 -1.45849 1.07471 
-0.54637 -1.47802 -0.163385 
-2.46051 -1.04547 0.469436 
-5.75947 -8.55097 -2.98157 
-0.494643 -1.17755 0.0978545 
-0.291273 -1.52373 1.22109 
-0.415173 -1.14228 0.12129 
-1.05456 -2.90457 -1.36639 
-5.24459 -7.16599 -2.79026 
-0.101957 -1.65156 0.92205 
-0.97546 -1.90103 1.81368 
-0.50298 0.0207455 -0.0840469 
-0.260911 -0.759358 0.458824 
-0.438495 -1.56269 -0.280788 
0.38852 -4.51857 -1.13552 

-1.40496 -4.11111 1.67143 
0.92711 -1.90325 0.597046 
7.42477 -18.4694 -5.87663 
-0.468592 -3.16629 -0.0633462 
1.05161 -0.229169 -0.773261 
-3.4285 -3.38332 3.35059 
-1.48468 -4.05957 1.49221 
2.96501 0.176215 -3.65145 
-0.307627 -0.782272 -0.469774 
-2.32233 -2.5774 2.03078 
-1.07464 -2.60149 0.507255 
0.0442316 -0.850521 -0.941394 
7.91267 -12.1292 -2.12563 
-0.993104 -1.21478 1.34516 
-0.221279 -0.654234 0.943144 
1.60933 -8.10057 -2.65093 
-1.7431 0.628705 1.15881 
-1.48367 -1.86548 1.34809 
-0.857705 0.12461 -0.0487186 
-1.28263 -3.49626 4.80683 
-1.10588 -1.22332 0.698851 
1.522 -8.54287 -2.13082 
-1.29219 -1.41434 1.81282 
-1.82692 0.536444 0.986464 
-1.56836 -1.66346 1.88106 
0.0352072 -7.29731 -1.42729 
-5.62355 -5.17867 6.64824 
-4.93072 -7.90297 7.87349 
-0.789531 0.105508 -0.0826439 
-0.809871 0.0723845 -0.162369 
-6.83414 -8.98275 2.38233 
-6.58312 -5.63471 6.45697 
-1.35352 -4.256 1.76203 
