-0.359727 -0.187672 0.913989 -1.06473 -0.34329 0.937475 0.0573821 0.00446649 -0.867611 -0.293122 -0.401661 0.0944714 0 0 0 1
-0.707707 0.171871 0.685282 -0.669757 -0.240302 0.853572 -0.462244 0.79491 -0.664384 -0.491808 -0.562778 0.095582 0 0 0 1
###
-1.13968 -1.56956 1.72994 
-5.22172 -5.8509 -0.244973 
-0.671607 -1.36509 1.20819 
-2.22908 0.579068 1.39191 
-1.38582 -2.42214 2.73602 
-0.621984 -1.78562 0.757747 
-1.67603 -0.260814 1.52443 
-1.83221 0.593972 1.83276 
-7.6132 -10.5124 -4.56674 
-1.05342 -2.77142 -1.22027 
-4.34286 -10.23 -3.2112 
-0.715237 -1.65369 0.758036 
-1.85567 -3.1943 3.51693 
-0.573669 -1.27988 1.06489 
-0.419505 -2.6086 1.30415 
-6.9934 -8.42633 -0.812966 
-0.398589 -1.11068 0.16378 
-1.06764 -2.82595 -1.26053 
-1.67326 -1.19364 1.19746 
-2.11776 0.54094 0.896663 
-1.79032 -0.257867 1.57267 
0.348247 -4.20777 -0.988506 
-5.56648 -8.27541 -2.84834 
-0.614695 -1.8063 0.749227 
0.399703 -4.59289 -1.17183 
-2.19494 -0.950291 0.530014 
-0.366051 -1.62307 1.19762 
-0.377803 -1.05643 0.206886 
-1.70813 -4.43017 -2.5976 
-1.35681 -2.96224 -1.30143 
-5.30509 -13.1502 -4.19622 
-9.83074 -14.362 5.49715 
-5.96123 -8.8762 -3.13307 
-0.378586 -1.05892 0.205801 
-1.80444 -4.73043 -2.84448 
-0.0422918 -4.80111 -0.202361 
-3.38084 -5.854 -3.10043 
-0.671837 -1.63283 1.0869 
-0.379841 -1.06205 0.203029 
-1.05242 -2.89425 -1.34867 
-2.0989 -0.87738 0.536843 

0.161428 -0.893836 -1.03708 
-0.468592 -3.16629 -0.0633462 
1.38913 -0.878815 -2.08947 
-0.570998 -0.00671785 -0.330114 
1.05161 -0.229169 -0.773261 
-1.48468 -4.05957 1.49221 
2.96501 0.176215 -3.65145 
-1.72854 0.640594 1.1997 
3.22783 -16.068 -5.68824 
-6.58312 -5.63471 6.45697 
-5.0009 -8.11205 7.84965 
-1.54583 -4.2269 1.52548 
-1.57733 0.363169 0.557291 
-0.591107 0.00891332 -0.338188 
-1.45326 -4.22108 1.40256 
6.84987 -17.1194 -5.01483 
-1.48367 -1.86548 1.34809 
-1.56836 -1.66346 1.88106 
-0.533079 0.00476404 -0.336169 
-1.43355 0.293939 0.421677 
1.23079 -0.194066 -1.01332 
-1.38615 -4.39018 1.75019 
0.44946 -3.23638 -0.0974615 
-4.50064 -7.29285 7.13928 
-1.38231 -4.32168 1.75509 
-0.288794 -1.43929 -0.283459 
-1.7355 0.438986 0.794067 
-5.29759 -5.82415 2.78973 
2.81285 -3.66041 0.536455 
-0.993104 -1.21478 1.34516 
-4.93072 -7.90297 7.87349 
-0.901362 -1.92092 2.62581 
1.522 -8.54287 -2.13082 
-1.82776 -3.18686 0.894127 
9.50467 -15.8908 -3.36417 
0.18043 -1.22622 0.810151 
-2.32247 -2.59097 2.03906 
-1.7431 0.628705 1.15881 
-0.402068 -1.80225 0.0303504 
1.86092 -4.9052 -1.00213 
-1.76766 0.608507 1.12112 
