-0.563399 -0.0660004 0.823545 -1.0442 -0.394352 0.897406 -0.197862 0.204352 -0.725995 -0.436242 -0.531625 0.102824 0 0 0 1
-0.707707 0.171871 0.685282 -0.669757 -0.240302 0.853572 -0.462244 0.79491 -0.664384 -0.491808 -0.562778 0.095582 0 0 0 1
###
-2.23042 0.577746 1.3903 
-0.940938 -1.25589 1.58448 
-6.55853 -7.32864 -0.585787 
-5.87176 -6.54614 -0.403838 
1.15678 -3.8071 -1.87932 
-3.46354 -8.95778 -6.2816 
-11.6249 -12.9371 4.7327 
-2.9313 -1.5318 0.440581 
-2.19321 0.601903 1.75221 
-2.1138 0.53784 0.893314 
-1.22192 -1.82617 1.95869 
1.71583 -4.82926 -2.85459 
-0.411024 -0.398963 0.782092 
0.64744 -5.25118 -1.77816 
-4.49909 -4.8886 -0.035304 
-0.297103 -1.53131 1.21904 
-0.660202 -1.60359 1.08414 
1.18327 -3.61072 -1.83825 
-0.558475 -1.52865 -0.229226 
-1.14389 -2.11371 0.21347 
0.140205 -1.6769 -1.45109 
-2.48679 -1.54774 1.47826 
-1.96827 0.625954 1.78268 
0.667463 -5.39602 -1.85262 
-6.28426 -9.29955 -3.34899 
-1.14036 -2.10503 0.214537 
-6.66198 -10.7331 -5.94865 
-1.70746 -4.42402 -2.59383 
-2.26043 0.576074 0.654161 
-1.78399 0.154344 1.82263 
-6.21292 -9.88819 -5.35156 
-0.3599 -1.71049 1.57159 
-0.10337 -3.18098 0.380787 
-0.589137 -0.87067 0.374828 
-0.49009 0.00577565 -0.0181795 
-0.617972 -0.0608591 0.307801 
-1.6416 -0.251404 1.53173 
-0.611002 -1.28212 1.53894 
-0.914142 0.112548 -0.539945 
-0.278636 -1.13932 0.730664 
-1.49184 -0.244412 1.46037 
-0.614686 -1.778 0.747161 

-0.44342 -0.0758224 -0.465407 
0.119489 -0.854506 -1.00443 
-2.00952 -2.28946 1.83733 
0.39471 -2.11034 0.244767 
-2.73483 -2.66295 2.74783 
20.8141 -25.8608 -3.66468 
1.57597 -4.53604 -0.505465 
-0.410557 -1.68375 -0.0138469 
-1.73489 0.641578 1.1964 
-1.33784 0.258945 0.314862 
-0.791343 0.115149 -0.0926863 
-0.163418 -0.543419 0.958596 
-1.48367 -1.86548 1.34809 
-1.55131 -4.30111 1.55698 
6.06926 -8.62503 -0.929831 
1.15981 -0.203356 -0.958464 
-0.857711 0.12461 -0.0487214 
-6.72423 -6.09893 6.18048 
-6.58312 -5.63471 6.45697 
-4.50046 -7.29253 7.13903 
-1.08616 -1.40102 0.809107 
0.92711 -1.90325 0.597046 
-0.697875 0.0556807 -0.186602 
-1.59539 -4.37436 1.53383 
2.20167 -12.0712 -3.47279 
-1.54586 -4.22706 1.52552 
-5.3148 -4.76848 6.34848 
-1.14544 -2.08598 0.820394 
-0.561783 0.275612 0.245294 
-1.14553 -0.714494 0.496562 
7.90707 -12.1211 -2.12326 
-0.474551 0.157485 0.0252918 
-0.668815 -3.8165 1.94486 
-1.132 -1.75874 0.927364 
1.29994 -0.135703 -0.889795 
-1.74128 0.511677 0.916927 
-1.71448 0.500199 0.902784 
-0.615326 -0.920935 -0.122458 
-1.82692 0.536444 0.986464 
-0.384715 -2.57742 1.5071 
1.23291 -0.193583 -1.01647 
-4.86731 -7.43751 7.34818 
