-0.581485 -0.109912 0.806098 -1.02889 -0.377725 0.914038 -0.147845 0.174684 -0.720555 -0.390453 -0.573016 0.20107 0 0 0 1
-0.707707 0.171871 0.685282 -0.669757 -0.240302 0.853572 -0.462244 0.79491 -0.664384 -0.491808 -0.562778 0.095582 0 0 0 1
###
-6.52415 -7.29263 -0.582006 
-4.48052 -10.5487 -3.33632 
-3.72928 -4.01448 0.63891 
-2.92971 -3.14277 1.06335 
-1.00582 -1.36644 1.63401 
-5.63834 -6.29764 -0.351197 
-0.618381 -1.80456 0.755567 
0.183407 -0.931142 0.599274 
-2.28739 -2.50617 0.681103 
-11.5289 -12.8584 4.70849 
-0.339385 -0.301025 0.88161 
-4.35654 -4.91281 0.325442 
-1.07968 -2.50689 -1.00511 
-0.665478 -2.12548 0.699051 
-0.423128 0.101937 0.363595 
-0.101248 -1.67357 0.922736 
-0.29984 -1.63254 1.24306 
-2.53785 -1.07307 0.452229 
-0.385664 0.0770635 0.281959 
-0.704279 -1.61485 1.19168 
-0.499088 -1.18648 0.0844482 
-2.61032 -1.61834 1.50532 
-6.4936 -15.4406 -5.03758 
-5.94189 -8.81353 -3.11189 
0.453216 -5.01094 -1.37954 
-0.491437 0.0077081 -0.0209083 
-0.483472 -3.61363 1.48046 
-6.63892 -10.5405 -5.77575 
-0.0930351 -1.72449 0.919977 
-0.0669187 -2.34465 0.519716 
-1.48615 -0.244279 1.45573 
-0.488793 0.00577457 -0.000570516 
-1.49124 -3.89784 -2.10712 
-4.36886 -7.56557 -4.26742 
-0.484808 -3.65525 1.48095 
-0.0870877 -1.7324 0.924892 
-0.0995247 -3.13636 0.380738 
-0.838473 -2.06725 0.676732 
-2.16785 0.518418 0.408296 

-2.32247 -2.59097 2.03906 
-5.0009 -8.11205 7.84965 
0.0352072 -7.29731 -1.42729 
-6.83414 -8.98275 2.38233 
0.161428 -0.893836 -1.03708 
-2.32233 -2.5774 2.03078 
-1.48468 -4.05957 1.49221 
14.743 -12.3943 6.53474 
-1.29219 -1.41434 1.81282 
8.29776 -19.4586 -5.6754 
-0.163417 -0.54342 0.958597 
7.27605 -17.0513 -4.90154 
-10.1191 -10.9998 4.66702 
-4.50064 -7.29285 7.13928 
-0.312205 -0.140579 -0.681041 
-1.54583 -4.2269 1.52548 
1.15814 -0.203752 -0.955918 
-0.43554 -1.56343 -0.0578055 
-0.857705 0.12461 -0.0487186 
-1.43355 0.293939 0.421677 
-1.48367 -1.86548 1.34809 
1.06543 -0.222219 -0.827138 
-4.93072 -7.90297 7.87349 
0.44946 -3.23638 -0.0974615 
-1.35352 -4.256 1.76203 
-0.791347 0.115146 -0.0926771 
-5.3148 -4.76848 6.34848 
-1.07464 -2.60149 0.507255 
0.198392 -1.27336 0.804695 
-0.645463 -4.04919 1.83969 
-1.71448 0.500199 0.902784 
-1.69895 0.495663 0.894129 
-0.917014 -4.17321 -0.0726296 
-0.722453 -1.33191 0.85164 
-2.03744 -2.0934 3.5123 
0.18043 -1.22622 0.810151 
-0.862714 -4.09107 1.9247 
-4.86744 -7.43772 7.34834 
-1.57131 0.494757 1.07841 
