-0.580496 -0.547114 -0.603067 0.653454 -0.128858 0.793022 -0.595409 0.0754858 0.804002 -0.267923 -0.530846 0.0272936 0 0 0 1
1 0 0 0 0 1 0 0 0 0 1 0 0 0 0 1
###
0.569676 -0.473483 0.16717 
9.54529 -8.46099 6.3625 
0.216705 -0.827145 0.0625365 
2.19841 -3.16196 -0.410044 
-0.45208 -2.02792 0.0177811 
3.01004 -4.52408 -0.970609 
7.33614 -17.1982 -4.95422 
1.94239 -0.332082 -0.16079 
-1.05091 -5.03427 -0.143669 
4.61337 -4.80651 -0.191752 
2.42165 -1.66854 3.17631 
0.893315 -2.42871 -0.750451 
0.632588 -0.333966 0.248962 
1.67452 -0.877307 0.769253 
-0.0166831 -1.12931 -1.02031 
16.8398 -32.8474 -10.6913 
2.84952 -1.38995 -0.353307 
16.379 -18.3126 3.541 
1.70765 0.159436 -0.16933 
1.21415 0.614027 0.753915 
2.1385 -1.00159 -0.0328481 
2.95561 -1.45871 -0.367815 
2.93128 0.141978 0.145728 
2.08157 -1.28131 2.51015 
0.831573 0.334027 0.209657 
2.15324 -1.78531 0.186377 
4.53319 -5.35937 -0.746224 
3.26309 -5.15013 -0.846909 
3.30359 -1.41093 -0.585602 
0.243389 0.295925 0.183233 
2.0759 -2.95038 -0.395749 
0.635105 -0.31729 0.24235 
3.08378 -4.25115 -0.761859 
0.807303 0.332271 0.220541 
0.914285 0.341501 0.213148 
0.634578 0.503255 0.598126 
1.18037 -0.568208 0.419713 
0.525895 0.401169 0.398415 
3.46614 -0.324581 -1.16377 
3.38322 -1.64063 -0.388767 
3.04326 -1.57212 -0.471582 
22.0344 -25.349 -2.65461 
2.52657 -1.49612 -0.928548 
1.18438 0.61232 0.753784 
2.58792 -0.802327 0.704513 
1.16131 -0.47548 -0.0681939 
2.47319 -1.65609 -1.10163 
3.05613 -1.58912 -0.476113 
3.10207 -1.45538 0.39665 
3.83619 -3.1516 3.42661 
1.09657 0.102449 0.332922 
2.63696 -1.85081 3.41564 
3.31912 -1.01832 0.189997 
3.32356 -4.65554 -0.694862 
1.20987 0.56396 0.661805 
2.9008 -0.541264 0.558666 
2.16082 -2.31679 3.14283 
32.1962 -33.7253 -0.637356 
0.547533 0.368717 0.321089 

3.80869 -3.5986 0.869233 
4.94493 -13.5372 14.1323 
9.50074 -9.44441 7.15414 
5.15348 -5.14509 2.97826 
3.60152 -3.16474 0.245394 
-2.28434 -2.50376 0.680458 
2.67948 -3.44467 3.35186 
2.43541 -0.038998 2.78011 
-0.205962 -0.203765 0.0748123 
8.46808 -9.43263 8.61631 
-0.988279 -4.45019 5.22201 
0.0759169 -0.0814404 0.0724589 
11.1814 -11.0302 6.69573 
2.7808 -5.33692 6.42237 
-0.244182 -0.191246 0.0594148 
5.679 -5.21651 2.59509 
-0.059963 0.184773 0.260781 
10.7082 -9.80726 2.12848 
2.0643 0.72186 2.68925 
-0.0405246 0.0933485 0.0224374 
-0.0421266 -0.00599086 0.0619913 
-0.0456605 -0.0596845 0.0438175 
1.19591 0.50167 2.79879 
-0.527201 -2.30366 2.75156 
2.22223 0.680905 0.748208 
6.77312 -7.56044 6.82304 
3.78429 -4.44437 4.02392 
5.12383 -5.10677 2.93081 
2.57491 -0.0629361 2.85572 
-0.0406711 0.0922224 0.0223452 
10.5428 -9.60766 2.14929 
3.83308 -3.65902 2.43166 
11.4235 -11.3566 7.43176 
2.2961 0.714313 0.758307 
-1.08525 0.600905 0.899719 
-0.0624629 0.0476624 0.00429033 
0.244866 -0.595309 0.707639 
1.81708 -1.1095 3.18067 
2.469 0.641148 2.7211 
2.49234 -0.0193612 2.95343 
2.53977 -0.479077 2.71236 
-7.77987 -10.3426 2.67872 
-0.195036 -0.323623 0.0376484 
-0.127648 -0.0853129 -0.0045227 
1.132 -0.180489 2.88286 
2.65173 -0.0463186 2.74507 
-0.0402701 0.0466947 0.0236981 
2.53683 -0.391925 2.70323 
1.76568 -0.391158 3.15884 
-0.738836 -1.75223 0.7444 
1.75321 0.0651547 3.12711 
-1.24642 -5.8435 6.89197 
1.28809 -0.509102 3.14862 
1.29997 -12.4468 10.9932 
-0.0574124 0.0507906 0.359464 
0.996635 -0.171228 2.34081 
-2.21176 -2.58614 -0.284986 
5.90121 -5.43819 1.13112 
-0.0567115 0.0720517 0.00248399 
