-0.578076 -0.0490109 0.81451 -1.05359 -0.393584 0.891148 -0.225713 0.196315 -0.714786 -0.451057 -0.534441 0.021166 0 0 0 1
-0.707707 0.171871 0.685282 -0.669757 -0.240302 0.853572 -0.462244 0.79491 -0.664384 -0.491808 -0.562778 0.095582 0 0 0 1
###
-6.4895 -7.25949 -0.574587 
-2.23935 0.579791 1.39596 
0.190724 -3.35861 -0.513469 
-3.46754 -3.50847 1.71029 
-0.189109 -1.01635 0.233513 
0.454647 -3.81262 -1.9896 
-6.09048 -6.79558 -0.451088 
-0.300894 -3.47132 -2.00541 
0.873741 -6.39989 -2.38815 
-1.67264 -0.261824 1.52469 
-11.6866 -13.0082 4.75786 
-5.15586 -5.5059 0.355527 
-1.2866 -1.94898 2.03482 
-5.05965 -13.0176 -9.63866 
-1.77481 0.15341 1.82851 
0.0711784 -0.706769 -1.47093 
-1.72274 -2.14348 2.32855 
-1.20215 -1.92534 -0.365925 
0.606223 -5.69243 -1.72692 
-2.3316 0.643296 1.59768 
-0.371507 -0.428591 0.761105 
1.3384 -4.28452 -2.30897 
-5.48695 -8.00161 -2.7416 
-0.475595 -0.944102 0.279791 
-0.34103 -0.911421 0.301808 
-0.491919 0.00866224 -0.0311785 
-2.21566 -2.32139 2.25277 
1.5204 -3.99928 -2.11351 
-3.27911 -7.66322 -1.99545 
-1.27097 -2.07858 -0.479372 
-6.22099 -10.0125 -5.47299 
-0.822461 -0.949402 1.59025 
-0.710318 -1.55332 1.21947 
-1.85736 -0.596281 0.491571 
-6.72779 -9.93543 -3.6672 
-4.54738 -4.84647 0.352 
-2.72658 -6.15855 -1.39951 
-0.476443 -0.952645 0.270502 
-2.068 -4.84978 -2.90558 
-0.417706 -0.353646 0.821006 
0.0442747 -0.677666 -1.41709 
-0.618045 -1.78716 0.74483 
1.23493 -2.37245 -0.0687404 
-0.495292 0.0117665 -0.0385972 
-5.52374 -8.77779 -4.62786 
-0.826166 -3.15955 -1.72462 
-0.906968 -0.382621 0.830006 
-2.3999 -1.49378 1.46139 
-7.79549 -10.7078 1.25275 
-0.84249 -0.979323 1.61411 
-0.90747 -1.02466 1.63309 
-5.5327 -8.77503 -4.62683 
-0.288966 -1.5517 1.2277 
-0.00870938 -4.33733 0.172382 
-0.300388 -0.177392 0.101393 
-1.74479 -0.270371 1.83881 
0.114538 -1.60359 -1.3293 

-4.47382 -4.11231 4.75166 
0.92711 -1.90325 0.597046 
-1.26265 -4.22509 1.72616 
0.39471 -2.11034 0.244767 
-1.81314 -2.47473 1.29969 
-1.90429 -3.36103 0.962946 
-3.36124 -3.32818 3.2208 
-1.48367 -1.86548 1.34809 
-1.55131 -4.30111 1.55698 
1.23291 -0.193583 -1.01647 
0.035349 -7.29859 -1.42758 
-1.29219 -1.41434 1.81282 
0.119489 -0.854506 -1.00443 
-2.32233 -2.5774 2.03078 
-0.807805 -0.64871 -0.0182765 
-1.19737 -0.722242 0.476592 
0.442057 -0.56771 -1.69085 
-0.993104 -1.21478 1.34516 
-1.38617 -4.39023 1.75021 
3.04958 -1.32023 -0.171857 
12.0015 -34.2671 -13.1154 
7.33614 -17.1982 -4.95422 
11.6954 -20.058 -4.35338 
-0.722453 -1.33191 0.85164 
30.9358 -42.0743 -7.7901 
-0.892449 0.137184 -0.0106915 
-5.62328 -5.17844 6.64797 
1.60933 -8.10057 -2.65093 
-5.31749 -8.38459 8.09845 
-3.41533 -3.33125 2.91776 
-1.07461 -2.60148 0.507259 
-1.7431 0.628705 1.15881 
-1.43355 0.293939 0.421677 
-0.934952 -0.579935 0.20176 
2.20167 -12.0712 -3.47279 
0.2482 -2.67107 -0.143781 
-4.93072 -7.90297 7.87349 
0.0311563 -2.67081 -0.0877514 
14.3451 -15.2049 -0.0069247 
-0.835837 -3.60189 -0.107846 
-1.1543 -0.694884 0.52249 
-4.86731 -7.43751 7.34818 
6.06926 -8.62503 -0.929831 
-1.69895 0.495663 0.894129 
-5.3148 -4.76848 6.34848 
-5.29759 -5.82415 2.78973 
-1.10588 -1.22332 0.698851 
3.53693 -1.66092 -0.228707 
-1.0044 -3.94386 1.53496 
-0.837436 0.1097 -0.0547456 
-0.27296 -1.10662 -0.428809 
-2.03744 -2.0934 3.5123 
-2.83707 -3.85 1.29047 
-0.30634 -3.66525 2.2182 
-0.697875 0.0556807 -0.186602 
0.173992 -1.0019 -1.02082 
-0.493941 0.0582607 0.358357 
