-0.587666 -0.555256 -0.588506 0.719267 -0.00886136 0.731729 -0.681538 0.108619 0.809055 -0.395302 -0.434932 -0.00406263 0 0 0 1
0.999715 -0.00832138 -0.0223653 -0.00355825 0.00839438 0.99996 0.00317201 -0.0053905 0.022338 -0.00335885 0.999745 0.00556748 0 0 0 1
###
3.12544 -1.65417 -0.411951 
0.55368 0.0947342 0.440002 
2.65603 0.139468 0.253565 
-0.0293543 -0.89478 -1.08573 
8.46719 -7.46999 3.77132 
2.49162 -1.8028 3.38852 
16.5869 -32.3269 -10.493 
5.20675 -2.01784 1.06092 
1.21166 0.61408 0.754665 
3.06109 -1.65226 -0.495833 
2.81627 -1.04794 -0.451922 
2.87414 -1.27669 0.922002 
0.488362 0.167801 0.446432 
2.34708 -2.21899 0.0194843 
1.76576 -7.8925 -2.84896 
3.0831 -1.52811 -0.401974 
0.596011 -0.0840444 0.358811 
4.10259 -1.45523 0.658259 
2.31551 -1.57297 3.044 
2.27858 -3.27557 -0.442059 
2.20775 -6.64702 -2.00464 
3.30838 -0.863535 -0.69358 
2.92287 0.14182 0.14588 
0.589909 -0.0689981 0.363441 
2.1622 -2.1529 -0.124464 
2.83775 -0.135693 0.359269 
2.32106 -1.68668 3.37062 
2.22037 -1.6069 0.398192 
2.67417 -2.35244 0.148823 
1.18384 0.612282 0.754018 
-0.427057 -2.1924 -0.00208905 
2.85791 -0.145934 0.379903 
3.52276 -3.29902 0.065695 
2.44042 -1.62769 3.07361 
3.27749 -0.794505 0.0997247 
1.85075 -5.52577 -1.59033 
8.00798 -17.6409 -4.77968 
0.517238 0.397698 0.395477 
1.27953 0.644264 0.789028 
1.03255 0.544071 0.682896 
3.0888 -1.22731 -0.648701 
1.01195 0.536139 0.675466 
3.84947 -4.77545 5.68843 
3.03641 -1.29385 -0.609713 
2.75867 -5.13155 -1.06148 
3.1503 -2.17466 -0.255787 
2.72893 -1.92225 3.51686 
-5.69068 4.27265 -15.9778 

-0.454594 0.619514 0.891828 
3.83901 -3.66479 2.43553 
1.11285 0.508975 2.84954 
0.346495 0.638288 1.06292 
3.42737 -16.0267 18.624 
-0.835004 -3.55747 4.17664 
-0.0948753 -0.0254838 -0.00583945 
2.71653 -1.4623 3.13209 
-0.0405246 0.0933485 0.0224374 
3.09736 -1.45881 2.12811 
2.52084 -0.810837 2.83619 
1.14362 -1.46415 2.9555 
2.66781 -3.42986 3.33711 
10.3987 -13.0891 12.7335 
0.0759169 -0.0814404 0.0724589 
-0.0421266 -0.00599086 0.0619913 
4.59776 -4.71039 2.97783 
0.99662 -0.171233 2.34078 
-0.987938 -4.44642 5.21721 
5.14681 -5.13871 2.97435 
-6.96979 -8.39527 -0.81236 
2.49344 -0.0193762 2.95473 
1.19643 0.501907 2.79999 
3.71733 -3.47334 2.33836 
3.78723 -4.44788 4.02714 
1.10951 -0.245833 2.84838 
-0.0387633 0.00885728 0.0642121 
7.08457 -18.7063 23.0067 
8.52842 -9.4998 8.67735 
2.69092 0.0205975 2.83381 
-1.74177 -1.18345 1.90827 
1.18208 -0.735909 3.00984 
2.78506 -5.34562 6.43224 
-1.24657 -5.84407 6.89263 
2.43661 -0.0390343 2.78146 
10.7082 -9.80726 2.12848 
4.08764 -4.07483 2.66914 
-0.178732 -0.15925 0.114053 
-0.00460204 0.669444 1.47658 
-0.0102842 0.671362 1.48046 
-0.0603274 0.0690752 -9.63027e-05 
-0.0406711 0.0922224 0.0223452 
-1.09659 -1.37196 -0.0929975 
2.5813 -1.41028 2.80655 
4.99954 -4.82855 2.2009 
2.60711 -0.915169 2.80119 
-0.526193 -2.29917 2.74621 
0.109043 0.141483 -0.00033429 
