-0.587666 -0.555256 -0.588506 0.719267 -0.00886136 0.731729 -0.681538 0.108619 0.809055 -0.395302 -0.434932 -0.00406263 0 0 0 1
0.999981 0.00562725 -0.00249145 -0.00634208 -0.00560071 0.999929 0.0105333 0.00311856 0.00255054 -0.0105191 0.999941 0.0283595 0 0 0 1
###
0.536727 -0.101566 0.339508 
0.55368 0.0947342 0.440002 
0.0137688 -1.14211 -1.08779 
-0.0293543 -0.89478 -1.08573 
5.20675 -2.01784 1.06092 
3.06109 -1.65226 -0.495833 
1.28222 -17.5077 -6.67311 
3.20142 -11.098 -4.27183 
1.90168 -0.296408 -0.153097 
4.66843 -6.07192 6.83191 
0.00885072 -1.12844 -1.07267 
3.3654 -5.69409 -1.44648 
2.731 -1.20305 -0.484294 
2.34708 -2.21899 0.0194843 
0.578781 -3.91865 -1.29227 
3.0831 -1.52811 -0.401974 
16.7385 -23.1963 -4.99342 
6.18215 -6.46281 2.75347 
-0.0202842 -0.913348 -1.09972 
1.20955 -0.973293 -2.2998 
3.75197 -2.71584 1.61248 
2.97975 -5.20221 -1.1629 
1.56656 -3.16138 3.03703 
0.538528 -5.90948 -1.6687 
-0.427057 -2.1924 -0.00208905 
3.52276 -3.29902 0.065695 
2.44042 -1.62769 3.07361 
1.85075 -5.52577 -1.59033 
3.14167 -2.15864 1.1285 
21.0577 -23.8085 4.48025 
-0.385117 -1.05611 -0.40056 
0.569092 -5.01167 -1.73173 
0.731208 0.284572 0.106307 
33.0925 -34.6186 -0.768368 

20.828 -37.6261 55.0758 
23.1551 -43.0364 63.7095 
-6.23336 -1.65603 1.84083 
6.42097 0.249033 4.47134 
4.3947 -1.42673 0.916314 
-3.19187 -6.30091 3.87557 
17.5841 -16.211 15.7956 
5.43432 -6.19611 2.18986 
-0.321578 0.646477 -0.0714873 
-4.05823 -15.6162 8.67087 
6.63662 -0.387268 4.78994 
9.7563 -13.697 20.2304 
-0.188815 0.199768 0.301106 
18.4447 -20.8891 25.0831 
29.8787 -27.7481 27.7861 
0.104315 0.555112 0.188781 
11.8881 -12.2034 7.57062 
-0.0463863 -0.969516 1.19125 
6.41525 0.301282 4.42864 
7.99588 2.60216 9.4343 
-7.22071 -8.52994 6.75907 
8.14829 -11.7409 16.987 
0.697906 -12.0323 3.63633 
10.0249 -9.7583 8.7702 
23.2293 -24.2279 0.602217 
19.4973 -21.7331 26.3024 
-10.0411 -14.8582 16.688 
4.09206 -5.86385 0.196293 
-0.477342 0.155293 0.2728 
0.0701774 -0.996372 1.43407 
-0.108511 0.439053 0.238441 
12.2084 -10.8878 10.7212 
-6.90913 -4.37476 3.02188 
11.5652 -11.8233 7.26966 
