-0.576597 -0.0687674 0.814129 -1.08681 -0.40699 0.888198 -0.213222 0.117368 -0.708445 -0.454286 -0.54012 -0.124681 0 0 0 1
-0.707707 0.171871 0.685282 -0.669757 -0.240302 0.853572 -0.462244 0.79491 -0.664384 -0.491808 -0.562778 0.095582 0 0 0 1
###
-6.2467 -7.01757 -0.52066 
-2.22393 0.578641 0.890423 
-1.9116 0.408329 1.29599 
-4.82511 -5.13099 0.399206 
1.17967 -3.86714 -1.87342 
-0.429156 -0.932637 0.235527 
-4.08256 -4.42472 0.060363 
-2.24843 0.582225 1.39915 
-3.11781 -9.55313 -7.22461 
-0.0417112 -2.0828 -0.76134 
0.566287 -5.42662 -1.60278 
-0.506857 -1.29121 -0.112411 
-0.00421265 -1.04004 0.480472 
-0.487364 0.000986389 -0.00472488 
-1.5232 -1.77578 2.13324 
1.22069 -3.72969 -1.94001 
0.0375071 -2.31761 -0.983323 
-0.739782 -1.56136 1.25501 
-5.51726 -8.03737 -2.7879 
-6.88935 -8.30225 -0.802187 
-0.50668 -1.27176 -0.0995454 
-0.745943 -1.75965 0.739336 
-10.1047 -11.0592 4.2884 
0.576387 -5.24312 -1.41514 
-0.510076 -0.501201 0.635758 
-2.09666 -0.734668 0.462241 
-7.04726 -10.4068 -3.91364 
-4.99642 -8.01619 -4.148 
-0.47083 -2.00675 -0.776275 
-1.33183 -2.72869 -1.30439 
0.0781429 -1.49931 -1.16968 
0.0408152 -0.667048 -1.32663 
0.469844 -5.05403 -1.41322 
-5.57871 -7.65049 -3.00739 
-9.58136 -11.6866 -1.50101 
-1.79642 -0.256011 1.61887 
-3.2459 -1.76523 0.407313 
-5.21593 -12.9444 -4.12024 
-4.81902 -7.64685 -3.89107 
-0.490842 0.00804379 -0.0165943 
-1.21847 0.403039 -1.81228 
-2.30173 0.602049 1.6894 
-1.6452 -0.746459 1.61762 
-1.99546 0.453641 0.743908 
3.69345 -5.59755 -1.55844 
-3.83273 -9.00025 -2.55889 
-0.310516 -4.06595 1.62783 
0.0418833 -4.72626 0.0838225 
-0.644825 0.460313 0.00880903 
-0.202488 -2.16588 -0.878392 
-5.96606 -12.0898 -1.75834 
-4.31308 -5.85758 -2.05135 
-0.617953 -1.79952 0.744188 

0.0352075 -7.29759 -1.42734 
-0.0966934 -0.243266 -0.956399 
-1.57131 0.494757 1.07841 
-3.36124 -3.32818 3.2208 
-0.961016 -2.2541 0.67079 
-1.48367 -1.86548 1.34809 
-2.32247 -2.59097 2.03906 
0.92711 -1.90325 0.597046 
-6.58312 -5.63471 6.45697 
-1.06363 -1.61301 0.917348 
-1.40508 -4.11163 1.67162 
-1.56836 -1.66346 1.88106 
14.7099 -12.3651 6.52219 
0.442529 -0.566692 -1.69039 
0.44204 -0.567704 -1.69082 
2.81235 -3.65976 0.536465 
2.38592 -3.65919 0.320141 
-0.855335 0.0960166 -0.103382 
-0.87782 -2.40842 0.449391 
2.1764 -3.18954 0.47421 
13.7233 -14.5902 -0.0949874 
-1.54587 -4.22711 1.52554 
-0.916047 -4.17018 -0.0715436 
-1.26265 -4.22511 1.72617 
-3.62741 -3.61791 3.20524 
-0.288794 -1.43929 -0.283459 
-0.941084 -3.10116 0.167394 
-5.62328 -5.17844 6.64797 
22.6318 -27.2317 -3.70711 
9.65036 -16.0966 -3.40756 
-1.08616 -1.40102 0.809107 
-1.19737 -0.722242 0.476592 
-1.38616 -4.39023 1.75022 
2.14421 -11.7528 -3.33979 
1.2053 -10.8378 -3.01473 
-1.69895 0.495663 0.894129 
-0.809708 -0.875615 1.81556 
-4.50101 -7.29368 7.13992 
-1.0747 -2.60168 0.507254 
-0.880574 0.128104 0.00629709 
-0.638843 0.0451576 -0.226388 
-0.697857 0.0557012 -0.18659 
-0.40162 -1.70284 0.0233381 
1.0652 -0.222239 -0.826871 
2.20092 -12.0682 -3.47191 
-1.48492 -4.06036 1.49241 
-0.837436 0.1097 -0.0547456 
-0.30634 -3.66525 2.2182 
-0.458641 -0.680257 -0.315474 
0.031001 -2.66931 -0.087088 
-1.17093 -7.63956 2.68452 
3.23277 -16.0942 -5.69868 
-0.840362 -4.16872 2.22414 
