-0.585023 -0.0657331 0.808348 -1.07446 -0.393691 0.894417 -0.212193 0.142241 -0.709052 -0.442377 -0.549133 -0.0636585 0 0 0 1
-0.707707 0.171871 0.685282 -0.669757 -0.240302 0.853572 -0.462244 0.79491 -0.664384 -0.491808 -0.562778 0.095582 0 0 0 1
###
-6.29057 -7.06284 -0.534027 
1.02922 -3.53626 -1.62448 
-0.394247 -1.12303 0.0634707 
-1.03139 -1.39376 1.66221 
-4.29478 -4.66654 0.00803629 
0.534889 -5.08878 -1.31635 
-1.69862 -0.254377 1.54061 
-2.24421 0.581155 1.39634 
-5.48241 -5.87015 0.316539 
-5.06166 -11.9493 -3.92173 
-1.441 -2.4519 -0.857888 
0.536215 -4.10503 -2.2419 
-1.56659 0.465472 -2.03213 
-5.65696 -7.93282 -3.16955 
-6.89503 -8.30996 -0.802543 
-0.46277 -0.742142 0.445871 
-1.09333 -1.64973 1.65767 
-1.64659 -2.02668 2.25445 
0.576287 -5.4717 -1.62347 
-0.487964 0.00305636 -0.012385 
-0.601008 0.387754 0.131066 
3.5062 -5.20409 -1.44273 
0.0602921 -0.681788 -1.37881 
-0.205879 0.43246 -0.486328 
-1.11799 -1.72099 1.69609 
-5.37635 -8.63852 -4.56136 
1.25281 -3.79162 -1.99574 
1.13998 -3.80639 -1.9244 
-1.91966 -0.261482 1.6883 
-0.672422 -1.62747 1.08783 
-3.97019 -2.17297 0.266983 
-1.97402 -0.696009 0.498381 
-0.491509 0.0103485 -0.0273808 
1.29359 -3.82439 -2.02544 
-0.474748 -0.688755 0.46028 
-1.94588 -0.770049 2.09884 
-0.981567 -1.67786 1.40268 
-2.20038 -0.916943 0.515704 
-0.807157 -1.62388 1.35893 
-10.1411 -12.379 -1.64458 
-4.7571 -11.2595 -3.69859 
1.0759 -3.67555 -1.82575 
-1.66692 -0.319447 1.52688 
-1.80033 -0.331977 1.62925 
-0.858424 -1.74389 1.01329 
-2.484 0.591991 1.64724 
-5.24391 -8.31047 -4.31735 
-2.11105 0.475575 0.191102 
-2.17731 0.519993 0.404264 
-1.2375 0.318743 -1.55264 
0.0440611 -4.7309 0.0846355 
-3.14907 -1.68612 0.412048 
-1.64588 -0.310329 1.5357 
-8.91275 -13.1416 5.13308 
-5.1635 -12.8202 -4.06805 
-1.34977 -8.55889 -6.65224 

-1.81314 -2.47473 1.29969 
-1.09019 -2.66757 0.519366 
-1.48367 -1.86548 1.34809 
0.161426 -0.893839 -1.03708 
9.65036 -16.0966 -3.40756 
-1.26265 -4.22511 1.72617 
-0.865465 0.124022 -0.0513738 
-0.533084 0.0047622 -0.336172 
1.24187 -3.03856 0.125697 
-1.34268 -4.85251 1.50501 
-6.58312 -5.63471 6.45697 
-2.03165 -3.26622 1.03644 
-1.76357 0.605857 1.11163 
0.20571 -1.68936 0.457493 
2.30066 -3.87024 0.157509 
-1.48127 -2.64839 0.87122 
-1.03112 -4.10006 -0.216638 
0.44204 -0.567704 -1.69082 
-1.38616 -4.39023 1.75022 
0.442529 -0.566692 -1.69039 
-0.0918816 -0.243189 -0.931957 
14.7099 -12.3651 6.52219 
-0.701444 -0.606346 0.667838 
-6.00725 -3.63273 9.4509 
-0.637966 -3.35037 -0.0881551 
-1.0747 -2.60168 0.507254 
6.05217 -8.6033 -0.92561 
8.29446 -19.4527 -5.67329 
-1.69895 0.495663 0.894129 
-0.43505 -0.0447806 -0.450478 
-0.697857 0.0557012 -0.18659 
-0.298062 -1.7556 -0.105122 
-0.880574 0.128104 0.00629709 
-1.82776 -3.18686 0.894127 
-2.00952 -2.28946 1.83733 
-0.568388 0.18138 0.0442649 
-0.844963 -2.69571 0.291815 
-0.435542 -1.56344 -0.0578075 
-0.789533 0.105491 -0.0826343 
1.2053 -10.8378 -3.01473 
-4.86701 -7.43726 7.34784 
-1.47574 -3.20222 0.560026 
-0.849711 0.118557 -0.0527749 
-0.857711 0.12461 -0.0487214 
-0.384715 -2.57742 1.5071 
-5.3148 -4.76848 6.34848 
-2.03744 -2.0934 3.5123 
-1.21365 0.200103 0.175542 
-0.561783 0.275612 0.245294 
3.61214 -1.56051 -0.310351 
-0.172425 -4.04386 2.28366 
-0.40162 -1.70284 0.0233381 
-0.80523 0.109213 -0.0890801 
-3.67268 -7.85995 9.86069 
-4.50101 -7.29368 7.13992 
-1.56836 -1.66346 1.88106 
