-0.563509 -0.580035 -0.588232 0.819438 -0.0309635 0.72638 -0.686595 0.150562 0.825529 -0.368689 -0.427282 -0.0425299 0 0 0 1
0.999715 -0.00832138 -0.0223653 -0.00355825 0.00839438 0.99996 0.00317201 -0.0053905 0.022338 -0.00335885 0.999745 0.00556748 0 0 0 1
###
2.824 0.257946 0.158508 
1.16364 0.58771 0.728101 
0.553064 0.112849 0.489159 
1.60592 -4.88397 -1.62583 
2.74046 -0.344005 0.364437 
40.1436 -41.3527 12.8627 
-0.0840719 -1.01329 0.311184 
2.40815 -1.73292 3.29706 
-0.0188493 -0.917669 -1.10469 
2.9942 -0.823006 -0.618659 
23.9168 -24.8283 5.59799 
2.35322 -1.60119 3.07528 
7.3652 -17.2727 -4.98778 
3.35527 -2.19843 1.74524 
7.37931 -13.6369 -3.13975 
15.3097 -21.3241 -4.57768 
1.18606 0.612312 0.753067 
3.09767 -1.53589 -0.406432 
3.42843 -2.33383 1.42048 
2.55749 -0.527445 0.617797 
3.47501 -1.13793 -1.01335 
16.1177 -18.038 -1.39444 
1.22368 0.568603 0.665286 
3.15795 -0.756392 -1.00201 
4.18121 -3.06884 -0.365813 
2.02535 -1.28102 2.90762 
3.03042 -0.212386 -1.08332 
16.2873 -14.9013 2.01602 
3.2425 -1.77219 -0.373526 
-0.704553 -2.61156 0.0729185 
3.2106 -1.16203 -0.491482 
2.63316 -1.32337 1.78888 
3.12229 -2.03386 -0.28865 
3.1072 -1.2548 -0.672046 
4.53856 -3.83333 0.501289 
-0.038389 -0.873638 -1.0655 
2.81918 -0.513319 0.539994 
3.19293 -1.12982 0.277913 
3.25511 -0.788412 0.102632 
30.8474 -38.7983 -6.92386 
4.88097 -6.25705 7.21887 
3.23524 -2.15021 -0.263042 
0.529832 0.404359 0.399073 
2.48574 -1.53398 -1.00981 
2.18307 -1.44315 2.85709 
3.18217 -0.465604 -0.0210203 
3.28397 -1.39913 -0.58061 
3.12726 -1.98538 -0.193293 
3.17248 -2.19045 -0.261217 
0.532407 0.407812 0.391471 
3.13562 -1.47226 0.397563 
3.57018 -3.14801 0.200225 
2.57699 -1.52774 -0.952703 
2.50626 -1.67985 -1.11973 
1.0049 0.188629 1.66882 
0.762541 -0.0429099 0.465462 
1.0784 -0.135916 1.54097 

1.21187 0.505778 2.85662 
0.0147102 0.675043 1.49776 
10.5401 -9.60577 2.14881 
3.7886 -4.44954 4.02866 
0.996518 -0.171192 2.34062 
2.67327 -3.43687 3.34402 
-1.97057 0.627066 1.7846 
-0.837961 -3.5691 4.19092 
-0.78234 -1.70822 1.32178 
1.18657 -1.4985 3.03231 
0.113921 -5.42889 5.91671 
-0.991253 -4.46161 5.23581 
3.82696 -3.65401 2.42805 
5.8697 -5.41017 1.12427 
5.13178 -5.1242 2.9656 
12.4196 -11.6247 6.74441 
-0.00466538 0.669463 1.47663 
-0.0435272 -0.00647574 0.0644797 
0.244866 -0.595309 0.707639 
1.09395 -1.09452 2.89676 
3.09684 -1.4586 2.12775 
2.79124 -5.35619 6.44548 
0.0866765 0.680394 1.516 
2.99012 -1.40212 2.04474 
2.51813 -0.810054 2.8332 
3.59693 -3.16091 0.244858 
2.64272 0.777515 2.7942 
-1.25336 -5.87597 6.93122 
1.08706 0.0445238 2.66218 
-0.0371652 -0.00834698 0.0344979 
2.49189 -0.0194017 2.95286 
6.74779 -7.53318 6.79537 
2.57476 -0.392448 2.76074 
2.53787 -0.478911 2.71024 
10.5098 -13.2277 12.8672 
-0.258144 -0.280021 0.303075 
1.11427 0.113312 2.81621 
1.76204 -0.707422 3.17135 
2.43431 -0.0390957 2.7788 
0.0759169 -0.0814404 0.0724589 
-1.09777 -1.37321 -0.0931149 
2.68978 0.0205233 2.83258 
-1.79031 0.157844 1.83034 
2.99915 -0.582759 2.11461 
-0.140348 0.0278689 0.286689 
1.75378 0.0649509 3.12783 
2.52986 -0.896263 2.85159 
2.54867 -0.403454 2.85236 
2.60497 -0.91455 2.79885 
-1.78819 0.15532 1.8257 
1.27266 -0.336938 3.11524 
3.70721 -3.46395 2.3319 
2.86336 -0.577215 2.16781 
2.22109 0.68053 0.747794 
2.40534 2.96976 0.520398 
2.33583 -2.30048 1.65002 
-2.12777 -0.688718 0.407291 
