-0.583863 -0.0569787 0.80985 -1.0631 -0.388482 0.895523 -0.217071 0.170724 -0.712871 -0.441352 -0.544998 -0.0106973 0 0 0 1
-0.707707 0.171871 0.685282 -0.669757 -0.240302 0.853572 -0.462244 0.79491 -0.664384 -0.491808 -0.562778 0.095582 0 0 0 1
###
-6.34643 -7.11626 -0.549198 
-0.340456 -0.999698 0.217541 
-1.01442 -1.36604 1.64668 
-1.04036 -1.96996 -0.574959 
-0.657098 -1.649 1.09721 
-1.67 -0.261489 1.52392 
-0.363275 0.145569 0.13045 
0.524851 -4.06067 -2.19913 
-1.4402 -2.4764 -0.795356 
2.74495 -4.23818 -0.983531 
0.566574 -5.41477 -1.59415 
-1.71647 -0.254528 1.54778 
-2.1171 0.538359 0.893455 
0.0449634 -0.672611 -1.37665 
-0.977958 -1.35514 1.50485 
-1.66384 -2.05449 2.26926 
-0.379517 0.107468 0.217572 
-5.45498 -7.95544 -2.73088 
-0.421538 -3.65156 -2.22532 
-0.183549 -2.27878 -0.976122 
0.0503284 -0.670435 -1.32508 
-0.614292 -1.80486 0.748278 
-2.31945 0.639168 1.59327 
-1.97802 -0.262961 1.72067 
-9.83107 -10.7712 4.18336 
-1.60637 -1.95846 2.21391 
-0.389174 0.083094 0.266553 
-5.73631 -9.30346 -4.968 
-0.239055 -0.662332 0.565844 
0.594475 -4.94284 -1.6124 
-0.170675 -2.37289 -1.06849 
3.29047 -5.39965 -2.67847 
1.2128 -3.69724 -1.92064 
-0.490806 0.009943 -0.0235986 
-5.712 -7.8214 -3.10544 
-8.69071 -10.6563 -1.26997 
-5.61374 -9.02664 -4.82439 
-0.724815 0.522773 0.271361 
-2.30437 0.604047 0.710786 
-1.70678 -2.10654 2.31511 
-0.695872 -1.53944 1.18661 
-6.75921 -9.98742 -3.70125 
-0.370596 -2.90603 1.40088 
-0.0903952 -1.72027 0.920548 
-1.68779 -0.667526 0.625566 
-2.6207 -5.90617 -1.31695 
-1.22776 0.313597 -1.52649 
-0.189534 -1.97521 -0.693533 
-0.102348 -1.65632 0.922214 
-0.746017 -1.74091 0.72399 
-0.495236 0.0159648 -0.0332771 
-1.5746 -0.30803 1.49247 
-0.991132 -7.31495 -5.64027 

-3.41533 -3.33125 2.91776 
-1.48367 -1.86548 1.34809 
0.119489 -0.854506 -1.00443 
-6.58312 -5.63471 6.45697 
-0.849711 0.118557 -0.0527749 
-0.857711 0.12461 -0.0487214 
-0.743042 0.0768999 -0.156101 
-1.48127 -2.64839 0.87122 
0.035349 -7.29859 -1.42758 
14.7209 -12.3745 6.52753 
-1.38617 -4.39023 1.75021 
1.05294 -0.228847 -0.775279 
-1.85077 0.587714 1.07345 
-1.19737 -0.722242 0.476592 
-1.06871 -4.16024 -0.195189 
-1.73879 0.609561 1.13486 
-1.76766 0.608507 1.12112 
2.14497 -11.7554 -3.34054 
-10.1191 -10.9998 4.66702 
-0.812495 -1.00279 1.34682 
-0.528561 0.172877 -0.0891536 
-1.48482 -4.06005 1.49233 
-1.82692 0.536444 0.986464 
-0.865465 0.124022 -0.0513738 
-1.01763 -4.78976 -0.147556 
0.442529 -0.566692 -1.69039 
0.164313 -0.897167 -1.0499 
-4.92067 -4.42354 5.9243 
9.62568 -16.0765 -3.41458 
-1.55131 -4.30111 1.55698 
-1.56836 -1.66346 1.88106 
7.90707 -12.1211 -2.12326 
6.06926 -8.62503 -0.929831 
-0.892449 0.137184 -0.0106915 
0.956483 -5.46939 -1.23469 
1.20616 -10.843 -3.01644 
0.927787 -5.35894 -1.15509 
-1.71448 0.500199 0.902784 
-0.0946635 -0.245162 -0.934997 
-0.721365 0.0825449 -0.181273 
-1.43355 0.293939 0.421677 
2.20167 -12.0712 -3.47279 
26.2289 -24.4605 4.41107 
0.180174 -1.22549 0.810244 
-1.10588 -1.22332 0.698851 
-4.93072 -7.90297 7.87349 
3.62479 -1.56417 -0.314448 
-0.722453 -1.33191 0.85164 
-1.54586 -4.22706 1.52552 
-4.86731 -7.43751 7.34818 
-1.69895 0.495663 0.894129 
-0.697875 0.0556807 -0.186602 
0.39471 -2.11034 0.244767 
