-0.561387 -0.101545 0.8213 -1.1146 -0.440457 0.876859 -0.192653 0.0300123 -0.700602 -0.4699 -0.536983 -0.242324 0 0 0 1
-0.707707 0.171871 0.685282 -0.669757 -0.240302 0.853572 -0.462244 0.79491 -0.664384 -0.491808 -0.562778 0.095582 0 0 0 1
###
-0.741194 -1.19107 -0.0562216 
0.558297 -4.17815 -2.31088 
0.07543 -3.32288 -0.607804 
-7.01846 -8.45271 -0.818019 
-0.740764 -1.1896 -0.057065 
0.630386 -5.15841 -1.71906 
-5.30907 -12.5522 -4.18639 
-4.82978 -7.80607 -3.96787 
-2.25101 0.583352 1.39954 
-1.63052 -1.99039 2.24382 
1.14341 -3.8551 -1.82925 
0.554441 -5.35505 -1.56969 
-0.730808 -0.706296 0.385599 
-2.49693 -5.79321 -3.81003 
-3.81369 -4.12408 0.122785 
0.041639 -0.665876 -1.29876 
0.304315 -3.72264 -0.695496 
-1.89571 -0.759069 0.562002 
-8.7382 -12.9279 4.99496 
-1.66957 -2.03326 2.33262 
0.458769 -4.9714 -1.37384 
-2.39044 -3.85646 -1.78279 
-4.66051 -7.39069 -3.71802 
-0.773535 -1.70584 1.32687 
-0.455141 -2.26474 -1.01127 
-1.49871 0.768362 -3.29595 
0.0582714 -0.674752 -1.36979 
-0.0895954 -3.93677 -0.254118 
-1.66991 -2.03801 2.28067 
0.611741 -5.04964 -1.69749 
-4.899 -11.6114 -3.85114 
-4.65509 -7.45765 -3.76968 
-1.0436 -2.75673 -1.4316 
-2.5753 -5.98072 -3.99576 
0.174257 -3.27984 -1.89141 
-1.54959 0.708536 -3.1202 
-1.67576 -2.01633 2.34272 
-0.805464 -1.61217 1.35808 
-1.23927 0.317977 -1.56185 
7.00553 -10.8937 -4.81137 
-1.69035 -2.07286 2.29964 
-2.00544 -0.705971 0.489538 
-0.534136 -1.00955 0.126313 
-2.17451 0.495892 0.168948 
-0.497204 -6.20816 -4.65097 
-1.15588 -3.42898 -2.05504 
3.62376 -5.48354 -1.50537 
-5.12612 -12.7237 -4.03441 
-3.33536 -5.67997 -2.96396 
1.06456 -3.65345 -1.8034 
0.209355 -3.39045 -1.98695 
-1.9978 0.46234 -0.187269 
-2.16314 0.504818 0.416265 
-1.66253 -0.757215 1.63283 
2.10486 -4.17777 -1.27621 
-4.7807 -1.75304 -0.215872 
-2.2069 0.546034 0.373638 
-2.28479 -1.42153 1.43735 
-1.71776 -0.682962 1.87702 

-6.78918 -7.34236 3.61478 
-1.5692 -1.95405 1.56007 
-0.517904 -2.65198 1.41617 
-1.09019 -2.66757 0.519366 
2.04084 -2.67622 0.777207 
-1.55132 -4.30114 1.55699 
-5.0009 -8.11205 7.84965 
-5.62328 -5.17844 6.64797 
-1.82692 0.536444 0.986464 
0.44204 -0.567704 -1.69082 
-0.961016 -2.2541 0.67079 
-1.40508 -4.11163 1.67162 
-6.72423 -6.09893 6.18048 
-2.32233 -2.5774 2.03078 
14.9516 -12.5653 6.60092 
-0.701444 -0.606346 0.667838 
-1.03827 -4.00083 1.57085 
-0.289076 -1.57048 -0.214615 
23.9168 -24.8283 5.59799 
-0.837436 0.1097 -0.0547456 
-0.30634 -3.66525 2.2182 
-3.36124 -3.32818 3.2208 
3.23092 -16.0855 -5.6949 
-0.849711 0.118557 -0.0527749 
7.3652 -17.2727 -4.98778 
-1.74128 0.511677 0.916927 
-1.1543 -0.694884 0.52249 
-0.758158 -3.78144 2.09211 
-1.76766 0.608507 1.12112 
-1.59548 -4.37463 1.5339 
-4.86713 -7.43743 7.34796 
-5.3148 -4.76848 6.34848 
-1.48367 -1.86548 1.34809 
-6.58312 -5.63471 6.45697 
-1.86277 -2.10959 1.68734 
0.92711 -1.90325 0.597046 
1.298 -0.136191 -0.887282 
-0.586242 0.0602497 -0.457561 
-0.571 -0.00671968 -0.330117 
2.18983 -0.174801 -0.384775 
-0.80523 0.109213 -0.0890801 
-0.284183 -1.24505 -0.373767 
-1.08249 -4.20308 -0.208189 
-1.21365 0.200103 0.175542 
-1.56836 -1.66346 1.88106 
2.38592 -3.65919 0.320141 
2.20092 -12.0682 -3.47191 
-4.50164 -7.29458 7.14071 
-0.993104 -1.21478 1.34516 
-1.52704 -3.2804 0.558275 
-2.03165 -3.26622 1.03644 
-1.56843 0.363127 0.554221 
-1.71448 0.500199 0.902784 
-0.855335 0.0960166 -0.103382 
-0.799593 -4.35553 -0.0224918 
-0.288794 -1.43929 -0.283459 
-0.791366 0.115173 -0.0927194 
-0.528561 0.172877 -0.0891536 
-0.789533 0.105491 -0.0826343 
