-0.556915 -0.108375 0.823469 -1.12264 -0.45074 0.872189 -0.19005 -8.25176e-05 -0.697624 -0.477012 -0.534584 -0.291377 0 0 0 1
-0.707707 0.171871 0.685282 -0.669757 -0.240302 0.853572 -0.462244 0.79491 -0.664384 -0.491808 -0.562778 0.095582 0 0 0 1
###
-1.87212 -0.695277 0.544548 
-5.16202 -12.1953 -4.0379 
-11.6414 -12.9394 4.77974 
-2.37876 -2.60516 0.710701 
-3.9685 -4.16048 0.513817 
-0.742368 -1.75689 0.745339 
-3.01052 -9.19586 -6.90814 
-0.660816 -1.65788 1.10383 
-0.434376 -2.49301 -1.22674 
0.543087 -5.29278 -1.54074 
-4.70747 -11.1416 -3.64986 
-2.92187 -6.99793 -4.78951 
-4.66394 -7.52845 -3.78213 
-1.48236 0.417108 -1.80637 
-0.615808 -1.82009 0.759396 
0.627625 -5.0801 -1.69738 
1.15776 -3.59827 -1.82387 
1.281 -5.79054 -4.14003 
-4.63058 -11.2818 -3.50732 
-4.52056 -7.2354 -3.61766 
-7.25983 -10.7178 -4.07627 
-0.746341 -1.76019 0.739511 
0.221355 -3.4232 -0.571248 
-0.43397 -2.81526 -1.5366 
-3.33942 -1.81652 0.394767 
0.10794 -5.02278 -0.58016 
-3.49585 -3.56183 0.605579 
0.456947 -4.94836 -1.36484 
-2.52793 -5.4694 -3.43082 
1.6348 -6.82031 -5.06554 
-2.58003 -1.08697 0.444473 
-2.17348 0.518822 0.406211 
-2.13051 -0.689046 0.407788 
-0.663114 -1.55227 1.09225 
-2.13432 0.520765 0.735206 
-0.6425 -1.4187 -0.276378 
0.612433 -5.04298 -1.69924 
-1.67396 -2.01314 2.34293 
-5.11646 -12.7017 -4.02724 
-6.44222 -12.8067 -1.73941 
3.65051 -5.52194 -1.51745 
-0.639312 -1.44268 -0.299668 
1.66552 -3.64615 -1.69811 
0.0501063 -3.36659 -2.03486 
-6.40864 -12.7415 -1.70107 
-1.84346 -2.54889 1.81144 
-1.86365 0.451325 -0.634797 
-0.661851 -1.53838 1.08765 
0.112145 -5.00799 -0.594325 
0.126319 -5.03217 -0.630421 
-1.62236 0.407363 -1.30056 
-2.0958 -0.736217 0.463694 
0.171094 -4.17528 -2.75414 
-1.28781 -11.0336 -9.03173 
-2.03016 0.481292 -0.211717 
-2.11084 0.493963 0.403546 

-0.281844 -1.44413 -0.243954 
-5.0009 -8.11205 7.84965 
-0.812495 -1.00279 1.34682 
-3.4285 -3.38332 3.35059 
-6.72423 -6.09893 6.18048 
-1.54587 -4.22711 1.52554 
-1.48367 -1.86548 1.34809 
-0.857711 0.12461 -0.0487214 
-1.14544 -2.08598 0.820394 
-1.40508 -4.11163 1.67162 
-5.31749 -8.38459 8.09845 
-3.62741 -3.61791 3.20524 
-5.62328 -5.17844 6.64797 
-1.76357 0.605857 1.11163 
-1.03827 -4.00083 1.57085 
-1.55132 -4.30114 1.55699 
-1.81314 -2.47473 1.29969 
20.599 -25.5678 -3.6183 
-4.50164 -7.29458 7.14071 
4.64314 -7.77339 -1.28072 
-6.58312 -5.63471 6.45697 
-1.48492 -4.06036 1.49241 
-1.25794 -4.73868 1.51888 
2.30066 -3.87024 0.157509 
-0.849711 0.118557 -0.0527749 
-0.486011 -4.07183 2.5218 
30.8474 -38.7983 -6.92386 
-0.30634 -3.66525 2.2182 
-1.06363 -1.61301 0.917348 
-1.82776 -3.18686 0.894127 
-1.10588 -1.22332 0.698851 
-0.638843 0.0451576 -0.226388 
-1.05927 -0.614931 0.285422 
-0.697857 0.0557012 -0.18659 
-0.504728 0.210825 -0.0110713 
-1.29219 -1.41434 1.81282 
-1.59548 -4.37463 1.5339 
-1.69895 0.495663 0.894129 
-4.93072 -7.90297 7.87349 
-0.221279 -0.654234 0.943144 
6.05217 -8.6033 -0.92561 
25.348 -29.2174 -3.1886 
-0.87782 -2.40842 0.449391 
0.0352075 -7.29759 -1.42734 
-1.17093 -7.63956 2.68452 
-1.0044 -3.9439 1.53497 
-0.44342 -0.075789 -0.46545 
-1.73489 0.641578 1.1964 
0.199224 -1.27545 0.804385 
-0.223629 -1.54708 1.39984 
-1.57733 0.363169 0.557291 
-0.284183 -1.24505 -0.373767 
2.14411 -11.7522 -3.33947 
-1.15468 -1.79744 1.03324 
-0.837436 0.1097 -0.0547456 
-0.791366 0.115173 -0.0927194 
