-0.540759 -0.54714 -0.638919 0.908033 -0.0744146 0.787691 -0.611559 0.117159 0.837879 -0.283161 -0.466666 -0.00566675 0 0 0 1
1 0 0 0 0 1 0 0 0 0 1 0 0 0 0 1
###
3.2905 -2.25792 1.40281 
4.24955 -3.69921 3.93357 
11.1973 -10.252 3.72489 
2.73492 -2.40522 1.16461 
2.2795 -1.61861 3.11915 
18.2805 -17.8771 2.56459 
2.849 -0.373068 0.364479 
-0.0752171 -1.04523 0.307016 
3.01809 -0.82947 -0.625349 
1.1822 0.595417 0.735964 
2.84186 -0.659368 0.641749 
3.27715 -0.87336 -0.684893 
2.79276 -0.117037 0.314151 
0.657653 0.117134 0.570309 
7.90653 -14.5005 -3.38888 
2.32042 -1.58879 3.30347 
2.21601 -1.47247 2.88414 
22.9097 -28.0428 -3.85153 
8.10891 -8.02326 0.128306 
-0.0197154 -0.91521 -1.10226 
5.22948 -6.79889 7.58565 
3.04091 -2.38511 2.80603 
1.98543 -1.78198 0.0355126 
2.53753 -2.03277 -0.793851 
1.18731 0.61184 0.752593 
2.77897 0.953431 0.69556 
3.30848 -0.324222 -1.04355 
3.41608 -1.92584 -0.451171 
3.10276 -1.67583 -0.503462 
2.30686 -1.51346 2.9123 
3.30713 -0.863086 -0.693109 
26.2302 -24.4264 4.53777 
3.03299 -0.210785 -1.08558 
3.99647 -3.82968 0.00767638 
2.94165 -1.81282 1.46549 
-12.7478 11.6249 -31.1734 
1.20736 0.562801 0.661195 
2.4905 -1.53639 -1.01277 
1.32218 -1.23415 2.23514 
2.63242 -2.77852 3.67187 
1.85027 -1.05231 2.33976 
2.52882 -1.80518 2.29778 
3.26637 -1.39007 -0.57533 
3.26876 -0.794082 0.101455 
3.84575 -5.04923 -0.718105 
2.77909 -0.0399412 0.320581 
2.85325 -1.83731 1.23327 
3.18651 -2.19967 -0.266124 
-0.0376309 -0.87781 -1.07204 
-0.0068048 -0.921778 0.354929 
3.00144 -4.14288 -0.732487 
4.61991 -5.17313 -0.565425 
-0.367903 -1.13017 -0.529213 
5.9217 -5.26589 0.548139 
29.2277 -33.479 -3.72457 
1.24743 -0.19014 1.77652 
2.67308 -5.19679 -1.31672 
35.1229 -36.716 -0.797757 
1.43753 -0.306544 2.06138 

4.80425 -11.2575 13.5846 
2.67155 -3.43464 3.34186 
5.01569 -13.7277 14.3307 
5.11325 -5.09643 2.92461 
-0.839776 -3.57647 4.19991 
-0.989488 -4.45491 5.22775 
0.996229 -0.17114 2.33991 
3.5953 -3.15956 0.244697 
1.18643 -1.4983 3.0319 
-1.93806 -1.36055 1.24569 
1.09395 -1.09452 2.89676 
2.43335 -0.039092 2.77768 
-0.132794 -0.308287 0.12309 
11.4241 -11.3572 7.43218 
5.13531 -5.1276 2.96767 
-0.0563231 -0.00598181 0.0229368 
-0.526511 -2.30024 2.74772 
6.74571 -7.53056 6.7939 
12.7741 -11.5054 5.99173 
0.346495 0.638288 1.06292 
-2.21118 -2.58544 -0.284913 
0.113999 -5.42335 5.91058 
3.78767 -4.44834 4.02762 
2.69346 -1.04646 1.93683 
-0.0046985 0.669471 1.47665 
-0.0696459 0.132792 -0.00930037 
1.11168 0.508281 2.84643 
2.68955 0.0205004 2.83232 
2.60439 -0.914368 2.79824 
-0.66061 -1.65749 1.10356 
2.49229 -0.0194138 2.95333 
-0.697202 -2.21044 2.5648 
2.64213 0.777339 2.79357 
2.78467 -5.34324 6.42976 
-0.43669 -1.54485 1.12825 
2.40534 2.96976 0.520398 
0.0970267 0.678993 1.5087 
2.99928 -0.582764 2.11469 
0.0286944 0.366339 0.952789 
2.22055 0.680302 0.747556 
-0.048328 0.0917709 0.0151735 
0.187397 -6.36906 6.99485 
2.07195 0.656012 0.877996 
1.75368 0.0650026 3.12771 
5.64787 -5.18892 2.5804 
1.18113 -0.735283 3.00734 
-1.46189 -2.63242 2.31121 
2.5789 -1.40927 2.8039 
-0.258144 -0.280021 0.303075 
-0.205962 -0.203765 0.0748123 
3.71113 -3.46797 2.33454 
10.4944 -13.2081 12.849 
-0.0446084 -0.0180867 0.0361609 
8.59093 -9.56804 8.73997 
0.244866 -0.595309 0.707639 
3.09677 -1.45855 2.1277 
3.63274 -16.9782 19.7238 
2.48156 -4.72879 4.90385 
-0.748291 -0.742436 1.74781 
