-0.548312 -0.401255 -0.733722 0.953133 0.118845 0.831078 -0.54331 0.00938648 0.827786 -0.385102 -0.408003 0.120096 0 0 0 1
1 0 0 0 0 1 0 0 0 0 1 0 0 0 0 1
###
2.15013 -1.40133 2.78449 
2.96729 -2.68154 1.23705 
4.49655 -5.24264 5.78699 
5.8727 -10.5348 -2.91847 
3.05681 -0.841517 -0.634669 
1.76094 -0.753048 0.209676 
2.58944 0.138941 0.258171 
-0.026112 -0.905481 -1.09918 
14.3996 -14.4387 4.67836 
-1.36406 -3.5565 0.148119 
1.11346 -14.8709 -5.62906 
1.93893 0.816049 0.979637 
1.39659 -1.52281 3.72835 
2.30771 -1.64962 3.177 
1.22078 0.567221 0.663892 
2.83457 -1.21282 0.843606 
3.42863 -1.93429 -0.452459 
2.62769 -2.4387 -0.802845 
1.16759 0.599002 0.743696 
13.6999 -11.5183 6.14269 
2.67139 -1.65228 1.1999 
3.32918 -1.50093 0.327559 
1.73051 -1.43458 2.35866 
1.21732 0.565932 0.657388 
5.00713 -8.06417 -1.34718 
3.11415 -2.13315 1.09871 
3.05671 -0.213482 -1.0964 
3.35389 -1.47109 -0.593347 
3.86641 -5.03974 -0.735762 
2.27509 -1.47761 2.85877 
2.76348 -2.05924 2.49864 
0.624827 -1.38145 1.53543 
0.633988 0.554208 0.708823 
2.62211 -2.18521 -0.680751 
0.626327 -1.38444 1.53176 
5.08055 -5.38942 0.0684547 
3.28847 -2.6089 2.89627 
3.17721 -1.49524 0.404116 
3.10037 -2.40577 0.54412 
2.55422 -2.37039 -0.783572 
0.527049 0.299104 0.67381 
2.83944 -0.517883 0.542976 
-1.68019 -3.96395 0.502375 
2.5145 -1.68508 -1.12384 
3.16375 -1.48876 0.399478 
3.21166 -0.866407 0.153188 
-0.0367501 -0.884461 -1.08023 
2.93758 -2.56055 0.357497 
2.98328 -3.09989 -0.149249 
9.43614 -8.76509 0.584717 

-0.987739 -4.44739 5.21861 
5.11325 -5.09643 2.92461 
-2.21118 -2.58544 -0.284913 
7.25446 -19.1521 23.5583 
2.43335 -0.039092 2.77768 
0.996229 -0.17114 2.33991 
1.11168 0.508281 2.84643 
-0.391849 0.0986087 0.37159 
6.33538 -12.1652 11.9106 
3.5953 -3.15956 0.244697 
9.50074 -9.44441 7.15414 
2.40534 2.96976 0.520398 
2.54842 -0.403446 2.85207 
-1.25058 -5.86389 6.91658 
-0.0696459 0.132792 -0.00930037 
1.29084 -0.509916 3.15482 
2.68955 0.0205004 2.83232 
3.36157 -1.73527 2.32515 
-0.0103534 0.671367 1.48048 
1.43465 -9.68282 11.9463 
0.244866 -0.595309 0.707639 
1.80603 -1.10801 3.17572 
2.22055 0.680302 0.747556 
-1.80945 -0.332815 1.63704 
11.4241 -11.3572 7.43218 
-0.697202 -2.21044 2.5648 
2.64213 0.777339 2.79357 
-0.0411501 0.0935839 0.0227856 
3.78767 -4.44834 4.02762 
-1.18026 -4.63891 5.44514 
0.187397 -6.36906 6.99485 
-0.73236 -2.3521 0.785452 
1.18643 -1.4983 3.0319 
10.5449 -9.60973 2.14981 
-0.617912 -1.80349 0.755053 
-1.21567 -5.16762 2.85807 
0.166111 -5.5037 6.04104 
3.01907 -1.16932 2.2912 
8.59093 -9.56804 8.73997 
-0.0605736 0.0686588 -0.000562887 
3.09677 -1.45855 2.1277 
1.10806 -0.245627 2.84468 
2.48156 -4.72879 4.90385 
-1.32874 -2.42071 2.14016 
0.531695 0.644407 0.974343 
1.7646 -0.391272 3.15681 
-1.97249 0.627769 1.78617 
3.71113 -3.46797 2.33454 
4.99822 -13.68 14.2808 
4.79786 -11.2422 13.5659 
