-0.631565 -0.1579 0.759074 -1.16634 -0.443763 0.876436 -0.186907 -0.0406991 -0.635767 -0.454892 -0.623596 -0.26547 0 0 0 1
0.43992 0.252729 0.861742 -0.766931 -0.232103 0.958978 -0.162757 0.0896544 -0.867524 -0.128413 0.480532 -0.0192103 0 0 0 1
###
-5.26347 -5.7751 1.68491 
-2.21943 -1.39315 1.40904 
0.0441179 -0.66314 -1.31357 
-8.98496 -13.311 5.05016 
-0.496131 -2.7806 0.746552 
0.609458 -5.04488 -1.66245 
-2.02603 -0.523411 -0.0470385 
-0.773382 -10.7165 -8.76231 
0.60161 -4.90483 -1.61276 
2.8526 -4.80237 -2.21607 
-0.411062 -2.71534 -1.43656 
-0.972686 -2.17712 -0.970215 
-1.93738 -0.924639 0.606229 
-3.05356 -3.03923 1.14673 
0.193484 -3.31341 -1.92458 
-2.09175 -0.735181 0.464209 
-0.435849 -2.74179 -1.47444 
-2.21256 0.516903 0.156359 
-8.73756 -12.931 5.00201 
-1.31241 0.324713 -1.65821 
-2.0337 0.482412 -0.213896 
0.227322 -3.03489 -1.69303 
-0.919299 -1.10679 -0.0377539 
-7.45582 -10.9584 2.31228 
-3.07503 -3.03245 0.666071 
-1.0783 0.114703 -0.715945 
-2.2348 -0.923672 0.517018 
-2.12493 -0.669326 0.403915 
-2.1672 0.492051 0.176028 
-0.707855 -1.53271 -0.426128 
1.04935 -3.6141 -1.77512 
-9.02982 -13.3191 5.19931 
2.27008 -4.06837 -1.67037 
-1.1244 0.301155 -1.39091 
-0.713281 -1.48803 -0.386676 
-0.920707 -1.1486 -0.0766298 
-2.00222 0.480028 -0.308703 
-1.87234 0.456221 -0.643616 
-0.04792 -4.60138 0.326173 
1.15249 -3.53028 -1.78276 
-1.61381 0.397393 -1.28092 
-1.0802 0.116077 -0.726754 
-1.54081 0.44516 -2.09831 
1.25746 -10.1032 -8.17539 
-1.81543 -13.0274 -10.7213 
-1.66767 0.409699 -1.18108 
-0.0329632 -4.41288 0.209314 

-1.04316 -2.18853 5.81964 
-3.81453 -3.69915 6.07229 
-1.17491 -0.72705 0.515415 
1.38466 -6.5783 12.8517 
0.662491 -1.5128 1.68462 
-1.55132 -4.30113 1.55698 
-0.655562 0.263068 2.31804 
-1.29219 -1.41434 1.81282 
0.648816 -1.49646 1.67699 
-1.08268 -4.20389 -0.208438 
-0.524112 -0.850847 1.00764 
-5.84949 -5.26118 4.99409 
0.0358231 0.145509 0.873124 
-0.0740149 -1.7083 5.0334 
-1.79594 -3.00262 0.926206 
-0.30547 0.139569 2.67748 
-3.41533 -3.33125 2.91776 
-0.299374 -0.149878 -0.698555 
1.4568 -6.4278 12.6262 
0.660904 1.44151 2.68296 
-0.792585 0.0676587 -0.171826 
-1.48127 -2.64838 0.871219 
-13.7729 -14.91 6.15272 
-1.4005 -4.85572 9.23925 
-0.178143 -0.981334 3.37673 
0.516363 1.36385 2.51092 
-0.0606329 -0.115046 0.748804 
-0.344666 0.20368 2.62538 
0.29611 0.542042 0.722006 
-1.71859 -2.16063 1.44867 
-1.47565 -3.20204 0.560026 
1.36071 -6.04614 11.9994 
-0.551953 -2.74461 0.00336844 
0.055664 0.266373 0.862745 
-0.0570649 -0.489418 0.776678 
-2.22882 -3.3409 7.07031 
-0.720602 0.0211035 -0.294832 
-0.621778 0.0317967 -0.258711 
-0.33758 -3.80148 2.23449 
-0.293862 -1.21567 3.85927 
-0.855329 0.0960164 -0.103381 
0.516453 1.37425 2.52327 
0.756269 1.24752 2.34991 
-6.72423 -6.09893 6.18048 
-0.137986 -4.08607 8.87858 
-0.776153 0.074003 -0.154289 
-0.175887 -3.89136 2.703 
