-0.548312 -0.401255 -0.733722 0.953133 0.118845 0.831078 -0.54331 0.00938648 0.827786 -0.385102 -0.408003 0.120096 0 0 0 1
0.999981 0.00562725 -0.00249145 -0.00634208 -0.00560071 0.999929 0.0105333 0.00311856 0.00255054 -0.0105191 0.999941 0.0283595 0 0 0 1
###
3.53725 -2.36288 1.82556 
1.20624 0.605966 0.746247 
2.96729 -2.68154 1.23705 
-0.026112 -0.905481 -1.09918 
2.83732 -0.496242 0.574418 
14.3996 -14.4387 4.67836 
-1.36406 -3.5565 0.148119 
1.11346 -14.8709 -5.62906 
1.39659 -1.52281 3.72835 
21.0466 -20.7824 2.62032 
-0.0146868 -1.12431 -1.19386 
3.29428 -0.878415 -0.689272 
2.79088 -2.04015 3.95941 
-0.91805 -2.64896 0.171938 
0.620541 -4.84851 -1.49203 
0.0114158 -1.13617 -1.08176 
-0.0185224 -0.919383 -1.10697 
3.26624 -1.03181 -0.816405 
3.86641 -5.03974 -0.735762 
1.12781 0.592299 0.743455 
2.27509 -1.47761 2.85877 
0.633988 0.554208 0.708823 
-0.833754 -2.42343 0.209193 
2.6927 -4.09207 -0.431694 
2.9837 -5.22891 -1.16018 
-0.403779 -1.12382 -0.447641 
-1.68019 -3.96395 0.502375 
3.47548 -2.8608 0.51183 
-0.403119 -1.1052 -0.430698 
3.94337 -12.6145 7.76332 

11.5652 -11.8233 7.26966 
-0.311976 0.0296592 0.162067 
-1.16895 -6.34718 5.2428 
6.42097 0.249033 4.47134 
4.3947 -1.42673 0.916314 
9.31136 -18.3718 27.3216 
23.2293 -24.2279 0.602217 
17.5841 -16.211 15.7956 
-4.47899 -4.62888 0.500844 
13.8534 -15.5669 5.48924 
-6.23336 -1.65603 1.84083 
-0.321578 0.646477 -0.0714873 
-6.60639 -5.31847 3.1248 
5.35212 -7.54113 0.368868 
29.8787 -27.7481 27.7861 
6.63662 -0.387268 4.78994 
6.41525 0.301282 4.42864 
-0.127274 0.0528476 0.382981 
18.4447 -20.8891 25.0831 
0.158718 0.217441 0.280647 
-12.2998 -16.7481 18.4578 
0.108114 0.465444 0.209001 
4.56951 -6.51642 0.257113 
-2.22143 -6.01477 2.47877 
8.14829 -11.7409 16.987 
5.43688 -1.60404 2.86141 
20.828 -37.6261 55.0758 
19.4973 -21.7331 26.3024 
-0.473276 0.156557 0.268561 
0.697906 -12.0323 3.63633 
