-0.631565 -0.1579 0.759074 -1.16634 -0.443763 0.876436 -0.186907 -0.0406991 -0.635767 -0.454892 -0.623596 -0.26547 0 0 0 1
-0.707707 0.171871 0.685282 -0.669757 -0.240302 0.853572 -0.462244 0.79491 -0.664384 -0.491808 -0.562778 0.095582 0 0 0 1
###
-5.26347 -5.7751 1.68491 
1.16339 -3.85347 -1.83819 
-1.67437 -2.07334 2.34034 
-1.63093 -1.97822 2.25255 
-0.496131 -2.7806 0.746552 
0.609458 -5.04488 -1.66245 
-2.37839 -0.886473 0.41881 
-0.773382 -10.7165 -8.76231 
0.774553 -3.79582 -1.86067 
-1.26508 -0.437307 0.660827 
2.8526 -4.80237 -2.21607 
-0.411062 -2.71534 -1.43656 
-0.972686 -2.17712 -0.970215 
-1.93738 -0.924639 0.606229 
-3.05356 -3.03923 1.14673 
0.448155 -4.88009 -1.33418 
0.193484 -3.31341 -1.92458 
-2.09175 -0.735181 0.464209 
-2.742 -1.15326 0.406831 
4.84885 -7.1638 -3.73296 
0.523224 -4.96002 -1.28955 
-2.20061 0.557158 0.731828 
-4.86846 -11.5528 -3.83356 
-0.754628 -0.555039 0.502062 
0.227322 -3.03489 -1.69303 
-0.705467 -1.562 -0.449981 
-0.919299 -1.10679 -0.0377539 
-0.779629 -0.441269 0.604359 
-1.0783 0.114703 -0.715945 
-2.2348 -0.923672 0.517018 
-1.63322 0.414317 -1.34684 
-2.1672 0.492051 0.176028 
-0.707855 -1.53271 -0.426128 
-0.920424 -1.13155 -0.0601842 
1.04935 -3.6141 -1.77512 
0.419585 -1.73648 0.145614 
2.27008 -4.06837 -1.67037 
-1.1244 0.301155 -1.39091 
-0.920707 -1.1486 -0.0766298 
-2.00222 0.480028 -0.308703 
-1.71259 0.418932 -1.08236 
-0.04792 -4.60138 0.326173 
1.15249 -3.53028 -1.78276 
-0.761511 -1.51551 0.732423 
-1.0802 0.116077 -0.726754 
-1.54081 0.44516 -2.09831 
-9.14994 -13.5034 5.29138 
0.456705 -4.97109 -1.38775 
1.25746 -10.1032 -8.17539 
-4.97061 -12.3465 -3.89355 
-2.33716 -1.3692 1.4623 

-1.09015 -2.66748 0.519365 
-0.960995 -2.25404 0.67078 
-12.3586 -13.3428 21.673 
0.207235 -0.276653 -0.948836 
-1.52659 -4.3573 1.38164 
-1.55132 -4.30113 1.55698 
-0.298059 -1.75558 -0.105118 
-2.00952 -2.28946 1.83733 
-1.7718 -3.57523 0.765767 
-0.281847 -1.44413 -0.243955 
26.2302 -24.4264 4.53777 
-2.32233 -2.5774 2.03078 
0.394545 -2.10986 0.244931 
-0.809708 -0.875615 1.81556 
-1.21284 -1.39162 2.33003 
-1.38616 -4.39023 1.75022 
-1.14544 -2.08598 0.820394 
-0.290985 -1.50488 -0.243023 
-0.281708 -1.52877 -0.205555 
-0.834767 -3.59854 -0.106746 
-1.26265 -4.2251 1.72617 
1.05204 -0.22908 -0.773934 
-4.86698 -7.4372 7.34775 
-1.35991 -3.15021 0.668047 
-1.48367 -1.86548 1.34809 
-6.58312 -5.63471 6.45697 
-0.993104 -1.21478 1.34516 
11.5639 -33.1053 -12.6459 
-0.533081 0.00475895 -0.336166 
-0.513678 0.128652 -0.0824905 
-0.0966897 -0.243264 -0.956411 
-1.57733 0.363169 0.557291 
-0.812495 -1.00279 1.34682 
-1.56836 -1.66346 1.88106 
7.37747 -17.3286 -5.02051 
4.64291 -7.77293 -1.28059 
-1.08268 -4.20389 -0.208438 
-0.43404 -0.0432316 -0.461148 
-2.32247 -2.59097 2.03906 
-0.570999 -0.0067238 -0.330118 
-1.74128 0.511677 0.916927 
-1.01412 -4.08657 2.02486 
-0.87782 -2.40842 0.449391 
-1.54586 -4.22709 1.52553 
3.61341 -1.5609 -0.310764 
-0.8019 0.0671978 -0.172356 
-3.67268 -7.85995 9.86069 
-1.35352 -4.25607 1.76206 
2.81287 -3.66038 0.536415 
-4.50139 -7.29418 7.14036 
-0.732454 0.0834571 -0.148679 
