-0.756685 -0.223491 0.614394 -1.19364 -0.418921 0.88723 -0.193205 -0.0205507 -0.501929 -0.403578 -0.764979 -0.0557655 0 0 0 1
-0.707707 0.171871 0.685282 -0.669757 -0.240302 0.853572 -0.462244 0.79491 -0.664384 -0.491808 -0.562778 0.095582 0 0 0 1
###
1.1736 -3.86125 -1.85415 
0.461106 -3.78379 -1.99772 
0.348334 -4.89806 -3.36862 
-1.77033 -1.8549 1.75024 
0.828174 -5.1454 -1.67983 
-2.18341 -2.08078 0.49585 
-1.49566 -1.67265 1.41656 
-5.15063 -12.1866 -4.04931 
0.844813 -1.92953 0.0963789 
3.94439 -13.0526 -5.6434 
-0.556245 -0.91143 0.210188 
0.512565 -5.12182 -1.46225 
-1.16563 0.362832 -1.63707 
0.531264 -4.99531 -1.30669 
3.19485 -5.17633 -2.45548 
0.0840471 -1.49852 -1.16945 
0.312001 -3.69977 -0.696642 
-0.208783 -1.7939 -0.573914 
-4.90822 -11.6584 -3.88569 
-1.10838 0.211717 -1.07937 
-1.8273 -2.54686 1.81273 
-0.926237 -0.473468 0.72914 
-0.39734 -2.81241 -1.53224 
0.024959 -0.648771 -1.2555 
-2.73977 -1.46009 0.502852 
-1.32295 0.375876 -1.67827 
-1.39317 -1.4726 1.32843 
-0.698674 -1.8108 0.718058 
-0.432077 -2.74 -1.48058 
0.450381 -4.89026 -1.33974 
2.31176 -4.12718 -1.70638 
0.828103 -5.25432 -1.82654 
2.48617 -4.26576 -1.78094 
1.14845 -3.57248 -1.8058 
-2.23749 -1.38761 1.42578 
-2.66381 -2.64771 0.387374 
-1.08108 0.121222 -0.742107 
-1.86749 0.452969 -0.638628 
0.0509041 -6.92488 -5.40021 
-2.10158 0.493192 -0.017833 
0.1635 -3.18864 -1.81762 
-1.22729 0.317238 -1.45498 
-1.60468 0.392201 -1.26364 
-2.04893 0.473938 -0.101943 
-0.47995 -3.02608 -1.82015 
-1.10281 0.494757 -2.2878 
0.618882 -4.65603 -1.51785 
-0.368178 -10.1072 -8.36098 
-1.26211 0.38571 -1.68268 
-1.9875 0.490003 -0.477351 
-0.385678 -2.9157 -1.66605 
-2.24474 -0.902374 0.498686 

-1.09015 -2.66748 0.519365 
-0.941084 -3.10116 0.167394 
-6.58312 -5.63471 6.45697 
-4.60459 -10.5665 13.1971 
-1.03822 -4.00056 1.57076 
-1.07463 -2.60153 0.507257 
-0.816054 -4.35126 -0.0198727 
-5.0009 -8.11205 7.84965 
14.9626 -12.5742 6.60299 
-1.49179 -4.40127 1.35411 
-2.32233 -2.5774 2.03078 
-1.40506 -4.11158 1.6716 
-1.7355 0.438986 0.794067 
-1.38233 -4.32176 1.75511 
-0.834767 -3.59854 -0.106746 
-1.08616 -1.40101 0.809106 
-1.25797 -4.73871 1.51883 
-1.48367 -1.86548 1.34809 
-4.86698 -7.4372 7.34775 
-0.638842 0.0451569 -0.226389 
1.62237 -4.66069 -0.534868 
-0.0945979 -1.20611 1.21816 
-2.00952 -2.28946 1.83733 
-1.19737 -0.722242 0.476592 
1.05204 -0.22908 -0.773934 
-0.486309 -0.0342393 -0.419208 
1.57549 -4.53524 -0.505335 
-0.858187 -3.42058 1.42705 
-0.993104 -1.21478 1.34516 
-0.30634 -3.66525 2.2182 
26.2302 -24.4264 4.53777 
-1.49713 -3.80974 1.25835 
-0.894721 -4.65677 -0.504263 
-1.79594 -3.00262 0.926206 
0.283081 -1.73031 -0.842566 
4.64291 -7.77293 -1.28059 
-0.45864 -0.680278 -0.315509 
-0.443413 -0.0757986 -0.465439 
-1.56836 -1.66346 1.88106 
-1.43355 0.293939 0.421677 
-0.87782 -2.40842 0.449391 
-1.71448 0.500199 0.902784 
-0.0966897 -0.243264 -0.956411 
-0.533081 0.00475895 -0.336166 
-10.1191 -10.9998 4.66702 
-1.77649 0.452604 0.787926 
-1.52659 -4.3573 1.38164 
-3.62741 -3.61791 3.20524 
-1.71261 0.535035 0.985691 
-1.82692 0.536444 0.986464 
-2.34024 -9.69507 11.8374 
-0.513678 0.128652 -0.0824905 
