-0.90264 -0.252831 0.348308 -1.17232 -0.346759 0.906584 -0.240549 0.0625568 -0.254952 -0.337908 -0.90599 0.243981 0 0 0 1
-0.707707 0.171871 0.685282 -0.669757 -0.240302 0.853572 -0.462244 0.79491 -0.664384 -0.491808 -0.562778 0.095582 0 0 0 1
###
2.85496 -5.19563 -1.88125 
-0.836165 -2.51845 -1.36865 
1.16509 -3.83825 -1.84028 
-3.49264 -3.69016 1.1484 
-0.68851 -0.519286 0.612297 
0.567879 -4.92572 -1.55396 
9.47878 -160.964 -144.649 
-1.23364 -0.701254 0.802116 
-1.16699 -0.500235 0.747025 
-3.7541 -4.16125 0.183731 
-0.413078 -0.0309076 -0.040397 
-0.487192 0.00647932 -0.0173115 
0.505638 -5.07864 -1.44458 
-1.16754 -0.49919 0.747905 
-1.92367 -3.6565 -1.81844 
-0.937358 -0.803906 0.170014 
-0.0328802 -4.78496 -0.204718 
-2.08443 -0.671706 0.421547 
-8.91568 -13.1868 5.10566 
3.33685 -5.64541 -2.31275 
1.16793 -3.60452 -1.83624 
-0.505582 -0.0470712 -0.00921112 
-2.14614 -2.22232 -0.0568513 
-0.576565 -0.699701 0.427228 
-2.46213 -6.26841 -4.33685 
-2.21124 -1.09078 0.568225 
0.472764 -5.04866 -1.41488 
-3.99984 1.27202 0.74984 
-2.12503 -4.67957 -2.97676 
-1.96999 -3.7628 -1.8355 
0.521374 -5.53848 -3.99641 
-0.85268 -1.9642 -0.886139 
-1.16982 0.366955 -1.65368 
0.0884179 -1.51366 -1.18909 
2.50296 -4.37765 -1.87805 
0.92559 -7.0577 -5.36676 
-0.862097 -3.93731 -2.64418 
-1.11517 -3.2429 -2.05454 
-1.64943 0.401573 -1.15133 
0.378657 -3.47056 -2.06226 
-0.0392816 -4.76451 -0.194701 
-2.09698 -4.60808 -2.93507 
-1.86669 0.454056 -0.638707 
-2.00465 0.482485 -0.310177 
-5.05518 -12.5664 -3.99303 
-1.50881 0.360664 -1.29586 
-1.13392 0.240804 -1.20043 
-0.479124 0.0223671 -0.0347361 
-3.67593 -11.1679 -8.56399 
0.391082 -8.76365 -6.97435 
-1.61576 0.388789 -1.1615 
-1.9498 0.465336 -0.435962 
-0.353846 -2.64532 0.464863 
-0.677917 -1.7055 0.371944 
0.0628114 -2.81384 -1.476 
-1.17062 0.374207 -1.67146 

7.3568 -17.2841 -5.0056 
-2.00952 -2.28946 1.83733 
-0.960995 -2.25404 0.67078 
-1.82776 -3.18686 0.894127 
2.30038 -3.86987 0.157597 
-1.38616 -4.39023 1.75022 
-1.56836 -1.66346 1.88106 
-0.153442 -0.525848 0.938965 
-2.84165 -3.82254 1.29668 
-1.07463 -2.60153 0.507257 
-0.21862 -1.11302 -0.512679 
-0.805221 0.109208 -0.0890783 
-1.40506 -4.11158 1.6716 
-0.697856 0.0556949 -0.18659 
-1.5692 -1.95405 1.56007 
0.023887 -6.95398 -1.30854 
0.170604 -1.1938 0.817301 
-1.05927 -0.614931 0.285422 
-0.156794 -0.528815 0.940789 
1.86049 -4.90422 -1.00165 
-3.36124 -3.32818 3.2208 
-0.941039 0.174639 -0.173299 
-0.87782 -2.40842 0.449391 
-0.894721 -4.65677 -0.504263 
-3.62741 -3.61791 3.20524 
-0.418671 -1.41183 -0.0893042 
-0.30634 -3.66525 2.2182 
-0.702129 0.0367332 0.912386 
-1.48367 -1.86548 1.34809 
-0.915616 -4.16306 -0.071109 
-6.58312 -5.63471 6.45697 
2.26412 -6.26682 -1.3308 
-0.533081 0.00475895 -0.336166 
-1.08616 -1.40101 0.809106 
-1.0283 -4.08924 -0.213341 
11.7586 -33.6781 -12.8675 
6.05143 -8.60225 -0.925366 
-0.993104 -1.21478 1.34516 
-0.365144 -0.11716 -0.610389 
-1.79594 -3.00262 0.926206 
0.21956 -1.32508 0.799926 
-10.1191 -10.9998 4.66702 
-0.561783 0.275612 0.245294 
-0.570999 -0.0067238 -0.330118 
-4.50102 -7.29357 7.13984 
-0.35722 -0.111562 -0.601975 
-1.74128 0.511677 0.916927 
-0.272963 -1.10663 -0.428814 
-1.6721 -2.01485 1.53901 
-5.29759 -5.82415 2.78973 
-1.57733 0.363169 0.557291 
0.92711 -1.90325 0.597046 
-0.0945979 -1.20611 1.21816 
0.18114 -1.22801 0.809886 
-1.90429 -3.36103 0.962946 
-1.71448 0.500199 0.902784 
