-0.526972 -0.412954 -0.742812 1.03815 0.0976377 0.838813 -0.535592 0.0370545 0.844256 -0.354768 -0.401711 0.198836 0 0 0 1
0.999715 -0.00832138 -0.0223653 -0.00355825 0.00839438 0.99996 0.00317201 -0.0053905 0.022338 -0.00335885 0.999745 0.00556748 0 0 0 1
###
3.10248 -0.85456 -0.646626 
-0.843916 -2.45422 0.211596 
1.61808 -1.26789 2.2015 
1.14334 -14.9866 -5.67148 
8.9185 -16.2789 -3.90244 
7.35533 -17.2807 -5.00748 
6.10956 -11.0547 -3.09376 
3.07753 -1.64323 -0.442239 
3.76743 -1.5088 -0.837681 
-0.0236852 -0.912698 -1.10737 
1.19957 0.602992 0.743538 
-0.991123 -3.35024 -0.0244199 
1.19291 -1.07671 3.0311 
2.9475 0.0823351 0.199344 
2.80923 0.389898 0.203307 
2.54081 -1.68494 -1.11764 
-0.0151528 -0.928142 -1.1175 
2.85896 -0.659921 0.641622 
1.46033 0.457121 1.67497 
-1.00415 -2.61207 0.213002 
0.667686 -1.65928 1.65165 
2.87381 -1.27681 0.923357 
3.20601 -1.59993 -0.431977 
6.4236 -7.70863 -1.05464 
0.623562 -8.50212 -2.48214 
1.18897 0.611092 0.751364 
2.13855 -1.31654 2.57105 
2.52509 -1.5576 -1.02928 
2.89763 -2.99542 0.0730425 
1.53561 -1.09947 2.09578 
0.638109 -1.37859 1.5262 
2.83295 -4.53263 -0.612072 
3.33846 -0.8721 -0.700697 
1.07408 -0.182029 1.11152 
8.33567 -7.9515 0.480889 
0.634862 -1.39607 1.54248 
3.91804 -3.54099 0.265766 
1.45255 0.436601 1.66828 
3.29925 -0.801002 0.0998101 
11.7754 -17.8768 -3.97243 
-0.0353981 -0.891017 -1.08727 
15.4778 -18.0089 -2.29291 
0.644627 0.0911504 0.779664 
2.78912 -1.95886 3.2578 
3.34293 -11.745 -3.66577 
3.71682 -4.22217 -0.28772 
2.63227 -1.56234 -0.978759 
1.60495 -1.18721 2.1726 
3.17999 -4.74908 -0.52514 

2.43335 -0.039092 2.77768 
3.5953 -3.15956 0.244697 
2.29266 0.713215 0.757075 
9.50074 -9.44441 7.15414 
5.13531 -5.1276 2.96767 
3.82602 -3.65298 2.42746 
12.4195 -11.6245 6.7443 
2.65094 -0.0463973 2.74422 
0.996229 -0.17114 2.33991 
0.346495 0.638288 1.06292 
-0.0405246 0.0933485 0.0224374 
-0.0371652 -0.00834698 0.0344979 
-0.0605736 0.0686588 -0.000562887 
-0.821484 -0.161369 1.93145 
0.921467 0.638285 2.53805 
-1.34779 -2.42472 2.09776 
-1.25047 -5.8636 6.91621 
1.09395 -1.09452 2.89676 
3.09677 -1.45855 2.1277 
-1.74203 -1.18406 1.91006 
0.0174143 -2.30058 1.06271 
1.14247 -1.46285 2.95266 
-0.0411501 0.0935839 0.0227856 
2.67155 -3.43464 3.34186 
1.8424 -4.88149 4.85353 
-0.0046985 0.669471 1.47665 
-0.526511 -2.30024 2.74772 
-0.47443 -2.24687 1.97551 
8.59093 -9.56804 8.73997 
-1.09711 -1.37235 -0.0929795 
-0.618211 -1.80399 0.75506 
10.5449 -9.60973 2.14981 
2.49229 -0.0194138 2.95333 
0.113989 -5.41863 5.90536 
10.4944 -13.2081 12.849 
0.00827665 -1.7068 1.02492 
2.33512 -2.29977 1.64954 
-2.00595 -1.40202 1.28463 
1.75368 0.0650026 3.12771 
4.59205 -4.70468 2.97405 
-0.258144 -0.280021 0.303075 
2.77809 -5.33066 6.4146 
6.32507 -12.1455 11.8914 
-0.987552 -4.4466 5.21764 
10.7082 -9.80726 2.12848 
-2.73574 -3.1339 1.10066 
2.86303 -0.577198 2.16759 
-2.21118 -2.58544 -0.284913 
4.07622 -4.06374 2.66165 
