-0.929886 -0.212677 0.300135 -1.17156 -0.304829 0.902209 -0.305119 0.131991 -0.205893 -0.375216 -0.903782 0.237411 0 0 0 1
-0.707707 0.171871 0.685282 -0.669757 -0.240302 0.853572 -0.462244 0.79491 -0.664384 -0.491808 -0.562778 0.095582 0 0 0 1
###
-0.503726 -0.871946 0.28942 
1.20735 -3.91599 -1.90386 
-2.84982 -8.66221 -6.47117 
-0.663242 -0.545038 0.602965 
0.714664 -3.71235 -1.44166 
0.478728 -3.83349 -2.04636 
-0.535447 0.198233 -0.119673 
-2.06869 0.27423 -0.154399 
-0.823787 -11.9896 -9.93397 
3.28413 -5.69066 -2.19379 
-0.261407 -1.9773 -0.718374 
-7.72095 -11.3372 4.44698 
-0.639215 -2.19567 0.755563 
-0.482542 -0.911661 0.262278 
0.511114 -5.10329 -1.45707 
-0.609503 -0.597902 0.600173 
-0.375998 -2.97993 -1.69214 
-0.153518 -26.6277 -23.4157 
-8.8595 -13.1062 5.08014 
-3.72028 -3.45771 2.12304 
3.13205 -5.39529 -2.16751 
0.4634 -4.95119 -1.37342 
0.182522 -1.61745 -0.157202 
1.59187 -0.597523 -0.787757 
-2.17632 -1.0684 0.574926 
1.22589 -3.68126 -1.89961 
0.0756918 -4.80569 -0.52464 
-1.79019 0.44392 -0.850794 
-2.25941 -2.39538 -0.121348 
-2.93215 -6.57739 -4.29815 
-0.651499 0.464889 0.0656851 
-0.715211 0.630167 0.0478313 
-0.68302 -0.528792 0.613261 
0.74288 -4.68226 -1.487 
-1.69316 0.353978 -0.666882 
-1.86536 0.453612 -0.636267 
-1.9951 -3.84124 -1.9503 
0.228273 -3.39131 -2.02665 
0.767624 -12.6724 -10.7569 
0.0919484 -1.51998 -1.20204 
-2.00451 0.464341 -0.190066 
-1.99654 0.478275 -0.302904 
-0.544638 -4.29374 1.15135 
-0.621655 -1.70578 0.774789 
-1.12637 0.237614 -1.17783 
-1.4797 0.348314 -1.46424 
1.10214 -3.72516 -1.86195 
-1.49561 0.365657 -1.52909 
-0.107467 -1.23484 0.102757 
-5.07545 -12.6198 -4.01805 
-0.111529 -3.5634 -0.504463 
-0.201222 -0.203262 0.120739 
-0.286496 -0.174755 0.0673468 
0.0891998 -1.51774 -1.19794 
-2.0453 -0.825682 0.528321 
-0.0367263 -4.78181 -0.201329 
-1.312 0.326261 -1.65969 
-1.84159 0.434613 -0.60632 
0.236989 -3.50606 -2.13659 
-1.65592 0.40377 -1.15775 
-1.1749 0.377394 -1.68777 
-1.79244 -0.511393 0.427223 

-0.993104 -1.21478 1.34516 
0.023887 -6.95398 -1.30854 
-3.62741 -3.61791 3.20524 
-4.92067 -4.42354 5.9243 
-1.70105 -4.26463 0.867887 
-0.941084 -3.10116 0.167394 
-0.396034 -1.51049 0.0108801 
1.38907 -0.878802 -2.08937 
-0.87782 -2.40842 0.449391 
2.26412 -6.26682 -1.3308 
-2.32233 -2.5774 2.03078 
-0.153442 -0.525848 0.938965 
-1.03822 -4.00056 1.57076 
-0.816 -4.35116 -0.0198743 
-1.40506 -4.11158 1.6716 
2.30038 -3.86987 0.157597 
-1.81314 -2.47473 1.29969 
-6.58312 -5.63471 6.45697 
-0.156794 -0.528815 0.940789 
-0.151276 -0.523693 0.937595 
1.86049 -4.90422 -1.00165 
-1.26265 -4.2251 1.72617 
-0.833548 -3.5921 -0.104758 
-0.272963 -1.10663 -0.428814 
-0.802607 0.110746 -0.0943045 
-1.82776 -3.18686 0.894127 
0.170604 -1.1938 0.817301 
-0.837434 0.1097 -0.0547459 
-10.1191 -10.9998 4.66702 
-0.535088 -0.835804 1.03751 
1.23118 -0.193982 -1.01394 
-1.08717 0.126505 -0.000397881 
-1.74128 0.511677 0.916927 
-1.38188 -4.20711 1.36106 
0.442047 -0.567702 -1.69082 
-0.443413 -0.0757986 -0.465439 
-1.5692 -1.95405 1.56007 
-2.03165 -3.26621 1.03644 
-1.56836 -1.66346 1.88106 
-1.08616 -1.40101 0.809106 
-1.57733 0.363169 0.557291 
-0.570999 -0.0067238 -0.330118 
-0.729694 -4.01766 2.27011 
-1.54586 -4.22709 1.52553 
3.61341 -1.5609 -0.310764 
-1.73489 0.641578 1.1964 
-1.52697 -3.28024 0.55827 
-0.435053 -0.0447851 -0.450491 
-0.637966 -3.35037 -0.0881551 
-4.93072 -7.90297 7.87349 
-0.576617 -3.13838 1.95606 
-0.506778 0.250531 0.217038 
-0.805221 0.109208 -0.0890783 
-1.11053 -1.42111 0.818801 
-0.50935 0.127813 -0.0623647 
0.199159 -1.27529 0.804399 
-1.82692 0.536444 0.986464 
-1.77649 0.452604 0.787926 
-3.99051 -4.4658 2.45609 
-1.73883 0.609555 1.13486 
2.83358 -1.02337 -0.197686 
-0.941039 0.174639 -0.173299 
