-0.526972 -0.412954 -0.742812 1.03815 0.0976377 0.838813 -0.535592 0.0370545 0.844256 -0.354768 -0.401711 0.198836 0 0 0 1
0.999981 0.00562725 -0.00249145 -0.00634208 -0.00560071 0.999929 0.0105333 0.00311856 0.00255054 -0.0105191 0.999941 0.0283595 0 0 0 1
###
2.86213 -1.93483 1.06092 
-0.843916 -2.45422 0.211596 
0.0137173 -1.14406 -1.08907 
-0.938778 -1.80658 -0.13061 
1.14334 -14.9866 -5.67148 
14.1819 -14.2226 4.61484 
7.35533 -17.2807 -5.00748 
-0.0236852 -0.912698 -1.10737 
1.19957 0.602992 0.743538 
1.19291 -1.07671 3.0311 
2.9475 0.0823351 0.199344 
3.04327 -1.1373 -0.548921 
-1.00415 -2.61207 0.213002 
1.61775 -1.11933 3.12113 
1.59494 0.94811 1.59339 
0.623562 -8.50212 -2.48214 
0.703226 0.981243 0.403995 
0.0173734 -1.14717 -1.09777 
3.10118 -5.45152 -1.21715 
-0.403556 -1.12537 -0.44846 
1.44104 0.436479 1.65803 
1.16363 -0.602001 2.59495 
-0.402807 -1.11075 -0.433701 
10.247 -9.98867 0.444526 
15.4778 -18.0089 -2.29291 
0.642691 0.558505 0.712052 
2.78912 -1.95886 3.2578 
0.810845 -1.35633 1.6255 
-0.928073 -2.60334 0.213566 

19.4973 -21.7331 26.3024 
-0.250286 -0.0509817 0.3923 
-6.23336 -1.65603 1.84083 
23.2293 -24.2279 0.602217 
17.5841 -16.211 15.7956 
9.31136 -18.3718 27.3216 
23.1551 -43.0364 63.7095 
6.42097 0.249033 4.47134 
-0.311976 0.0296592 0.162067 
6.41525 0.301282 4.42864 
7.5013 -3.21398 7.06931 
-0.127274 0.0528476 0.382981 
-6.60639 -5.31847 3.1248 
-0.11196 0.702252 0.0213698 
-5.5017 1.46975 4.89662 
12.2304 -12.0979 10.7428 
2.0976 1.11529 -0.00633849 
6.59314 -0.375747 4.76622 
-0.649778 0.664748 0.467569 
-0.473276 0.156557 0.268561 
-4.92853 -0.104635 4.89808 
0.310048 -0.0742393 0.385627 
5.43688 -1.60404 2.86141 
18.4447 -20.8891 25.0831 
32.4707 -52.3384 77.5923 
-0.228816 -0.20255 0.450323 
-10.0411 -14.8582 16.688 
0.697906 -12.0323 3.63633 
4.56951 -6.51642 0.257113 
