-0.939565 -0.151402 0.307074 -1.20253 -0.271355 0.876219 -0.398254 0.18893 -0.208768 -0.457512 -0.864349 0.0877956 0 0 0 1
-0.707707 0.171871 0.685282 -0.669757 -0.240302 0.853572 -0.462244 0.79491 -0.664384 -0.491808 -0.562778 0.095582 0 0 0 1
###
-1.55779 -1.10735 0.912011 
9.0169 -160.829 -144.812 
0.556425 -4.96163 -1.54654 
1.20846 -3.92456 -1.91103 
4.94909 -7.42473 -3.67135 
-5.72063 -18.8072 -14.6825 
0.826662 -1.7948 0.597004 
-0.460412 0.0148837 -0.0514586 
-2.84931 -16.3254 -13.9295 
-2.01114 -1.42947 1.16996 
-0.482363 0.00902405 -0.0308303 
-3.05553 -9.35489 -7.05469 
0.0909727 -1.5178 -1.20005 
-3.50994 -3.87627 0.233603 
-1.17301 0.369629 -1.66393 
0.0409134 -0.662585 -1.29792 
0.615092 -4.59189 -1.10215 
-0.74878 -2.03605 -1.01092 
-1.28868 0.326654 -1.44081 
0.67859 -4.88576 -1.12794 
0.609317 -5.00388 -1.68856 
-5.43774 -13.0686 -4.51572 
3.37809 -5.7153 -2.35306 
0.477695 -5.02138 -1.41065 
1.55417 -0.593154 -0.770359 
-0.448118 0.607807 -0.299179 
1.26575 -3.76103 -1.96456 
-5.37026 -13.443 -4.39455 
2.70913 -5.09638 -1.94497 
1.0583 -5.5362 -1.89991 
-2.0412 0.47017 -0.0951356 
0.0680709 -4.28623 -0.803549 
-0.786224 -2.90748 -1.78779 
-1.8671 0.453051 -0.636768 
-1.46138 0.325312 -1.38562 
2.07824 -4.14868 -1.26322 
-0.588695 -0.808375 0.259367 
-1.60778 0.394278 -1.26874 
7.66158 -11.2668 -4.59086 
1.52764 -7.19568 -2.86451 
-0.424356 -0.858657 0.448613 
0.592408 -5.23137 -1.41716 
-1.86354 0.452187 -0.633228 
1.48735 -0.576434 -0.731684 
-1.79 0.440358 -0.845488 
-0.490348 0.406229 -1.53073 
-1.17759 0.380136 -1.6993 
1.01184 -5.84794 -2.14615 
-0.0303854 -4.83977 -0.220469 
-1.85507 0.444933 -0.625431 
-1.91313 0.463739 -0.537327 
0.190686 -2.29098 1.03627 
0.0789426 -3.41882 -2.12971 
-2.01104 -0.49339 0.257523 
-5.22083 -12.9908 -4.17356 
-0.729475 -3.97949 -2.75323 
-1.22332 0.660821 -2.644 
0.682144 -4.78501 -1.1502 
0.0943222 -4.87665 -0.575723 
0.50405 -5.17892 -1.49094 
-0.042789 -3.83109 0.256832 
-1.95882 0.408091 -0.043014 
-0.600571 -4.39021 1.30083 
-6.22078 -33.6783 -28.8702 
0.117527 -1.00097 -1.30642 
0.0243092 -0.649232 -1.301 

-0.895948 0.136311 -0.0158848 
-6.72423 -6.09893 6.18048 
-1.40512 -4.1118 1.67169 
0.0351809 -7.29858 -1.42757 
-1.08124 -4.19928 -0.207078 
-0.535088 -0.835804 1.03751 
27.7638 -33.9671 -6.9095 
1.05131 -0.229256 -0.772945 
-1.6721 -2.01485 1.53901 
-12.3586 -13.3428 21.673 
-1.76766 0.608507 1.12112 
11.8789 -34.0318 -13.0021 
-1.08616 -1.40101 0.809106 
-4.92067 -4.42354 5.9243 
-1.72083 0.425848 0.806009 
-1.19737 -0.722242 0.476592 
-0.384696 -2.57716 1.50703 
-2.32233 -2.5774 2.03078 
-1.74128 0.511677 0.916927 
-1.0044 -3.94388 1.535 
-1.55134 -4.30118 1.557 
-4.8667 -7.43675 7.34736 
-0.915005 -4.16248 -0.0704218 
-1.38236 -4.32185 1.75514 
-0.276586 -1.10167 -0.424455 
-1.0748 -2.60186 0.507251 
-5.29759 -5.82415 2.78973 
-4.5052 -7.30124 7.14616 
7.40335 -7.93316 2.48124 
-1.37952 -4.31961 1.33051 
-0.357154 -0.111582 -0.602068 
-0.758158 -3.78144 2.09211 
-0.993104 -1.21478 1.34516 
-0.443406 -0.0757903 -0.465442 
-0.855327 0.0960173 -0.103379 
-0.546319 -3.38735 0.195008 
-2.03165 -3.26621 1.03644 
-1.21365 0.200103 0.175542 
-0.815567 -4.33558 -0.0184432 
-1.49713 -3.80974 1.25835 
4.64371 -7.77447 -1.28086 
-1.26267 -4.22517 1.72619 
-0.533095 0.00476547 -0.33618 
-0.279233 -1.10354 -0.416736 
0.442529 -0.566692 -1.69039 
-1.45408 0.30574 0.429117 
2.83041 -1.02282 -0.196577 
-1.52711 -4.35871 1.38195 
0.219697 -1.32543 0.799874 
-0.638842 0.0451569 -0.226389 
-1.56843 0.363127 0.554221 
-1.48505 -4.06069 1.4925 
-1.48367 -1.86548 1.34809 
-0.478078 -0.259222 -0.311309 
-4.93072 -7.90297 7.87349 
-1.56836 -1.66346 1.88106 
-0.43404 -0.0432316 -0.461148 
-1.5459 -4.22717 1.52558 
-0.223862 -1.54913 1.40077 
-1.35352 -4.25607 1.76206 
-0.172418 -4.04495 2.28426 
-0.727343 0.0638806 -0.190197 
-1.00975 -4.11533 2.0488 
12.3158 -21.0924 -4.63315 
-1.15067 -0.863793 0.546309 
-1.1543 -0.694884 0.52249 
