-0.937628 -0.17984 0.297509 -1.18593 -0.283376 0.891113 -0.354423 0.172697 -0.201375 -0.416624 -0.886495 0.177859 0 0 0 1
-0.707707 0.171871 0.685282 -0.669757 -0.240302 0.853572 -0.462244 0.79491 -0.664384 -0.491808 -0.562778 0.095582 0 0 0 1
###
0.571176 -4.97424 -1.56695 
0.491373 -3.87079 -2.0805 
0.74172 -1.70748 0.58538 
-0.11888 -1.58186 -0.333121 
-2.51834 -2.01599 1.46374 
-0.385624 -2.26561 -1.14578 
-0.563119 -1.96326 -0.867446 
1.31904 -0.552952 -0.630775 
-0.521927 -2.40346 0.817236 
-3.57267 -3.94381 0.212372 
-0.41149 -0.0343004 -0.0353308 
-0.479544 -0.0290175 -0.0494255 
0.537228 -5.02558 -1.32033 
0.521757 -5.14834 -1.4797 
2.89621 -4.8355 -2.22051 
-0.473632 -0.0288823 -0.0584867 
-1.25685 0.273342 -1.25317 
3.46102 -5.8093 -2.40403 
-5.3396 -12.8204 -4.40767 
-1.78985 0.443824 -0.851373 
1.2793 -3.50132 -1.71437 
0.702634 -4.28472 -2.28912 
-3.58972 -18.5056 -15.7502 
-3.04279 -6.93638 -4.53689 
1.50389 -0.586361 -0.737422 
-0.871882 -1.3578 -0.371847 
1.23744 -3.70189 -1.91681 
-2.5925 -2.45091 -0.150762 
0.771375 -4.9969 -1.2616 
0.0813374 -4.7694 -0.539167 
-1.73527 0.392093 -0.74628 
-0.533313 -2.11091 -0.904872 
0.706803 -6.2452 -4.64126 
-0.030498 -4.80534 -0.212369 
0.0856012 -1.51354 -1.19293 
2.55505 -4.44657 -1.92459 
0.481648 -5.08981 -1.43666 
-2.01699 -0.489727 -0.0320199 
-1.86142 0.45167 -0.632122 
-1.98916 0.474278 -0.296561 
-0.395298 -3.01956 0.890687 
1.3209 -6.19461 -2.2224 
0.136501 -1.49187 -1.20615 
-0.469619 -0.919222 0.20592 
0.655856 -4.80628 -1.0937 
-2.29222 0.574941 0.135946 
-5.13766 -12.7805 -4.08694 
-1.85904 0.449451 -0.633043 
0.518267 -5.76995 -4.26711 
-1.12151 0.233212 -1.16093 
-1.5626 -0.0582221 -1.41706 
-1.23161 -1.27437 -1.2674 
-0.489999 0.0155151 -0.0203879 
-0.373484 -0.886796 0.48165 
-0.0800028 -2.83799 -1.60493 
-0.577508 -15.08 -12.935 
0.577842 -4.48243 -1.02927 
-1.26845 0.398 -1.72476 
-1.64821 0.398728 -1.14465 
-0.20242 -0.203643 0.122067 
-2.51507 -1.02751 0.468051 
-1.03244 0.171903 -1.05427 

-1.38616 -4.39023 1.75022 
-1.86277 -2.10959 1.68734 
2.30038 -3.86987 0.157597 
0.023887 -6.95398 -1.30854 
-12.3586 -13.3428 21.673 
-6.58312 -5.63471 6.45697 
-1.29219 -1.41434 1.81282 
-0.272963 -1.10663 -0.428814 
-1.37952 -4.31961 1.33051 
-1.07463 -2.60153 0.507257 
-0.621411 0.0374154 -0.256141 
-1.76766 0.608507 1.12112 
-1.26265 -4.2251 1.72617 
-1.40506 -4.11158 1.6716 
-0.833548 -3.5921 -0.104758 
-0.941039 0.174639 -0.173299 
-1.71448 0.500199 0.902784 
7.42527 -18.4705 -5.87701 
-4.86675 -7.43688 7.34745 
-0.8019 0.0671978 -0.172356 
-0.993104 -1.21478 1.34516 
-1.48127 -2.64838 0.871219 
0.768582 -5.04734 -0.802377 
-0.87782 -2.40842 0.449391 
-0.276582 -1.10167 -0.424453 
-1.48367 -1.86548 1.34809 
-3.36124 -3.32818 3.2208 
0.205715 -1.68929 0.457504 
-1.25797 -4.73871 1.51883 
-0.758158 -3.78144 2.09211 
-0.855329 0.0960164 -0.103381 
-10.1191 -10.9998 4.66702 
27.4492 -33.2836 -4.8074 
-1.10036 0.00559064 1.21497 
-1.08616 -1.40101 0.809106 
-1.0283 -4.08924 -0.213341 
-1.38233 -4.32176 1.75511 
-0.107891 -0.673233 -0.839216 
-0.35722 -0.111562 -0.601975 
-0.570999 -0.0067238 -0.330118 
-0.791361 0.115179 -0.0927271 
-1.49179 -4.40127 1.35411 
2.74565 -1.83834 -0.619 
-1.82776 -3.18686 0.894127 
-0.858187 -3.42058 1.42705 
-1.56843 0.363127 0.554221 
-4.50102 -7.29357 7.13984 
-0.533081 0.00475895 -0.336166 
36.0222 -48.7583 -9.06638 
-0.632929 0.0464874 -0.220637 
-0.807802 -0.64871 -0.0182762 
-1.3373 -3.63879 1.1627 
-0.147677 -0.084418 -0.567948 
0.928485 -2.3126 0.410988 
-2.32233 -2.5774 2.03078 
-2.73483 -2.66295 2.74783 
-1.54586 -4.22709 1.52553 
-1.71261 0.535035 0.985691 
1.05204 -0.22908 -0.773934 
-0.279221 -1.10353 -0.41673 
-0.284148 -1.24499 -0.373747 
-1.77649 0.452604 0.787926 
