-0.525098 -0.466776 -0.711612 1.07367 -0.0106323 0.839699 -0.542948 0.0878198 0.850975 -0.277535 -0.445887 0.346258 0 0 0 1
1 0 0 0 0 1 0 0 0 0 1 0 0 0 0 1
###
-0.694948 -2.15823 0.270099 
0.649459 -4.43045 -1.1724 
3.76746 -12.1906 -3.79646 
3.08622 -2.83615 1.27186 
1.16443 -0.64732 2.8955 
2.28136 -1.61732 3.12893 
1.55091 -1.17628 2.11165 
3.31133 -0.883037 -0.69386 
9.64904 -16.0916 -3.41354 
14.3601 -14.4462 1.88601 
1.12425 -0.942015 2.82567 
0.0118647 -1.17172 -1.1117 
8.59751 -12.8875 -3.12244 
0.789374 -7.7915 -2.54104 
3.15545 -5.57009 -1.24504 
0.0162862 -1.14486 -1.09484 
14.4178 -16.7622 -2.1143 
-0.3989 -1.1102 -0.44428 
1.0857 -1.35929 2.05216 
1.20206 0.548618 1.90766 
0.548133 -6.97797 -1.78285 
4.10745 -7.05052 -1.40284 
0.678066 0.668693 0.462705 
3.56871 -3.44438 1.31845 
3.18991 -1.85188 -0.13312 
-0.471431 -1.43792 0.738256 
4.38993 -3.90525 1.16158 

5.35212 -7.54113 0.368868 
15.9939 -14.6252 14.3415 
18.4447 -20.8891 25.0831 
-1.16895 -6.34718 5.2428 
-0.311976 0.0296592 0.162067 
-10.0411 -14.8582 16.688 
-9.31878 -10.7514 1.07438 
-0.321578 0.646477 -0.0714873 
9.31136 -18.3718 27.3216 
-7.00685 0.879281 1.94927 
6.41525 0.301282 4.42864 
6.63662 -0.387268 4.78994 
20.828 -37.6261 55.0758 
29.8787 -27.7481 27.7861 
9.7563 -13.697 20.2304 
6.59314 -0.375747 4.76622 
19.4973 -21.7331 26.3024 
5.38208 -1.56943 2.83339 
-8.74637 -8.95798 4.11555 
-5.54243 -0.342817 3.8949 
12.2304 -12.0979 10.7428 
9.26081 -10.9849 4.78197 
5.43688 -1.60404 2.86141 
0.0701774 -0.996372 1.43407 
-4.08825 -15.5958 7.96034 
-2.24995 -14.4535 4.82816 
4.07407 -5.84323 0.189723 
