-0.832544 -0.37524 -0.407512 -0.80119 -0.182966 0.880616 -0.43708 0.254082 0.522871 -0.289328 -0.801808 0.812615 0 0 0 1
-0.707707 0.171871 0.685282 -0.669757 -0.240302 0.853572 -0.462244 0.79491 -0.664384 -0.491808 -0.562778 0.095582 0 0 0 1
###
9.38814 -161.046 -145.174 
2.36944 -4.53586 -1.56696 
-0.561693 -0.738809 0.379958 
0.337476 -2.01663 -0.407471 
-1.85631 0.448877 -0.621396 
0.295392 0.474842 -1.04727 
0.560906 -2.32758 -0.490689 
1.70741 -0.593815 -0.838298 
-0.407936 -8.48084 -6.94123 
0.270871 0.466049 -1.03919 
0.653265 -5.47712 -1.53749 
-0.667041 -0.613257 0.466386 
-0.561542 -0.738564 0.380109 
-0.956147 -0.19302 0.382742 
1.53311 -0.588477 -0.75763 
-0.563939 -0.735277 0.38219 
0.110101 -34.2343 -30.3635 
0.0928489 -1.52207 -1.20565 
-0.456124 -0.0190391 -0.0853462 
0.763392 -4.85099 -1.73833 
-1.19751 0.637564 -2.53035 
0.584253 -4.08424 -1.16769 
-2.26452 -2.98571 -0.915343 
0.721444 -4.19413 -1.53337 
-1.57752 -0.0562806 -1.45211 
-1.49095 0.364677 -1.52372 
-1.65216 0.404443 -1.15597 
0.0212352 -4.54185 -0.472995 
10.9065 -10.8486 7.0862 
0.340198 -5.93827 -4.44269 
-0.458089 -8.22701 -6.77855 
-0.610454 -1.78222 0.796654 
1.29228 -6.10312 -2.18793 
-1.15988 0.251316 -1.29568 
-1.50701 0.382014 -1.58386 
0.107279 -5.04344 -0.521141 
0.496059 -5.15197 -1.47219 
-0.0929 -12.8072 -10.889 
0.00299105 -1.76911 1.04619 
-0.437832 -0.83945 0.361649 
-1.78008 0.434067 -0.827317 
0.00528475 -0.960304 -1.08126 
-0.440634 -0.878106 0.291615 
-1.56521 -0.0575192 -1.42275 
1.07043 -5.47252 -1.95847 
-1.2931 0.438915 -1.8639 
-1.6493 0.40052 -1.14472 
-0.866147 -0.996597 0.47105 
-0.0204305 -3.7927 -2.54303 
4.52186 -7.68387 -4.56077 
-0.120654 -3.40859 -2.20559 
-1.1771 0.380739 -1.70813 
-1.65781 0.406371 -1.16584 
0.46092 -0.318049 -0.985803 
-0.0691472 -1.35994 -0.976458 
-0.471114 0.430827 -1.61508 

7.42666 -18.4751 -5.87871 
-1.52714 -3.28055 0.558283 
9.64904 -16.0916 -3.41354 
8.14007 -19.1068 -5.56722 
-1.57131 0.494757 1.07841 
-1.72854 0.640594 1.1997 
-0.815945 -4.35069 -0.0196712 
-0.272966 -1.10663 -0.428816 
1.50341 -2.10329 0.856272 
0.442529 -0.566692 -1.69039 
-1.40512 -4.1118 1.67169 
2.09477 -4.59796 -0.367405 
-1.48367 -1.86548 1.34809 
3.6055 -1.55867 -0.308279 
-0.279233 -1.10354 -0.416736 
-1.5692 -1.95405 1.56007 
-6.58312 -5.63471 6.45697 
-1.08616 -1.40101 0.809106 
-1.76766 0.608507 1.12112 
-1.55134 -4.30118 1.557 
-0.458632 -0.680254 -0.315489 
-1.54133 -4.82795 1.45124 
-5.62328 -5.17844 6.64797 
-1.53806 -4.20496 1.17663 
-0.441436 -0.828652 -0.244461 
-1.73489 0.641578 1.1964 
-0.36515 -0.117167 -0.610364 
0.171021 -1.19487 0.817147 
2.81779 -3.66574 0.535817 
-0.993104 -1.21478 1.34516 
-10.1191 -10.9998 4.66702 
-1.48505 -4.06069 1.4925 
-1.49057 -4.39731 1.3541 
-1.82692 0.536444 0.986464 
-0.16512 -0.526123 0.94262 
-0.262614 -3.45372 2.38052 
-1.38236 -4.32185 1.75514 
-0.87782 -2.40842 0.449391 
-1.49713 -3.80974 1.25835 
2.14473 -11.7569 -3.34091 
-0.855327 0.0960173 -0.103379 
-1.07607 -1.20959 0.686757 
12.3158 -21.0924 -4.63315 
-0.530174 -0.787759 -0.425111 
-1.33731 -3.63879 1.16271 
0.0442796 -0.850364 -0.942808 
-0.570995 -0.00671797 -0.330114 
-0.645377 -4.04901 1.83965 
-1.09026 -2.66771 0.519368 
-5.29759 -5.82415 2.78973 
-0.722453 -1.33191 0.85164 
-1.71448 0.500199 0.902784 
-1.57733 0.363169 0.557291 
-0.833465 -0.625554 0.0158663 
-1.11161 -0.936386 0.578056 
-1.45408 0.30574 0.429117 
