-0.955183 -0.153583 0.253057 -1.20141 -0.252307 0.869491 -0.424649 0.199995 -0.154812 -0.469465 -0.869273 0.0955103 0 0 0 1
-0.707707 0.171871 0.685282 -0.669757 -0.240302 0.853572 -0.462244 0.79491 -0.664384 -0.491808 -0.562778 0.095582 0 0 0 1
###
2.07016 -4.22244 -1.37386 
-1.72855 -1.36418 1.0148 
-0.734113 -0.619231 0.447302 
-0.463033 0.0136417 -0.0477442 
-0.762317 -1.82988 -0.852894 
8.64879 -160.943 -145.306 
0.818625 -5.06698 -1.66254 
-5.32082 -14.8715 -10.4815 
1.64133 -4.02066 -2.0748 
-0.309192 -0.95101 0.585545 
2.52503 -4.72125 -1.67054 
-2.10767 -0.550929 0.290476 
-0.725407 -2.06458 -1.05952 
-0.819115 -13.0276 -10.9458 
-2.52666 -2.02111 1.47073 
-0.825999 -2.47353 0.916964 
-0.236758 -1.18446 -0.730923 
1.38458 -3.65502 -1.81734 
0.724667 -4.54258 -2.052 
-1.17233 0.370248 -1.66228 
0.101455 -1.34777 0.366202 
1.73964 -2.40185 -0.655598 
0.526637 -5.17247 -1.49522 
-0.740111 -1.97951 -0.981622 
-4.39168 -5.61812 3.15489 
-0.26547 -0.98885 0.589375 
2.27297 -2.41183 -0.366252 
-2.05361 0.269114 -0.143937 
2.71263 -4.64168 -2.09819 
1.46365 -0.580821 -0.719013 
-2.18366 -1.0719 0.572988 
1.27324 -3.77105 -1.97553 
1.03711 -4.34494 -2.7412 
-0.391146 -0.0186563 -0.048348 
-1.14275 0.102686 -0.83849 
0.696787 -4.20972 -1.55641 
0.482767 -5.04308 -1.42304 
0.461621 -1.67275 0.318709 
-0.116928 -1.48888 -0.0315955 
-5.51647 -13.2771 -4.61206 
-5.37942 -13.4775 -4.41714 
0.327598 -9.28754 -7.47607 
-0.067662 -1.48669 -0.199178 
-1.47549 0.344647 -1.44895 
-1.65286 0.404515 -1.15616 
-0.411848 -0.0322658 -0.0386533 
-0.887835 -0.499406 0.425413 
-1.72812 -1.4739 0.202416 
-0.140246 -4.02909 -0.232981 
-1.86414 0.452346 -0.633152 
0.0158628 -34.1166 -30.3322 
-3.61789 -19.934 -17.0246 
-1.62596 0.403981 -1.20885 
-4.26928 -11.5219 -7.74129 
0.0567626 -4.83149 -0.45623 
-1.68844 0.408896 -1.04272 
1.01059 -13.8952 -11.7495 
-2.01578 0.475793 -0.200469 
-2.20594 -1.08265 0.568166 
1.46388 -0.574761 -0.717578 
-0.466191 0.439042 -1.62719 
-6.35288 -34.5396 -29.5806 
4.51107 -5.17305 -0.129757 
-0.627413 -0.751276 0.384619 
-0.0646266 -4.36712 -0.305254 
-1.28849 0.430708 -1.83817 
-5.24104 -13.0438 -4.19801 
-2.02202 -0.494764 0.253082 
2.56054 -4.46588 -1.93497 
-1.83674 0.431697 -0.599583 
1.59868 -0.220567 -0.874902 
-1.16862 -8.54232 -6.89701 
0.604025 -3.8571 -2.4332 
0.753546 -11.3651 -9.40483 
0.0882558 -4.81948 -0.565424 
-1.34268 0.365087 -1.80472 
-1.65475 0.427953 -1.26608 
4.07404 -6.16494 -2.90504 

8.14069 -19.1077 -5.56759 
-4.60459 -10.5665 13.1971 
2.81779 -3.66574 0.535817 
1.05131 -0.229256 -0.772945 
-6.58312 -5.63471 6.45697 
1.24091 -3.0368 0.126269 
-1.38187 -4.20712 1.36114 
-0.831905 -3.58958 -0.103824 
0.0351809 -7.29858 -1.42757 
27.7638 -33.9671 -6.9095 
-0.815567 -4.33558 -0.0184432 
-1.06011 -0.608569 0.304125 
-1.13203 -1.75876 0.927384 
1.76125 -5.07629 -1.04907 
-12.3586 -13.3428 21.673 
-0.758158 -3.78144 2.09211 
-1.08616 -1.40101 0.809106 
-1.09026 -2.66771 0.519368 
-1.26614 -2.78296 1.02754 
-1.7355 0.438986 0.794067 
3.23562 -16.1117 -5.70509 
0.92432 -5.34401 -1.14878 
-1.38617 -4.39024 1.75023 
28.8395 -35.2477 -5.28802 
-6.00725 -3.63273 9.4509 
0.0992223 -0.93906 0.79546 
0.161424 -0.893849 -1.03709 
1.3891 -0.87887 -2.08952 
-1.08124 -4.19928 -0.207078 
-0.272966 -1.10663 -0.428816 
-0.411054 -1.7163 -0.00769206 
2.09477 -4.59796 -0.367405 
-0.915005 -4.16248 -0.0704218 
-0.48633 -0.0341996 -0.419288 
0.92711 -1.90325 0.597046 
-1.53806 -4.20496 1.17663 
-1.38236 -4.32185 1.75514 
3.24693 -4.49878 0.215447 
-0.546319 -3.38735 0.195008 
-4.8667 -7.43675 7.34736 
-5.31749 -8.38459 8.09845 
9.62735 -16.0625 -3.39886 
25.3157 -23.4575 4.42047 
-1.76766 0.608507 1.12112 
-0.570995 -0.00671797 -0.330114 
-1.71448 0.500199 0.902784 
-1.48367 -1.86548 1.34809 
-3.36124 -3.32818 3.2208 
-0.262614 -3.45372 2.38052 
-0.533095 0.00476547 -0.33618 
11.8789 -34.0318 -13.0021 
1.20559 -10.8415 -3.01598 
-1.57733 0.363169 0.557291 
-1.07278 -3.34981 0.123251 
-0.729694 -4.01766 2.27011 
-0.73135 0.0700816 -0.189912 
-2.32233 -2.5774 2.03078 
-0.809708 -0.875615 1.81556 
-0.789527 0.1055 -0.0826382 
-0.279233 -1.10354 -0.416736 
-1.45408 0.30574 0.429117 
2.39097 -3.66572 0.319018 
0.956484 -5.47003 -1.23497 
-2.52161 -3.53288 1.27745 
-0.576626 -3.1386 1.95621 
0.0442796 -0.850364 -0.942808 
-4.5052 -7.30124 7.14616 
-0.498275 -0.241687 -0.348387 
-0.535088 -0.835804 1.03751 
-0.638842 0.0451569 -0.226389 
-0.307629 -0.782276 -0.469777 
2.70543 -3.57371 0.531968 
-1.82776 -3.18686 0.894127 
6.05701 -8.60967 -0.92681 
-0.486029 -4.07188 2.52182 
-1.82692 0.536444 0.986464 
-0.697841 0.055705 -0.186581 
-0.908848 -4.72812 -0.528251 
