-0.525098 -0.466776 -0.711612 1.07367 -0.0106323 0.839699 -0.542948 0.0878198 0.850975 -0.277535 -0.445887 0.346258 0 0 0 1
1 0 0 0 0 1 0 0 0 0 1 0 0 0 0 1
###
5.04954 -5.29471 2.11741 
3.10047 -0.854495 -0.646051 
-0.694948 -2.15823 0.270099 
0.649459 -4.43045 -1.1724 
8.84062 -16.1482 -3.86167 
1.16443 -0.64732 2.8955 
2.28136 -1.61732 3.12893 
1.55091 -1.17628 2.11165 
-0.930568 -2.67827 0.174367 
3.31133 -0.883037 -0.69386 
9.64904 -16.0916 -3.41354 
-0.0161542 -0.926167 -1.11489 
3.1264 -1.68334 -0.504874 
-1.16713 -3.79506 -0.0925616 
2.13442 -1.3141 2.56725 
2.83036 -2.17102 2.59089 
3.92683 -6.65868 -1.09775 
2.66603 -0.620429 -0.34237 
3.04316 -1.13799 -0.548967 
3.13592 -0.974286 -0.811137 
3.19776 -1.59586 -0.430289 
8.59751 -12.8875 -3.12244 
1.5379 0.9177 1.54341 
0.60134 -1.41456 1.64048 
0.660401 -1.63624 1.64141 
3.43025 -3.50375 1.908 
0.851411 -9.63723 -3.35962 
3.186 -1.49924 0.404021 
0.631422 -1.39164 1.53923 
1.0857 -1.35929 2.05216 
3.31833 -0.866346 -0.695429 
0.637011 -1.39148 1.53456 
0.0434678 -2.8214 -0.154014 
1.52445 -1.10239 2.08124 
3.24602 -0.782562 0.104638 
2.94326 -0.260608 0.301847 
0.546211 -1.42101 1.61153 
2.7919 -4.51863 -0.610383 
3.56871 -3.44438 1.31845 
3.16984 -1.49057 0.399287 
3.12847 -4.68045 -0.512203 
-0.368662 -1.13944 -0.533694 
1.08992 -1.25654 1.98728 
4.38993 -3.90525 1.16158 
0.970196 -1.09388 1.89732 

6.32025 -12.1363 11.8823 
1.18643 -1.4983 3.0319 
3.5953 -3.15956 0.244697 
9.50074 -9.44441 7.15414 
5.13531 -5.1276 2.96767 
2.54842 -0.403446 2.85207 
-0.839776 -3.57647 4.19991 
-2.21118 -2.58544 -0.284913 
-0.179303 -0.139494 0.119927 
2.43335 -0.039092 2.77768 
11.0986 -11.0289 7.22975 
-0.391849 0.0986087 0.37159 
2.60439 -0.914368 2.79824 
-0.205962 -0.203765 0.0748123 
-1.24879 -5.85594 6.90693 
0.113963 -5.41698 5.90353 
7.61508 -7.01893 1.39047 
2.71618 -1.46226 3.13135 
-0.0411501 0.0935839 0.0227856 
2.65094 -0.0463973 2.74422 
2.51708 -0.809809 2.83207 
7.25446 -19.1521 23.5583 
-0.762589 0.637212 2.14366 
-0.744016 -1.75985 0.745216 
-0.616503 -1.79987 0.754919 
4.59205 -4.70468 2.97405 
-4.36742 -4.63853 0.833695 
1.76738 0.0599146 3.14181 
0.0120423 -2.2211 1.03403 
0.0265723 0.497696 0.266018 
2.49229 -0.0194138 2.95333 
0.00303892 -1.7765 1.05127 
1.30431 -12.483 11.0248 
2.29266 0.713215 0.757075 
1.75368 0.0650026 3.12771 
2.68955 0.0205004 2.83232 
-0.742197 -2.33755 0.806434 
10.5449 -9.60973 2.14981 
-7.0357 -8.47473 -0.818171 
-0.0557095 0.00348786 0.022272 
4.07622 -4.06374 2.66165 
-0.22438 -0.205631 0.069959 
-0.989702 -1.69626 1.59247 
10.7082 -9.80726 2.12848 
-0.126893 -0.0860195 -0.00503329 
