-0.808174 -0.344453 -0.477711 -0.746334 -0.120019 0.890433 -0.439004 0.321667 0.576586 -0.297457 -0.760966 0.823943 0 0 0 1
-0.707707 0.171871 0.685282 -0.669757 -0.240302 0.853572 -0.462244 0.79491 -0.664384 -0.491808 -0.562778 0.095582 0 0 0 1
###
4.01888 -6.30493 -2.9886 
-0.991045 -0.33999 0.428584 
1.2116 -3.92824 -1.91629 
-0.766129 -0.562886 0.670494 
-0.916183 -0.4256 0.529966 
-0.996966 -0.335254 0.429351 
-0.661693 -0.619705 0.462191 
-0.990865 -0.340255 0.428566 
-0.390005 -3.09789 -1.97993 
1.24354 -4.04132 -1.97499 
1.3902 -4.25321 -2.31483 
0.517661 -3.94603 -2.15277 
-0.750355 -0.551509 0.568463 
-0.461661 -2.30144 0.912986 
-0.815457 -0.491603 0.497858 
-0.0961916 -4.64619 -3.23298 
0.0908738 -1.52042 -1.19923 
4.39111 -7.22127 -4.16849 
12.118 -11.9432 7.27041 
-1.16826 0.367348 -1.653 
0.696934 -5.63935 -1.61519 
1.69962 -0.594388 -0.830813 
-2.6198 -13.571 -11.3866 
1.64904 -1.99542 -0.188303 
1.4978 -0.585698 -0.735613 
-1.00705 -0.327408 0.426214 
-2.27269 -3.00333 -0.927231 
0.706525 -4.21219 -1.56319 
1.30061 -3.82009 -2.01628 
-0.546743 -0.29787 0.277924 
-1.13879 0.230866 -1.21297 
-1.55536 0.405335 -1.42854 
0.660504 -4.25378 -1.25586 
0.52522 -5.16724 -1.49318 
1.61568 -0.594363 -0.796364 
-0.613028 -1.78471 0.797632 
-1.64825 0.40245 -1.15516 
-1.77178 0.429724 -0.816299 
0.961304 -2.63981 -0.98909 
0.116441 -1.36927 0.286647 
-0.105149 -1.81238 0.959393 
-1.1108 -5.56248 -4.25662 
-5.48955 -13.7114 -4.47112 
0.969586 0.868393 -1.82715 
-0.463232 -0.0247726 -0.0726621 
1.13465 -5.70867 -1.99489 
1.18012 -3.88826 -1.99266 
-0.597415 -0.666302 0.447033 
-1.48976 0.459205 -2.33966 
-1.62801 0.405305 -1.214 
0.904728 -5.10809 -1.69085 
1.75863 -0.579703 -0.792021 
-0.826703 -0.441087 0.110113 
0.084839 -4.80356 -0.564667 
-0.592619 -0.301228 -0.00315811 
-1.17322 0.377852 -1.69783 
-2.2145 0.859565 -1.52598 
1.71963 -10.9975 -8.87505 
-0.475545 0.41905 -1.57895 
-1.28759 0.432554 -1.83736 

-0.468805 -3.17283 -0.0670539 
-1.48367 -1.86548 1.34809 
-1.09026 -2.66771 0.519368 
27.7638 -33.9671 -6.9095 
2.29948 -3.86871 0.157847 
-6.58312 -5.63471 6.45697 
8.09932 -12.4002 -2.18285 
-5.29759 -5.82415 2.78973 
1.20559 -10.8415 -3.01598 
-1.70109 -4.26473 0.867902 
-0.775689 -1.87757 0.549426 
-0.535088 -0.835804 1.03751 
-1.56836 -1.66346 1.88106 
-1.48505 -4.06069 1.4925 
-1.28263 -3.49626 4.80683 
2.39097 -3.66572 0.319018 
-1.08616 -1.40101 0.809106 
-6.72423 -6.09893 6.18048 
2.81779 -3.66574 0.535817 
0.92711 -1.90325 0.597046 
-1.40512 -4.1118 1.67169 
-0.272966 -1.10663 -0.428816 
-1.13203 -1.75876 0.927384 
0.161424 -0.893849 -1.03709 
-0.304498 -0.783449 -0.469218 
37.8939 -51.2786 -9.56249 
-5.62328 -5.17844 6.64797 
-1.53806 -4.20496 1.17663 
16.1253 -23.7046 -4.39603 
0.180335 -1.08046 -0.994004 
-0.533095 0.00476547 -0.33618 
-0.45647 -0.074087 -0.523591 
-1.54133 -4.82795 1.45124 
-1.38236 -4.32185 1.75514 
-0.279233 -1.10354 -0.416736 
-1.5459 -4.22717 1.52558 
-0.443406 -0.0757903 -0.465442 
-0.743023 0.0769173 -0.156085 
-0.831418 -3.58624 -0.102861 
2.14473 -11.7569 -3.34091 
-4.93072 -7.90297 7.87349 
-2.73483 -2.66295 2.74783 
-5.31749 -8.38459 8.09845 
0.442529 -0.566692 -1.69039 
-0.855327 0.0960173 -0.103379 
-1.49057 -4.39731 1.3541 
-1.56974 -3.57472 0.570262 
13.5582 -14.4223 -0.083112 
-1.99686 0.586474 1.05464 
-1.76766 0.608507 1.12112 
-1.37952 -4.31961 1.33051 
-0.218631 -1.11302 -0.512686 
-1.07607 -1.20959 0.686757 
-0.223862 -1.54913 1.40077 
-0.755831 -0.688531 -0.0446078 
-1.71448 0.500199 0.902784 
-0.721365 0.0825449 -0.181273 
7.7191 -17.0573 -4.60133 
-1.45408 0.30574 0.429117 
-1.72235 0.554022 1.00336 
