-0.874205 -0.144109 -0.46368 -0.808955 0.10055 0.880515 -0.463232 0.520682 0.475033 -0.451582 -0.75526 0.524164 0 0 0 1
-0.707707 0.171871 0.685282 -0.669757 -0.240302 0.853572 -0.462244 0.79491 -0.664384 -0.491808 -0.562778 0.095582 0 0 0 1
###
-0.680403 -1.36232 -0.0744655 
1.42275 -2.50008 0.155507 
-1.36083 -0.983625 0.334618 
-9.79127 -7.96859 -1.32657 
-0.658729 -0.652153 0.481758 
0.0284366 -1.21963 0.417201 
1.65815 -4.04337 -2.08736 
-0.549154 -0.777643 -0.133141 
-0.804313 -0.518537 0.290776 
10.7364 -13.5343 13.1098 
0.840285 -4.45355 -1.71463 
3.5446 -5.72838 -2.63756 
1.27071 -4.02162 -1.98786 
0.630213 -5.10765 -1.70976 
0.912445 -7.5999 -5.9125 
0.408976 0.531829 -1.15453 
-1.16108 0.362473 -1.63157 
-10.3417 -7.92508 -1.74448 
5.4078 -5.95838 -0.193008 
-0.703262 -1.48113 0.712574 
0.561662 -4.5507 -0.949572 
-5.42085 -13.5569 -4.44807 
1.59783 -0.581889 -0.770252 
2.70619 -4.63472 -2.08274 
-0.56078 -0.726276 0.32472 
1.16505 -4.4753 -2.88008 
2.45206 -0.272055 -0.538559 
-1.69098 0.417639 -1.04305 
1.45985 -3.16138 -1.31999 
0.565437 0.550686 -1.09437 
0.363824 0.510543 -1.11756 
1.48791 -0.234396 -0.79911 
-0.980646 -0.610711 0.333533 
-1.63705 0.397289 -1.1378 
-0.72366 -3.88155 -2.82977 
0.974339 -7.26291 -5.56442 
0.643981 -0.413785 -0.894341 
3.18024 -5.47141 -2.20497 
0.518224 0.526802 -1.05364 
-0.335498 0.164171 -0.214059 
1.5508 -0.589763 -0.753373 
0.793761 -5.98642 -1.77677 
-1.56518 -8.05098 -6.47237 
4.98269 -5.80973 -0.265803 
-1.58857 0.386333 -1.23569 
-1.63736 0.397537 -1.13141 
7.33408 -7.52665 1.34855 
0.0861575 -5.04421 -0.426475 
1.70725 -10.9395 -8.81936 
0.372743 -0.407931 -0.696941 
1.00247 -0.409466 -1.19744 
-0.376108 -0.383559 -0.477898 
0.393375 0.53411 -1.16525 
0.913069 -5.14279 -1.70826 
-1.4032 0.333604 -1.85347 
-3.45533 -3.51709 0.536406 
-0.384915 0.0719772 0.306572 
5.53861 -6.05495 2.98287 
0.0876498 -1.51504 -1.19003 
-0.339876 -4.53491 0.537384 
4.57649 -5.14749 -0.151491 
0.31864 0.532645 -1.19871 
3.50255 0.500776 0.438768 
-0.555012 0.272131 0.0393107 
0.36055 0.518899 -1.1337 
0.964975 -5.24655 -1.75461 
2.32408 -4.48639 -1.43607 
-1.26522 0.402531 -1.72445 
5.37105 -6.1605 -0.301723 
2.73308 -4.21218 -1.49059 
-0.656654 -4.09582 1.23807 
-0.848631 -1.1618 0.454148 
-1.65974 0.389845 -0.990537 
2.50166 -5.44798 -3.24107 
0.867129 -0.405802 -1.08905 
-0.393914 -0.871407 0.343612 
0.123471 -0.440268 -1.10222 
0.255614 -1.15174 -1.41838 
0.0941791 -13.025 -10.9531 
2.47512 -0.263523 -0.533257 
-1.45352 -1.14268 0.362785 
1.23499 0.89292 -1.59078 
4.36061 -5.28147 -0.186313 
5.12755 -5.60291 -0.211227 
-1.64314 -8.90683 -7.26953 
0.622624 -5.09162 -1.76573 
0.800926 -5.98481 -4.45565 
-3.2218 -5.10687 -2.02437 
-1.6151 0.375424 -1.07207 
0.710735 -0.394083 -0.980288 
0.0779966 -4.77827 -0.55185 
0.3668 -5.38809 -1.10312 
1.1275 -24.8085 -21.3403 

-1.38606 -4.38979 1.75009 
-2.32233 -2.5774 2.03078 
-4.49196 -9.17233 11.4493 
-3.30389 -3.46321 1.16636 
31.3971 -39.5434 -7.07124 
7.75439 -11.8867 -2.07378 
-3.62741 -3.61791 3.20524 
13.4329 -30.5123 -10.9593 
-1.5692 -1.95405 1.56007 
27.7638 -33.9671 -6.9095 
-1.53788 -4.20437 1.1765 
-2.00952 -2.28946 1.83733 
-0.961036 -2.25413 0.670798 
-1.55127 -4.30097 1.55694 
-6.72423 -6.09893 6.18048 
0.442043 -0.567721 -1.69086 
-0.727343 0.0638806 -0.190197 
-0.809708 -0.875615 1.81556 
1.60933 -8.10057 -2.65093 
-1.48505 -4.06069 1.4925 
-1.03836 -4.00126 1.571 
-4.86667 -7.43671 7.34733 
-0.272963 -1.10662 -0.428812 
-10.1191 -10.9998 4.66702 
-0.993104 -1.21478 1.34516 
-5.29759 -5.82415 2.78973 
0.180335 -1.08045 -0.993998 
-0.357139 -0.111603 -0.602001 
-0.832229 -3.59008 -0.10404 
-1.57733 0.363169 0.557291 
2.08679 -0.193163 -0.588023 
-0.304498 -0.783449 -0.469218 
-0.758158 -3.78144 2.09211 
-0.570995 -0.00671797 -0.330114 
-0.812495 -1.00279 1.34682 
-1.82776 -3.18686 0.894127 
-0.642999 -0.962556 -0.195575 
1.85898 -4.90089 -1.00053 
-0.743093 0.0769829 -0.156191 
-0.697842 0.0557 -0.186583 
-0.276582 -1.10165 -0.424449 
-1.38227 -4.32158 1.75506 
-0.163402 -0.543405 0.958581 
2.39867 -3.67553 0.317174 
-0.0966923 -0.24327 -0.956412 
-0.533095 0.00476547 -0.33618 
-1.02002 -4.79673 -0.14932 
-1.00975 -4.11533 2.0488 
-6.83414 -8.98275 2.38233 
-0.631556 -0.885376 -0.116083 
-0.61533 -0.920942 -0.12246 
-1.01568 -0.593537 0.226587 
-0.848534 0.121355 0.00686014 
-1.49077 -4.39817 1.35418 
-1.99686 0.586474 1.05464 
-0.801883 0.0672014 -0.172348 
1.29607 -0.13668 -0.884862 
2.3014 -3.87132 0.157274 
-1.08616 -1.401 0.809102 
-0.223862 -1.54913 1.40077 
3.23702 -16.1186 -5.7079 
-0.880567 0.128103 0.00629948 
1.38724 -0.876213 -2.09466 
-0.895948 0.136311 -0.0158848 
-1.76766 0.608507 1.12112 
-1.54133 -4.82795 1.45124 
-0.79931 -4.36858 -0.0244919 
-1.71261 0.535035 0.985691 
2.14493 -11.7574 -3.34102 
-1.02762 -4.08685 -0.212492 
-0.351386 -2.79897 1.98433 
-0.517918 -2.65199 1.41617 
-0.457292 -0.743695 -0.278646 
2.095 -4.59811 -0.367373 
-0.643861 -0.868527 -0.115742 
1.62618 -4.66954 -0.537772 
-0.939701 -0.583072 0.132708 
-1.07607 -1.20959 0.686757 
-4.47382 -4.11231 4.75166 
0.182895 -1.0831 -1.00315 
-3.67268 -7.85995 9.86069 
-0.538344 0.00907321 -0.34222 
1.52218 -8.54396 -2.13113 
-4.92067 -4.42354 5.9243 
-1.06363 -1.61301 0.917348 
-1.5459 -4.22717 1.52558 
-0.845155 -2.69624 0.291742 
-5.62328 -5.17844 6.64797 
1.05105 -0.22929 -0.772578 
-0.755831 -0.688531 -0.0446078 
-0.262614 -3.45372 2.38052 
-0.531776 -3.71228 2.25593 
0.394929 -2.11095 0.244521 
