-0.529985 -0.407984 -0.743414 1.10103 0.0996357 0.84063 -0.532367 0.10734 0.842133 -0.356217 -0.404872 0.585363 0 0 0 1
0.999715 -0.00832138 -0.0223653 -0.00355825 0.00839438 0.99996 0.00317201 -0.0053905 0.022338 -0.00335885 0.999745 0.00556748 0 0 0 1
###
2.55805 -1.6085 -1.01143 
1.06393 -0.867379 2.72532 
-3.87704 -9.43183 -1.01189 
9.09608 -16.5921 -3.97667 
0.586106 -1.46916 1.64581 
0.602787 -1.25797 1.5251 
2.87736 0.196 0.165127 
3.27744 -0.873522 -0.684434 
3.17265 -1.71347 -0.518951 
1.11981 -0.932941 2.81123 
-7.83798 -18.008 -1.94194 
2.13229 -1.31464 2.56982 
3.06215 -1.14651 -0.554597 
10.469 -11.4092 19.6535 
10.5318 -12.2565 -1.00082 
0.366748 0.678115 0.997407 
2.7391 -0.434744 0.538503 
14.0302 -20.8879 -4.88865 
2.61168 -1.38727 1.029 
0.367798 0.665173 0.967918 
0.310805 0.703887 1.07159 
41.0773 -49.892 -7.76472 
6.29003 -11.0049 -2.42411 
0.307557 0.713593 1.0925 
1.77073 -1.21603 3.57263 
1.25218 -0.716645 2.77503 
2.30278 -1.86263 -1.28212 
0.364142 0.663398 0.968539 
0.545054 -1.39037 1.60004 
2.69226 -0.477829 0.58281 
3.20961 -0.863972 0.152604 
2.89103 -1.899 2.08021 
3.16063 -4.03114 -0.210298 
0.553117 -1.44657 1.62017 
1.08818 -1.2551 1.98508 
1.25622 0.263968 1.80724 

7.25446 -19.1521 23.5583 
-0.986982 -4.44418 5.2147 
3.5953 -3.15956 0.244697 
-2.49535 -2.72744 0.74124 
-0.742197 -2.33755 0.806434 
-0.615887 -1.79787 0.755776 
1.11168 0.508281 2.84643 
2.43335 -0.039092 2.77768 
3.09677 -1.45855 2.1277 
-0.660326 -1.65703 1.10335 
-0.0622533 -0.107123 0.00969424 
-1.24879 -5.85594 6.90693 
2.51708 -0.809809 2.83207 
-1.79507 0.568384 1.67476 
2.67155 -3.43464 3.34186 
-0.0605736 0.0686588 -0.000562887 
1.18643 -1.4983 3.0319 
2.33512 -2.29977 1.64954 
1.08706 0.0445238 2.66218 
-0.13752 0.0144201 0.279979 
-0.0103534 0.671367 1.48048 
0.0759169 -0.0814404 0.0724589 
10.5449 -9.60973 2.14981 
-0.0421266 -0.00599086 0.0619913 
2.29266 0.713215 0.757075 
2.68955 0.0205004 2.83232 
2.69346 -1.04646 1.93683 
-0.0046985 0.669471 1.47665 
-0.662672 -2.12042 0.697953 
1.10806 -0.245627 2.84468 
1.75368 0.0650026 3.12771 
12.6318 -12.4463 7.58054 
9.50074 -9.44441 7.15414 
0.0120423 -2.2211 1.03403 
-0.446866 0.0633166 0.290465 
-0.821434 -0.161354 1.93136 
