-0.529985 -0.407984 -0.743414 1.10103 0.0996357 0.84063 -0.532367 0.10734 0.842133 -0.356217 -0.404872 0.585363 0 0 0 1
1 0 0 0 0 1 0 0 0 0 1 0 0 0 0 1
###
0.872113 -1.55096 1.92235 
-3.87704 -9.43183 -1.01189 
18.1155 -17.9897 2.27993 
-0.794816 -1.73959 0.61674 
4.22523 -7.13798 -1.25101 
0.336729 0.612444 0.852852 
-3.79727 -8.91255 -0.81892 
1.11981 -0.932941 2.81123 
0.358765 0.662182 0.973774 
3.36423 -11.7852 -4.01796 
0.364625 0.676453 0.99802 
1.13516 0.126683 1.95569 
1.53384 0.912818 1.53508 
1.24288 -0.706084 2.76722 
0.367798 0.665173 0.967918 
41.0773 -49.892 -7.76472 
6.29003 -11.0049 -2.42411 
1.02887 -0.778801 2.64629 
0.783572 -1.15119 2.34357 
0.634061 -1.39325 1.53728 
1.20749 0.54727 1.91175 
1.25218 -0.716645 2.77503 
0.364142 0.663398 0.968539 
-1.49838 -2.9396 0.878259 
32.4805 -37.2807 -4.27858 
0.300878 0.423594 0.510022 
3.16063 -4.03114 -0.210298 
1.25622 0.263968 1.80724 
0.706084 -3.20249 2.74302 
3.19561 -2.18012 2.05971 

0.232228 0.605309 -0.0210528 
-0.426696 -0.515032 0.592363 
13.8534 -15.5669 5.48924 
4.70693 -7.0223 -0.0350104 
20.828 -37.6261 55.0758 
5.43688 -1.60404 2.86141 
5.35212 -7.54113 0.368868 
6.41525 0.301282 4.42864 
0.314699 -0.0761233 0.444846 
5.43432 -6.19611 2.18986 
-6.87714 -2.88374 2.74419 
-4.40382 -2.7833 4.01501 
-0.194593 0.364019 0.380557 
-4.47899 -4.62888 0.500844 
0.316509 -0.0778649 0.394125 
9.31136 -18.3718 27.3216 
9.26081 -10.9849 4.78197 
20.8363 -19.6671 19.1556 
-6.5467 -1.75462 1.9649 
-0.998705 -5.78443 4.73414 
-5.54243 -0.342817 3.8949 
0.136962 0.0226339 0.379389 
0.310048 -0.0742393 0.385627 
18.4447 -20.8891 25.0831 
32.4707 -52.3384 77.5923 
-0.258625 0.0273825 0.227381 
15.9939 -14.6252 14.3415 
7.5013 -3.21398 7.06931 
0.697906 -12.0323 3.63633 
29.8787 -27.7481 27.7861 
