-0.881571 -0.175394 -0.438258 -0.822145 0.0621858 0.877169 -0.476138 0.500469 0.467938 -0.447003 -0.762379 0.572063 0 0 0 1
-0.707707 0.171871 0.685282 -0.669757 -0.240302 0.853572 -0.462244 0.79491 -0.664384 -0.491808 -0.562778 0.095582 0 0 0 1
###
3.26893 -3.91665 0.755216 
-1.27603 -0.798221 0.362114 
-0.801015 -1.36504 -0.571418 
1.15721 -4.26362 -2.06882 
0.0339805 -1.84086 1.08166 
0.532624 -4.47529 -0.921685 
0.6215 -5.44693 -1.59886 
-0.0207785 -5.21534 -3.82877 
0.36457 0.505734 -1.10733 
-0.642031 -0.649795 0.452312 
-0.558406 -0.736442 0.384288 
-0.633991 -0.666554 0.364717 
-1.25823 -0.759831 0.366333 
1.60651 -0.583935 -0.776303 
-1.16235 0.362988 -1.63449 
0.755711 -5.85467 -1.7151 
-1.69091 0.418335 -1.04443 
0.0829782 -1.5131 -1.18605 
-5.43804 -13.6058 -4.4673 
0.523687 -5.16076 -1.48867 
-0.362516 -4.79414 -3.53277 
0.329096 0.42486 -0.881588 
0.899696 -4.08908 -2.11166 
-1.24497 -0.729562 0.360088 
-0.897554 -2.22662 -1.35208 
-1.64178 -5.14998 -3.88924 
2.61312 -0.270209 -0.584333 
1.48173 -0.5823 -0.719265 
-0.66508 -0.470481 0.564966 
26.4577 -88.2646 -75.7202 
-0.475629 -0.806443 0.387675 
0.562817 -5.76151 -4.22348 
0.352013 -5.37907 -1.11085 
-1.64069 0.399037 -1.13671 
-0.477172 0.411939 -1.54286 
3.15073 -5.44645 -2.18939 
2.30388 -3.8001 -1.15534 
-1.50562 -7.20629 -5.68174 
1.19576 -1.0807 -0.782964 
-0.947615 -0.823601 0.358473 
0.916301 -7.04402 -5.36299 
-0.944925 -4.89965 -3.73418 
0.404404 0.541684 -1.18044 
-1.48049 0.360257 -1.50334 
0.854129 -4.99814 -1.63802 
0.00286153 -1.77893 1.05113 
-0.778749 -0.548746 0.463417 
6.06883 -6.80281 -0.388411 
-3.0721 -4.76554 -1.83819 
0.304793 -5.18535 -1.03444 
-0.483293 0.402786 -1.52333 
-2.91215 -3.06466 0.377227 
-0.329823 -0.973654 0.250588 
1.84058 -3.35535 -1.06304 
-1.1349 0.39754 -1.72404 
-1.26952 0.405654 -1.73788 
-0.758341 -1.76444 0.730256 
0.330352 -4.9313 -3.54577 
0.561444 -5.01355 -0.67815 
-1.30066 -0.836615 0.377028 
-1.13624 0.438632 -1.83843 
0.738238 -5.04387 -1.18762 
0.494082 -5.15141 -1.4769 
-1.60902 0.334664 -0.936559 
0.164997 -0.448732 -1.16731 

1.62831 -4.72848 -0.911073 
-4.49196 -9.17233 11.4493 
38.6013 -52.1766 -9.76171 
-1.36001 -3.15023 0.668037 
-1.48505 -4.06069 1.4925 
-1.0044 -3.94395 1.53502 
-1.40512 -4.1118 1.67169 
-6.58312 -5.63471 6.45697 
0.442043 -0.567721 -1.69086 
7.90735 -12.0938 -2.11706 
2.3014 -3.87132 0.157274 
-3.36124 -3.32818 3.2208 
0.536679 -0.545052 -1.50833 
-0.272963 -1.10662 -0.428812 
0.92711 -1.90325 0.597046 
-1.38606 -4.38979 1.75009 
-0.443404 -0.0758006 -0.465422 
-1.08616 -1.401 0.809102 
-4.50523 -7.3013 7.14621 
-1.38227 -4.32158 1.75506 
-2.32233 -2.5774 2.03078 
-1.57733 0.363169 0.557291 
-1.74959 -3.50277 0.773039 
-3.83652 -7.86448 9.93146 
-0.993104 -1.21478 1.34516 
2.19026 -3.20607 0.471498 
0.180335 -1.08045 -0.993998 
-0.279233 -1.10354 -0.416736 
-1.57131 0.494757 1.07841 
-0.413999 -2.70985 -0.0148958 
-0.81591 -4.35036 -0.0196348 
32.8919 -37.7588 -4.31001 
-1.01412 -4.08662 2.02489 
-0.570995 -0.00671797 -0.330114 
-1.45408 0.30574 0.429117 
-0.914895 -4.16141 -0.0703545 
-0.918586 -4.01341 -0.0866674 
-5.29759 -5.82415 2.78973 
-0.425929 -1.39601 -0.118417 
0.171021 -1.19487 0.817147 
-3.62741 -3.61791 3.20524 
-1.56836 -1.66346 1.88106 
-0.848534 0.121355 0.00686014 
-1.73489 0.641578 1.1964 
-1.54133 -4.82795 1.45124 
-1.5272 -4.35903 1.38202 
1.83455 -2.86955 0.395727 
2.14493 -11.7574 -3.34102 
-4.92067 -4.42354 5.9243 
-1.00975 -4.11533 2.0488 
-1.45214 0.30622 0.426082 
-1.46163 -3.47696 0.59024 
0.454812 -3.2642 -0.107697 
-0.831379 -3.58735 -0.103154 
-1.71448 0.500199 0.902784 
-1.72235 0.554022 1.00336 
-0.837434 0.1097 -0.0547459 
2.7135 -3.58254 0.530881 
-0.229775 -1.14594 1.07331 
-1.5459 -4.22717 1.52558 
-1.69895 0.495663 0.894129 
-0.859821 -3.4274 1.4284 
-1.35324 -4.25515 1.76181 
-1.82692 0.536444 0.986464 
-1.05935 -0.612725 0.31221 
