-0.4914 -0.491292 -0.719138 1.08394 0.168921 0.756265 -0.632083 0.287272 0.854396 -0.432082 -0.288639 0.541455 0 0 0 1
0.999715 -0.00832138 -0.0223653 -0.00355825 0.00839438 0.99996 0.00317201 -0.0053905 0.022338 -0.00335885 0.999745 0.00556748 0 0 0 1
###
5.01445 -5.258 2.09888 
1.095 -1.33606 4.26962 
0.575448 -1.3971 1.62396 
0.640868 -1.33503 2.11283 
3.11263 -0.85878 -0.649123 
0.61202 -1.29743 1.53606 
3.23358 -3.13429 1.67038 
4.16731 -7.02074 -1.19578 
0.629767 -1.38071 1.5479 
1.0644 -0.147104 0.61623 
2.09689 -1.28516 2.52971 
1.26045 -1.76504 0.406343 
2.96545 -0.723414 -0.859489 
3.12954 0.35751 0.080963 
14.9648 -16.673 -1.2592 
1.54381 -2.31569 0.24638 
1.4295 0.446525 1.64099 
3.14347 -7.89519 17.405 
1.06409 -0.14747 0.614792 
3.72611 0.036041 -0.790222 
0.987103 -0.742356 2.58519 
2.45621 -1.64063 3.07553 
3.07594 -0.214765 -1.10296 
3.19539 -1.59323 -0.429913 
0.340459 0.73163 1.08648 
4.59107 -4.80107 1.46225 
15.6039 -21.6765 -4.8744 
2.8088 -0.28235 0.464378 
2.5235 -1.55558 -1.0285 
0.555204 -1.0411 1.97325 
0.546117 -1.3882 1.59929 
-0.110938 -0.878295 1.51427 
3.31663 -0.866198 -0.694861 
17.8137 -24.5331 -5.30772 
2.77033 -0.974165 -0.370658 
0.874778 0.530041 2.44644 
0.367003 0.676428 0.994765 
0.302843 0.712077 1.08415 
0.547368 -1.39114 1.60139 
1.35641 -0.751181 2.81389 
1.44464 0.435348 1.64893 
3.18808 -1.50076 0.398972 
3.24039 -0.75393 0.102304 

6.32025 -12.1363 11.8823 
1.30431 -12.483 11.0248 
0.0177711 -2.35717 1.09062 
-0.988081 -4.44882 5.22031 
1.14247 -1.46285 2.95266 
-0.732091 -2.35144 0.785274 
2.48156 -4.72879 4.90385 
5.13531 -5.1276 2.96767 
0.00285371 -1.77956 1.05008 
-0.0406711 0.0922224 0.0223452 
-0.526511 -2.30024 2.74772 
10.5449 -9.60973 2.14981 
-0.74799 -0.742252 1.74739 
0.921467 0.638285 2.53805 
12.4195 -11.6245 6.7443 
0.113963 -5.41698 5.90353 
-1.98827 -1.38774 1.27268 
-7.02185 -8.6072 -0.778422 
2.68955 0.0205004 2.83232 
2.20781 0.851955 3.23676 
-0.660265 -1.65698 1.10337 
2.29266 0.713215 0.757075 
2.64213 0.777339 2.79357 
-0.0411501 0.0935839 0.0227856 
0.73806 0.645377 1.07001 
-7.03676 -8.47528 -0.819016 
8.59093 -9.56804 8.73997 
1.09395 -1.09452 2.89676 
2.92507 -0.567973 2.06533 
2.86303 -0.577198 2.16759 
-0.744001 -1.7561 0.738765 
-0.180275 -4.55823 0.569695 
2.49229 -0.0194138 2.95333 
0.0759169 -0.0814404 0.0724589 
2.51708 -0.809809 2.83207 
-0.0508349 0.0408909 0.326666 
-1.77714 0.154029 1.83086 
-0.195036 -0.323623 0.0376484 
0.00830486 -1.7065 1.02479 
1.73794 -1.00687 3.0509 
-2.00595 -1.40202 1.28463 
-0.82141 -0.161367 1.93137 
2.43335 -0.039092 2.77768 
