-0.4914 -0.491292 -0.719138 1.08394 0.168921 0.756265 -0.632083 0.287272 0.854396 -0.432082 -0.288639 0.541455 0 0 0 1
1 0 0 0 0 1 0 0 0 0 1 0 0 0 0 1
###
5.01445 -5.258 2.09888 
0.0458741 0.189204 1.02042 
7.86809 -6.94155 3.51912 
0.335754 0.612932 0.851472 
2.09689 -1.28516 2.52971 
0.130412 0.612938 0.900175 
1.24104 0.840225 1.45118 
1.26045 -1.76504 0.406343 
14.9648 -16.673 -1.2592 
3.16409 -10.8956 -3.63631 
-2.05401 -4.3078 0.356816 
3.14347 -7.89519 17.405 
0.765245 -1.17973 1.80235 
1.24346 0.996234 1.75216 
1.06666 -0.9933 2.721 
1.13605 0.130474 1.95464 
0.569299 -1.09119 1.9989 
1.24991 -0.712335 2.76688 
1.29665 -0.800192 3.2731 
3.5312 -3.58575 1.53553 
17.8137 -24.5331 -5.30772 
0.306945 0.712518 1.08918 
-0.140301 -1.19333 1.51072 
6.52094 -7.05987 1.62362 
2.63249 -1.56258 -0.977611 
0.367003 0.676428 0.994765 
0.302843 0.712077 1.08415 
0.735972 -1.10503 1.75216 
8.06169 -8.15055 0.480837 

18.4447 -20.8891 25.0831 
10.0249 -9.7583 8.7702 
-9.87179 -10.1993 4.58258 
-0.43874 0.157105 0.241548 
-12.2998 -16.7481 18.4578 
0.0577497 0.348715 0.256994 
-0.194593 0.364019 0.380557 
11.5652 -11.8233 7.26966 
32.4707 -52.3384 77.5923 
5.43432 -6.19611 2.18986 
-0.189736 0.490601 0.156521 
-28.4541 -39.7876 3.95928 
-2.05947 -5.2664 4.3405 
-6.074 1.26417 3.91094 
17.4717 -17.3011 15.3261 
-4.40382 -2.7833 4.01501 
8.11595 -9.37623 3.51232 
0.136962 0.0226339 0.379389 
6.41525 0.301282 4.42864 
-3.20649 -9.66596 4.21681 
20.828 -37.6261 55.0758 
-0.228816 -0.20255 0.450323 
0.697906 -12.0323 3.63633 
0.0701774 -0.996372 1.43407 
-0.477342 0.155293 0.2728 
6.42097 0.249033 4.47134 
0.158718 0.217441 0.280647 
-2.10872 -5.36615 4.43338 
19.4973 -21.7331 26.3024 
