-0.865832 -0.130166 -0.483107 -0.810441 0.0607326 0.931084 -0.359713 0.430149 0.496636 -0.340791 -0.798257 0.501149 0 0 0 1
-0.707707 0.171871 0.685282 -0.669757 -0.240302 0.853572 -0.462244 0.79491 -0.664384 -0.491808 -0.562778 0.095582 0 0 0 1
###
2.80865 -3.70724 0.0133779 
-0.539607 -0.726465 0.335528 
-2.71999 -3.00747 -0.121894 
-0.23607 -2.6808 -0.606505 
-0.505926 -0.796001 0.562034 
-3.11439 -3.62568 -0.224835 
-1.02464 0.441898 -0.905487 
0.0292558 -0.654442 -1.25882 
0.245834 -5.62186 -0.649558 
16.1212 -15.1977 3.90721 
4.90612 -5.2621 0.891047 
3.39759 -5.53762 -2.52359 
0.936039 -4.6491 -1.82557 
2.57999 -5.90884 -3.5467 
0.629336 0.587084 -1.14283 
0.548654 -5.23229 -1.52313 
0.831094 -0.429763 -1.0149 
2.68164 -4.59031 -2.05567 
1.93608 -4.3953 -2.3769 
0.365914 0.508198 -1.111 
-0.160107 -6.05979 -4.67097 
-1.15857 0.361603 -1.62812 
5.41136 -5.67586 -0.01306 
-5.42773 -13.559 -4.4474 
3.14567 -5.40138 -2.16975 
1.34047 -3.87539 -2.06561 
-0.254625 -0.972856 0.507691 
-1.01515 0.373856 -1.7573 
0.505349 0.513875 -1.03166 
-1.44206 0.41059 -1.73398 
3.3975 -4.92103 -1.88276 
1.54351 -0.588229 -0.744967 
2.30802 -0.275684 -0.494954 
1.45145 -0.234522 -0.774523 
-2.75321 -4.13366 -1.59779 
0.197483 -1.61984 -1.26425 
-0.112175 -4.86946 0.613772 
0.699319 -5.28447 -1.83276 
0.300792 0.519452 -1.16819 
3.34697 -5.66117 -2.30522 
2.4992 -4.8306 -2.55711 
1.44121 -0.229565 -0.772635 
0.346474 0.504581 -1.10717 
0.531738 -1.68822 0.886694 
5.61918 -6.10318 2.4463 
-1.4814 0.36852 -1.52662 
-1.62991 0.393431 -1.11809 
5.50668 -5.95526 -0.247731 
0.733878 -4.37866 -3.0043 
0.648992 -11.4978 -9.46381 
-11.4803 -28.654 -10.2872 
-0.00925952 -1.77408 1.03644 
0.25242 0.486761 -1.11308 
2.37835 -0.27004 -0.512343 
2.0674 -4.15551 -2.12463 
6.10407 -6.66398 3.58214 
0.353718 0.473532 -1.09678 
0.0127887 -1.80101 1.04646 
-1.39997 0.326706 -1.63601 
-1.65449 0.388502 -0.984129 
0.075471 -0.98982 -1.17341 
-1.12665 0.282537 -1.4371 
-7.09531 -20.7794 -14.7685 
-1.24694 -7.04838 -5.65988 
0.0810848 -4.92865 -0.482922 
0.0177711 -2.35717 1.09062 
-0.465908 0.419564 -1.55857 
0.271936 0.497032 -1.13568 
2.73374 -5.13204 -2.73948 
8.20073 -8.36141 4.5086 
4.2739 -4.83672 0.942069 
0.538132 0.530985 -1.14275 
0.309443 -11.5356 -9.54838 
-0.517982 -0.336379 -0.185987 
-1.36347 -9.75338 -8.10437 
0.0869982 -1.51052 -1.18416 
-1.479 0.36303 -1.53185 
-1.62327 0.387187 -1.10166 
-0.862445 -0.815549 0.220471 
0.405849 -5.53237 -1.1458 
-1.16099 0.372522 -1.67292 
-0.269949 0.457711 -1.54493 
1.26484 -1.20216 -0.801823 
3.24186 -5.10536 -2.3443 
0.973265 0.757568 -1.36284 
-1.60494 0.514404 -1.56451 
-1.60362 0.366648 -1.05752 
-0.0173817 -9.42163 -7.67136 
0.466984 -0.323186 -0.965734 
-0.562677 -2.19882 0.481236 
-0.148554 -3.9216 0.613484 
-1.61097 -8.69056 -7.07741 

28.7341 -38.9997 -6.78561 
0.785886 -5.14859 -0.846827 
-1.10416 -2.32631 3.11157 
-0.668815 -3.8165 1.94486 
27.7638 -33.9671 -6.9095 
-3.83652 -7.86448 9.93146 
-0.808592 -0.122508 0.940292 
-0.450322 -1.4736 -0.0777559 
-1.01412 -4.08659 2.02488 
32.5203 -37.326 -4.27734 
1.24027 -3.03561 0.126616 
0.425415 -3.84347 -0.728607 
-1.53779 -4.20409 1.17644 
-2.73483 -2.66295 2.74783 
-1.56843 0.363127 0.554221 
-1.40509 -4.11168 1.67164 
-0.630767 -0.898821 -0.123019 
13.4407 -30.5262 -10.9651 
-1.82776 -3.18686 0.894127 
0.442529 -0.566692 -1.69039 
-6.83414 -8.98275 2.38233 
0.92711 -1.90325 0.597046 
3.24251 -4.49334 0.216458 
-5.31749 -8.38459 8.09845 
-0.915061 -4.16222 -0.0705696 
-1.35995 -3.15012 0.668032 
2.095 -4.59815 -0.367386 
-1.77649 0.452604 0.787926 
-1.57733 0.363169 0.557291 
-0.697842 0.0556942 -0.186584 
-0.832102 -3.59019 -0.104055 
-0.272962 -1.10662 -0.428811 
0.180336 -1.08045 -0.993999 
-0.304496 -0.783445 -0.469216 
-5.62328 -5.17844 6.64797 
-0.425929 -1.39601 -0.118417 
-0.30634 -3.66525 2.2182 
-1.59537 -4.37427 1.53381 
-0.855338 0.0960153 -0.103385 
-0.468778 -3.17261 -0.0670426 
-3.36124 -3.32818 3.2208 
-0.313977 -0.771646 -0.470278 
-1.7431 0.628705 1.15881 
2.71129 -3.58003 0.531232 
2.14509 -11.758 -3.34113 
-1.73489 0.641578 1.1964 
-0.571 -0.0067285 -0.330122 
6.06872 -8.6247 -0.929889 
-1.6721 -2.01485 1.53901 
-1.56836 -1.66346 1.88106 
-4.86667 -7.43671 7.34733 
-1.49713 -3.80974 1.25835 
-0.837444 0.109696 -0.0547487 
0.182896 -1.08311 -1.00315 
29.347 -36.1107 -5.35954 
41.0196 -55.4206 -10.4073 
-0.861542 0.100635 -0.102555 
-1.5271 -4.35876 1.38196 
-1.85077 0.587714 1.07345 
-0.486305 -0.0342652 -0.419183 
-1.07607 -1.20959 0.686757 
-0.638842 0.0451569 -0.226389 
-3.62741 -3.61791 3.20524 
-1.09023 -2.66765 0.519368 
-0.576585 -3.13807 1.95594 
-0.840362 -4.16872 2.22414 
-1.45408 0.30574 0.429117 
-0.880567 0.128103 0.00629948 
12.3746 -21.1881 -4.65795 
3.03272 -5.83753 -0.605232 
-0.815831 -4.35022 -0.0196112 
-0.807921 0.0708221 -0.16833 
-4.47382 -4.11231 4.75166 
-0.82911 -0.627483 0.014765 
0.394778 -2.11047 0.244691 
-1.11161 -0.936386 0.578056 
-1.72854 0.640594 1.1997 
-0.799724 0.0963673 -0.165054 
-0.645377 -4.04901 1.83965 
-0.262614 -3.45372 2.38052 
-0.43404 -0.0432316 -0.461148 
-1.33784 0.258945 0.314862 
-0.418666 -1.41178 -0.0892883 
-1.0273 -4.08564 -0.212132 
-0.789527 0.1055 -0.0826382 
-0.791089 0.114919 -0.0923767 
-0.802607 0.110746 -0.0943045 
-1.5692 -1.95405 1.56007 
-0.79525 -0.649724 -0.0110378 
-0.203819 -2.3771 1.57866 
-0.384813 -2.57847 1.50744 
-0.87782 -2.40842 0.449391 
