-0.864732 -0.138651 -0.482716 -0.801711 0.102684 0.892026 -0.440166 0.498522 0.491624 -0.430193 -0.757126 0.492704 0 0 0 1
-0.707707 0.171871 0.685282 -0.669757 -0.240302 0.853572 -0.462244 0.79491 -0.664384 -0.491808 -0.562778 0.095582 0 0 0 1
###
-1.65471 -1.59025 0.302344 
1.53856 -0.582633 -0.736661 
0.917495 -0.256773 -0.541141 
0.591748 -4.63087 -0.975121 
-1.15862 0.36053 -1.62408 
1.09741 -3.22927 -1.50006 
0.076502 -3.938 -2.75463 
0.41624 0.533263 -1.15605 
-2.92373 -15.6921 -13.1913 
-2.10226 -1.95223 0.173615 
-1.64283 0.372536 -0.884498 
-2.65835 -5.95681 -3.537 
1.32708 -2.33253 0.574229 
2.1303 -4.22628 -1.40602 
1.17504 -6.14358 -2.17398 
0.163451 -5.29995 -0.571086 
0.0805424 -1.50594 -1.17404 
0.710285 -4.82896 -1.20379 
-2.7758 -14.2911 -11.9714 
-1.57002 -1.4387 0.302411 
0.535196 -5.18966 -1.50177 
-5.36582 -13.3988 -4.38118 
0.483918 -0.420864 -0.767111 
1.60327 -0.584352 -0.769228 
-1.55959 0.266946 -0.730656 
0.195086 -4.286 -3.03678 
0.369315 0.512542 -1.119 
2.03204 -3.62402 -1.33041 
4.34963 -4.81088 0.844894 
1.60327 -0.584352 -0.769228 
1.46196 -0.235306 -0.781258 
3.27241 -5.57277 -2.26216 
0.52892 0.527993 -1.05538 
2.86192 -4.40532 -1.61479 
-0.899014 -0.872285 0.251382 
0.742121 -0.427453 -0.950938 
5.21718 -5.71911 1.09825 
0.608732 -4.56896 -1.07274 
0.603411 -5.28046 -1.4384 
0.278006 0.50748 -1.1464 
0.850804 -0.316276 -1.37631 
-1.68253 0.413536 -1.02845 
1.02345 -4.78957 -1.83997 
3.24624 -5.54839 -2.24286 
0.351356 0.507875 -1.11477 
2.34549 -0.274217 -0.506588 
1.55687 -0.590025 -0.752799 
0.535196 -5.18966 -1.50177 
-1.58073 -8.59692 -6.96384 
-1.01634 0.371841 -1.74974 
1.21367 -1.07452 -0.794362 
0.340446 -0.410623 -0.669621 
-0.76248 -1.76122 0.725952 
-0.648116 -4.21738 1.27269 
-0.855537 -1.17677 0.278069 
-0.776684 -0.54293 0.365422 
-0.778402 -0.532736 0.295164 
-1.63152 0.394027 -1.12079 
6.29295 -6.72809 -0.280012 
0.316543 -5.20787 -1.05415 
2.94224 -5.19653 -2.05771 
0.296106 0.476736 -1.06322 
-0.106128 -8.05441 -6.48839 
-1.17461 -5.33652 -4.11903 
5.57838 -6.00777 -0.252489 
-1.58274 0.382347 -1.22225 
4.5995 -5.00901 0.870885 
-0.21783 -0.454407 -0.755235 
3.3214 -0.320513 -3.38624 
0.774296 -0.402056 -1.01735 
-0.648597 -4.17175 1.25496 
0.0586319 -4.82857 -0.462352 
0.773616 -5.12337 -1.21703 
0.0861039 -1.51189 -1.18337 
0.798117 -1.4781 -0.10227 
0.475279 -0.322308 -0.975562 
0.940708 0.736898 -1.33614 
0.103214 0.508983 -0.707047 
0.609813 -5.01317 -1.7255 
-1.17047 -5.2679 -4.05421 
0.0932508 -0.998133 -1.20018 
-1.01147 0.378304 -1.77433 
-1.25841 0.389099 -1.67806 
5.66903 -6.42182 -0.32924 
0.0607949 -4.99432 0.883635 
0.0661709 -4.72371 -0.534838 
-0.469272 0.455086 -1.68258 
-0.0358683 -0.404414 -0.868327 
0.302477 0.517728 -1.17311 
1.024 -5.37934 -1.81151 
-1.39764 0.321263 -1.61967 
-1.50747 0.365689 -1.32667 
1.63901 -10.6886 -8.58037 
0.157391 -0.384773 -0.580553 
-1.65812 -14.1647 -11.7822 
-0.553649 -2.22189 0.483491 
0.160969 -5.81965 -0.327306 
-0.476104 0.405603 -1.52895 

-4.49196 -9.17233 11.4493 
-0.272963 -1.10662 -0.428812 
-0.276982 -1.00661 -0.459143 
-0.384696 -2.57716 1.50703 
0.92711 -1.90325 0.597046 
-3.62741 -3.61791 3.20524 
29.3044 -36.0613 -5.3514 
0.442043 -0.567721 -1.69086 
7.75439 -11.8867 -2.07378 
-12.3586 -13.3428 21.673 
-1.33416 0.380859 1.12451 
-1.86277 -2.10959 1.68734 
-2.32233 -2.5774 2.03078 
-0.561938 -3.43307 0.18026 
-1.55127 -4.30097 1.55694 
-1.01412 -4.08662 2.02489 
-1.08616 -1.401 0.809102 
-1.25789 -4.73861 1.51894 
2.19026 -3.20607 0.471498 
0.536679 -0.545052 -1.50833 
-1.40512 -4.1118 1.67169 
-4.86667 -7.43671 7.34733 
-0.630778 -0.898838 -0.123027 
-0.276582 -1.10165 -0.424449 
-1.85642 0.744278 1.20983 
-5.29759 -5.82415 2.78973 
2.08679 -0.193163 -0.588023 
-1.0813 -4.19935 -0.207087 
1.72215 -4.95771 -0.993052 
1.06431 -0.222458 -0.825582 
-0.304498 -0.783449 -0.469218 
-0.9151 -4.16195 -0.0705729 
-0.697842 0.0557 -0.186583 
-1.02762 -4.08685 -0.212492 
-0.731568 -4.02564 2.27418 
-0.593521 -0.968107 -0.126514 
2.3014 -3.87132 0.157274 
-1.03836 -4.00126 1.571 
-1.26259 -4.2249 1.7261 
0.442529 -0.566692 -1.69039 
-0.675154 -0.803851 -0.100005 
-0.533095 0.00476547 -0.33618 
-1.53788 -4.20437 1.1765 
0.248472 -2.67236 -0.14438 
-0.743093 0.0769829 -0.156191 
0.182895 -1.0831 -1.00315 
-0.279233 -1.10354 -0.416736 
-1.38227 -4.32158 1.75506 
-2.00952 -2.28946 1.83733 
-0.443404 -0.0758006 -0.465422 
-0.425929 -1.39601 -0.118417 
-0.600671 -0.939221 -0.120855 
-0.837434 0.1097 -0.0547459 
-0.262614 -3.45372 2.38052 
0.219697 -1.32543 0.799874 
2.47673 -6.95743 -1.63467 
21.8549 -26.3164 -3.56929 
-0.570995 -0.00671797 -0.330114 
1.60933 -8.10057 -2.65093 
-0.758158 -3.78144 2.09211 
23.4602 -24.3568 5.50292 
-0.848534 0.121355 0.00686014 
-0.993104 -1.21478 1.34516 
2.83256 -3.68181 0.533891 
3.23702 -16.1186 -5.7079 
-1.73489 0.641578 1.1964 
13.4329 -30.5123 -10.9593 
-0.965444 -0.58526 0.16357 
-0.755831 -0.688531 -0.0446078 
-0.643861 -0.868527 -0.115742 
-0.351386 -2.79897 1.98433 
-0.576626 -3.1386 1.95621 
-0.859821 -3.4274 1.4284 
-1.11053 -1.42111 0.818801 
0.1643 -0.897179 -1.04992 
-0.631556 -0.885376 -0.116083 
-0.789527 0.1055 -0.0826382 
-0.865461 0.124021 -0.051373 
-1.5459 -4.22717 1.52558 
2.7135 -3.58254 0.530881 
-1.07607 -1.20959 0.686757 
-1.7355 0.438986 0.794067 
-1.71261 0.535035 0.985691 
2.20127 -12.0702 -3.47251 
-0.645377 -4.04901 1.83965 
-0.531776 -3.71228 2.25593 
-1.43355 0.293939 0.421677 
-0.907131 -0.582946 0.107488 
-0.84971 0.118558 -0.0527741 
-1.37932 -4.31885 1.33036 
-1.87377 0.598287 1.09097 
-0.43404 -0.0432316 -0.461148 
-1.15468 -1.79744 1.03324 
-0.61533 -0.920942 -0.12246 
-6.83414 -8.98275 2.38233 
-0.229775 -1.14594 1.07331 
-0.840362 -4.16872 2.22414 
-1.45408 0.30574 0.429117 
