-0.899544 -0.0968211 -0.425966 -0.870065 -0.147239 0.985269 0.0869854 -0.0784372 0.411269 0.140966 -0.900548 0.541713 0 0 0 1
-0.707707 0.171871 0.685282 -0.669757 -0.240302 0.853572 -0.462244 0.79491 -0.664384 -0.491808 -0.562778 0.095582 0 0 0 1
###
-1.75422 -1.99179 -0.706414 
0.501283 -3.97328 -2.55848 
-1.39104 -2.73539 -1.98884 
4.74245 -5.40674 -0.146756 
1.9853 -4.49132 -2.41325 
0.253149 -3.04297 -1.80567 
0.705636 0.479564 -0.858958 
-1.78389 -2.03826 -0.712456 
1.8978 -4.89798 -2.83901 
1.52457 -2.32784 0.607493 
-1.7269 -1.91043 -0.655764 
-1.07671 -0.178556 0.0756516 
0.140352 -2.92563 -1.87007 
-0.37388 0.132434 -0.18434 
2.89774 -5.09838 -2.00395 
2.82555 -5.22005 -2.79496 
0.408003 -1.29396 0.437317 
2.15024 -2.87603 0.63793 
0.330687 0.484304 -1.07446 
-1.48819 0.380724 -1.56065 
-0.277443 0.145574 -0.173534 
0.472031 -0.411569 -0.757796 
1.54695 -0.592157 -0.750246 
-0.097478 -1.47238 -0.721605 
-0.752593 -4.19985 -3.13627 
-1.58301 0.383687 -1.22702 
5.7979 -6.52372 -0.331166 
-1.74671 0.417497 -0.782156 
0.526087 -0.391142 -0.827834 
1.36013 -0.568997 -0.690919 
2.49679 -4.27993 -1.90977 
-1.02504 0.451881 -0.931409 
-1.515 0.378878 -1.36403 
5.75457 -6.48116 -0.334021 
0.857687 -0.399923 -1.09914 
0.458241 -0.397965 -0.737588 
-1.22994 -0.399637 -0.0419763 
-1.33959 -5.56536 -4.35538 
-1.85568 0.431617 -0.471431 
0.427039 0.4751 -1.04332 
-0.881941 -0.276168 0.15435 
2.63885 -6.21634 -3.43288 
1.10735 -4.87459 -2.01878 
-1.60991 0.367457 -0.990772 
1.11571 -0.420874 -1.31979 
-0.731997 0.526273 0.115902 
-1.57384 0.571 -0.0749546 
-1.60854 0.399332 -1.26565 
-1.80427 0.417922 -0.572822 
0.0938363 0.500329 -0.697177 
-1.22841 0.38616 -1.68849 
-1.67195 0.416918 -1.10293 
-1.74184 0.430055 -0.955283 
0.0468871 -0.961344 -1.18031 
-1.22468 0.1388 0.0472807 
0.436175 -0.321631 -0.876649 
-0.524327 0.416761 -1.62112 

-0.151276 -0.523693 0.937595 
8.01232 -12.2735 -2.1577 
0.780396 -5.12141 -0.836343 
1.20591 -10.8432 -3.01652 
-0.961047 -2.25418 0.670804 
-0.917702 -4.77406 -0.544025 
-0.509263 0.127669 -0.0621979 
-0.158231 -0.530556 0.943631 
-1.52698 -3.28017 0.558247 
0.92711 -1.90325 0.597046 
-0.153343 -0.525756 0.938906 
-3.30251 -3.46154 1.16625 
-1.14544 -2.08598 0.820394 
-0.743101 0.0769744 -0.156202 
7.33828 -17.2442 -4.99516 
-1.48367 -1.86548 1.34809 
-1.74128 0.511677 0.916927 
2.30224 -3.87246 0.15703 
0.442046 -0.567727 -1.69088 
-0.801891 0.0671957 -0.172355 
-0.486305 -0.0342652 -0.419183 
-0.630767 -0.898821 -0.123019 
-0.272962 -1.10662 -0.428811 
0.956534 -5.46976 -1.23479 
1.57587 -4.53598 -0.505449 
-0.0966923 -0.24327 -0.956412 
2.14533 -11.7597 -3.34174 
-0.837444 0.109696 -0.0547487 
-1.09299 -1.1247 0.641926 
-0.276582 -1.10165 -0.424449 
-0.920049 -4.02011 -0.0886207 
-0.43404 -0.0432316 -0.461148 
-0.357137 -0.111624 -0.601947 
2.20128 -12.0702 -3.4725 
-0.703883 -0.757752 -0.0818939 
-0.615318 -0.920936 -0.122459 
-1.56843 0.363127 0.554221 
0.0353191 -7.29913 -1.4277 
-1.76766 0.608507 1.12112 
-0.807921 0.0708221 -0.16833 
-2.34024 -9.69507 11.8374 
-1.56974 -3.57478 0.570263 
-1.46163 -3.47696 0.59024 
-0.571 -0.0067285 -0.330122 
-0.728155 -0.730884 -0.0630141 
1.0508 -0.229338 -0.77224 
-9.96646 10.4051 1.52631 
-1.73489 0.641578 1.1964 
-0.279228 -1.10352 -0.416724 
-0.895948 0.136311 -0.0158848 
0.743915 -0.508182 -1.53712 
-0.533087 0.00473771 -0.336146 
-0.855338 0.0960153 -0.103385 
-1.11161 -0.936386 0.578056 
-0.643803 -0.00956593 0.893922 
-0.701121 -0.768972 -0.0861233 
-1.14315 0.157 0.0747562 
