-0.507187 -0.381606 -0.772747 1.00434 0.201292 0.819378 -0.536751 0.168507 0.838 -0.427781 -0.338763 0.619929 0 0 0 1
1 0 0 0 0 1 0 0 0 0 1 0 0 0 0 1
###
0.8579 -1.27693 2.4044 
0.608688 -1.28609 1.53134 
0.250915 -1.12271 2.02943 
3.07096 -1.49124 -0.397987 
2.71967 0.370712 0.243813 
5.64115 -7.38816 8.20917 
0.624694 -1.36211 1.5427 
4.03522 -6.81409 -1.12154 
0.63668 -1.3873 1.5376 
-2.26304 -4.65203 0.348725 
2.68799 -4.53889 -0.421069 
0.190655 -1.03543 1.98072 
0.551598 -1.06573 1.98383 
0.0222845 0.374199 0.937891 
1.16458 -0.629309 2.6692 
2.08597 -1.27759 2.51843 
0.537426 -1.02497 1.96911 
17.3101 -19.512 3.76523 
3.09614 -0.216465 -1.1131 
1.24927 -0.714756 2.77173 
1.54365 0.443734 1.67306 
0.154657 0.594219 0.847277 
0.563169 -1.08258 2.00463 
3.09856 -0.482853 0.456301 
0.773435 -1.20722 1.80919 
0.601074 -1.56908 1.64729 
3.06636 -1.14909 -0.555422 
3.31168 -0.865249 -0.693182 
0.633776 -1.38872 1.53388 
0.678233 -1.83231 1.72158 
0.572546 -1.07997 1.99742 
2.76956 -1.23651 0.930935 
1.29434 0.256191 1.82357 
1.10109 0.281191 1.70177 
1.1685 0.60157 0.743058 
5.22847 -8.43735 -1.56803 

-0.0404835 0.0458792 0.0230129 
0.0177706 -2.35535 1.08972 
-0.742948 -1.7581 0.745411 
2.68955 0.0205004 2.83232 
0.921467 0.638285 2.53805 
0.244866 -0.595309 0.707639 
-0.61524 -1.7964 0.755689 
5.13531 -5.1276 2.96767 
-0.663023 -2.12123 0.69823 
-0.10259 -0.121436 0.0608932 
10.5449 -9.60973 2.14981 
-0.744272 -1.75652 0.738855 
-0.660418 -1.65719 1.10344 
-0.0760473 -0.0127423 0.00773708 
2.22055 0.680302 0.747556 
-1.24879 -5.85594 6.90693 
-0.839776 -3.57647 4.19991 
10.7082 -9.80726 2.12848 
2.64213 0.777339 2.79357 
-0.987783 -1.69352 1.59076 
-2.02084 -1.40639 1.29415 
-0.0557095 0.00348786 0.022272 
-0.988081 -4.44882 5.22031 
1.09395 -1.09452 2.89676 
-0.296784 -1.53318 1.22361 
0.0120423 -2.2211 1.03403 
-0.0636911 0.050227 0.00599174 
2.49229 -0.0194138 2.95333 
-0.732394 -2.35223 0.785498 
0.00351971 -2.68375 1.30646 
2.86303 -0.577198 2.16759 
1.1028 -1.10919 2.91183 
2.71618 -1.46226 3.13135 
0.361523 -0.03356 0.858886 
-0.0046985 0.669471 1.47665 
11.2312 -11.1736 7.29332 
