-0.507187 -0.381606 -0.772747 1.00434 0.201292 0.819378 -0.536751 0.168507 0.838 -0.427781 -0.338763 0.619929 0 0 0 1
1 0 0 0 0 1 0 0 0 0 1 0 0 0 0 1
###
8.878 -9.03912 1.26717 
7.84903 -6.93983 3.51865 
3.91764 -3.50569 1.06995 
4.03522 -6.81409 -1.12154 
0.551598 -1.06573 1.98383 
0.0222845 0.374199 0.937891 
1.26962 1.00338 1.76216 
2.08597 -1.27759 2.51843 
3.73364 -1.2315 -1.02473 
0.537426 -1.02497 1.96911 
1.38465 -1.22072 1.98915 
1.40549 0.876998 1.49195 
0.744516 -1.16464 1.7612 
17.3101 -19.512 3.76523 
0.859035 -1.16762 2.34574 
2.06084 -1.33999 3.06526 
1.24927 -0.714756 2.77173 
0.558887 0.682442 0.974672 
0.773435 -1.20722 1.80919 
0.0119385 0.429107 0.937403 
1.29859 -0.801652 3.27046 
1.32496 0.989939 1.81845 
-0.010155 0.198273 1.19557 
1.08718 -1.25378 1.98206 
0.127739 0.18894 0.984024 
1.68937 -1.08323 3.22902 
1.03623 -1.23472 1.94841 
0.763687 -1.08955 2.30268 
0.953728 0.199062 2.69468 
-1.11246 -1.42363 0.819801 

5.43432 -6.19611 2.18986 
17.4717 -17.3011 15.3261 
13.8534 -15.5669 5.48924 
20.828 -37.6261 55.0758 
-0.426696 -0.515032 0.592363 
-6.5467 -1.75462 1.9649 
-6.074 1.26417 3.91094 
-6.60639 -5.31847 3.1248 
-0.127274 0.0528476 0.382981 
-10.0411 -14.8582 16.688 
-4.05823 -15.6162 8.67087 
-24.2716 -35.8251 9.87011 
-2.05947 -5.2664 4.3405 
18.4447 -20.8891 25.0831 
6.42097 0.249033 4.47134 
-0.477342 0.155293 0.2728 
1.05064 0.810017 0.891529 
1.19565 1.17168 0.599474 
-2.10872 -5.36615 4.43338 
-5.93584 1.06762 3.81336 
1.19465 1.17517 0.600911 
0.316509 -0.0778649 0.394125 
0.697906 -12.0323 3.63633 
-8.74637 -8.95798 4.11555 
4.09206 -5.86385 0.196293 
-0.11196 0.702252 0.0213698 
5.43688 -1.60404 2.86141 
-6.23336 -1.65603 1.84083 
-6.87714 -2.88374 2.74419 
-2.24995 -14.4535 4.82816 
