-0.881725 -0.100121 -0.461018 -0.847228 -0.168896 0.979441 0.110315 -0.0578138 0.440495 0.175132 -0.880507 0.576908 0 0 0 1
-0.707707 0.171871 0.685282 -0.669757 -0.240302 0.853572 -0.462244 0.79491 -0.664384 -0.491808 -0.562778 0.095582 0 0 0 1
###
2.0736 -2.87429 0.746204 
-0.4497 0.0498319 -0.0877947 
1.53319 -0.58414 -0.73504 
0.10191 -1.52654 -1.19319 
4.18805 -4.91465 -0.090472 
1.65 -2.44224 0.59534 
1.19149 -1.7203 -0.166209 
-0.370669 0.135269 -0.184572 
0.152854 -2.0192 -0.994903 
2.65958 -4.54188 -2.03336 
1.54789 -0.591086 -0.749075 
0.119625 -2.87909 -1.83336 
-1.8298 0.438068 -0.597604 
2.21419 -5.37909 -3.15854 
-1.48577 0.376112 -1.54759 
1.18129 -2.07103 0.487425 
3.76696 -5.13825 -1.00804 
0.454431 -0.411711 -0.747887 
2.15883 0.0394369 -1.37096 
0.00492184 -2.34577 -1.4317 
-1.95924 -7.31393 -5.82465 
-1.78194 0.409151 -0.622127 
-0.465494 -0.0296144 -0.0603664 
5.34718 -6.12334 -0.29637 
-1.114 0.232625 -1.15934 
-1.65882 0.393378 -0.995225 
0.253616 -0.412057 -0.593794 
-1.82288 0.431389 -0.587175 
0.294749 0.474175 -1.06131 
5.17751 -9.40819 -5.77119 
1.19926 -3.91939 -2.01419 
-1.74221 0.412628 -0.772329 
0.736514 -4.10862 -2.66181 
0.157435 -6.64539 -5.0787 
-0.982664 -5.1544 -3.97888 
-0.0548121 -5.60902 -4.24954 
0.303299 0.475106 -1.06152 
5.52169 -6.28083 -0.306338 
-2.05543 -3.56421 -1.86292 
2.82401 -5.66849 -3.27601 
0.55479 -0.104399 -0.604516 
-1.86647 -6.73793 -5.37613 
0.0715329 -0.883426 -1.2425 
3.39201 -5.25874 -2.4301 
-1.93652 -3.03683 -1.59517 
0.805785 -5.21965 -1.25279 
-1.12339 0.385141 -1.67301 
0.53755 -1.12773 -1.81188 
-1.63461 0.404265 -1.13252 
-0.286982 0.438664 -1.50172 
2.54747 -5.48149 -3.26536 
0.974259 -0.509888 -0.557991 
-1.51633 0.38032 -1.36783 
0.244813 0.477697 -1.10497 
0.27839 -4.39185 -3.12981 
-0.015362 -5.81947 -4.43599 

0.92711 -1.90325 0.597046 
-0.488058 -0.0323306 -0.423521 
-0.272962 -1.10662 -0.428811 
29.347 -36.1107 -5.35954 
28.7341 -38.9997 -6.78561 
7.33411 -17.2351 -4.99273 
-0.703609 -3.10045 0.0681558 
1.0508 -0.229338 -0.77224 
-3.4285 -3.38332 3.35059 
13.4407 -30.5262 -10.9651 
-0.276582 -1.10165 -0.424449 
-1.14544 -2.08598 0.820394 
-0.4434 -0.0758233 -0.465399 
-1.52698 -3.28017 0.558247 
-0.801891 0.0671957 -0.172355 
-1.71448 0.500199 0.902784 
7.7306 -17.0819 -4.60893 
-1.07607 -1.20959 0.686757 
-0.458619 -0.680222 -0.315471 
-2.32233 -2.5774 2.03078 
2.19139 -3.20737 0.471297 
-0.305906 -0.16357 -0.688172 
-0.608628 0.252817 0.187987 
8.75288 -15.5945 -3.56258 
-0.533087 0.00473771 -0.336146 
-0.486305 -0.0342652 -0.419183 
-0.561381 -1.03566 -0.125224 
-0.478078 -0.259222 -0.311309 
0.442046 -0.567727 -1.69088 
-1.09023 -2.66765 0.519368 
-1.35995 -3.15012 0.668032 
-3.30251 -3.46154 1.16625 
-1.48367 -1.86548 1.34809 
0.0353191 -7.29913 -1.4277 
-0.993104 -1.21478 1.34516 
-6.58312 -5.63471 6.45697 
0.442529 -0.566692 -1.69039 
0.449008 -3.23399 -0.0965814 
-0.588835 -3.19978 -0.0457159 
4.13333 -6.96948 -1.01787 
-0.457292 -0.743695 -0.278646 
3.24251 -4.49334 0.216458 
-0.504728 0.210825 -0.0110713 
-0.832102 -3.59019 -0.104055 
3.03272 -5.83753 -0.605232 
-0.859285 -3.42526 1.428 
1.2946 -0.137027 -0.88301 
-1.11548 -0.857332 0.532088 
-0.732446 0.0834515 -0.148678 
-1.34346 0.259578 0.314429 
-4.28319 -4.16656 6.63889 
-0.279228 -1.10352 -0.416724 
-0.816299 0.0963331 -0.104726 
-0.880567 0.128103 0.00629948 
2.14509 -11.758 -3.34113 
-1.29219 -1.41434 1.81282 
