-0.499875 -0.479981 -0.720932 0.954622 0.157318 0.768226 -0.620548 0.28984 0.85169 -0.423612 -0.308508 0.655104 0 0 0 1
1 0 0 0 0 1 0 0 0 0 1 0 0 0 0 1
###
4.48684 -4.70941 2.01354 
0.611432 -1.28808 1.53594 
3.13475 -2.0661 3.11538 
2.58287 -1.66974 2.61576 
0.53399 -1.01233 1.97343 
3.34878 -2.22603 -0.327518 
2.82741 -0.562171 0.448219 
3.2197 -0.857576 -0.669081 
2.05909 -1.26147 2.49723 
-0.0225368 0.194337 1.02421 
3.21614 -1.50819 0.39712 
0.647518 -0.417085 0.925127 
3.16876 -1.57735 -0.422971 
3.10886 0.168609 -0.38556 
3.19876 -2.02535 -0.228712 
1.46236 0.219738 1.90147 
2.76887 -0.84059 0.743967 
-0.0695051 -0.215959 0.903526 
2.35111 -1.3817 0.113194 
0.311681 -1.47951 2.1378 
3.29296 -0.859627 -0.688538 
0.745004 1.00668 0.606924 
0.542758 -1.34738 1.58715 
1.25197 0.268822 1.79584 
1.03606 0.919595 2.52419 
3.74784 -2.67329 2.25056 
-0.584226 -1.61209 -0.705716 
0.545286 -1.36442 1.59526 
15.0006 -15.619 0.765273 
0.593965 -1.15014 2.0889 
1.92657 -1.15196 2.53321 

2.48156 -4.72879 4.90385 
-0.740269 -2.3751 0.788013 
-1.24879 -5.85594 6.90693 
-0.988081 -4.44882 5.22031 
-0.856609 -1.93864 1.46754 
3.09677 -1.45855 2.1277 
0.996229 -0.17114 2.33991 
2.43335 -0.039092 2.77768 
-0.048328 0.0917709 0.0151735 
-0.615216 -1.79641 0.755655 
1.80603 -1.10801 3.17572 
3.78767 -4.44834 4.02762 
2.68955 0.0205004 2.83232 
1.8254 0.819709 3.05045 
-0.0411501 0.0935839 0.0227856 
1.29084 -0.509916 3.15482 
1.09395 -1.09452 2.89676 
4.07622 -4.06374 2.66165 
0.0527969 0.609637 0.815271 
-0.0403117 0.0467253 0.0237616 
2.49229 -0.0194138 2.95333 
2.29266 0.713215 0.757075 
0.0082095 -1.68018 0.991772 
1.7646 -0.391272 3.15681 
-0.0605736 0.0686588 -0.000562887 
0.244866 -0.595309 0.707639 
0.531695 0.644407 0.974343 
0.00830486 -1.7065 1.02479 
11.2997 -11.2415 7.33818 
-0.839776 -3.57647 4.19991 
-1.22744 -5.11143 3.54256 
