-0.444513 -0.366529 -0.817353 1.04444 0.153986 0.867606 -0.472809 0.0762723 0.882438 -0.336031 -0.329221 0.620804 0 0 0 1
1 0 0 0 0 1 0 0 0 0 1 0 0 0 0 1
###
-0.0825243 -1.12879 0.697049 
-8.81235 -23.1197 -2.63984 
-3.88562 -10.4031 -1.0732 
2.24884 -1.56003 2.9278 
-0.020319 0.454922 0.915324 
-0.026594 0.178352 1.02106 
-0.0379139 0.223324 0.966351 
0.0475629 0.181922 1.01953 
-0.0378062 0.218958 0.964866 
20.0234 -20.23 5.33382 
3.88058 -6.57946 -1.04336 
0.542716 -1.04034 1.9826 
0.199029 0.613484 0.907011 
1.50769 0.902456 1.51908 
1.50191 0.902468 1.51542 
14.7945 -15.6781 -0.152725 
1.18014 0.595226 0.735678 
0.746877 -1.1668 1.76282 
17.2557 -16.6493 1.88207 
10.2946 -10.5044 0.514431 
1.20337 0.97774 1.72518 
1.12796 -12.2666 5.75384 
-0.0607326 0.378559 0.946831 
0.092295 0.286548 1.05025 
0.791244 -1.04217 2.2653 
-1.51352 -4.81187 1.56339 
0.675741 0.802089 2.09872 
1.18707 0.608023 0.748689 
0.742613 -1.12562 1.75769 
0.147298 -0.0969393 1.24128 
24.7643 -26.2899 -0.771697 
0.330091 0.609196 0.857581 
-1.65287 -5.44165 1.60086 
-2.0673 -4.83252 1.2611 

10.0249 -9.7583 8.7702 
23.2293 -24.2279 0.602217 
8.11969 -11.0109 0.496293 
-0.289823 -0.187726 0.422427 
-0.228816 -0.20255 0.450323 
0.0701774 -0.996372 1.43407 
-3.24392 -6.31991 3.73907 
12.2304 -12.0979 10.7428 
-8.74637 -8.95798 4.11555 
-0.0892251 -1.00947 1.25937 
5.35212 -7.54113 0.368868 
6.44593 0.310013 4.45001 
-1.39145 0.992296 0.302686 
-5.5017 1.46975 4.89662 
-0.194593 0.364019 0.380557 
10.5612 -10.8317 13.4634 
-0.311976 0.0296592 0.162067 
-2.05947 -5.2664 4.3405 
13.8534 -15.5669 5.48924 
23.1551 -43.0364 63.7095 
-6.074 1.26417 3.91094 
0.697906 -12.0323 3.63633 
-0.508349 0.54931 0.153845 
8.1843 -86.2488 135.376 
6.42097 0.249033 4.47134 
7.27138 -15.573 0.798123 
-7.30311 -0.389956 2.34683 
0.310048 -0.0742393 0.385627 
-2.10872 -5.36615 4.43338 
-0.998705 -5.78443 4.73414 
19.4973 -21.7331 26.3024 
5.43688 -1.60404 2.86141 
6.11096 -13.5214 0.875972 
20.828 -37.6261 55.0758 
