-0.444513 -0.366529 -0.817353 1.04444 0.153986 0.867606 -0.472809 0.0762723 0.882438 -0.336031 -0.329221 0.620804 0 0 0 1
0.999715 -0.00832138 -0.0223653 -0.00355825 0.00839438 0.99996 0.00317201 -0.0053905 0.022338 -0.00335885 0.999745 0.00556748 0 0 0 1
###
0.883035 -1.28804 2.42787 
0.614709 -1.30641 1.53919 
-0.0825243 -1.12879 0.697049 
-8.81235 -23.1197 -2.63984 
0.622587 -1.34754 1.53833 
3.07595 -0.950975 -0.793539 
2.70028 -1.80678 2.71871 
-0.0378062 0.218958 0.964866 
20.0234 -20.23 5.33382 
3.10361 -0.856133 -0.646697 
11.1568 -12.0319 0.120035 
0.192761 -1.03306 1.98566 
3.49733 -1.10059 -1.00092 
13.9118 -14.7712 0.0234006 
0.606145 -1.57015 1.64597 
2.75036 -2.32588 -0.731123 
14.7945 -15.6781 -0.152725 
0.209076 0.433141 1.01857 
1.18014 0.595226 0.735678 
2.66476 0.186791 0.221559 
2.55429 -1.6626 2.62684 
0.0315732 0.360899 0.936153 
0.092295 0.286548 1.05025 
0.184088 -1.08231 2.0134 
2.07343 -1.2693 2.49536 
0.362863 0.673606 0.996156 
1.58023 -1.06632 3.21391 
0.147298 -0.0969393 1.24128 
1.96794 -1.1876 2.58417 
24.7643 -26.2899 -0.771697 
3.67029 -6.30711 -0.924728 
1.17031 0.601833 0.744005 
0.0331857 0.358385 0.934223 
2.57121 -1.67306 2.64659 
-2.0673 -4.83252 1.2611 

-0.0404835 0.0458792 0.0230129 
-0.615165 -1.79625 0.755648 
4.07622 -4.06374 2.66165 
3.5953 -3.15956 0.244697 
0.0177704 -2.35504 1.08957 
2.65094 -0.0463973 2.74422 
-0.526511 -2.30024 2.74772 
-0.0557095 0.00348786 0.022272 
1.8424 -4.88149 4.85353 
2.71618 -1.46226 3.13135 
2.67155 -3.43464 3.34186 
-0.74424 -1.75647 0.738851 
2.68955 0.0205004 2.83232 
3.82602 -3.65298 2.42746 
-0.663031 -2.12125 0.698235 
-0.0877129 0.0345081 -0.00906109 
3.78767 -4.44834 4.02762 
0.996229 -0.17114 2.33991 
-0.0412874 0.0940679 0.0227209 
-0.0568924 0.0722309 0.00265134 
-0.988081 -4.44882 5.22031 
0.0692151 0.612345 0.833302 
0.0759169 -0.0814404 0.0724589 
-0.661914 -1.71296 0.669252 
-1.24879 -5.85594 6.90693 
0.446195 0.652978 1.09769 
2.87608 -1.07524 2.02279 
0.00288633 -1.77723 1.04888 
-0.355081 -1.62327 1.18895 
4.9999 -4.70283 2.6835 
0.113963 -5.41698 5.90353 
-0.0046985 0.669471 1.47665 
-0.0563231 -0.00598181 0.0229368 
-0.0689049 0.222943 0.228243 
7.25446 -19.1521 23.5583 
