-0.499875 -0.479981 -0.720932 0.954622 0.157318 0.768226 -0.620548 0.28984 0.85169 -0.423612 -0.308508 0.655104 0 0 0 1
0.999981 0.00562725 -0.00249145 -0.00634208 -0.00560071 0.999929 0.0105333 0.00311856 0.00255054 -0.0105191 0.999941 0.0283595 0 0 0 1
###
-15.6342 -34.7586 -4.0774 
-0.0511362 -0.806379 0.773282 
-0.0736032 0.196017 0.938418 
4.48684 -4.70941 2.01354 
2.84688 -2.54652 1.20577 
0.0515903 0.183538 1.02008 
3.13475 -2.0661 3.11538 
8.27874 -8.06686 1.44912 
0.53399 -1.01233 1.97343 
0.644815 0.508013 2.36527 
2.99752 -7.54009 16.6932 
1.49615 0.899063 1.51047 
0.453548 -0.8391 1.90002 
0.609657 -1.28415 1.52411 
0.797505 -1.27293 1.81334 
1.27806 -0.746613 2.80836 
0.472528 -0.863643 1.91037 
4.70968 -6.5007 8.28982 
-1.43185 -4.28712 1.77079 
1.50146 0.89886 1.51377 
1.1857 0.969639 1.71107 
-1.56924 -2.83626 0.672832 
14.3324 -15.2274 -0.105691 
-0.258181 -0.4325 1.25 
1.31082 0.981178 1.80387 
0.582081 0.0524931 2.26165 
0.454828 -0.810165 1.88315 
0.651961 0.51031 2.37134 
3.74784 -2.67329 2.25056 
15.0006 -15.619 0.765273 

5.35212 -7.54113 0.368868 
10.0249 -9.7583 8.7702 
-10.0411 -14.8582 16.688 
18.4447 -20.8891 25.0831 
5.43432 -6.19611 2.18986 
12.2304 -12.0979 10.7428 
-12.2998 -16.7481 18.4578 
13.8534 -15.5669 5.48924 
6.44593 0.310013 4.45001 
-6.23336 -1.65603 1.84083 
-28.4541 -39.7876 3.95928 
-24.2716 -35.8251 9.87011 
-3.09562 -6.44542 4.057 
-0.998705 -5.78443 4.73414 
1.05064 0.810017 0.891529 
-4.47899 -4.62888 0.500844 
-0.426696 -0.515032 0.592363 
-6.60639 -5.31847 3.1248 
-0.273276 0.537784 0.120449 
-0.194593 0.364019 0.380557 
-6.074 1.26417 3.91094 
4.56951 -6.51642 0.257113 
19.4973 -21.7331 26.3024 
0.697906 -12.0323 3.63633 
0.316509 -0.0778649 0.394125 
-6.90913 -4.37476 3.02188 
6.42097 0.249033 4.47134 
-0.473276 0.156557 0.268561 
20.8363 -19.6671 19.1556 
9.31136 -18.3718 27.3216 
