-0.872573 -0.204648 -0.443549 -0.858044 -0.0339779 0.93124 -0.36282 0.141347 0.487301 -0.301516 -0.819528 0.517105 0 0 0 1
-0.707707 0.171871 0.685282 -0.669757 -0.240302 0.853572 -0.462244 0.79491 -0.664384 -0.491808 -0.562778 0.095582 0 0 0 1
###
5.55463 -6.13202 -0.220949 
-5.62709 -13.3203 -4.53681 
-1.89663 -1.0681 -0.173029 
-1.15656 0.359064 -1.62107 
1.93196 -4.93848 -2.86746 
-0.484375 -0.0343569 -0.0520298 
0.0869783 -4.93462 -0.523284 
6.48072 -6.76263 3.27087 
5.44054 -6.76088 -2.53776 
2.0495 -4.58271 -2.47939 
1.53492 -0.584394 -0.736252 
0.382219 -3.31209 -1.99689 
0.790041 -5.40071 -1.8993 
-1.2794 0.365309 -1.54239 
-1.62878 0.393973 -1.12485 
-0.478382 0.300397 0.111244 
1.54836 -0.592299 -0.751024 
-0.440948 -3.95958 0.516482 
0.0766877 -1.50146 -1.16663 
-1.62524 0.390193 -1.10845 
4.36435 -4.98856 2.60066 
5.54182 -5.92842 2.26555 
0.178507 -3.00983 -1.93601 
0.447199 0.478618 -0.982016 
0.392424 0.515384 -1.12908 
-5.45083 -13.5681 -4.44016 
-1.25304 -0.676504 0.0725229 
-0.466687 -3.82358 0.505876 
-1.11327 0.232424 -1.15955 
1.99316 -0.284743 -0.974449 
1.3344 -3.87972 -2.07049 
0.597036 -5.26323 -1.43036 
5.85571 -6.56554 -0.33977 
4.54799 -5.16519 2.6344 
9.581 -9.36442 1.74434 
0.508733 -0.41509 -0.78185 
-1.62847 0.393249 -1.11562 
-0.461101 -0.0275219 -0.0642607 
-1.13168 0.402516 -1.72306 
-1.4874 0.378802 -1.5559 
0.0822898 -1.50843 -1.17936 
-0.0471025 -2.21246 -1.3368 
0.312493 0.480458 -1.07196 
-1.66014 0.395918 -0.997728 
0.208935 -0.0783539 -0.464606 
5.86788 -6.57925 -0.332741 
-1.5447 -0.0609709 -1.38561 
-0.971544 -5.59129 -4.36231 
0.722426 0.515882 -0.960855 
0.0975289 0.502946 -0.700717 
0.300228 0.477234 -1.06718 
-0.927911 -0.501149 -0.183033 
-1.16156 0.371951 -1.67302 
-1.26134 0.40025 -1.71367 
3.70842 -18.7983 -4.00578 
-1.51664 0.38102 -1.36881 
0.630305 -0.39623 -0.907981 
0.865925 0.0580527 -0.770534 
-0.479852 0.435923 -1.63627 
-0.949748 -5.89384 -4.62988 
-2.06535 -11.4034 -9.23894 
0.0659285 -4.86519 -0.4719 
-0.280637 0.444677 -1.51691 
-0.28521 0.120459 0.204062 
-1.62499 0.39284 -1.10674 
-1.66945 0.41436 -1.0946 
0.227247 -4.92476 -0.950922 
1.08585 -5.53269 -1.88046 
0.437326 -0.323265 -0.936508 
-0.477106 0.400558 -1.51543 
-0.658468 0.411366 -1.64778 
5.46687 -5.8001 -0.245259 

28.6339 -38.8572 -6.75769 
-1.00974 -4.11538 2.04883 
-3.30251 -3.46154 1.16625 
-1.72083 0.425848 0.806009 
-2.73483 -2.66295 2.74783 
-0.791049 0.114873 -0.0923094 
-1.01412 -4.08659 2.02488 
2.19139 -3.20737 0.471297 
14.7945 -15.6781 -0.152725 
0.956534 -5.46976 -1.23479 
-0.272962 -1.10662 -0.428811 
-1.9585 -2.3111 1.65591 
-1.59537 -4.37427 1.53381 
-0.621427 0.0374234 -0.25616 
-0.357119 -0.111649 -0.601838 
-0.533087 0.00473771 -0.336146 
-0.276582 -1.10165 -0.424449 
0.169817 -1.19174 0.81755 
-0.43553 -1.90769 -0.0119022 
-0.571 -0.0067285 -0.330122 
0.0353191 -7.29913 -1.4277 
12.3746 -21.1881 -4.65795 
8.00882 -12.2686 -2.15687 
-0.697842 0.0556942 -0.186584 
-0.743101 0.0769744 -0.156202 
-5.31749 -8.38459 8.09845 
-12.3586 -13.3428 21.673 
0.219215 -1.32418 0.800018 
-1.82692 0.536444 0.986464 
-0.311411 -0.854888 -0.486393 
-1.35995 -3.15012 0.668032 
-1.26338 -4.22544 1.7262 
0.482496 -6.55778 -1.43012 
7.90089 -19.5703 -6.28994 
8.13743 -19.0996 -5.56463 
-0.643854 -0.868521 -0.115742 
-1.30458 0.225384 0.261991 
-1.06758 -4.01247 1.68102 
-1.71448 0.500199 0.902784 
-1.72854 0.640594 1.1997 
-0.450322 -1.4736 -0.0777559 
6.06872 -8.6247 -0.929889 
-0.848534 0.121355 0.00686014 
2.96698 0.176401 -3.65465 
-0.4561 -0.510486 -0.296145 
1.52244 -8.54515 -2.13158 
0.379459 -2.07203 -0.793553 
-0.993104 -1.21478 1.34516 
-0.4434 -0.0758233 -0.465399 
-0.895948 0.136311 -0.0158848 
-0.849719 0.118556 -0.0527776 
-6.72423 -6.09893 6.18048 
1.15703 -0.203992 -0.954445 
-1.72235 0.554022 1.00336 
-0.840362 -4.16872 2.22414 
-1.74128 0.511677 0.916927 
-0.593504 -0.968089 -0.1265 
-0.467669 -0.375211 -0.311781 
-1.48255 0.324281 0.481017 
13.9118 -14.7712 0.0234006 
-1.56836 -1.66346 1.88106 
-0.576916 -3.13966 1.95678 
-1.34346 0.259578 0.314429 
-0.561783 0.275612 0.245294 
-0.805221 0.109207 -0.0890863 
-0.731341 0.0700586 -0.189894 
-1.01073 -4.11971 2.05279 
-1.37924 -4.31859 1.33031 
-0.755832 -0.688534 -0.0446088 
-1.43355 0.293939 0.421677 
-1.21365 0.200103 0.175542 
0.925984 -5.35124 -1.15182 
