-0.518772 -0.503564 -0.690868 0.841528 0.153438 0.74015 -0.654702 0.337721 0.841031 -0.445646 -0.306703 0.67372 0 0 0 1
0.999715 -0.00832138 -0.0223653 -0.00355825 0.00839438 0.99996 0.00317201 -0.0053905 0.022338 -0.00335885 0.999745 0.00556748 0 0 0 1
###
8.00792 -12.2661 -2.15616 
2.42756 -1.55581 2.53662 
-0.0142584 0.168158 1.01528 
3.12699 -2.07285 3.13415 
1.87505 -2.45163 8.90251 
0.53989 -1.0173 1.97761 
-0.129551 0.377691 0.940174 
2.06835 -1.26623 2.49435 
0.74853 -1.83873 1.7633 
0.665336 -0.701974 1.65934 
3.02975 -7.56749 16.7922 
0.462547 -0.851458 1.90199 
-0.498705 0.133073 -0.0449085 
-0.0518627 0.542379 0.955052 
1.738 -1.07025 2.76743 
2.63393 -1.7425 3.04011 
0.20375 -1.11341 2.03775 
2.883 -2.18158 4.07715 
-0.498757 -4.87681 2.6696 
1.31075 0.259988 1.82021 
2.03966 0.45265 2.08096 
0.0389381 0.578343 0.988212 
0.565614 -1.06832 2.03791 
-0.132853 0.401006 1.09736 
1.24849 0.268536 1.78574 
0.781502 0.838105 2.21687 

2.51708 -0.809809 2.83207 
-0.526511 -2.30024 2.74772 
-0.744164 -1.75635 0.738857 
-1.24879 -5.85594 6.90693 
-0.0553525 0.00343045 0.0221725 
-0.660409 -1.65719 1.10347 
-0.0539437 0.0146426 0.111847 
-0.988081 -4.44882 5.22031 
-0.732096 -2.35141 0.785258 
-7.33682 -11.4143 0.953736 
0.0792504 0.47394 0.156212 
-0.839776 -3.57647 4.19991 
-0.104914 -1.80885 0.957439 
2.08269 0.681315 0.907313 
2.83744 0.839928 2.44775 
2.29266 0.713215 0.757075 
-0.661914 -1.71296 0.669252 
0.531695 0.644407 0.974343 
-0.180854 -4.55935 0.571421 
-0.82141 -0.161367 1.93137 
-0.1897 -0.205566 0.107203 
-0.258144 -0.280021 0.303075 
-1.97271 0.627867 1.78641 
2.67155 -3.43464 3.34186 
2.71618 -1.46226 3.13135 
-1.79213 0.158148 1.83196 
