-0.518772 -0.503564 -0.690868 0.841528 0.153438 0.74015 -0.654702 0.337721 0.841031 -0.445646 -0.306703 0.67372 0 0 0 1
0.999981 0.00562725 -0.00249145 -0.00634208 -0.00560071 0.999929 0.0105333 0.00311856 0.00255054 -0.0105191 0.999941 0.0283595 0 0 0 1
###
8.00792 -12.2661 -2.15616 
2.42756 -1.55581 2.53662 
0.586048 -1.1226 2.02193 
3.12699 -2.07285 3.13415 
1.87505 -2.45163 8.90251 
0.53989 -1.0173 1.97761 
2.06835 -1.26623 2.49435 
-0.0331197 0.224384 0.94805 
3.02975 -7.56749 16.7922 
0.462547 -0.851458 1.90199 
-0.498705 0.133073 -0.0449085 
1.49102 0.896192 1.50328 
4.69339 -6.49135 8.28266 
0.785879 -1.24404 1.80612 
1.38892 -1.4156 2.00527 
-1.44294 -4.28672 1.77803 
1.32235 0.556665 1.95001 
1.09609 0.191457 1.89015 
0.584196 -1.11393 2.05963 
-0.154567 0.372072 0.949609 
2.883 -2.18158 4.07715 
2.18738 -1.3812 2.73158 
0.983102 -0.19448 2.92383 
1.13574 -0.764623 3.0187 
0.966371 0.199993 2.68922 
0.545325 -1.02774 2.00937 
1.31075 0.259988 1.82021 
1.00748 0.907756 2.47241 
0.0389381 0.578343 0.988212 
0.342049 0.665606 0.99933 
1.98004 -1.55394 4.37681 

-8.74637 -8.95798 4.11555 
-10.0411 -14.8582 16.688 
-0.289823 -0.187726 0.422427 
-0.188815 0.199768 0.301106 
-9.31878 -10.7514 1.07438 
6.44593 0.310013 4.45001 
-12.2998 -16.7481 18.4578 
-2.10872 -5.36615 4.43338 
-34.9796 -48.4932 4.24165 
-3.09562 -6.44542 4.057 
0.0580852 0.206758 0.341574 
-24.2716 -35.8251 9.87011 
13.8534 -15.5669 5.48924 
-2.05947 -5.2664 4.3405 
-4.05823 -15.6162 8.67087 
5.75609 -14.9632 0.705259 
-5.53885 -0.339971 3.88881 
-4.43402 -2.61227 3.96423 
-0.426696 -0.515032 0.592363 
0.0953774 0.209138 0.318949 
-3.24392 -6.31991 3.73907 
0.105187 -0.61398 1.1316 
-6.90913 -4.37476 3.02188 
-0.477342 0.155293 0.2728 
-6.87714 -2.88374 2.74419 
6.42097 0.249033 4.47134 
4.3947 -1.42673 0.916314 
1.19565 1.17168 0.599474 
-3.19187 -6.30091 3.87557 
-7.30311 -0.389956 2.34683 
-6.23336 -1.65603 1.84083 
