-0.877933 -0.226142 -0.422011 -0.872434 -0.0114917 0.891123 -0.453616 0.197699 0.478645 -0.393395 -0.784945 0.393312 0 0 0 1
-0.707707 0.171871 0.685282 -0.669757 -0.240302 0.853572 -0.462244 0.79491 -0.664384 -0.491808 -0.562778 0.095582 0 0 0 1
###
-2.0056 -1.25161 -0.180463 
-1.77626 0.49317 -1.09671 
-1.1549 0.358281 -1.61732 
0.595236 -4.64504 -0.981205 
3.7526 -5.91288 -2.73783 
2.06599 -4.6028 -2.4937 
3.8186 -4.50467 2.46437 
10.3911 -11.5754 10.559 
0.253608 -3.00482 -1.78855 
-0.0849249 -0.183513 0.0869169 
-13.6698 -30.9033 -12.4489 
1.46361 -0.0811359 -0.385402 
2.30989 -4.44151 -1.46983 
-0.243384 -1.04948 -0.386762 
1.95199 -4.42707 -2.3995 
-1.93058 -1.10468 -0.196684 
0.947036 -4.05386 -2.54652 
5.74189 -5.90943 0.99001 
-1.67267 0.40551 -1.00453 
0.695249 -4.74429 -1.16685 
0.342537 0.492237 -1.08553 
5.23773 -7.99504 -2.83933 
11.7377 -11.3029 5.37575 
2.3219 -0.0535926 -0.519044 
1.39269 -0.235634 -0.749227 
0.38255 0.511422 -1.11685 
0.452101 0.482564 -0.984137 
-1.01367 0.37341 -1.7595 
1.68 -0.265147 -0.856097 
-0.273761 -5.3436 -4.02852 
9.16414 -8.98215 1.70309 
-1.62731 0.392788 -1.12159 
0.956052 0.50619 -0.817359 
-0.386597 -4.33666 0.546311 
0.318387 0.484946 -1.07642 
0.457932 0.487364 -1.06524 
0.199437 -2.73489 -1.7175 
2.49911 -4.25152 -1.91347 
1.54225 -0.587632 -0.738272 
4.41263 -5.03298 2.58804 
3.59971 -4.1571 0.807574 
0.519508 -5.22792 -1.51 
-1.62395 0.389388 -1.1059 
1.27383 0.52892 -0.758129 
-1.62684 0.392253 -1.11244 
-0.00351265 -1.77721 1.03661 
0.534132 0.528309 -1.06004 
-1.62629 0.374154 -1.01176 
-1.02355 0.432274 -0.893392 
-1.16079 0.370737 -1.66887 
0.961767 -3.29922 -1.82677 
2.31397 -0.27226 -0.495321 
1.35298 0.0850789 -1.00497 
0.640652 -0.396896 -0.914266 
0.750019 0.52908 -0.979215 
2.25096 -3.46889 -0.658751 
0.0544295 -4.81679 -0.456202 
0.297919 0.476454 -1.06274 
0.243494 0.479753 -1.10201 
0.513992 -0.396661 -0.827026 
0.617422 -0.3376 -1.05067 
-1.62696 0.395639 -1.11008 
0.509715 0.512132 -1.11682 
1.23578 -1.41915 -0.76505 
0.411341 0.505604 -1.14317 
-0.478247 0.398179 -1.50744 
-1.65883 0.404061 -1.07129 
-0.185664 0.449274 -1.52169 
-0.65317 -4.15225 1.24875 
-0.34777 -4.48633 0.544284 
2.5402 -0.261674 -0.543031 
0.434299 -0.321437 -0.929729 
-1.63488 0.378677 -0.968603 
0.00860748 -2.32823 1.07281 
-0.28572 0.438892 -1.49955 
0.261952 0.48978 -1.12142 
-0.478584 0.434751 -1.63319 

-6.39022 -4.58638 10.6349 
-1.57131 0.494757 1.07841 
0.92711 -1.90325 0.597046 
-1.0044 -3.94392 1.53501 
7.89482 -19.5587 -6.28616 
-1.09023 -2.66765 0.519368 
2.19139 -3.20737 0.471297 
27.7638 -33.9671 -6.9095 
-0.832094 -3.58916 -0.103764 
-0.537125 -0.0501036 -0.464436 
-5.62328 -5.17844 6.64797 
-0.791049 0.114873 -0.0923094 
-0.569148 -3.4615 0.170457 
1.45137 -4.25703 -0.556744 
-1.07474 -2.60177 0.507256 
1.0508 -0.229338 -0.77224 
-1.48367 -1.86548 1.34809 
8.00423 -12.2623 -2.15562 
-1.85642 0.744278 1.20983 
-1.2578 -4.73838 1.51891 
2.08679 -0.193166 -0.588033 
-0.810376 -4.33588 -0.0174622 
2.40136 -3.67913 0.316493 
0.119021 -0.854717 -1.0031 
-0.304496 -0.783445 -0.469216 
0.442046 -0.567727 -1.69088 
-1.56843 0.363127 0.554221 
-1.7355 0.438986 0.794067 
-0.313977 -0.771646 -0.470278 
-5.29759 -5.82415 2.78973 
7.30926 -17.1822 -4.97626 
-0.4434 -0.0758233 -0.465399 
-1.31251 0.227077 0.256809 
0.219215 -1.32418 0.800018 
-0.837444 0.109696 -0.0547487 
-1.57733 0.363169 0.557291 
-1.51185 -2.54734 0.914066 
1.21633 -3.70885 -0.340244 
-0.272962 -1.10662 -0.428811 
2.30224 -3.87246 0.15703 
-1.01972 -4.7953 -0.148975 
-1.38223 -4.32144 1.75501 
-0.484099 -0.0468547 -0.456588 
-0.305906 -0.16357 -0.688172 
-0.357066 -0.111726 -0.60147 
-1.49713 -3.80974 1.25835 
-0.805221 0.109207 -0.0890863 
-1.82692 0.536444 0.986464 
-0.43404 -0.0432316 -0.461148 
-1.71448 0.500199 0.902784 
-1.52698 -3.28017 0.558247 
0.182896 -1.08311 -1.00315 
-0.457292 -0.743695 -0.278646 
-0.593504 -0.968089 -0.1265 
-0.635387 0.0129705 -0.31539 
-0.0716807 -6.12566 -0.997334 
-0.758158 -3.78144 2.09211 
-1.76761 0.608473 1.12111 
-0.880567 0.128103 0.00629948 
-0.631549 -0.885365 -0.11608 
-0.755832 -0.688534 -0.0446088 
-0.848534 0.121355 0.00686014 
-0.807921 0.0708221 -0.16833 
0.313595 -1.81939 -0.614445 
-0.861542 0.100635 -0.102555 
-1.45408 0.30574 0.429117 
-0.731341 0.0700586 -0.189894 
-1.43355 0.293939 0.421677 
0.180613 -1.22659 0.810064 
-0.222892 -1.54045 1.39685 
0.166786 -1.05682 -0.997474 
-0.64335 -0.962857 -0.196371 
-0.493941 0.0582607 0.358357 
-1.48491 -4.06033 1.49241 
-0.0966923 -0.24327 -0.956412 
-0.892438 0.137182 -0.010687 
-1.30458 0.225384 0.261991 
