-0.485326 -0.502905 -0.715224 0.799932 0.167751 0.749266 -0.640671 0.327536 0.85809 -0.430914 -0.279275 0.657668 0 0 0 1
0.999981 0.00562725 -0.00249145 -0.00634208 -0.00560071 0.999929 0.0105333 0.00311856 0.00255054 -0.0105191 0.999941 0.0283595 0 0 0 1
###
0.751542 0.491727 2.45559 
1.2724 -0.841143 2.84787 
2.0604 -5.13517 12.2186 
2.41236 -1.54517 2.53393 
0.57477 0.502015 2.24527 
0.166644 -0.0420211 1.05872 
0.541696 -1.01956 1.97902 
1.82581 -1.50474 5.076 
1.49233 0.894276 1.50309 
0.584279 -1.10647 2.05322 
0.0502331 0.208554 1.04988 
0.688826 -0.0463477 2.4369 
1.36773 0.248612 1.84615 
1.42844 0.43674 1.62782 
0.639423 -1.3754 1.52922 
-0.0213309 -1.7968 2.05087 
0.382704 -1.93165 2.14534 
-1.82419 -4.811 1.42396 
1.01114 -0.212856 2.96506 
0.560376 -1.04826 2.02369 
3.37146 -2.33362 3.69057 
0.103262 -3.96969 2.82487 
0.75125 -0.130496 2.55069 
1.17293 -0.652543 2.09834 
-3.20536 -5.21137 0.372567 

-6.5467 -1.75462 1.9649 
12.2084 -10.8878 10.7212 
-4.05823 -15.6162 8.67087 
-10.0411 -14.8582 16.688 
-6.23336 -1.65603 1.84083 
12.2304 -12.0979 10.7428 
6.41525 0.301282 4.42864 
15.9939 -14.6252 14.3415 
-24.2716 -35.8251 9.87011 
-3.09562 -6.44542 4.057 
19.4973 -21.7331 26.3024 
-6.90913 -4.37476 3.02188 
0.230176 0.232704 0.300523 
-4.92853 -0.104635 4.89808 
-0.998705 -5.78443 4.73414 
-0.115932 -14.0483 3.45872 
0.697906 -12.0323 3.63633 
-0.257441 0.0267512 0.226216 
-12.2998 -16.7481 18.4578 
6.42097 0.249033 4.47134 
-8.74637 -8.95798 4.11555 
-0.128249 -14.0512 3.44994 
23.2293 -24.2279 0.602217 
-0.0563315 0.610821 0.27554 
-2.24995 -14.4535 4.82816 
