-0.875858 -0.208036 -0.435425 -0.867566 -0.0164809 0.914673 -0.403858 0.215595 0.482288 -0.346546 -0.804552 0.382036 0 0 0 1
-0.707707 0.171871 0.685282 -0.669757 -0.240302 0.853572 -0.462244 0.79491 -0.664384 -0.491808 -0.562778 0.095582 0 0 0 1
###
-2.35618 -2.52944 -0.104049 
-5.11929 -4.45436 -0.929046 
2.27375 -3.00457 -0.0683914 
-1.76493 0.482077 -1.07362 
0.554119 -5.19903 -1.51847 
0.874427 -5.21018 -1.72519 
1.81298 -4.69839 -2.70829 
12.3484 -11.7862 5.57437 
2.16136 -3.0052 0.816894 
16.9967 -15.7326 3.6017 
-0.0868039 -0.183972 0.088035 
-1.15385 0.357713 -1.61434 
0.371413 -3.27166 -1.97159 
0.896657 -4.51855 -1.75208 
10.9923 -12.2611 11.1211 
0.942632 -2.04327 1.59941 
2.3366 -0.0500165 -0.521434 
4.63678 -6.73108 -2.26823 
-2.30591 -2.46898 -0.111378 
-0.0581922 -4.30576 -0.421657 
4.04946 2.50812 -4.13717 
1.44319 -6.24787 -2.29909 
-0.261485 -1.03352 -0.37193 
-1.36897 0.304074 -1.72437 
-1.12526 0.334416 -1.55841 
4.84046 -6.1252 5.44083 
3.99599 -4.68922 2.53469 
-1.25207 -0.522355 -0.0730755 
-2.23379 -2.34243 -0.0949223 
3.53799 -5.64126 -2.58036 
-1.29355 0.390318 -1.63356 
1.38444 -0.235843 -0.744089 
3.66831 -4.3136 1.38195 
-0.931775 -0.368532 -0.0812903 
0.344322 0.49304 -1.08587 
1.54434 -0.590239 -0.745605 
-0.389828 -4.28028 0.539896 
-1.45769 0.421231 -1.92775 
-1.31929 0.388865 -1.55012 
0.754718 -7.16585 -5.32064 
9.05168 -10.154 -1.98138 
2.28056 -0.276158 -0.485478 
0.616645 -4.55613 -1.09146 
0.443645 0.478087 -0.975067 
-0.931748 -0.36845 -0.0814641 
0.344322 0.49304 -1.08587 
0.747457 -1.44232 -2.02394 
-0.386374 -4.33423 0.54586 
4.31725 -8.11835 -4.9007 
0.3445 -5.68909 -4.16338 
-0.342932 0.375057 -0.28359 
1.52071 -0.503664 -0.614902 
-1.00903 0.376173 -1.76595 
-1.6251 0.39097 -1.10858 
-0.721899 -0.462664 -0.0697178 
1.30586 0.539771 -0.771263 
-1.58764 -4.06749 -3.13273 
-1.65141 0.388344 -0.97886 
1.56062 -0.593364 -0.746177 
5.97558 -6.66032 -0.345426 
0.300851 0.478629 -1.06483 
-1.02547 0.449254 -0.924929 
-0.254981 -0.176556 0.0677938 
0.246126 -0.0688003 -0.495 
0.356844 -3.06787 -1.96017 
0.337267 -5.63899 -4.11878 
0.174181 -4.65739 -0.913357 
0.308923 -0.411651 -0.646382 
-0.721063 -0.46428 -0.0699493 
1.2921 -1.40485 -0.791559 
0.968835 0.511332 -0.82311 
-1.62068 0.386981 -1.09866 
-0.46579 0.415654 -1.54919 
-1.28552 0.319255 -1.64235 
1.6405 -0.569068 -0.72256 
-0.351906 -4.47309 0.54639 
-1.95133 0.965137 -1.23389 
-1.23103 0.368095 -1.62385 
-0.342659 -0.976432 -0.377435 
-5.80822 -13.8714 -4.45722 
0.541655 -0.397902 -0.845784 
1.26126 0.519711 -0.761208 
1.00952 0.520838 -0.839315 
-0.988453 -0.872918 -0.500318 
-0.474872 0.402023 -1.51674 
-0.289571 0.43581 -1.48864 
0.24548 0.481148 -1.10287 
5.9264 -6.61703 -0.330231 
-0.328072 -0.995006 -0.388743 
-1.49202 0.38028 -1.5702 
-1.6537 0.400342 -1.06123 
-0.986898 -0.835819 -0.470405 
0.240037 -4.95915 -0.965529 
0.216417 -0.353089 -0.670634 
0.553356 -0.324767 -1.06054 
-0.00998214 -2.29571 1.06238 
1.84577 -8.7518 -1.49853 
0.265534 0.492434 -1.12421 
1.60506 -0.566119 -0.713666 

-12.3586 -13.3428 21.673 
-3.30251 -3.46154 1.16625 
2.14506 -11.7577 -3.34108 
-1.57131 0.494757 1.07841 
-1.40509 -4.11168 1.67164 
-1.55115 -4.30069 1.55687 
-1.47563 -3.20199 0.560024 
0.772579 -5.08251 -0.821496 
-1.48367 -1.86548 1.34809 
0.0353191 -7.29913 -1.4277 
-0.537125 -0.0501036 -0.464436 
-1.74128 0.511677 0.916927 
-0.535088 -0.835804 1.03751 
-1.53779 -4.20409 1.17644 
-5.62328 -5.17844 6.64797 
2.30224 -3.87246 0.15703 
0.161424 -0.893848 -1.03709 
-0.993104 -1.21478 1.34516 
-3.83652 -7.86448 9.93146 
-1.01412 -4.08659 2.02488 
-1.56843 0.363127 0.554221 
-1.38181 -4.20682 1.36107 
1.85898 -4.90089 -1.00053 
-1.95116 0.562281 1.04167 
-1.77649 0.452604 0.787926 
0.92711 -1.90325 0.597046 
2.71129 -3.58003 0.531232 
1.0508 -0.229338 -0.77224 
-1.10416 -2.32631 3.11157 
0.425415 -3.84347 -0.728607 
-1.37554 0.318204 0.994306 
-0.304496 -0.783445 -0.469216 
3.03272 -5.83753 -0.605232 
-6.72423 -6.09893 6.18048 
0.442529 -0.566692 -1.69039 
-0.272962 -1.10662 -0.428811 
0.169817 -1.19174 0.81755 
-1.85077 0.587705 1.07345 
-1.65997 0.586387 1.06559 
-1.81314 -2.47473 1.29969 
0.201831 -1.69189 0.464934 
0.180336 -1.08045 -0.993999 
-1.0044 -3.94392 1.53501 
-0.513408 0.132777 -0.0706334 
-2.00952 -2.28946 1.83733 
-0.801891 0.0671957 -0.172355 
-0.396042 -1.51038 0.0109332 
0.219215 -1.32418 0.800018 
-1.35995 -3.15012 0.668032 
8.00792 -12.2661 -2.15616 
-0.43404 -0.0432316 -0.461148 
-0.16486 -1.12282 -0.599608 
-1.7355 0.438986 0.794067 
-0.365145 -0.11718 -0.610336 
-1.08117 -4.19877 -0.206932 
-0.305906 -0.16357 -0.688172 
2.19139 -3.20737 0.471297 
-0.486305 -0.0342652 -0.419183 
1.06429 -0.222461 -0.825594 
2.20128 -12.0702 -3.4725 
-0.837444 0.109696 -0.0547487 
-0.586088 0.0600594 -0.457222 
-0.697842 0.0556942 -0.186584 
-0.600642 -0.939169 -0.120844 
-1.8256 -3.18349 0.893929 
-0.87782 -2.40842 0.449391 
-0.758158 -3.78144 2.09211 
-0.64335 -0.962857 -0.196371 
-1.04033 -4.12818 -0.225084 
-0.411029 -1.71617 -0.00764406 
-0.456479 -0.0740957 -0.523607 
-0.533087 0.00473771 -0.336146 
-1.45408 0.30574 0.429117 
-1.82692 0.536444 0.986464 
-0.218624 -1.11302 -0.512682 
0.180613 -1.22659 0.810064 
-1.31251 0.227077 0.256809 
-1.73215 0.64135 1.19846 
-3.98958 -4.46482 2.45565 
-4.50521 -7.30124 7.14617 
-0.631549 -0.885365 -0.11608 
-0.301368 -0.177991 -0.641776 
-0.456722 -0.0816838 -0.527153 
-3.62741 -3.61791 3.20524 
-1.43355 0.293939 0.421677 
-1.33784 0.258945 0.314862 
-0.880567 0.128103 0.00629948 
1.52244 -8.54515 -2.13158 
0.449008 -3.23399 -0.0965814 
-1.72861 0.640634 1.19969 
-1.71448 0.500199 0.902784 
-1.56836 -1.66346 1.88106 
-0.598713 -3.28448 2.01872 
-0.721194 -0.739155 -0.0747311 
-0.755832 -0.688534 -0.0446088 
-1.48491 -4.06033 1.49241 
-0.517918 -2.65199 1.41617 
-0.892438 0.137182 -0.010687 
-0.22434 -1.1207 -0.514419 
