-0.486183 -0.506171 -0.712332 0.736858 0.150493 0.754481 -0.638836 0.324049 0.860801 -0.417792 -0.29064 0.670705 0 0 0 1
0.999715 -0.00832138 -0.0223653 -0.00355825 0.00839438 0.99996 0.00317201 -0.0053905 0.022338 -0.00335885 0.999745 0.00556748 0 0 0 1
###
0.943268 -1.35051 2.49214 
0.667646 -1.51497 1.68782 
-0.242504 0.120572 0.987709 
0.2718 -1.23749 2.11302 
0.880829 0.852935 2.29405 
0.593855 -1.11583 2.05649 
0.641443 -1.37386 1.52813 
0.525169 -0.75157 1.93206 
1.25405 0.264197 1.78163 
0.9953 0.882311 2.39766 
-0.159046 0.187071 0.331252 
-0.00907227 -3.25355 2.66406 
0.537295 -0.959646 1.93962 
0.539815 -1.31823 1.57941 
0.984558 -1.10572 1.89847 
1.72963 -1.09523 2.49191 
1.42439 0.436431 1.62355 
-0.0210232 -1.28043 1.83124 
1.08781 -0.754909 3.40085 
0.994922 0.893463 2.40608 

-0.0404835 0.0458792 0.0230129 
0.0177543 -2.35665 1.09051 
-0.732182 -2.35165 0.785329 
-0.744198 -1.75641 0.738875 
-1.77679 0.153959 1.83066 
-0.660398 -1.65716 1.10344 
-0.0199272 -1.75939 1.03433 
-1.97275 0.62788 1.78644 
2.71618 -1.46226 3.13135 
-0.0508349 0.0408909 0.326666 
-11.0978 -15.1839 -5.42523 
0.0120423 -2.2211 1.03403 
-1.24879 -5.85594 6.90693 
-0.615308 -1.79662 0.755675 
-0.446866 0.0633166 0.290465 
2.29266 0.713215 0.757075 
-2.00595 -1.40202 1.28463 
-0.55709 -4.06958 1.11699 
0.531695 0.644407 0.974343 
-0.0605736 0.0686588 -0.000562887 
