-0.486183 -0.506171 -0.712332 0.736858 0.150493 0.754481 -0.638836 0.324049 0.860801 -0.417792 -0.29064 0.670705 0 0 0 1
1 0 0 0 0 1 0 0 0 0 1 0 0 0 0 1
###
1.37329 -2.84769 8.39492 
-0.101326 0.190665 0.915328 
1.65532 -1.11453 3.01092 
0.585287 -1.1064 2.01664 
2.04108 -5.03073 11.943 
0.751854 0.492204 2.45694 
1.51279 0.896605 1.51166 
0.773129 -1.20579 1.79424 
0.767452 0.498388 2.47855 
1.10123 -0.793771 3.45079 
-0.0420982 0.562717 1.00026 
0.593855 -1.11583 2.05649 
0.97273 0.211673 1.79237 
1.48375 0.892586 1.49709 
1.15239 -0.951732 2.75602 
1.4209 1.03718 1.81173 
6.46818 -7.36481 5.19968 
0.961076 -0.17576 2.86629 
-1.45423 -4.30892 1.78278 
-0.00907227 -3.25355 2.66406 
0.537295 -0.959646 1.93962 
0.684928 -1.41455 1.54318 
1.72963 -1.09523 2.49191 
1.33315 0.560779 1.94534 
1.1309 0.181109 1.90857 
0.771847 0.476409 2.51313 
0.860703 0.22637 2.5465 
0.562732 -2.8376 2.54878 
1.08781 -0.754909 3.40085 
0.972005 -1.08603 1.88638 
0.994922 0.893463 2.40608 

-0.311976 0.0296592 0.162067 
6.41525 0.301282 4.42864 
-9.31878 -10.7514 1.07438 
-0.289823 -0.187726 0.422427 
-34.9796 -48.4932 4.24165 
-6.5467 -1.75462 1.9649 
-5.5017 1.46975 4.89662 
-2.05947 -5.2664 4.3405 
-6.23336 -1.65603 1.84083 
15.9939 -14.6252 14.3415 
-1.54661 0.870944 0.859128 
-3.09562 -6.44542 4.057 
-4.43402 -2.61227 3.96423 
-0.194593 0.364019 0.380557 
-3.34197 -7.30423 4.15359 
-6.074 1.26417 3.91094 
-4.05823 -15.6162 8.67087 
-6.90913 -4.37476 3.02188 
5.75609 -14.9632 0.705259 
-0.115932 -14.0483 3.45872 
-12.2998 -16.7481 18.4578 
-0.998705 -5.78443 4.73414 
-4.47899 -4.62888 0.500844 
-5.54243 -0.342817 3.8949 
-0.246053 -0.352294 0.497991 
-6.06306 -1.71244 1.83359 
-6.87714 -2.88374 2.74419 
0.697906 -12.0323 3.63633 
-8.74637 -8.95798 4.11555 
5.43688 -1.60404 2.86141 
1.19565 1.17168 0.599474 
