-0.873501 -0.177573 -0.453281 -0.85683 -0.0300222 0.948978 -0.313908 0.214511 0.485895 -0.260591 -0.834265 0.390044 0 0 0 1
-0.707707 0.171871 0.685282 -0.669757 -0.240302 0.853572 -0.462244 0.79491 -0.664384 -0.491808 -0.562778 0.095582 0 0 0 1
###
0.598103 -4.66107 -0.987399 
1.19088 -2.27927 1.73242 
0.376137 0.506705 -1.1083 
3.88255 -6.16648 -2.55667 
0.899442 -4.52759 -1.75721 
-0.918022 -0.232646 0.00206463 
0.546642 -5.18924 -1.51267 
1.55583 -0.593422 -0.744787 
-0.636298 -0.557231 -0.115359 
0.62149 -4.57082 -1.09751 
-0.331594 0.124252 -0.150307 
-1.03006 -0.125097 -0.327505 
-9.47603 -17.9698 -1.63057 
-8.67173 -12.9102 -2.00906 
-0.389004 -0.71286 0.0975153 
-0.442523 -0.310086 -0.137027 
2.72854 -3.63219 2.61548 
4.03384 -4.71789 2.48135 
1.95952 -9.92547 -3.00743 
2.33127 -0.0518824 -0.521468 
2.73924 -4.633 -2.08243 
2.1947 -8.27689 -2.80735 
0.940978 -4.07824 -2.57279 
-1.62466 0.391235 -1.11586 
0.60924 -1.72804 -0.468823 
1.5652 -1.969 -0.191984 
1.36678 -6.68021 -2.59261 
0.293093 -4.16517 -2.91741 
0.436932 0.474212 -0.969605 
-1.62391 0.390318 -1.10579 
0.372782 -0.432546 -0.66842 
-6.29767 -11.3692 -0.927318 
9.24766 -8.8259 1.36849 
2.27943 -0.277207 -0.486117 
1.08414 -0.0834024 -0.855236 
-1.12944 0.394881 -1.69614 
2.5153 -4.26139 -1.92208 
1.04762 -3.44035 -1.91614 
-0.716273 -1.77123 -1.18887 
0.340256 0.490451 -1.08183 
3.08394 -3.96348 1.98451 
1.73718 -2.63219 0.751348 
-0.294942 -0.775529 0.0914423 
0.00338578 -0.875543 -1.10887 
-0.787167 -0.901074 -0.0888869 
-1.51006 0.374501 -1.34751 
2.30696 -4.16975 -1.73497 
0.0814127 -1.50657 -1.17669 
0.861257 -0.0241366 -0.758965 
0.747922 0.527865 -0.977153 
0.32124 0.486021 -1.07815 
-1.16039 0.371453 -1.67005 
4.01986 -4.73164 2.38181 
0.0668438 -1.12829 0.285382 
-0.631903 -3.01557 -2.17784 
2.02473 -2.25266 -0.29559 
1.06738 0.540271 -0.867677 
-0.335833 -4.98668 -3.73035 
0.507631 0.510085 -1.1128 
-1.57513 0.374036 -1.1993 
-0.472353 0.404868 -1.52512 
1.18258 -1.12587 -0.814215 
0.660308 -0.398796 -0.929001 
0.436841 -0.322367 -0.931861 
-0.887325 -0.401129 -0.0101904 
2.18064 -0.0282793 -0.535417 
1.09481 -0.0302169 -0.867106 
0.550282 0.523414 -1.02696 
0.750852 -6.61251 0.153001 
2.94057 -3.89234 2.82278 
0.640528 -0.340027 -1.06977 
-0.293726 0.428507 -1.47005 

-0.859285 -3.42526 1.428 
8.01037 -12.2695 -2.15674 
0.442046 -0.567727 -1.69088 
-0.993104 -1.21478 1.34516 
-1.53779 -4.20409 1.17644 
25.4851 -23.7501 4.40153 
-1.40509 -4.11168 1.67164 
-0.272962 -1.10662 -0.428811 
-0.832094 -3.58916 -0.103764 
-1.2578 -4.73838 1.51891 
-0.816299 0.0963331 -0.104726 
-1.8507 0.58766 1.07343 
-1.10416 -2.32631 3.11157 
-12.3586 -13.3428 21.673 
1.57587 -4.53598 -0.505449 
-0.279228 -1.10352 -0.416724 
27.7638 -33.9671 -6.9095 
0.248472 -2.67236 -0.14438 
-1.38599 -4.38959 1.75003 
0.161424 -0.893848 -1.03709 
-1.9585 -2.3111 1.65591 
-1.38181 -4.20682 1.36107 
-1.82675 -3.18533 0.894077 
-0.357066 -0.111726 -0.60147 
-1.41599 -2.54691 0.8655 
-1.03863 -4.12253 -0.223361 
-1.55123 -4.30089 1.55692 
-3.62741 -3.61791 3.20524 
-0.697842 0.0556942 -0.186584 
-0.365145 -0.11718 -0.610336 
-0.593732 -0.997251 -0.143506 
-3.83652 -7.86448 9.93146 
1.78093 -5.14741 -1.09003 
0.182896 -1.08311 -1.00315 
-0.458619 -0.680222 -0.315471 
-1.74128 0.511677 0.916927 
-0.941084 -3.10116 0.167394 
-1.47563 -3.20199 0.560024 
-0.722453 -1.33191 0.85164 
-0.837444 0.109696 -0.0547487 
0.956534 -5.46976 -1.23479 
2.90414 -4.32621 0.196508 
1.51808 -4.44105 -0.636623 
-0.422964 -1.49745 -0.0945721 
0.219215 -1.32418 0.800018 
-0.533087 0.00473771 -0.336146 
-0.919159 -4.0161 -0.0874784 
-1.08616 -1.40101 0.809104 
-0.600642 -0.939169 -0.120844 
-0.635387 0.0129705 -0.31539 
-0.849719 0.118556 -0.0527776 
-0.486305 -0.0342652 -0.419183 
23.4336 -24.3291 5.49516 
1.20591 -10.8432 -3.01652 
2.30224 -3.87246 0.15703 
0.119021 -0.854717 -1.0031 
-0.456479 -0.0740957 -0.523607 
6.06872 -8.6247 -0.929889 
-0.807921 0.0708221 -0.16833 
-0.743101 0.0769744 -0.156202 
-1.43355 0.293939 0.421677 
-1.11161 -0.936386 0.578056 
-0.568029 -1.0258 -0.125471 
-0.755832 -0.688534 -0.0446088 
-0.645377 -4.04901 1.83965 
0.113627 -0.855334 -1.01385 
-0.643854 -0.868521 -0.115742 
-0.802607 0.110746 -0.0943045 
-1.17093 -7.63956 2.68452 
4.83722 -8.07459 -1.37514 
-0.648814 -0.860665 -0.116114 
-1.21365 0.200103 0.175542 
