-0.460404 -0.339891 -0.820063 0.664502 0.228599 0.847245 -0.479498 0.223117 0.857771 -0.408229 -0.312376 0.71116 0 0 0 1
0.999715 -0.00832138 -0.0223653 -0.00355825 0.00839438 0.99996 0.00317201 -0.0053905 0.022338 -0.00335885 0.999745 0.00556748 0 0 0 1
###
2.09947 -1.41975 2.8417 
-0.525327 -0.00312444 -0.317872 
2.19284 -1.48352 2.89433 
3.12175 -2.09787 3.12343 
1.08185 -0.794877 3.45775 
-0.158097 0.147057 0.941717 
1.15274 -0.95183 2.75556 
0.769141 0.475422 2.51117 
4.21616 -2.94261 5.0916 
0.534894 -0.765176 1.23958 
0.0423912 0.435453 0.548341 
0.930809 -1.26967 2.73055 
1.12049 -0.923945 2.70411 
6.38254 -9.32515 5.14661 
1.82854 -1.19374 3.45005 
2.19145 -1.51852 2.84742 

-0.697202 -2.21044 2.5648 
-0.157822 0.0444926 0.322395 
-1.65556 -1.90494 1.94661 
-0.0696459 0.132792 -0.00930037 
1.5508 -4.01691 4.58982 
1.8424 -4.88149 4.85353 
-0.988081 -4.44882 5.22031 
0.047531 0.623641 0.922151 
2.83744 0.839928 2.44775 
-0.0446084 -0.0180867 0.0361609 
2.08269 0.681315 0.907313 
-1.74135 -1.18371 1.90965 
-0.660349 -1.65709 1.1034 
-0.0402701 0.0466947 0.0236981 
2.49229 -0.0194138 2.95333 
0.346495 0.638288 1.06292 
