-0.159621 -0.215658 -0.963335 -0.129207 0.0252372 0.974636 -0.222369 0.296053 0.986856 -0.0598066 -0.15013 0.883959 0 0 0 1
-0.707707 0.171871 0.685282 -0.669757 -0.240302 0.853572 -0.462244 0.79491 -0.664384 -0.491808 -0.562778 0.095582 0 0 0 1
###
1.87638 -4.80308 -2.78184 
2.48225 -4.62671 -1.56263 
2.2257 0.789998 2.90486 
0.552549 -5.20752 -1.52319 
2.94242 -3.65205 1.66499 
0.112879 -1.53184 -1.20269 
0.325963 -1.32195 0.63248 
2.71624 -4.58417 -2.06256 
0.466677 -3.33337 -2.12794 
2.41473 -0.0419088 -0.542631 
-0.720117 -0.591435 0.388019 
9.06523 -8.66774 1.36498 
-0.0734463 -1.61278 -0.960191 
1.52582 -0.588536 -0.735852 
3.5126 -10.4852 -7.2307 
-0.722261 -2.98663 -2.17726 
-0.360736 0.142117 -0.19093 
1.3794 -0.238711 -0.74063 
0.346648 0.493926 -1.08655 
3.00163 0.00439757 -0.622513 
6.06328 -6.30225 1.22357 
6.09029 -6.45316 -0.218682 
1.52582 -0.588536 -0.735852 
0.759338 -0.338246 -1.19398 
0.322614 0.487404 -1.07831 
-0.0846855 0.0707149 -0.102755 
1.32706 -5.53157 -2.21294 
2.48355 -5.35726 -3.18478 
-0.429149 0.0757929 0.322858 
2.48634 -0.0194608 2.94628 
0.243686 -2.84673 -1.79793 
0.979168 0.514553 -0.828508 
-0.276941 -0.950864 0.722951 
1.83086 -3.02822 2.49603 
4.32442 -4.98642 2.60518 
2.24249 0.860072 3.25485 
4.38239 -4.86742 0.958747 
2.95413 -0.867298 1.99672 
0.506565 -0.321133 -1.02755 
2.27048 -0.275382 -0.482129 
-0.295957 -3.18359 -0.332589 
-0.849476 -2.66167 -1.92286 
1.99608 -0.0648573 -0.571297 
-0.250136 -1.01808 0.783725 
2.79673 -3.68151 1.99733 
4.15947 -4.67309 0.912978 
1.80313 0.838391 3.0929 
0.125138 -0.49766 -1.19142 
0.112378 0.51174 -0.708416 
1.3862 -4.05055 -2.19296 
0.980143 0.109994 -0.83216 
-0.248206 -1.02036 0.784514 
2.77495 -3.65508 1.99972 
4.83805 -5.5402 -0.250172 
0.15428 -3.39123 -0.747464 
5.50113 -5.93177 1.1024 
-1.03047 -1.26623 -0.447451 
2.79486 0.820455 2.4 
-0.256656 -3.44164 -0.310041 
1.64676 -0.571255 -0.726334 
-0.0556838 -0.371337 -0.850504 
2.86375 -0.577206 2.16743 
-0.691255 -1.42005 -0.856467 

-1.47563 -3.20199 0.560024 
-0.993104 -1.21478 1.34516 
3.13694 0.107283 -0.522615 
-1.40509 -4.11168 1.67164 
-1.5692 -1.95405 1.56007 
-1.08616 -1.40101 0.809104 
2.095 -4.59815 -0.367386 
-1.6721 -2.01485 1.53901 
-1.48386 -1.86603 1.34854 
0.119021 -0.854717 -1.0031 
0.0992223 -0.93906 0.79546 
7.84033 -19.4416 -6.24254 
3.18045 -15.8804 -5.62464 
-0.272962 -1.10662 -0.428811 
-1.80242 -3.01014 0.925016 
-2.00952 -2.28946 1.83733 
-0.586088 0.0600594 -0.457222 
-0.307627 -0.782273 -0.469775 
-0.837444 0.109696 -0.0547487 
0.164299 -0.89718 -1.04992 
1.85898 -4.90089 -1.00053 
0.482496 -6.55778 -1.43012 
-0.276582 -1.10165 -0.424449 
-0.745138 -0.698995 -0.0551316 
-0.801891 0.0671957 -0.172355 
1.39039 -0.879139 -2.09122 
-1.53779 -4.20409 1.17644 
-1.03925 -1.79186 0.872781 
-1.48255 0.324281 0.481017 
3.10234 -0.632224 -0.373807 
-1.51185 -2.54734 0.914066 
-0.357066 -0.111726 -0.60147 
8.00666 -12.2647 -2.15602 
-2.32233 -2.5774 2.03078 
-3.36236 -3.32899 3.22143 
2.91782 0.129487 -0.25121 
-1.01944 -4.79396 -0.148651 
2.4938 -1.62368 -0.740681 
-0.79525 -0.649724 -0.0110378 
0.182896 -1.08311 -1.00315 
0.169817 -1.19174 0.81755 
-1.29219 -1.41434 1.81282 
-1.72282 0.541422 0.983353 
2.82918 -3.67803 0.534395 
-6.83414 -8.98275 2.38233 
6.94986 -16.3638 -4.7209 
2.3359 0.152395 0.113508 
-0.965444 -0.58526 0.16357 
-0.895948 0.136311 -0.0158848 
-2.95523 -6.64014 0.172353 
-0.530174 -0.787759 -0.425111 
-0.844883 -2.69534 0.291941 
-0.87782 -2.40842 0.449391 
2.92926 -4.35922 0.189359 
-0.859285 -3.42526 1.428 
-0.810376 -4.33588 -0.0174622 
-0.16059 -0.537836 0.954564 
0.442046 -0.567727 -1.69088 
-0.598713 -3.28448 2.01872 
-0.218931 -1.11521 -0.518809 
-0.882715 -0.597796 0.0676081 
2.60942 -1.33036 -0.718717 
-3.62741 -3.61791 3.20524 
