-0.833234 -0.137694 -0.535501 -0.805301 -0.0119353 0.972749 -0.231553 0.2549 0.552792 -0.186546 -0.812171 0.439536 0 0 0 1
-0.707707 0.171871 0.685282 -0.669757 -0.240302 0.853572 -0.462244 0.79491 -0.664384 -0.491808 -0.562778 0.095582 0 0 0 1
###
1.54572 -0.59079 -0.740168 
-0.668951 -0.486606 0.0901179 
0.377648 0.50734 -1.10955 
0.678507 -5.24736 -1.78642 
4.22805 -9.75006 -5.58011 
0.897077 -4.51451 -1.74991 
1.90316 -4.84001 -2.80584 
0.550999 -5.19495 -1.51709 
2.19648 -2.38599 -0.330235 
-0.674796 -0.297785 -0.0857923 
0.589144 -4.49993 -1.0704 
1.37161 -2.47524 1.82725 
0.346283 0.494269 -1.08838 
2.42324 -0.0378054 -0.546226 
-1.14838 0.353398 -1.59482 
-0.258584 -1.04242 -0.378441 
-0.307847 0.136225 -0.159119 
-1.57457 0.381809 -1.23074 
1.52816 -0.588329 -0.73843 
1.99264 -4.47728 -2.43923 
0.551134 -5.07636 -1.34022 
1.66845 -8.86219 -2.65182 
9.50217 -9.01775 1.39696 
-0.562749 0.339717 -0.0275933 
6.73488 -7.01977 -0.265747 
2.03518 -0.0543253 -0.491977 
0.0255096 -0.655458 -1.25347 
2.46074 -3.41733 2.44919 
-1.05656 0.0502644 -0.863181 
1.267 0.522351 -0.754839 
-1.62283 0.389125 -1.11031 
0.992282 0.520494 -0.836071 
1.38068 -0.237681 -0.742943 
3.99866 -4.69556 2.45176 
-0.500218 -4.77639 -3.64677 
0.279482 -5.11149 -1.0124 
-1.46388 -7.13484 -5.66273 
-1.12777 0.380812 -1.65334 
0.322199 0.487811 -1.0801 
2.27278 -0.274223 -0.484214 
3.06884 0.678434 -0.422142 
0.93149 -1.94963 0.716027 
7.92129 -7.91504 1.52925 
-0.789495 -0.394484 0.0811845 
0.244404 -0.405541 -1.1661 
2.36123 -3.58158 -0.68543 
2.51431 -4.25906 -1.92137 
-0.496678 -1.69843 -1.07526 
-0.100009 -1.0426 0.594377 
1.15877 -9.44217 -0.238587 
0.747224 0.528727 -0.976989 
4.21645 -4.88608 1.99582 
3.45475 -4.03516 0.793752 
3.63314 -5.50755 -2.56962 
0.109858 0.511207 -0.70855 
-1.50866 0.371587 -1.34141 
0.421896 -0.425886 -0.721052 
0.121844 -2.57454 -1.61034 
0.519982 -4.92169 -3.48874 
-0.498176 0.409527 -1.56103 
0.165355 -0.440763 -1.14621 
-1.54858 -3.80577 -2.91155 
-1.16083 0.369506 -1.66392 
0.251071 -4.99824 -0.982183 
-4.88592 -11.5787 -3.667 
3.94215 -4.65962 2.35224 
0.531425 -5.25951 -1.52342 
2.21105 -4.0561 -1.66203 
1.35512 -4.00082 -2.1629 
0.875076 -5.3548 -1.30092 
-1.40012 0.274002 -1.30152 
-1.63064 0.398361 -1.11721 
-0.292297 0.433879 -1.48383 
-0.474258 0.404284 -1.52295 
-0.490856 -1.71681 -1.09277 
0.480391 -0.421675 -0.774082 
-1.87333 -2.98463 -1.52064 
-1.16102 0.365804 -1.66122 
3.33942 -4.14639 2.07681 
4.02337 -4.56303 0.898068 
0.196338 -0.318731 -0.755772 
-1.393 0.26526 -1.28007 
1.64914 -0.569941 -0.728255 
1.1725 -0.916415 -0.888911 
-0.428883 -2.45762 0.288284 
0.271987 0.496401 -1.13201 
4.70004 -5.42115 -0.246192 
-0.983775 -1.25187 -0.814005 

-0.272962 -1.10662 -0.428811 
41.4412 -55.9945 -10.5212 
-4.60459 -10.5665 13.1971 
-1.55139 -4.30125 1.55702 
-1.56144 -3.50947 0.954367 
-1.53779 -4.20409 1.17644 
-3.36236 -3.32899 3.22143 
-1.40509 -4.11168 1.67164 
-0.411029 -1.71617 -0.00764406 
-0.279228 -1.10352 -0.416724 
-1.2578 -4.73838 1.51891 
8.00916 -12.2681 -2.15656 
0.442529 -0.566692 -1.69039 
0.119021 -0.854717 -1.0031 
-1.74126 0.51167 0.916924 
-6.72423 -6.09893 6.18048 
-0.816299 0.0963331 -0.104726 
-1.30458 0.225384 0.261991 
-0.276582 -1.10165 -0.424449 
-3.62741 -3.61791 3.20524 
-1.26338 -4.22544 1.7262 
-1.38614 -4.38997 1.75013 
1.71061 -4.9377 -0.992223 
-6.00725 -3.63273 9.4509 
0.954878 -5.41628 -1.21261 
0.161424 -0.893848 -1.03709 
-1.19737 -0.722242 0.476592 
2.30224 -3.87246 0.15703 
-1.82688 0.536423 0.986452 
-0.365145 -0.11718 -0.610336 
-0.571 -0.0067285 -0.330122 
-0.357066 -0.111726 -0.60147 
-0.313977 -0.771646 -0.470278 
-1.81314 -2.47473 1.29969 
-0.468778 -3.17261 -0.0670426 
-0.262614 -3.45372 2.38052 
-0.413999 -2.70985 -0.0148958 
-0.632922 0.0464902 -0.220634 
-0.837444 0.109696 -0.0547487 
0.182896 -1.08311 -1.00315 
0.486233 -0.583845 -1.77554 
12.3746 -21.1881 -4.65795 
1.85898 -4.90089 -1.00053 
-0.731341 0.0700586 -0.189894 
-1.03347 -0.628555 0.394418 
-0.0610672 -4.10596 -0.318677 
-0.832094 -3.58916 -0.103764 
-6.58312 -5.63471 6.45697 
-1.71445 0.500172 0.902777 
-1.01412 -4.08659 2.02488 
-0.635387 0.0129705 -0.31539 
2.14503 -11.7574 -3.34106 
8.13743 -19.0996 -5.56463 
-0.535088 -0.835804 1.03751 
-0.895948 0.136311 -0.0158848 
-1.77649 0.452604 0.787926 
-0.586275 -0.98929 -0.12729 
-1.48324 -1.86535 1.34812 
-0.993104 -1.21478 1.34516 
-1.48255 0.324281 0.481017 
-1.09997 -0.606868 0.218887 
1.24027 -3.03561 0.126616 
2.96698 0.176401 -3.65465 
-0.598713 -3.28448 2.01872 
-1.48491 -4.06033 1.49241 
5.2709 -12.6363 -3.52856 
-1.35313 -4.25489 1.76175 
23.4293 -24.3251 5.49437 
-1.56974 -3.57478 0.570263 
-1.54587 -4.22708 1.52554 
-1.72834 0.640482 1.1996 
-0.809708 -0.875615 1.81556 
-1.33784 0.258945 0.314862 
-1.43355 0.293939 0.421677 
-10.1191 -10.9998 4.66702 
-0.648814 -0.860665 -0.116114 
-1.48801 -5.00311 1.19207 
1.15703 -0.203992 -0.954445 
-1.01944 -4.79396 -0.148651 
21.8241 -26.281 -3.59215 
-0.755832 -0.688534 -0.0446088 
-0.855338 0.0960153 -0.103385 
-0.22434 -1.1207 -0.514419 
0.229831 -1.52691 -0.961482 
-0.0946774 -1.20302 1.21685 
-0.880567 0.128103 0.00629948 
1.52244 -8.54515 -2.13158 
-5.29759 -5.82415 2.78973 
