0.601516 -0.151031 -0.784454 0.626122 0.191438 0.980605 -0.0420024 0.474616 0.775584 -0.12491 0.618763 0.623196 0 0 0 1
-0.707707 0.171871 0.685282 -0.669757 -0.240302 0.853572 -0.462244 0.79491 -0.664384 -0.491808 -0.562778 0.095582 0 0 0 1
###
4.54761 -5.19553 2.76064 
-0.660188 -1.65698 1.10418 
2.45251 -0.0386787 2.79971 
2.35811 0.848776 3.08862 
-0.665995 -2.41523 0.319422 
2.42376 -0.0388324 -0.546773 
2.11462 -2.34612 -0.315448 
4.47185 -5.11346 2.65689 
0.761275 0.503902 -0.894617 
2.27143 -0.280367 -0.481017 
-0.363091 -1.25439 1.01452 
1.47287 -2.46584 1.21215 
8.67831 -8.37485 1.33736 
-0.317096 -3.13122 -0.328874 
2.4836 -0.386666 2.78028 
1.53621 -0.590573 -0.735426 
0.988196 -0.251921 -0.59838 
-0.671902 -1.58456 -0.0826508 
1.22243 0.51574 2.86045 
0.940017 0.499414 -0.809234 
-0.339438 0.0989372 0.198384 
-0.552965 -0.729504 0.517164 
0.67446 -1.95014 1.47687 
4.19092 -4.86864 1.98513 
11.8098 -11.7468 7.68269 
6.48872 -6.91168 3.37757 
2.26286 -0.275995 -0.478874 
2.8162 0.834245 2.4289 
-0.732128 -1.29599 0.544162 
4.86873 -5.5871 -0.254314 
-0.787264 -1.53621 0.230817 
-0.563984 -0.716466 0.508068 
1.79991 0.836765 3.08773 
-0.7924 -1.63552 0.311817 
-0.788573 -1.08573 0.016058 
0.105033 -0.452919 -0.465813 
0.967949 -5.26392 -1.86258 
1.3435 -2.48625 1.74692 

-1.5692 -1.95405 1.56007 
-1.72282 0.541422 0.983353 
2.75458 -1.84281 -0.624036 
3.13694 0.107283 -0.522615 
-0.778248 -0.664531 -0.0253196 
-1.6989 0.495648 0.894127 
1.21633 -3.70885 -0.340244 
2.095 -4.59815 -0.367386 
-0.365145 -0.11718 -0.610336 
0.180336 -1.08045 -0.993999 
-0.43404 -0.0432316 -0.461148 
-3.36236 -3.32899 3.22143 
-1.6721 -2.01485 1.53901 
-0.486017 -4.07189 2.52182 
3.5202 -1.65566 -0.223811 
-0.272962 -1.10662 -0.428811 
-0.313977 -0.771646 -0.470278 
-0.729691 -4.01768 2.27012 
-0.0996824 -0.749562 -0.912674 
-0.4434 -0.0758233 -0.465399 
-0.561783 0.275612 0.245294 
-6.58312 -5.63471 6.45697 
-6.72423 -6.09893 6.18048 
2.92926 -4.35922 0.189359 
2.02303 -3.00841 0.498446 
2.30224 -3.87246 0.15703 
0.182896 -1.08311 -1.00315 
0.442046 -0.567727 -1.69088 
-1.54587 -4.22708 1.52554 
2.14503 -11.7574 -3.34106 
0.219215 -1.32418 0.800018 
-2.00952 -2.28946 1.83733 
2.3359 0.152395 0.113508 
-0.262614 -3.45372 2.38052 
-0.598713 -3.28448 2.01872 
-0.563824 -1.037 -0.125372 
-1.54133 -4.82795 1.45124 
-2.32233 -2.5774 2.03078 
