0.636419 -0.0967507 -0.765252 0.655804 0.248129 0.965048 0.0843443 0.53923 0.730345 -0.243559 0.638182 0.532984 0 0 0 1
-0.699415 0.149433 0.69892 -0.701618 -0.277342 0.844525 -0.458104 0.780145 -0.658711 -0.514244 -0.549229 0.079367 0 0 0 1
###
-0.659995 -1.65648 1.10445 
-0.606058 -0.721072 -0.0841335 
-0.371879 -1.64695 1.18858 
1.53552 -0.59032 -0.73547 
0.616075 -4.72779 -1.01889 
-1.40764 0.690264 1.43861 
-1.05865 0.0846669 1.90931 
0.561714 -5.24475 -1.54217 
-0.878662 -0.867594 0.176807 
2.73375 -4.60812 -2.07931 
1.81016 -0.97321 2.14786 
2.60283 0.765074 2.75172 
0.0104971 -2.2966 1.06682 
2.27066 -0.280532 -0.481639 
1.51951 -0.58826 -0.732717 
28.6855 -31.0541 27.8151 
4.19136 -4.87241 1.98144 
-0.730318 -1.30028 0.544789 
5.27901 -5.73725 -0.220271 
-0.382594 -4.37161 0.538347 
0.474053 -1.75573 1.3207 
-0.09611 0.0490509 0.364798 
-1.71353 -0.33714 1.57076 
5.76511 -6.46265 -0.323038 
1.37629 -0.239744 -0.739026 
2.55191 -0.920286 2.87664 
1.64755 -2.89012 2.22948 
-0.251732 -0.200217 0.0891545 
3.31549 -4.2698 2.95978 
2.21263 -0.0254956 -0.539144 
1.64161 -0.571068 -0.724088 
2.12952 0.702237 0.927462 
-0.748225 -0.742009 1.74923 
-0.883433 -0.770358 0.796834 
3.01271 -4.40755 -0.841337 
3.61821 -5.49502 -2.56736 
-6.4149 -10.9169 11.1884 
4.96568 -5.67074 -0.259129 

-1.72282 0.541422 0.983353 
0.425415 -3.84347 -0.728607 
-1.73549 0.438981 0.794063 
-0.272962 -1.10662 -0.428811 
0.0211386 -1.67229 1.51747 
-0.175296 -0.527883 0.942261 
-1.06373 -0.610043 0.291359 
-1.40509 -4.11168 1.67164 
-1.01412 -4.08659 2.02488 
-1.08117 -4.19877 -0.206932 
-1.10588 -1.22332 0.698851 
2.24887 -0.163865 -0.370327 
-1.54587 -4.22708 1.52554 
0.180336 -1.08045 -0.993999 
-0.276582 -1.10165 -0.424449 
-2.34024 -9.69507 11.8374 
-0.844883 -2.69534 0.291941 
-1.48491 -4.06033 1.49241 
3.24251 -4.49334 0.216458 
-0.222892 -1.54045 1.39685 
7.58766 -12.4823 -2.56465 
-0.880567 0.128103 0.00629948 
-0.22434 -1.1207 -0.514419 
2.14503 -11.7574 -3.34106 
-0.313977 -0.771646 -0.470278 
3.5202 -1.65566 -0.223811 
13.9776 -14.8616 -0.0889032 
-0.632693 0.051808 -0.222862 
2.82918 -3.67803 0.534395 
-0.837444 0.109696 -0.0547487 
-0.218931 -1.11521 -0.518809 
-0.857708 0.12461 -0.0487198 
-0.849719 0.118556 -0.0527776 
-1.11161 -0.936386 0.578056 
-0.0716807 -6.12566 -0.997334 
-0.588835 -3.19978 -0.0457159 
-0.279228 -1.10352 -0.416724 
12.3746 -21.1881 -4.65795 
