0.646441 -0.0531026 -0.761114 0.655655 0.13555 0.989699 0.0460763 0.449062 0.750827 -0.132954 0.646979 0.575647 0 0 0 1
-0.707707 0.171871 0.685282 -0.669757 -0.240302 0.853572 -0.462244 0.79491 -0.664384 -0.491808 -0.562778 0.095582 0 0 0 1
###
-0.655835 -1.65642 1.11827 
18.1719 -17.995 -1.8596 
5.338 -5.7452 2.66926 
2.4016 -0.0392267 -0.544947 
9.8845 -9.364 1.49376 
-0.66007 -1.65619 1.10478 
4.61934 -5.26042 2.76923 
1.52065 -0.588498 -0.73344 
0.761939 0.500421 -0.896391 
6.14451 -6.57161 -0.249723 
2.53671 -4.29246 -1.94453 
-0.390522 -4.33623 0.531847 
2.26883 -0.280513 -0.481876 
1.37774 -0.239838 -0.739628 
-0.593891 -0.693052 0.449658 
6.66723 -6.82418 1.32001 
2.49274 -0.019762 2.95388 
1.5721 -0.448343 2.06916 
-0.325276 -0.98577 0.710752 
-1.62533 -2.19033 2.23 
3.12559 -3.98819 2.38415 
-0.444576 -0.788788 0.446639 
5.78904 -6.48328 -0.327055 
-0.067018 0.646022 0.729256 
2.45373 0.776707 0.789055 
-0.306451 -1.0044 0.724765 
2.52346 -0.062978 2.80221 
-0.470678 -1.43916 1.02897 
2.26131 0.87127 3.28205 
2.25699 -0.276871 -0.478176 
-0.0812558 -1.1093 0.580187 
-0.483103 -0.753059 0.42089 
-1.68487 -0.341926 1.5615 
-0.434787 -4.1341 0.514502 
-0.329793 -0.98242 0.706462 
5.81434 -6.30889 3.1083 
10.2933 -9.94707 5.27877 
-0.833997 -1.16165 0.259418 
-1.00272 -0.485521 0.17658 
-0.616609 -1.79941 0.758167 
-0.435944 0.512703 0.451453 
3.63862 -5.52125 -2.58807 
4.51694 -4.98184 0.975052 

1.2946 -0.137027 -0.88301 
28.6312 -38.8549 -6.75744 
0.773379 -5.08641 -0.822983 
-1.6989 0.495648 0.894127 
-1.15468 -1.79744 1.03324 
-1.72282 0.541422 0.983353 
-2.52161 -3.53288 1.27745 
-0.272962 -1.10662 -0.428811 
-0.516639 -0.0451863 -0.46134 
0.957433 -5.43033 -1.21933 
-1.03959 -4.12559 -0.224327 
-0.0966923 -0.24327 -0.956412 
0.180336 -1.08045 -0.993999 
-0.304496 -0.783445 -0.469216 
2.02303 -3.00841 0.498446 
6.94986 -16.3638 -4.7209 
3.10234 -0.632224 -0.373807 
3.5202 -1.65566 -0.223811 
7.84033 -19.4416 -6.24254 
0.442046 -0.567727 -1.69088 
3.03272 -5.83753 -0.605232 
-2.32233 -2.5774 2.03078 
2.14503 -11.7574 -3.34106 
-1.57131 0.494757 1.07841 
-0.732446 0.0834515 -0.148678 
8.00666 -12.2647 -2.15602 
3.04419 -0.973621 -0.33189 
4.13333 -6.96948 -1.01787 
2.91782 0.129487 -0.25121 
0.182896 -1.08311 -1.00315 
2.71129 -3.58003 0.531232 
-2.00952 -2.28946 1.83733 
-0.22434 -1.1207 -0.514419 
-0.222892 -1.54045 1.39685 
1.50064 -2.10034 0.856407 
-1.01944 -4.79396 -0.148651 
-0.16059 -0.537836 0.954564 
-0.598713 -3.28448 2.01872 
-3.36236 -3.32899 3.22143 
-1.54587 -4.22708 1.52554 
1.15703 -0.203992 -0.954445 
-2.03176 -3.26628 1.0364 
-0.810376 -4.33588 -0.0174622 
