0.635 -0.0715385 -0.769192 0.614348 0.115241 0.993334 0.00275149 0.438679 0.763868 -0.0903895 0.639012 0.584886 0 0 0 1
-0.699415 0.149433 0.69892 -0.701618 -0.277342 0.844525 -0.458104 0.780145 -0.658711 -0.514244 -0.549229 0.079367 0 0 0 1
###
5.41096 -5.8111 2.70436 
-0.656747 -1.65461 1.11871 
9.04574 0.543 -1.8343 
4.59037 -5.23519 2.74203 
4.69349 -5.49298 -0.274802 
-1.04509 0.0221319 1.66777 
5.6921 -5.94443 -0.201991 
5.8041 -6.49848 -0.330565 
2.26828 -0.280122 -0.482278 
1.38057 -0.240029 -0.740855 
2.71651 1.45069 -2.08639 
-0.694015 -1.4814 0.993054 
-0.408655 -1.05639 -0.371852 
0.930897 0.496177 -0.806059 
1.21481 0.503427 -0.731233 
-0.509316 -0.832002 0.584944 
-0.377544 -0.836124 0.492268 
-1.71705 -1.24267 1.90809 
0.914143 0.484407 -0.79842 
0.508012 -1.9164 1.57203 
2.5618 -0.481866 2.73521 
-0.532374 -1.82099 1.27985 
2.52184 -0.0622355 2.80076 
2.25797 -0.27698 -0.478793 
4.67208 -5.11342 1.00432 
-0.673874 -1.52483 0.637195 
-0.591653 -3.26106 0.556957 
2.15853 0.716002 0.939291 
-0.535329 -1.82819 1.28466 
-0.322611 -0.988816 0.710458 
2.20505 -0.0248919 -0.537079 
-2.09163 -3.38484 3.56396 
4.9115 -5.78374 -0.244571 
-0.847047 -0.977604 1.09567 
-0.748841 -0.742174 1.74989 
-0.616619 -1.79945 0.758125 
-0.049855 -1.30731 1.02136 
-0.408166 -0.813846 0.506306 
2.50965 -3.45019 1.83544 
-0.0942282 0.0485124 0.367475 

0.773379 -5.08641 -0.822983 
-1.71236 0.53491 0.985692 
0.161424 -0.893848 -1.03709 
-0.941084 -3.10116 0.167394 
28.6312 -38.8549 -6.75744 
-0.703883 -0.757752 -0.0818939 
3.18045 -15.8804 -5.62464 
2.20128 -12.0702 -3.4725 
0.180336 -1.08045 -0.993999 
-0.307627 -0.782273 -0.469775 
-0.365145 -0.11718 -0.610336 
1.22937 -0.194364 -1.01145 
-1.21284 -1.39162 2.33003 
-0.4434 -0.0758233 -0.465399 
-0.305906 -0.16357 -0.688172 
1.45137 -4.25703 -0.556744 
1.50064 -2.10034 0.856407 
-0.16512 -0.526123 0.94262 
-0.456479 -0.0740957 -0.523607 
8.00666 -12.2647 -2.15602 
2.2886 -1.20332 0.0756983 
-0.961047 -2.25418 0.670804 
2.96572 -0.696677 -0.409241 
0.182896 -1.08311 -1.00315 
1.57587 -4.53598 -0.505449 
-1.48491 -4.06033 1.49241 
0.219215 -1.32418 0.800018 
-0.743101 0.0769744 -0.156202 
-1.81314 -2.47473 1.29969 
8.13743 -19.0996 -5.56463 
0.119021 -0.854717 -1.0031 
0.442529 -0.566692 -1.69039 
0.449008 -3.23399 -0.0965814 
-1.11161 -0.936386 0.578056 
-0.697842 0.0556942 -0.186584 
-4.50521 -7.30122 7.14615 
41.4412 -55.9945 -10.5212 
-0.722453 -1.33191 0.85164 
9.13097 -16.3965 -3.91176 
0.164299 -0.89718 -1.04992 
