0.592779 0.0423545 -0.804251 0.583957 -0.0179116 0.999062 0.039412 0.174791 0.805166 -0.00895719 0.592982 0.628743 0 0 0 1
-0.699415 0.149433 0.69892 -0.701618 -0.277342 0.844525 -0.458104 0.780145 -0.658711 -0.514244 -0.549229 0.079367 0 0 0 1
###
-0.252612 -0.205632 0.155514 
-0.813104 -0.500932 0.311316 
-0.109211 -2.0967 0.975362 
-0.447493 0.0933805 0.368051 
-1.06357 0.0715849 1.90066 
1.34037 -0.243338 -0.715943 
0.182937 -1.36179 -0.431147 
1.52395 -0.589091 -0.735568 
0.514027 -0.364066 -0.866722 
1.2416 -1.41171 -0.771161 
0.74133 -0.339645 -1.18311 
5.13403 -5.69745 2.93575 
6.70942 -6.85955 1.32458 
-0.409036 0.0689411 0.305394 
-0.416813 0.0817038 0.315095 
-0.67452 -1.58267 1.07454 
2.56228 -4.32582 -1.97092 
0.444504 0.481679 -0.978081 
-0.100811 0.0470512 0.364605 
1.03024 -0.211878 2.62217 
2.25772 0.87166 3.27796 
-0.244534 -1.98833 1.47405 
-1.40821 -3.00118 2.64786 
-1.14787 -4.88577 2.69293 
-0.536825 0.260926 0.137189 
-0.663856 -3.43579 0.827068 
-0.0972418 0.0480253 0.365728 
-0.899036 -0.327614 0.157761 
0.591762 0.452475 -0.882474 
2.48948 -5.37429 -3.20509 
5.39665 -5.74448 1.1221 
0.718818 0.514579 -0.958633 
5.59756 -6.24269 -0.303762 
-0.632436 -4.6092 1.29079 
-0.744829 -0.739641 1.74591 

0.180336 -1.08045 -0.993999 
-0.697842 0.0556942 -0.186584 
-1.48491 -4.06033 1.49241 
2.94676 0.172291 -3.62007 
-0.82911 -0.627483 0.014765 
-0.304496 -0.783445 -0.469216 
-1.03959 -4.12559 -0.224327 
-0.272962 -1.10662 -0.428811 
-0.703883 -0.757752 -0.0818939 
-0.409799 -1.68281 0.00971134 
-0.755832 -0.688534 -0.0446088 
0.425415 -3.84347 -0.728607 
-6.72423 -6.09893 6.18048 
1.22937 -0.194364 -1.01145 
-0.723027 0.0750113 -0.178233 
-0.709447 0.057773 -0.155696 
-0.535088 -0.835804 1.03751 
-0.805221 0.109207 -0.0890863 
1.14336 -0.178949 -0.687746 
3.12803 -0.755194 -0.559368 
2.91782 0.129487 -0.25121 
-0.276582 -1.10165 -0.424449 
-0.917702 -4.77406 -0.544025 
2.30224 -3.87246 0.15703 
-0.0792374 -0.286427 -1.03413 
-0.222892 -1.54045 1.39685 
-0.865489 0.124018 -0.0513851 
-2.34024 -9.69507 11.8374 
-0.632628 0.0111374 -0.316209 
9.61984 -22.5239 -6.62734 
-3.4285 -3.38332 3.35059 
-0.634576 0.013882 -0.317647 
12.3746 -21.1881 -4.65795 
-0.486017 -4.07189 2.52182 
-0.422964 -1.49745 -0.0945721 
