0.631781 -0.0561919 -0.773107 0.602232 0.157946 0.985777 0.0574235 0.467028 0.758884 -0.158388 0.631671 0.544152 0 0 0 1
-0.699415 0.149433 0.69892 -0.701618 -0.277342 0.844525 -0.458104 0.780145 -0.658711 -0.514244 -0.549229 0.079367 0 0 0 1
###
-0.658598 -1.64511 1.11794 
-0.653825 -0.705906 -0.163331 
-0.659953 -1.65533 1.10502 
2.38472 -0.0388672 -0.542824 
1.3798 -0.240159 -0.740117 
2.34188 -0.829469 2.63717 
-0.549213 -3.25325 0.390033 
2.47435 -0.0370921 2.82549 
-0.274295 -1.38305 -0.658837 
1.18347 -0.319614 2.91311 
0.762706 0.500796 -0.897455 
1.54194 -0.59098 -0.738417 
0.0734197 0.105741 -0.376369 
1.72084 -0.738087 2.14967 
-0.101011 0.0470159 0.362119 
3.35247 -4.59267 -0.602437 
1.82152 1.02012 -1.54575 
2.27588 -0.280923 -0.483616 
1.52433 -0.588968 -0.735295 
1.23484 0.509943 -0.738665 
7.87503 -8.0882 3.52323 
0.36931 -1.5069 0.900826 
2.24577 -2.38424 -0.330016 
5.78117 -6.47807 -0.327172 
-0.380785 -4.40095 0.522962 
1.22384 0.514148 2.88558 
-0.812553 -1.95503 1.55934 
0.741343 -2.01982 1.53027 
4.0118 -4.7131 1.9279 
-0.195399 -1.01752 0.657437 
-0.460559 -0.66129 -0.0172302 
2.55724 -4.31687 -1.96363 
2.47678 -0.0197685 2.93496 
0.485535 -1.84323 1.48111 
4.84777 -5.48452 2.06686 
6.06581 -6.73734 4.62419 
2.26086 -0.27727 -0.478907 
-0.338724 -4.95025 0.54402 
0.331842 -1.59336 1.1529 
2.19685 -0.0261177 -0.53161 
-0.616886 -1.80017 0.758196 
4.68725 -5.3493 2.02245 
-0.258104 -0.954971 0.612956 
4.85392 -5.27085 1.03101 
5.3373 -6.16307 -0.288189 
-0.607786 -2.62431 0.314818 
2.35876 0.748559 0.768869 
-0.64227 -0.577183 0.29302 
3.5408 -4.32737 2.15034 
-0.644335 -1.65744 0.693905 
-0.315465 -3.94091 1.10479 
2.80347 0.823815 2.40829 
-0.120689 0.0373478 0.360988 

-1.72282 0.541422 0.983353 
-0.151276 -0.523693 0.937595 
-1.71236 0.53491 0.985692 
0.161424 -0.893848 -1.03709 
-0.304496 -0.783445 -0.469216 
-0.43404 -0.0432316 -0.461148 
-0.778248 -0.664531 -0.0253196 
-1.07607 -1.20959 0.686757 
-0.153343 -0.525756 0.938906 
-1.10526 -1.08052 0.635009 
-0.516639 -0.0451863 -0.46134 
-0.272962 -1.10662 -0.428811 
-0.357066 -0.111726 -0.60147 
-0.486305 -0.0342652 -0.419183 
0.650021 -0.35565 -1.23292 
9.13097 -16.3965 -3.91176 
-0.571 -0.0067285 -0.330122 
0.180336 -1.08045 -0.993999 
-0.276582 -1.10165 -0.424449 
-0.305906 -0.16357 -0.688172 
-1.48386 -1.86603 1.34854 
-6.58312 -5.63471 6.45697 
1.21633 -3.70885 -0.340244 
2.14503 -11.7574 -3.34106 
0.169817 -1.19174 0.81755 
2.59171 0.280544 0.384587 
0.173986 -1.00191 -1.02083 
8.00666 -12.2647 -2.15602 
0.773379 -5.08641 -0.822983 
-1.29219 -1.41434 1.81282 
0.925984 -5.35124 -1.15182 
-1.03959 -4.12559 -0.224327 
3.10234 -0.632224 -0.373807 
-1.47515 -2.02196 1.00491 
12.3746 -21.1881 -4.65795 
-1.81314 -2.47473 1.29969 
0.182896 -1.08311 -1.00315 
-0.222892 -1.54045 1.39685 
-0.914763 -4.16023 -0.0699908 
0.119021 -0.854717 -1.0031 
-1.54587 -4.22708 1.52554 
3.03272 -5.83753 -0.605232 
0.394778 -2.11047 0.244691 
21.7953 -26.2474 -3.58757 
2.20128 -12.0702 -3.4725 
0.180613 -1.22659 0.810064 
2.65584 -0.620149 -0.339816 
-1.56836 -1.66346 1.88106 
-2.73667 -2.66455 2.74919 
-4.50521 -7.30122 7.14615 
-0.22901 -1.14189 1.07236 
2.08679 -0.193166 -0.588033 
-0.857708 0.12461 -0.0487198 
