0.592779 0.0423545 -0.804251 0.583957 -0.0179116 0.999062 0.039412 0.174791 0.805166 -0.00895719 0.592982 0.628743 0 0 0 1
-0.707707 0.171871 0.685282 -0.669757 -0.240302 0.853572 -0.462244 0.79491 -0.664384 -0.491808 -0.562778 0.095582 0 0 0 1
###
-0.252612 -0.205632 0.155514 
-0.813104 -0.500932 0.311316 
-0.109211 -2.0967 0.975362 
-0.447493 0.0933805 0.368051 
-1.06357 0.0715849 1.90066 
1.54243 -0.590979 -0.739249 
0.182937 -1.36179 -0.431147 
0.514027 -0.364066 -0.866722 
1.2416 -1.41171 -0.771161 
0.74133 -0.339645 -1.18311 
5.13403 -5.69745 2.93575 
6.70942 -6.85955 1.32458 
-1.81626 0.585909 1.82374 
-0.409036 0.0689411 0.305394 
-0.416813 0.0817038 0.315095 
-0.67452 -1.58267 1.07454 
2.56228 -4.32582 -1.97092 
0.444504 0.481679 -0.978081 
-0.100811 0.0470512 0.364605 
1.03024 -0.211878 2.62217 
-0.244534 -1.98833 1.47405 
-1.40821 -3.00118 2.64786 
-1.14787 -4.88577 2.69293 
-0.536825 0.260926 0.137189 
-0.0972418 0.0480253 0.365728 
-0.899036 -0.327614 0.157761 
0.591762 0.452475 -0.882474 
2.48948 -5.37429 -3.20509 
5.39665 -5.74448 1.1221 
0.718818 0.514579 -0.958633 
5.59756 -6.24269 -0.303762 
-0.632436 -4.6092 1.29079 
-0.744829 -0.739641 1.74591 
0.00616797 0.651801 1.40169 

0.180336 -1.08045 -0.993999 
-0.697842 0.0556942 -0.186584 
-1.48491 -4.06033 1.49241 
2.94676 0.172291 -3.62007 
-0.82911 -0.627483 0.014765 
-0.272962 -1.10662 -0.428811 
-1.03959 -4.12559 -0.224327 
-0.64335 -0.962857 -0.196371 
-0.409799 -1.68281 0.00971134 
-0.755832 -0.688534 -0.0446088 
6.94986 -16.3638 -4.7209 
-6.72423 -6.09893 6.18048 
-0.805221 0.109207 -0.0890863 
1.22937 -0.194364 -1.01145 
-0.493941 0.0582607 0.358357 
-0.709447 0.057773 -0.155696 
-0.535088 -0.835804 1.03751 
-1.76752 0.608421 1.12105 
1.15703 -0.203992 -0.954445 
3.12803 -0.755194 -0.559368 
-0.276582 -1.10165 -0.424449 
-0.917702 -4.77406 -0.544025 
2.30224 -3.87246 0.15703 
-0.0792374 -0.286427 -1.03413 
-0.530174 -0.787759 -0.425111 
-2.34024 -9.69507 11.8374 
-0.632628 0.0111374 -0.316209 
-1.54587 -4.22708 1.52554 
1.626 -4.66916 -0.537649 
-0.634576 0.013882 -0.317647 
2.20128 -12.0702 -3.4725 
-0.486017 -4.07189 2.52182 
-0.418666 -1.41178 -0.0892883 
-0.279228 -1.10352 -0.416724 
