0.56428 0.102408 -0.819207 0.561424 -0.10777 0.992923 0.0498903 -0.0865072 0.818519 0.0601339 0.571324 0.651127 0 0 0 1
-0.707707 0.171871 0.685282 -0.669757 -0.240302 0.853572 -0.462244 0.79491 -0.664384 -0.491808 -0.562778 0.095582 0 0 0 1
###
-1.06101 0.0647474 1.87024 
3.08694 -5.01752 -1.327 
4.7183 -5.34339 2.80119 
1.51784 -0.588193 -0.730029 
13.0021 -12.6215 8.88509 
-0.95615 -0.312136 1.80817 
-0.677406 -1.5803 1.07166 
-0.764344 -1.69581 1.30833 
1.50592 -0.587492 -0.728127 
4.74059 -7.37448 -2.6107 
5.52516 -6.03793 3.10891 
-0.346654 0.133219 -0.156341 
2.77101 -1.51902 2.9927 
-1.72293 -1.24657 1.91131 
0.0341475 -1.83596 1.05802 
-0.760816 -1.68765 1.30929 
0.635128 -0.391485 -0.916132 
3.04405 -1.43523 2.09177 
-1.06553 0.0782951 1.8986 
10.6863 -4.10514 6.01312 
9.7103 -9.65649 4.76964 
-0.191536 -0.138173 -0.0153786 
-1.84109 -4.18725 4.70031 
-0.745048 -0.739144 1.74432 
1.4019 -0.582142 -0.699013 
-0.293657 0.144022 -0.174063 
-0.560266 0.593289 0.729672 
-1.17594 -5.00386 2.77793 
-0.522123 -2.50895 0.704351 
-0.270126 -3.34906 0.523111 

-0.721194 -0.739155 -0.0747311 
8.13743 -19.0996 -5.56463 
3.03272 -5.83753 -0.605232 
-0.272962 -1.10662 -0.428811 
2.02303 -3.00841 0.498446 
-0.525327 -0.00312444 -0.317872 
-0.653237 0.0587842 -0.187633 
0.313595 -1.81939 -0.614445 
1.06429 -0.222461 -0.825594 
-0.568675 -3.45889 0.171421 
2.30224 -3.87246 0.15703 
-0.43404 -0.0432316 -0.461148 
-0.709447 0.057773 -0.155696 
1.2946 -0.137027 -0.88301 
-1.48491 -4.06033 1.49241 
-0.892438 0.137182 -0.010687 
-0.630767 -0.898821 -0.123019 
-1.11161 -0.936386 0.578056 
-0.755832 -0.688534 -0.0446088 
-0.504728 0.210825 -0.0110713 
-1.52698 -3.28017 0.558247 
-0.313977 -0.771646 -0.470278 
-0.638842 0.0451569 -0.226389 
-0.809708 -0.875615 1.81556 
-0.279228 -1.10352 -0.416724 
-0.732446 0.0834515 -0.148678 
-0.453687 -0.855736 -0.255641 
-2.32247 -2.59097 2.03906 
-0.384813 -2.57847 1.50744 
-0.778248 -0.664531 -0.0253196 
