0.546899 0.134826 -0.826271 0.537551 -0.047388 0.99035 0.130234 -0.134254 0.835856 -0.0320693 0.548011 0.672052 0 0 0 1
-0.699415 0.149433 0.69892 -0.701618 -0.277342 0.844525 -0.458104 0.780145 -0.658711 -0.514244 -0.549229 0.079367 0 0 0 1
###
3.15766 -5.09775 -1.35923 
0.148146 -4.01005 4.65238 
6.93552 -7.21447 -0.293157 
0.782516 -4.86491 5.87741 
-0.874211 -0.493689 1.16641 
-0.660622 -1.6545 1.10566 
0.727144 -3.11192 -1.95796 
-0.72003 0.54225 0.123786 
-0.936309 -0.296591 1.55009 
-0.700853 -1.46937 1.01058 
-1.06572 0.0732562 1.91343 
1.22084 -0.59606 1.79367 
-1.74669 -1.1705 1.91432 
-0.667735 -1.63577 1.11606 
-0.106571 -1.80536 0.957492 
-1.70635 -2.11312 2.39767 
0.700737 -0.430844 -0.915963 
17.9213 -17.0935 6.66228 
-0.719021 0.538226 0.110587 
-0.189959 -0.137881 -0.0161903 
-0.347497 0.0983196 0.197658 
-1.957 -4.60822 5.18109 
-0.281274 -3.0599 0.33667 
-0.19476 -0.137279 -0.0159826 
1.75767 -1.07375 3.08169 
-0.295945 -0.571 0.693847 
1.18376 -1.39745 -0.747637 
-0.72273 0.525724 0.109299 
1.79404 0.834342 3.07711 
1.75144 -1.06903 3.06726 
0.373261 0.452884 -0.914882 

-3.4285 -3.38332 3.35059 
-0.151276 -0.523693 0.937595 
13.8143 -11.5952 6.21371 
25.4442 -23.7155 4.39312 
-1.74126 0.51167 0.916924 
-0.697842 0.0556942 -0.186584 
-12.3586 -13.3428 21.673 
-0.493941 0.0582607 0.358357 
-1.11161 -0.936386 0.578056 
-0.895948 0.136311 -0.0158848 
-0.82112 -0.657619 -0.00845615 
2.89771 -1.36896 -0.0479522 
-0.801891 0.0671957 -0.172355 
-0.435068 -0.0447858 -0.450519 
-1.5271 -4.35876 1.38196 
-1.56843 0.363127 0.554221 
-0.612109 -0.924169 -0.12194 
12.3746 -21.1881 -4.65795 
-0.849719 0.118556 -0.0527776 
-0.304496 -0.783445 -0.469216 
-1.76752 0.608421 1.12105 
-0.571 -0.0067285 -0.330122 
-0.517918 -2.65199 1.41617 
-0.307627 -0.782273 -0.469775 
-0.539391 -1.08647 -0.124504 
0.0353191 -7.29913 -1.4277 
-0.401617 -1.70285 0.0233337 
1.15703 -0.203992 -0.954445 
2.3359 0.152395 0.113508 
-0.4561 -0.510486 -0.296145 
1.0508 -0.229338 -0.77224 
