0.56401 0.0308204 -0.825193 0.564944 0.224094 0.95609 0.188875 0.124375 0.79478 -0.291448 0.532338 0.659347 0 0 0 1
-0.707707 0.171871 0.685282 -0.669757 -0.240302 0.853572 -0.462244 0.79491 -0.664384 -0.491808 -0.562778 0.095582 0 0 0 1
###
-0.743157 -1.75901 0.746505 
-1.06709 0.0750905 1.92324 
0.0162638 0.668641 1.48133 
-0.525278 -1.27488 1.58734 
0.571578 -5.28573 -1.56085 
-0.661283 -1.65511 1.10674 
-0.10961 -1.79382 0.955613 
0.868177 -6.27617 -1.8858 
3.48819 -5.48877 -1.49836 
0.711088 -0.431709 -0.921067 
-0.766894 -1.70038 1.3129 
0.51655 -0.319926 -1.04417 
0.2296 -6.18482 -0.700447 
-0.693844 0.104322 2.01691 
-1.15571 -4.91862 2.71268 
-0.782091 -1.73233 1.34763 
-0.67105 -1.62443 1.10418 
0.967902 -5.37399 -1.86816 
7.37041 -7.49042 3.81853 
1.63944 -4.52668 -2.67431 
-0.701459 0.0293013 0.225732 
-0.67003 -1.62802 1.10984 
-0.302095 -0.189593 0.115334 
-0.158935 -0.147577 -0.0167038 
-1.94195 -4.58811 5.15238 
2.91227 -1.11612 2.00473 
-0.332613 0.139417 -0.167207 
-0.439002 -1.54363 1.13112 
0.0837134 0.491254 -0.686895 

-1.03834 -4.00115 1.57096 
-0.721194 -0.739155 -0.0747311 
-1.33416 0.380859 1.12451 
-0.721365 0.0825449 -0.181273 
-1.40509 -4.11168 1.67164 
-0.857708 0.12461 -0.0487198 
-2.95523 -6.64014 0.172353 
-1.38223 -4.32144 1.75501 
1.626 -4.66916 -0.537649 
-0.41153 -1.33597 -0.088329 
-0.849719 0.118556 -0.0527776 
-0.755832 -0.688534 -0.0446088 
-0.758158 -3.78144 2.09211 
-0.50988 0.123392 -0.0752756 
2.30224 -3.87246 0.15703 
-0.805221 0.109207 -0.0890863 
-0.435068 -0.0447858 -0.450519 
-1.49073 -4.39796 1.35415 
7.84033 -19.4416 -6.24254 
-1.52698 -3.28017 0.558247 
3.0499 -1.32055 -0.172168 
-0.653237 0.0587842 -0.187633 
-1.71445 0.500172 0.902777 
-0.313977 -0.771646 -0.470278 
-0.486305 -0.0342652 -0.419183 
-1.71236 0.53491 0.985692 
-0.109958 -0.670351 -0.834478 
-1.07474 -2.60177 0.507256 
-0.895948 0.136311 -0.0158848 
