0.610213 -0.0655795 -0.789519 0.612263 0.223427 0.970361 0.0920841 0.248019 0.760079 -0.232591 0.606779 0.652743 0 0 0 1
-0.699415 0.149433 0.69892 -0.701618 -0.277342 0.844525 -0.458104 0.780145 -0.658711 -0.514244 -0.549229 0.079367 0 0 0 1
###
-2.23342 -2.42304 2.2512 
-0.527972 0.28925 0.0363002 
-0.328715 0.141755 -0.212852 
0.815768 -4.60825 -3.07319 
-0.0835222 -2.95958 3.3762 
7.82256 -7.92356 3.68866 
-0.808391 -0.761827 0.543204 
0.565956 -5.2973 -1.55907 
0.755028 -0.384358 1.38544 
-1.06681 0.0845099 1.91902 
-0.549577 0.371846 -0.083094 
2.33892 0.73009 0.789936 
-0.306462 0.133284 -0.157613 
0.164169 -2.95341 -1.89915 
-0.933057 -2.06223 1.03786 
1.50377 -0.587855 -0.728183 
0.728016 -0.429913 -0.93944 
2.55332 -0.897824 2.74462 
1.23276 0.519414 2.90507 
-1.07043 0.0805447 1.938 
-0.30745 0.132683 -0.158542 
-1.16023 -1.7204 1.42328 
-1.77783 -1.30405 2.00103 
3.02496 -1.42629 2.07887 
2.86412 -1.11307 2.17007 
-0.250925 -0.20671 0.154372 
-0.556249 0.058054 0.300298 
2.5429 -1.02971 2.8593 
11.9895 -4.53034 6.65943 
12.0351 -12.9882 10.8629 
21.1552 -19.6105 8.45956 
-1.74812 -1.27711 1.94589 
-0.940713 -3.43927 1.55771 
1.39573 -0.581702 -0.697623 
2.13235 -0.725915 2.55001 
-7.14643 -10.1477 4.1893 
0.0440219 -1.84206 1.05857 
8.07929 -8.03372 1.51806 
-1.49071 -2.81208 3.17838 
-1.16267 -1.30149 1.52797 
1.90112 -0.710682 -0.865666 
-1.7653 0.151427 1.81763 
2.87189 -0.580222 2.17352 
-0.256889 -1.86895 1.3867 
-0.828748 -0.161344 1.9436 
3.6692 -5.57344 -2.62244 

1.21633 -3.70885 -0.340244 
-0.791049 0.114873 -0.0923094 
-1.56843 0.363127 0.554221 
-12.3586 -13.3428 21.673 
-0.151276 -0.523693 0.937595 
0.773379 -5.08641 -0.822983 
-1.72282 0.541422 0.983353 
-1.38608 -4.3898 1.75009 
0.254145 -1.647 -0.783246 
-0.726951 -0.721419 -0.0668881 
-0.16512 -0.526123 0.94262 
-0.731341 0.0700586 -0.189894 
-0.43404 -0.0432316 -0.461148 
0.207155 -0.276705 -0.948458 
12.3746 -21.1881 -4.65795 
-0.272962 -1.10662 -0.428811 
-0.630767 -0.898821 -0.123019 
2.2886 -1.20332 0.0756983 
-0.104134 -0.726809 -0.781065 
-0.701121 -0.768972 -0.0861233 
-0.366572 -0.0847741 -0.553185 
-0.588835 -3.19978 -0.0457159 
0.442529 -0.566692 -1.69039 
-0.435544 -1.56344 -0.0578081 
-0.789527 0.1055 -0.0826382 
0.180336 -1.08045 -0.993999 
0.0992223 -0.93906 0.79546 
1.14336 -0.178949 -0.687746 
-0.504728 0.210825 -0.0110713 
4.53068 -5.45133 0.445544 
2.14503 -11.7574 -3.34106 
-1.48255 0.324281 0.481017 
-0.919159 -4.0161 -0.0874784 
-0.276582 -1.10165 -0.424449 
3.0499 -1.32055 -0.172168 
-0.160818 -0.538528 0.955685 
-1.48491 -4.06033 1.49241 
-0.993104 -1.21478 1.34516 
-1.71445 0.500172 0.902777 
-1.82688 0.536423 0.986452 
-0.279228 -1.10352 -0.416724 
-0.941103 0.174692 -0.173357 
-0.837444 0.109696 -0.0547487 
4.13333 -6.96948 -1.01787 
-0.467015 -0.471313 -0.311356 
-0.832094 -3.58916 -0.103764 
