0.619896 -0.150248 -0.770165 0.607088 0.139646 0.986953 -0.080141 0.213019 0.772158 -0.0578715 0.63279 0.67366 0 0 0 1
-0.707707 0.171871 0.685282 -0.669757 -0.240302 0.853572 -0.462244 0.79491 -0.664384 -0.491808 -0.562778 0.095582 0 0 0 1
###
-0.385477 0.0761251 0.303129 
-0.3259 0.141331 -0.214323 
-0.451572 0.337638 -0.310364 
3.0571 -4.37117 -1.60019 
-0.709226 0.481164 0.306297 
-0.451434 0.0891911 0.367423 
-0.635676 -2.24802 0.898733 
-0.0675347 -1.71552 -0.887486 
1.04999 -3.33239 -2.00388 
7.89722 -7.97099 3.70828 
5.02344 -5.32071 2.21981 
7.4755 -7.68371 -0.325083 
1.50045 -0.587309 -0.724285 
-0.309408 -2.31114 2.70174 
6.89302 -7.2653 3.76692 
2.78533 -4.67562 -2.12353 
-0.713132 0.490904 0.306386 
-0.328386 0.135824 -0.21814 
1.49731 -0.587288 -0.724831 
7.30426 -7.61321 3.90229 
11.155 -10.3655 1.66014 
1.31424 -0.398123 1.78817 
-0.0550902 -4.27878 -0.414077 
2.61469 0.0179128 2.75519 
1.37022 -0.241088 -0.736129 
-1.14131 -1.63005 1.34009 
2.17903 -2.34935 -0.323647 
1.45109 -0.40465 1.89413 
-0.308387 0.133424 -0.161336 
-0.194916 -0.139283 -0.0112589 
9.01824 -8.84427 1.66021 
1.93395 -0.0716841 -0.548501 
2.51497 -0.398012 2.81505 
2.93252 -0.853009 2.19502 
6.83992 -7.01235 3.58456 
-0.671577 -1.62988 1.1096 
0.488166 -0.418273 -0.761144 
5.87298 -6.15506 1.19711 
-0.726434 0.509998 0.110991 
-0.84903 -0.132373 1.98001 
-0.5797 -4.9118 1.17452 
-0.74311 -1.89597 0.322043 
-0.725009 0.515366 0.110197 
-0.848897 -0.134251 1.96044 
-0.731889 -0.572184 0.406185 
-0.634686 -1.74249 0.737913 
1.75708 -1.07205 3.07716 
-1.5108 -2.95422 3.33235 

-0.789527 0.1055 -0.0826382 
0.379459 -2.07203 -0.793553 
-1.33416 0.380859 1.12451 
13.4788 -30.6129 -10.9973 
-0.791049 0.114873 -0.0923094 
-0.366572 -0.0847741 -0.553185 
-1.38181 -4.20682 1.36107 
-4.60459 -10.5665 13.1971 
-0.153343 -0.525756 0.938906 
2.02303 -3.00841 0.498446 
-2.32233 -2.5774 2.03078 
0.957433 -5.43033 -1.21933 
-0.272962 -1.10662 -0.428811 
-0.837444 0.109696 -0.0547487 
2.095 -4.59815 -0.367386 
-1.08117 -4.19877 -0.206932 
0.161424 -0.893848 -1.03709 
-0.802607 0.110746 -0.0943045 
1.06429 -0.222461 -0.825594 
6.94986 -16.3638 -4.7209 
7.84033 -19.4416 -6.24254 
-0.504728 0.210825 -0.0110713 
-1.01412 -4.08659 2.02488 
-0.474551 0.157485 0.0252918 
-0.307627 -0.782273 -0.469775 
-1.80242 -3.01014 0.925016 
1.21633 -3.70885 -0.340244 
-1.11161 -0.936386 0.578056 
-0.732446 0.0834515 -0.148678 
-0.304496 -0.783445 -0.469216 
1.57587 -4.53598 -0.505449 
-1.71236 0.53491 0.985692 
3.04419 -0.973621 -0.33189 
2.63177 -1.55911 -0.619227 
-1.47563 -3.20199 0.560024 
1.52244 -8.54515 -2.13158 
-0.595324 -0.970307 -0.127904 
1.626 -4.66916 -0.537649 
-0.857708 0.12461 -0.0487198 
-0.467015 -0.471313 -0.311356 
-0.758158 -3.78144 2.09211 
-1.00974 -4.11538 2.04883 
1.15703 -0.203992 -0.954445 
-0.475419 -0.297831 -0.312316 
-1.48386 -1.86603 1.34854 
-1.48491 -4.06033 1.49241 
-0.52887 -1.20599 -0.156892 
-1.11321 -1.42463 0.820194 
