0.511259 -0.182535 -0.839819 0.4737 0.176431 0.978664 -0.105307 0.272977 0.841122 -0.094331 0.532555 0.708484 0 0 0 1
-0.707707 0.171871 0.685282 -0.669757 -0.240302 0.853572 -0.462244 0.79491 -0.664384 -0.491808 -0.562778 0.095582 0 0 0 1
###
-0.642331 -2.23075 0.893872 
-0.496229 -0.0381735 -0.0484929 
0.234702 -4.20186 4.85938 
0.340865 0.489557 -1.07898 
-0.707242 0.491455 0.308416 
-0.326898 -3.16757 -0.346455 
6.90825 -7.26687 3.78808 
-1.07121 0.0810073 1.92434 
-0.660921 -1.65247 1.10855 
11.1653 -10.3563 1.66922 
0.591682 -3.32843 -2.16051 
2.51637 -0.391363 2.81816 
0.366666 0.498632 -1.09567 
2.39114 -0.0374715 -0.546916 
-1.74752 -1.17047 1.9156 
0.772075 -3.70259 -2.42862 
1.69534 0.810242 3.04589 
2.62131 0.0182571 2.76202 
0.310857 0.479412 -1.06466 
-0.510624 -0.0393134 -0.0464287 
-0.305443 0.132944 -0.15808 
-0.758773 -1.58265 1.2067 
-0.464427 0.0846241 0.358535 
1.36806 -0.241363 -0.735839 
8.98393 -19.4245 23.2542 
2.19908 -0.279496 -0.466984 
2.4965 -0.90628 2.82293 
-0.828299 -0.161389 1.94321 
-0.110559 -4.25421 -0.523459 
1.79385 0.834989 3.07656 
-0.988753 -2.94548 3.39892 
-0.671424 -1.63079 1.11018 
0.521038 -2.57858 -1.50055 
-0.830985 -0.339975 1.87284 
0.989732 -0.477343 -1.08132 
1.38604 -0.581875 -0.693424 
3.26459 -0.0945 -1.8593 
-0.25501 -1.8761 1.39253 
3.25524 -5.16028 -2.4209 
-0.646499 -1.65304 0.692955 
5.71098 -7.19142 -2.76882 

-1.5271 -4.35876 1.38196 
-0.791049 0.114873 -0.0923094 
-0.721365 0.0825449 -0.181273 
-1.56843 0.363127 0.554221 
0.161424 -0.893848 -1.03709 
-0.807802 -0.64871 -0.0182762 
1.20591 -10.8432 -3.01652 
-0.82112 -0.657619 -0.00845615 
-0.857708 0.12461 -0.0487198 
2.095 -4.59815 -0.367386 
-0.153343 -0.525756 0.938906 
-0.532712 -1.11707 -0.120404 
-0.837444 0.109696 -0.0547487 
0.119021 -0.854717 -1.0031 
0.442046 -0.567727 -1.69088 
-2.84011 -3.82005 1.29617 
2.76382 0.258151 0.00966804 
-0.43404 -0.0432316 -0.461148 
-0.855338 0.0960153 -0.103385 
0.173986 -1.00191 -1.02083 
-0.0996824 -0.749562 -0.912674 
-0.895948 0.136311 -0.0158848 
0.180336 -1.08045 -0.993999 
-0.313977 -0.771646 -0.470278 
-3.81453 -3.69915 6.07229 
0.182896 -1.08311 -1.00315 
3.04419 -0.973621 -0.33189 
-0.474551 0.157485 0.0252918 
-0.758158 -3.78144 2.09211 
2.3359 0.152395 0.113508 
-0.789527 0.1055 -0.0826382 
1.52244 -8.54515 -2.13158 
-1.5692 -1.95405 1.56007 
-0.723027 0.0750113 -0.178233 
-0.660876 -0.855921 -0.124888 
-0.272962 -1.10662 -0.428811 
-0.475419 -0.297831 -0.312316 
-0.156687 -0.528713 0.940725 
-0.75891 -3.19857 0.0021185 
-1.48491 -4.06033 1.49241 
-0.637966 -3.35037 -0.0881551 
