0.428569 -0.155807 -0.889974 0.379952 0.185534 0.979203 -0.0820835 0.283102 0.884254 -0.129942 0.448563 0.674427 0 0 0 1
-0.699415 0.149433 0.69892 -0.701618 -0.277342 0.844525 -0.458104 0.780145 -0.658711 -0.514244 -0.549229 0.079367 0 0 0 1
###
2.22164 -4.81875 -2.67885 
-0.560738 -0.80778 -0.427375 
1.03028 -5.59778 6.75961 
0.365159 0.496984 -1.09426 
7.16374 -7.49521 3.91209 
-0.448603 -0.0275809 -0.0609719 
0.569916 -5.293 -1.56483 
0.113341 -2.83657 -1.81372 
-0.689708 0.636143 1.21427 
0.339412 0.488257 -1.07823 
7.49005 -7.77773 3.98587 
11.1887 -10.3751 1.69 
-0.45838 -0.0278816 -0.0613185 
1.00735 -3.38694 -1.98961 
-1.07155 0.0793442 1.93583 
0.444989 0.477744 -0.973062 
1.36153 -0.241946 -0.732877 
0.732807 -0.39053 -1.00641 
0.594838 -5.26243 -1.42457 
2.63174 0.0193548 2.77324 
-0.307441 0.141341 -0.455523 
-0.79032 -1.32088 1.05578 
-0.436091 0.0687743 0.320268 
4.83041 -6.71232 5.97637 
0.0402136 -1.84428 1.06337 
8.55364 -8.44535 1.59635 
4.56762 -4.72107 -0.214199 
0.445971 0.482617 -0.979907 
0.835214 -0.40066 -1.07986 
-0.246559 -0.208753 0.154009 
-0.894294 -0.457815 1.10942 
-0.178769 -3.13313 -2.04483 
-0.349678 -3.6708 0.482415 
0.492611 0.503468 -1.09865 
1.3889 -0.582095 -0.693743 
0.714568 -0.401103 -0.96927 
3.53772 -5.42606 -2.54545 
0.517361 0.504922 -0.997159 
0.878771 -0.599473 -0.876341 
-0.347055 -3.34897 -0.0951043 
-1.44632 -3.17562 2.81086 
-0.129206 0.0391974 0.356156 
-0.262423 -0.133958 -0.204571 
-0.76075 -1.75011 1.33296 
6.12732 -6.3715 1.23879 
0.132735 -5.41218 -0.707962 
0.213096 -3.96393 -0.475633 

-1.07474 -2.60177 0.507256 
-0.151276 -0.523693 0.937595 
1.63303 -1.99886 1.12443 
2.08679 -0.193166 -0.588033 
0.0353191 -7.29913 -1.4277 
-0.941103 0.174692 -0.173357 
-1.38608 -4.3898 1.75009 
-0.158231 -0.530556 0.943631 
-0.525327 -0.00312444 -0.317872 
0.442529 -0.566692 -1.69039 
2.30224 -3.87246 0.15703 
1.24027 -3.03561 0.126616 
-0.855338 0.0960153 -0.103385 
-2.52161 -3.53288 1.27745 
-0.82112 -0.657619 -0.00845615 
1.0508 -0.229338 -0.77224 
-0.313977 -0.771646 -0.470278 
-0.643854 -0.868521 -0.115742 
-1.54133 -4.82795 1.45124 
3.12803 -0.755194 -0.559368 
-0.837444 0.109696 -0.0547487 
-0.880567 0.128103 0.00629948 
-0.801891 0.0671957 -0.172355 
2.095 -4.59815 -0.367386 
-1.48491 -4.06033 1.49241 
8.13743 -19.0996 -5.56463 
3.18045 -15.8804 -5.62464 
-0.175296 -0.527883 0.942261 
-0.595324 -0.970307 -0.127904 
0.180336 -1.08045 -0.993999 
-0.726951 -0.721419 -0.0668881 
-0.161831 -0.54761 0.962535 
-0.172387 -4.04543 2.28454 
-0.807921 0.0708221 -0.16833 
-0.276582 -1.10165 -0.424449 
-0.64335 -0.962857 -0.196371 
-1.03959 -4.12559 -0.224327 
-0.723027 0.0750113 -0.178233 
-0.593732 -0.997251 -0.143506 
0.219215 -1.32418 0.800018 
-4.49196 -9.17233 11.4493 
-1.77649 0.452604 0.787926 
-0.474551 0.157485 0.0252918 
-0.721365 0.0825449 -0.181273 
9.61984 -22.5239 -6.62734 
-0.222892 -1.54045 1.39685 
-0.0946774 -1.20302 1.21685 
