0.496223 -0.133756 -0.85783 0.415606 0.169502 0.983973 -0.0553744 0.25786 0.851488 -0.117926 0.510942 0.569784 0 0 0 1
-0.699415 0.149433 0.69892 -0.701618 -0.277342 0.844525 -0.458104 0.780145 -0.658711 -0.514244 -0.549229 0.079367 0 0 0 1
###
2.28006 0.951955 -1.45534 
7.23503 -7.55908 3.95059 
7.52743 -7.69632 -0.3176 
3.3139 -5.28044 -1.4349 
1.45836 -5.14949 -3.43536 
1.31309 -0.245906 -0.707408 
0.808884 0.521217 -0.9308 
2.4161 0.873319 3.16834 
-1.6138 -1.06205 1.68149 
1.70379 -2.31822 -0.05117 
0.819979 -3.79389 -2.49969 
1.35556 -0.242354 -0.730075 
0.723146 -0.390783 -0.999306 
0.624794 0.436251 -0.806756 
3.65615 -5.69518 -1.58306 
5.11913 -1.17061 4.67931 
-0.671591 -1.62617 1.11303 
1.49403 -0.587584 -0.723581 
1.16731 0.448316 2.85447 
2.62165 0.0196138 2.76464 
-0.476194 0.0865289 0.329449 
-0.114812 0.042966 0.36094 
-0.116793 0.0423783 0.361071 
2.52235 -0.062177 2.80138 
3.048 -0.650904 3.16631 
1.04109 -3.44179 -2.05991 
0.708965 0.509084 -0.950699 
-0.703302 0.526586 0.321097 
2.54629 -0.478639 2.71909 
2.38288 -3.60817 -1.35074 
1.39349 -0.583026 -0.694122 
1.16219 -3.66589 -2.21076 
1.79264 0.834514 3.07518 
1.28222 -0.240425 -0.702386 
0.257857 -3.26775 -1.15584 
-0.692281 0.49744 0.292074 
-0.376053 -3.49385 0.981188 
0.627487 -3.10353 3.60941 
0.0424507 -1.83855 1.05957 
-1.3333 -2.60208 2.27414 
2.84957 -0.5754 2.15691 
-0.77391 -1.55578 1.18163 

-0.158231 -0.530556 0.943631 
0.0353191 -7.29913 -1.4277 
2.02303 -3.00841 0.498446 
-2.73667 -2.66455 2.74919 
-0.153343 -0.525756 0.938906 
-0.304496 -0.783445 -0.469216 
-0.855338 0.0960153 -0.103385 
3.13694 0.107283 -0.522615 
-1.33416 0.380859 1.12451 
28.6312 -38.8549 -6.75744 
-0.151276 -0.523693 0.937595 
-0.313977 -0.771646 -0.470278 
-0.82112 -0.657619 -0.00845615 
-0.801891 0.0671957 -0.172355 
1.626 -4.66916 -0.537649 
-1.10588 -1.22332 0.698851 
-0.653237 0.0587842 -0.187633 
-0.272962 -1.10662 -0.428811 
0.220304 -0.265105 -1.00107 
3.12803 -0.755194 -0.559368 
1.14336 -0.178949 -0.687746 
-0.4434 -0.0758233 -0.465399 
-0.486305 -0.0342652 -0.419183 
-0.732446 0.0834515 -0.148678 
-1.11161 -0.936386 0.578056 
-1.5692 -1.95405 1.56007 
-0.632628 0.0111374 -0.316209 
1.0508 -0.229338 -0.77224 
3.0172 -1.09247 -0.358013 
-0.146891 -0.630575 0.872614 
-0.276582 -1.10165 -0.424449 
-1.6721 -2.01485 1.53901 
2.3359 0.152395 0.113508 
-0.307627 -0.782273 -0.469775 
-1.49073 -4.39796 1.35415 
-0.643803 -0.00956593 0.893922 
-0.22901 -1.14189 1.07236 
2.14503 -11.7574 -3.34106 
-1.48491 -4.06033 1.49241 
-0.919159 -4.0161 -0.0874784 
0.442529 -0.566692 -1.69039 
1.15703 -0.203992 -0.954445 
