0.452358 -0.162355 -0.876934 0.334491 0.280197 0.959372 -0.0330805 0.299277 0.846677 -0.23075 0.479471 0.39043 0 0 0 1
-0.707707 0.171871 0.685282 -0.669757 -0.240302 0.853572 -0.462244 0.79491 -0.664384 -0.491808 -0.562778 0.095582 0 0 0 1
###
-0.335278 -1.04752 -0.562519 
0.778611 -4.58206 -3.04605 
2.46993 -0.441412 2.85191 
7.91043 -8.00905 -0.336564 
6.30837 -12.0917 11.8652 
9.28026 -16.2817 14.7085 
0.567927 -5.29967 -1.57194 
2.85816 -4.76168 -2.17963 
-0.467557 0.100041 0.343714 
2.63031 -0.0469132 2.72381 
3.11229 -5.26771 5.12298 
-0.246875 -0.207218 0.156275 
2.58266 -1.13392 2.82479 
7.4713 -7.76146 4.07181 
1.27436 -1.80093 -0.00798949 
1.48785 -0.586892 -0.721129 
-0.0631342 0.0487556 0.299448 
-0.408412 0.0626125 0.289419 
-0.385692 0.0451618 0.116355 
-0.106323 -1.80309 0.955707 
11.3567 -10.5 1.70368 
0.950392 0.502231 -0.814074 
-0.820901 -0.162579 1.92771 
-0.311047 -2.508 3.04646 
1.49873 -1.61703 -0.898247 
2.65592 -1.26691 -0.0370452 
1.01057 -3.39408 -1.99819 
-0.325828 0.115339 0.206608 
-0.0556374 0.0483714 0.302238 
1.23375 0.518863 2.88525 
1.39236 -0.582615 -0.693034 
3.39199 -5.26761 -2.47095 
0.651953 -5.30875 -1.94365 
1.29924 -0.24348 -0.708324 
0.486275 -2.63537 3.30123 
1.05843 -3.46039 -2.06389 
-0.832989 -0.341124 1.88576 
2.7849 0.824852 2.4005 
10.1814 -12.6453 11.6772 
-0.704425 -1.30446 0.983017 
4.74604 -6.54705 6.20431 
-0.483686 0.621219 0.91995 

-4.60459 -10.5665 13.1971 
-12.3586 -13.3428 21.673 
-1.07414 -1.35036 0.747549 
-2.32247 -2.59097 2.03906 
4.04569 -6.01938 -0.153597 
23.4293 -24.3251 5.49437 
-1.40509 -4.11168 1.67164 
-1.86277 -2.10959 1.68734 
-0.632922 0.0464902 -0.220634 
-1.11321 -1.42463 0.820194 
1.45137 -4.25703 -0.556744 
0.180336 -1.08045 -0.993999 
-0.504728 0.210825 -0.0110713 
2.30224 -3.87246 0.15703 
1.8255 -9.1642 -3.01621 
-0.272962 -1.10662 -0.428811 
1.06429 -0.222461 -0.825594 
-1.35334 0.393542 1.04768 
1.0508 -0.229338 -0.77224 
-1.40919 -4.35059 1.56182 
7.84033 -19.4416 -6.24254 
-0.4434 -0.0758233 -0.465399 
-0.630767 -0.898821 -0.123019 
25.4442 -23.7155 4.39312 
-0.411029 -1.71617 -0.00764406 
-1.09299 -1.1247 0.641926 
-1.52698 -3.28017 0.558247 
-0.357066 -0.111726 -0.60147 
-0.43404 -0.0432316 -0.461148 
-0.0996824 -0.749562 -0.912674 
-0.279228 -1.10352 -0.416724 
-0.47952 -2.2908 0.125749 
-1.59537 -4.37427 1.53381 
-0.304496 -0.783445 -0.469216 
3.18045 -15.8804 -5.62464 
-2.73667 -2.66455 2.74919 
-0.396042 -1.51038 0.0109332 
2.08679 -0.193166 -0.588033 
1.20591 -10.8432 -3.01652 
0.743915 -0.508182 -1.53712 
-2.32233 -2.5774 2.03078 
0.634929 -2.10125 -0.98852 
