0.464905 -0.149006 -0.872732 0.365228 0.242211 0.969537 -0.0365085 0.292563 0.851585 -0.194412 0.486833 0.470579 0 0 0 1
-0.707707 0.171871 0.685282 -0.669757 -0.240302 0.853572 -0.462244 0.79491 -0.664384 -0.491808 -0.562778 0.095582 0 0 0 1
###
-0.51123 -1.57184 1.83105 
7.24023 -7.56211 3.96126 
7.54856 -7.69909 -0.312344 
6.29307 -12.0583 11.8392 
3.11649 -4.39883 -1.62075 
-0.31046 -0.120716 0.156137 
-0.0831663 0.0390874 0.302085 
0.567708 -5.29273 -1.56644 
-0.328015 -1.06112 -0.567907 
-1.54411 -0.993573 1.5665 
-0.299368 -0.214215 0.378594 
-0.112074 0.0431978 0.363516 
-0.870013 -0.71742 1.75844 
11.0591 -13.9275 13.3866 
1.25593 -0.653474 1.68911 
-1.38426 -2.47524 2.47343 
-0.305211 -4.03087 0.522974 
-0.121696 0.0400365 0.358314 
0.0651711 0.0858319 0.348239 
4.25649 -5.98035 5.57654 
-1.6457 -2.21892 2.27942 
3.12388 -4.60971 -1.98437 
0.946923 -3.30157 -1.94785 
-0.271913 -4.27033 0.548629 
2.47227 -0.0190173 2.93083 
-0.105539 0.0430497 0.366621 
1.45709 -0.583963 -0.708292 
6.70451 -6.89639 3.54936 
2.92171 -1.12042 2.01138 
-0.321797 -3.83644 0.497513 
-0.0277192 0.0613117 0.308534 
0.961729 -3.30934 -1.94299 
2.58769 -4.3545 -1.99102 
-1.99593 -2.32042 2.23199 
0.607259 -4.41318 -1.52041 
-0.745072 -1.60197 1.20924 
1.75199 -0.495475 -0.64726 
1.27657 -0.241505 -0.69812 
3.53601 -5.43243 -2.55119 
2.10051 -0.406891 -0.54887 
0.465878 -3.8797 -1.37543 
0.537784 -6.5224 -4.34366 
5.83334 -6.09006 3.14414 
-1.3493 -2.126 2.37066 
-0.751617 -1.76588 0.728697 
0.97748 -1.65483 1.23246 
10.5992 -10.5167 5.3084 
2.49402 -3.17932 -0.130994 
-0.398851 0.627508 0.886957 
2.55333 -4.87013 5.44446 

13.4788 -30.6129 -10.9973 
-1.5692 -1.95405 1.56007 
3.24251 -4.49334 0.216458 
12.3746 -21.1881 -4.65795 
1.45137 -4.25703 -0.556744 
-0.895948 0.136311 -0.0158848 
1.0508 -0.229338 -0.77224 
0.257848 -1.43649 0.760674 
-12.3586 -13.3428 21.673 
-0.516639 -0.0451863 -0.46134 
-0.504728 0.210825 -0.0110713 
-0.525327 -0.00312444 -0.317872 
-1.71445 0.500172 0.902777 
3.03272 -5.83753 -0.605232 
-1.10588 -1.22332 0.698851 
0.161424 -0.893848 -1.03709 
-0.384813 -2.57847 1.50744 
-0.486305 -0.0342652 -0.419183 
-0.721365 0.0825449 -0.181273 
13.789 -14.6478 0.024872 
8.13743 -19.0996 -5.56463 
-1.03959 -4.12559 -0.224327 
-1.52698 -3.28017 0.558247 
-0.172387 -4.04543 2.28454 
3.10234 -0.632224 -0.373807 
-0.474551 0.157485 0.0252918 
-0.276582 -1.10165 -0.424449 
-1.56836 -1.66346 1.88106 
2.4938 -1.62368 -0.740681 
-0.668815 -3.8165 1.94486 
-0.477998 0.171174 0.0167162 
-1.47563 -3.20199 0.560024 
-0.919159 -4.0161 -0.0874784 
2.30224 -3.87246 0.15703 
-1.54133 -4.82795 1.45124 
-0.701253 0.0385396 -0.286299 
-0.127844 -1.10277 -0.629735 
-0.307627 -0.782273 -0.469775 
-1.08117 -4.19877 -0.206932 
0.0750309 -1.14161 -0.892529 
-1.49073 -4.39796 1.35415 
0.0353191 -7.29913 -1.4277 
6.94986 -16.3638 -4.7209 
8.00666 -12.2647 -2.15602 
-1.49713 -3.80974 1.25835 
2.82918 -3.67803 0.534395 
1.57587 -4.53598 -0.505449 
2.20128 -12.0702 -3.4725 
-0.218931 -1.11521 -0.518809 
3.18045 -15.8804 -5.62464 
