0.424651 -0.158295 -0.891412 0.294485 0.213246 0.974383 -0.0714433 0.244649 0.879885 -0.159751 0.447528 0.36185 0 0 0 1
-0.707707 0.171871 0.685282 -0.669757 -0.240302 0.853572 -0.462244 0.79491 -0.664384 -0.491808 -0.562778 0.095582 0 0 0 1
###
3.66295 -5.98567 5.83141 
-0.420297 0.0583959 0.290904 
11.5668 -10.6773 1.73585 
-0.252884 -0.207554 0.155525 
3.39598 -4.65788 -1.76015 
0.763995 0.500613 -0.897021 
0.95688 -4.98248 -3.37774 
-0.389203 0.0424778 0.116477 
1.48564 -0.586904 -0.719782 
8.12593 -8.34488 4.38283 
1.76735 -3.52009 3.69054 
-0.417399 0.0603534 0.294234 
4.66403 -10.9664 13.2263 
1.95652 -2.92936 2.62783 
2.37167 -2.8989 -0.0856139 
0.379727 -4.89485 -1.48122 
0.595065 -5.32259 -1.4622 
2.70911 -1.05208 1.94563 
5.70671 -7.2652 -2.89837 
1.15914 0.448818 2.82939 
-0.709967 0.118203 2.17936 
0.461798 0.490666 -0.991024 
-0.063627 0.0448197 0.300593 
1.4077 -0.585456 -0.697477 
0.944534 -3.28121 -1.9247 
0.702053 0.505691 -0.946045 
2.55209 -0.896957 2.74382 
1.33582 -0.244101 -0.721676 
-0.365974 0.0219622 0.110847 
-0.398385 0.035553 0.120481 
7.64419 -9.05752 7.96248 
12.1341 -12.7887 10.6543 
1.79141 0.834211 3.07353 
0.00657841 -1.71823 1.03107 
1.19064 -3.6961 -2.2205 
10.1738 -12.6099 11.6556 
2.06701 -2.98314 2.59884 
-0.178716 -0.417444 0.272292 
0.552985 -5.26203 -0.688386 

13.4788 -30.6129 -10.9973 
-0.789527 0.1055 -0.0826382 
-0.468778 -3.17261 -0.0670426 
-1.06758 -4.01247 1.68102 
-1.5692 -1.95405 1.56007 
-0.571 -0.0067285 -0.330122 
-0.153343 -0.525756 0.938906 
-1.57131 0.494757 1.07841 
-0.272962 -1.10662 -0.428811 
2.30224 -3.87246 0.15703 
11.1297 -10.1931 3.70515 
1.15703 -0.203992 -0.954445 
7.6821 -16.9837 -4.57965 
2.71129 -3.58003 0.531232 
28.6312 -38.8549 -6.75744 
-1.38608 -4.3898 1.75009 
-1.54133 -4.82795 1.45124 
-0.396042 -1.51038 0.0109332 
-1.08117 -4.19877 -0.206932 
-0.837444 0.109696 -0.0547487 
-1.19737 -0.722242 0.476592 
-0.802607 0.110746 -0.0943045 
-0.816299 0.0963331 -0.104726 
-0.276582 -1.10165 -0.424449 
-1.47563 -3.20199 0.560024 
-0.632466 0.0113971 -0.31338 
2.2886 -1.20332 0.0756983 
-0.307627 -0.782273 -0.469775 
-1.82688 0.536423 0.986452 
-0.504728 0.210825 -0.0110713 
3.03272 -5.83753 -0.605232 
-1.28263 -3.49626 4.80683 
2.3359 0.152395 0.113508 
-4.9274 -7.89679 7.86803 
-0.985131 -2.13919 0.698807 
6.94986 -16.3638 -4.7209 
41.4412 -55.9945 -10.5212 
-0.914763 -4.16023 -0.0699908 
-0.0946774 -1.20302 1.21685 
