0.221326 -0.259127 -0.940143 0.170961 0.432139 0.890292 -0.143654 0.22034 0.874226 -0.374478 0.309023 0.357813 0 0 0 1
-0.707707 0.171871 0.685282 -0.669757 -0.240302 0.853572 -0.462244 0.79491 -0.664384 -0.491808 -0.562778 0.095582 0 0 0 1
###
-0.482437 -1.49082 -1.027 
6.43393 -12.346 12.1055 
12.1945 -13.5118 12.3119 
-0.55924 -1.44401 1.00954 
3.10207 -3.68508 3.42173 
0.748031 -0.435992 -0.94291 
3.00944 -3.59519 3.34907 
0.933921 -3.26348 -1.8282 
0.62649 -5.0769 -1.32911 
2.52172 -0.428157 2.98358 
0.354017 -4.76702 -1.43635 
0.445793 -3.28311 -2.06189 
8.02059 -8.40425 7.0524 
0.0591393 -1.42157 -1.08401 
0.430296 0.476692 -1.04053 
5.21145 -6.12439 5.14917 
1.0653 -3.46292 -1.93772 
1.21511 -1.36948 -0.756312 
2.54873 -0.478035 2.72201 
5.37075 -6.25848 5.69444 
-1.26848 -1.90336 2.1055 
3.20473 -5.05147 -2.35961 
0.0370246 -4.71083 0.484156 
-0.0282507 -0.939644 1.20848 
2.93008 -3.36502 2.80181 
-0.930374 -3.96632 4.65644 
0.163763 -5.51882 0.507788 
0.566811 -5.41223 -1.56638 
0.733077 0.228947 0.239461 
-0.499552 -1.50409 -1.02741 
-1.3209 -2.03007 2.25549 
2.83124 -3.25624 2.70383 
-0.828352 -2.33023 -1.50007 

-12.3586 -13.3428 21.673 
0.928495 -2.31258 0.41097 
-6.58312 -5.63471 6.45697 
-0.919159 -4.0161 -0.0874784 
-1.29219 -1.41434 1.81282 
-0.643854 -0.868521 -0.115742 
-1.81314 -2.47473 1.29969 
-0.961047 -2.25418 0.670804 
-1.03834 -4.00115 1.57096 
3.10234 -0.632224 -0.373807 
-1.38608 -4.3898 1.75009 
-1.82813 -3.18749 0.894218 
-2.32233 -2.5774 2.03078 
-0.422964 -1.49745 -0.0945721 
-0.809708 -0.875615 1.81556 
-2.00952 -2.28946 1.83733 
-1.56597 -3.33478 0.578983 
-0.448695 -1.47178 -0.0777534 
4.32541 -1.83906 -0.661508 
7.84033 -19.4416 -6.24254 
0.92711 -1.90325 0.597046 
-0.468778 -3.17261 -0.0670426 
-0.517918 -2.65199 1.41617 
-1.6721 -2.01485 1.53901 
29.7425 -36.6239 -5.45369 
2.4938 -1.62368 -0.740681 
-0.645377 -4.04901 1.83965 
-1.17619 -3.94905 1.62179 
-0.525327 -0.00312444 -0.317872 
9.61984 -22.5239 -6.62734 
-1.09299 -1.1247 0.641926 
-6.83414 -8.98275 2.38233 
-0.163402 -0.543405 0.958581 
