0.293021 -0.207927 -0.933223 0.21758 0.587825 0.808977 0.0043253 0.316303 0.754056 -0.549839 0.359272 0.336211 0 0 0 1
0.43992 0.252729 0.861742 -0.766931 -0.232103 0.958978 -0.162757 0.0896544 -0.867524 -0.128413 0.480532 -0.0192103 0 0 0 1
###
-0.37692 0.0746893 0.313308 
-1.71266 -1.16896 1.86887 
-0.53811 -0.608109 -0.589279 
6.42971 -12.3552 12.1076 
12.1579 -13.5222 12.3239 
-0.375829 0.0749331 0.313925 
-0.422903 0.0513429 0.28246 
2.89607 -4.81394 -2.21336 
0.363973 -4.79301 -1.44262 
-0.351431 -0.0572418 0.0932733 
-0.569846 -1.46117 1.01836 
0.815358 -5.52008 -1.96813 
1.4714 -0.585631 -0.714116 
-0.628234 -2.28635 1.57214 
-0.00489138 -1.6779 -0.994151 
0.95457 -2.96562 -1.64146 
-0.212606 -0.0298134 0.0933482 
-0.106109 -1.8038 0.956429 
2.27656 -9.85727 -3.7383 
1.41363 -0.586506 -0.698864 
-0.377426 -0.02734 0.0856469 
-0.699343 0.107502 2.04313 
-0.737579 -2.25196 2.75612 
-0.347134 -0.0674015 0.0922632 
-1.33936 -1.34883 0.419307 
3.1664 -5.00277 -2.33957 
2.72 -0.567508 1.88026 

-0.913567 0.116582 -0.0638625 
-0.188371 -3.39009 -0.574218 
-0.849719 0.118556 -0.0527776 
-0.139778 -4.111 8.92842 
-1.29219 -1.41434 1.81282 
0.780559 0.426403 2.46989 
0.711843 1.38184 2.57354 
-1.08117 -4.19877 -0.206932 
-0.0576018 -1.12171 -0.742659 
0.903778 -1.11579 2.70904 
-0.77797 -3.2575 -0.0636648 
0.667663 -1.51488 1.68773 
1.0722 -1.16291 1.94893 
0.656973 -1.18922 2.18975 
-1.41599 -2.54691 0.8655 
-1.07474 -2.60177 0.507256 
0.52186 1.3619 2.50902 
0.650228 -1.34982 1.65445 
-1.06758 -4.01247 1.68102 
-0.272962 -1.10662 -0.428811 
0.516587 1.37521 2.52476 
-0.0606329 -0.115046 0.748804 
0.516538 1.36486 2.5125 
0.201447 0.0375524 0.779403 
0.336913 -3.55708 -0.288147 
-0.551953 -2.74461 0.00336844 
-0.291816 -0.906046 -0.463407 
