0.293021 -0.207927 -0.933223 0.21758 0.587825 0.808977 0.0043253 0.316303 0.754056 -0.549839 0.359272 0.336211 0 0 0 1
-0.699415 0.149433 0.69892 -0.701618 -0.277342 0.844525 -0.458104 0.780145 -0.658711 -0.514244 -0.549229 0.079367 0 0 0 1
###
0.558331 -5.28403 -1.56965 
8.15963 -8.19819 3.83736 
-0.37692 0.0746893 0.313308 
-0.104312 -2.0243 2.15988 
-0.53811 -0.608109 -0.589279 
6.42971 -12.3552 12.1076 
12.1579 -13.5222 12.3239 
3.57869 -5.59356 -1.5642 
-0.376604 0.0747626 0.313262 
2.47808 -0.438584 2.86402 
-0.390183 0.0475859 0.0800782 
2.89607 -4.81394 -2.21336 
-0.390523 -2.20629 0.127111 
0.363973 -4.79301 -1.44262 
-0.357575 -0.0508584 0.12707 
-0.351431 -0.0572418 0.0932733 
1.7258 -3.12013 -1.43679 
11.6546 -10.738 1.75863 
0.815358 -5.52008 -1.96813 
0.53681 -5.18674 -1.52155 
0.0625193 0.432887 1.10099 
1.4714 -0.585631 -0.714116 
-0.160001 -0.14677 -0.017063 
-0.00489138 -1.6779 -0.994151 
0.95457 -2.96562 -1.64146 
-0.212606 -0.0298134 0.0933482 
-0.106109 -1.8038 0.956429 
0.0778307 -1.50258 -1.17116 
0.916716 -0.609652 -0.89721 
1.41363 -0.586506 -0.698864 
-0.351382 -4.53556 0.538074 
0.614614 -5.33042 -1.46296 
3.54765 -1.33045 2.36207 
3.41938 -4.98396 4.69062 
2.55621 -0.809415 2.74568 
1.05198 -3.44075 -1.92611 
-0.737579 -2.25196 2.75612 
0.902915 -5.13287 -1.81398 
1.11205 -0.900233 -0.858308 
2.51625 -3.85207 3.66784 
8.80711 -8.97315 5.04927 
-0.342049 0.0525411 0.0847481 
3.1664 -5.00277 -2.33957 
16.727 -15.7853 2.73736 

-0.668815 -3.8165 1.94486 
0.773379 -5.08641 -0.822983 
-0.849719 0.118556 -0.0527776 
16.1491 -12.5684 12.6488 
-0.175296 -0.527883 0.942261 
6.15135 -6.43391 2.74375 
-6.58312 -5.63471 6.45697 
1.57587 -4.53598 -0.505449 
-0.857708 0.12461 -0.0487198 
2.64882 -1.79384 -0.543264 
-0.532712 -1.11707 -0.120404 
-0.832094 -3.58916 -0.103764 
-0.486017 -4.07189 2.52182 
-0.30634 -3.66525 2.2182 
-3.83652 -7.86448 9.93146 
0.442529 -0.566692 -1.69039 
-0.941084 -3.10116 0.167394 
-6.72423 -6.09893 6.18048 
-1.67945 -4.73163 1.38612 
-1.38608 -4.3898 1.75009 
-0.865489 0.124018 -0.0513851 
-0.272962 -1.10662 -0.428811 
-0.307627 -0.782273 -0.469775 
-1.82813 -3.18749 0.894218 
-2.52161 -3.53288 1.27745 
2.83391 -1.02341 -0.19791 
-1.5271 -4.35876 1.38196 
-0.448695 -1.47178 -0.0777534 
-0.601081 -0.941138 -0.119159 
-0.276582 -1.10165 -0.424449 
0.169817 -1.19174 0.81755 
-1.17619 -3.94905 1.62179 
2.39016 -1.57378 -0.67162 
2.32553 -2.97467 0.733057 
-0.284156 -1.24489 -0.373722 
-1.35995 -3.15012 0.668032 
-1.77649 0.452604 0.787926 
-1.37924 -4.31859 1.33031 
-0.302137 -1.55337 -0.3339 
-10.1191 -10.9998 4.66702 
7.6821 -16.9837 -4.57965 
-0.801891 0.0671957 -0.172355 
-1.03959 -4.12559 -0.224327 
1.626 -4.66916 -0.537649 
