0.357701 -0.12822 -0.924992 0.266031 0.307492 0.951462 -0.0129799 0.290253 0.881759 -0.279785 0.379765 0.422559 0 0 0 1
-0.707707 0.171871 0.685282 -0.669757 -0.240302 0.853572 -0.462244 0.79491 -0.664384 -0.491808 -0.562778 0.095582 0 0 0 1
###
-0.236835 -0.206886 0.0974611 
-0.372949 -1.31374 -0.791694 
9.21988 -9.14321 -0.39231 
-0.0493942 0.0517378 0.311087 
0.906976 -5.3842 -1.82302 
-0.300383 -0.917845 -0.934213 
0.44347 0.478739 -0.970813 
-0.390833 0.0698984 0.299182 
-0.0732002 0.0444819 0.297588 
3.991 -6.40556 6.24348 
8.41708 -8.61609 4.57064 
2.91211 -4.83366 -2.2267 
0.570429 -5.31941 -1.58424 
-0.125257 0.0372438 0.356496 
5.67185 -8.60112 8.46684 
1.46655 -0.58533 -0.712188 
2.73821 -4.51938 -2.09939 
1.30963 -1.45996 -0.805132 
0.526849 -5.16072 -1.51393 
-0.329599 0.106182 0.205527 
2.586 -5.42653 5.23581 
9.25302 -9.32168 4.85895 
2.36697 -2.87213 -0.0862702 
0.836158 -5.4691 -1.95525 
-0.42453 0.0423202 0.273042 
0.0306697 0.687209 1.54948 
1.44703 -0.583458 -0.703706 
0.244508 -2.81573 -1.79288 
6.33741 -6.55945 3.39885 
1.22324 -1.40741 -0.758101 
-0.387018 -2.92879 0.18875 
0.926643 -5.30438 -1.85203 
-0.396288 0.0689864 0.31764 
4.07068 -6.28447 -1.88417 
-0.429357 0.0613695 0.295489 
1.24469 -3.99414 -2.07798 
1.19719 -1.40493 -0.753188 
0.720079 -0.40117 -0.974425 
-0.331351 -0.0910305 0.123027 
-0.359169 -1.61186 1.19704 
1.11601 -3.57626 -2.11496 
-0.120484 0.0406703 0.35962 
3.22048 -5.06206 -2.37147 
0.889815 -5.09876 -1.79805 
1.32047 -0.244256 -0.715698 
-0.374139 -0.0287454 0.0866095 
0.414044 -2.08323 -1.16073 
1.78916 0.833456 3.07008 
0.565891 -5.38775 -1.55247 
-0.344242 -0.0786763 0.0955677 
-0.356552 -0.0282707 0.114185 
-0.60068 -1.59458 -0.787316 
0.126109 0.626974 0.804067 
6.31243 -6.67244 3.81981 
0.954493 -0.625172 -0.915205 
-0.850221 -1.30117 1.49598 

-1.71445 0.500172 0.902777 
-2.74367 -3.73118 1.25479 
-6.58312 -5.63471 6.45697 
-0.697842 0.0556942 -0.186584 
-1.38181 -4.20682 1.36107 
-3.30251 -3.46154 1.16625 
-0.504728 0.210825 -0.0110713 
-0.721365 0.0825449 -0.181273 
1.0508 -0.229338 -0.77224 
13.4788 -30.6129 -10.9973 
-2.32233 -2.5774 2.03078 
-1.08117 -4.19877 -0.206932 
-1.40509 -4.11168 1.67164 
-0.279228 -1.10352 -0.416724 
25.4442 -23.7155 4.39312 
-0.272962 -1.10662 -0.428811 
-0.832094 -3.58916 -0.103764 
-0.409799 -1.68281 0.00971134 
-1.38608 -4.3898 1.75009 
-1.10526 -1.08052 0.635009 
2.25382 -2.64785 1.51969 
0.0353191 -7.29913 -1.4277 
28.6312 -38.8549 -6.75744 
-1.03834 -4.00115 1.57096 
2.94676 0.172291 -3.62007 
-1.93819 0.732652 1.14717 
-0.477998 0.171174 0.0167162 
-1.48386 -1.86603 1.34854 
2.30224 -3.87246 0.15703 
-0.28908 -1.57049 -0.214616 
0.169817 -1.19174 0.81755 
-1.54133 -4.82795 1.45124 
-1.73174 0.641144 1.19831 
9.61984 -22.5239 -6.62734 
-0.586088 0.0600594 -0.457222 
-1.41155 -3.39739 0.649372 
0.313595 -1.81939 -0.614445 
-0.64335 -0.962857 -0.196371 
-0.43404 -0.0432316 -0.461148 
-4.28319 -4.16656 6.63889 
-1.52698 -3.28017 0.558247 
-0.474551 0.157485 0.0252918 
-0.535088 -0.835804 1.03751 
-1.37924 -4.31859 1.33031 
-0.307627 -0.782273 -0.469775 
0.92711 -1.90325 0.597046 
-1.54005 -3.31461 0.535181 
2.3359 0.152395 0.113508 
-1.17619 -3.94905 1.62179 
-0.731341 0.0700586 -0.189894 
13.8143 -11.5952 6.21371 
-2.00952 -2.28946 1.83733 
-1.14552 -0.714491 0.496561 
12.3746 -21.1881 -4.65795 
-0.608161 -1.01626 -0.174013 
-0.486305 -0.0342652 -0.419183 
