0.476798 -0.139668 -0.867846 0.33555 0.254581 0.966923 -0.015746 0.406878 0.84134 -0.213429 0.496583 0.377078 0 0 0 1
-0.707707 0.171871 0.685282 -0.669757 -0.240302 0.853572 -0.462244 0.79491 -0.664384 -0.491808 -0.562778 0.095582 0 0 0 1
###
-0.617922 -1.79894 0.759607 
0.0319132 -4.61701 5.42186 
8.5824 -8.76941 4.65838 
9.27256 -9.19075 -0.392805 
6.46247 -12.4113 12.1609 
2.31569 -0.0469283 -0.525675 
3.2932 -4.54162 -1.69268 
-0.35589 -1.62503 1.18899 
-0.109554 -1.79498 0.956597 
0.567745 -5.31875 -1.58484 
0.272377 -3.03654 -1.818 
3.68853 -5.73224 -1.62652 
2.47549 -0.844772 2.88115 
1.46076 -0.585422 -0.709943 
-0.900657 -9.85546 3.93112 
-1.27269 -2.05132 1.98597 
6.69372 -6.78456 3.27792 
1.45008 -2.88564 -0.775788 
0.765012 0.50041 -0.896998 
-0.220789 -0.205618 0.0968316 
0.856067 -1.95833 1.70224 
-0.867605 -0.806977 1.63285 
-0.697696 0.101481 2.01966 
-0.628937 -2.21558 1.53118 
2.50863 0.737341 2.6501 
0.684931 0.497145 -0.935287 
2.16803 -0.281263 -0.458643 
-0.74668 -0.740988 1.74851 
0.00267675 -1.76542 1.0358 
2.77944 -4.56472 -2.12579 
1.20018 -1.41246 -0.744821 
-0.394606 -2.81163 0.156657 
-0.245371 -0.668178 0.482638 
7.63225 -9.21359 7.67849 
1.78486 0.831149 3.0627 
1.41987 -0.587978 -0.700231 
5.19798 -5.99614 4.5914 
-0.47566 -1.09172 -0.407116 
-0.0184307 0.677655 1.487 
0.775517 0.548342 -1.00988 
0.846419 -5.10247 -1.77535 
5.68413 -6.45032 4.93876 

-1.03834 -4.00115 1.57096 
0.119021 -0.854717 -1.0031 
-1.6721 -2.01485 1.53901 
0.201831 -1.69189 0.464934 
4.04569 -6.01938 -0.153597 
0.161424 -0.893848 -1.03709 
1.45137 -4.25703 -0.556744 
0.925984 -5.35124 -1.15182 
-1.40919 -4.35059 1.56182 
-1.38608 -4.3898 1.75009 
-4.60459 -10.5665 13.1971 
8.13743 -19.0996 -5.56463 
2.75458 -1.84281 -0.624036 
-0.272962 -1.10662 -0.428811 
-1.45354 -4.22191 1.40278 
-1.93819 0.732652 1.14717 
-2.52161 -3.53288 1.27745 
9.61984 -22.5239 -6.62734 
-0.571 -0.0067285 -0.330122 
-0.451102 -0.0787106 -0.53338 
2.82918 -3.67803 0.534395 
-0.435544 -1.56344 -0.0578081 
-1.10588 -1.22332 0.698851 
-0.837444 0.109696 -0.0547487 
2.99576 -0.0690433 -0.816762 
-0.632466 0.0113971 -0.31338 
0.182896 -1.08311 -1.00315 
-0.802607 0.110746 -0.0943045 
-1.48491 -4.06033 1.49241 
-1.03959 -4.12559 -0.224327 
-0.411029 -1.71617 -0.00764406 
0.169817 -1.19174 0.81755 
-2.32233 -2.5774 2.03078 
7.6821 -16.9837 -4.57965 
2.3359 0.152395 0.113508 
-0.276582 -1.10165 -0.424449 
2.14503 -11.7574 -3.34106 
0.0353191 -7.29913 -1.4277 
-0.880567 0.128103 0.00629948 
-0.639892 0.0203458 -0.336315 
-1.54133 -4.82795 1.45124 
-1.5692 -1.95405 1.56007 
