0.496004 -0.140636 -0.856855 0.332051 0.107249 0.989163 -0.100269 0.39158 0.861671 -0.042163 0.505712 0.416054 0 0 0 1
-0.699415 0.149433 0.69892 -0.701618 -0.277342 0.844525 -0.458104 0.780145 -0.658711 -0.514244 -0.549229 0.079367 0 0 0 1
###
2.32484 -0.0469651 -0.52752 
7.21945 -7.75964 -0.474407 
2.01846 -2.30718 -0.301658 
-0.212595 -1.09111 -0.406814 
2.0951 -4.65194 -2.56222 
-1.69381 -2.37386 2.04804 
0.775715 0.504836 -0.903289 
8.20811 -8.24503 3.86604 
1.00934 -3.77863 -2.0382 
2.936 -4.86209 -2.24682 
8.59895 -8.78617 4.66485 
11.7576 -10.8234 1.76797 
-0.445081 0.0641459 0.319909 
0.463078 -1.64751 -0.599632 
0.450249 0.48151 -0.976573 
-0.288179 0.140585 -0.1633 
9.39633 -9.44898 4.91802 
-0.0810449 0.0356637 0.296733 
1.23901 -1.42372 -0.767791 
6.32326 -6.5497 3.38422 
0.594362 -4.51507 -1.53596 
2.14313 -4.88852 -2.8754 
0.711297 -0.341276 -1.15541 
2.37184 -0.0151346 -0.558374 
-0.0777862 0.0421332 0.296834 
1.18531 -1.50099 3.03786 
3.46034 -4.08866 2.28386 
7.69787 -7.69519 1.47668 
2.94703 -5.82214 -3.39528 
1.77049 -4.2981 -2.51289 
2.17333 -0.281719 -0.459901 
-0.00946588 -0.860941 0.552292 
3.17012 -3.81753 2.13745 
0.486811 0.487564 -0.973661 
2.21655 0.77877 1.22262 
1.42742 -0.589539 -0.70261 
0.955782 -0.680364 -0.876199 
0.685836 0.497481 -0.936203 
0.781902 -0.560026 -0.840784 
2.92979 0.642513 -0.38874 
6.29035 -6.69148 3.81974 
2.77763 0.823235 2.39471 
2.13603 0.748346 1.19666 
0.524303 -1.45302 1.05299 
1.78426 0.830244 3.06158 
1.00029 -0.314953 2.92415 

0.161424 -0.893848 -1.03709 
-0.844883 -2.69534 0.291941 
0.425415 -3.84347 -0.728607 
-0.158231 -0.530556 0.943631 
-0.156687 -0.528713 0.940725 
-1.77649 0.452604 0.787926 
-0.571 -0.0067285 -0.330122 
0.773379 -5.08641 -0.822983 
25.4442 -23.7155 4.39312 
-1.08117 -4.19877 -0.206932 
-2.52161 -3.53288 1.27745 
1.57587 -4.53598 -0.505449 
1.15703 -0.203992 -0.954445 
-1.03959 -4.12559 -0.224327 
-0.805221 0.109207 -0.0890863 
-0.525327 -0.00312444 -0.317872 
2.095 -4.59815 -0.367386 
-0.218931 -1.11521 -0.518809 
-0.409799 -1.68281 0.00971134 
8.00666 -12.2647 -2.15602 
-1.00974 -4.11538 2.04883 
3.18045 -15.8804 -5.62464 
-0.755832 -0.688534 -0.0446088 
0.119021 -0.854717 -1.0031 
-0.486305 -0.0342652 -0.419183 
-0.474551 0.157485 0.0252918 
41.4412 -55.9945 -10.5212 
-1.01944 -4.79396 -0.148651 
0.914725 -4.63015 -1.08553 
-3.81453 -3.69915 6.07229 
0.182896 -1.08311 -1.00315 
-2.34024 -9.69507 11.8374 
7.6821 -16.9837 -4.57965 
-0.789527 0.1055 -0.0826382 
-0.43404 -0.0432316 -0.461148 
-0.272962 -1.10662 -0.428811 
-0.593732 -0.997251 -0.143506 
-0.634576 0.013882 -0.317647 
-0.532712 -1.11707 -0.120404 
0.442046 -0.567727 -1.69088 
-2.00952 -2.28946 1.83733 
2.08679 -0.193166 -0.588033 
1.46276 -0.0841959 -0.776584 
-0.810376 -4.33588 -0.0174622 
2.3359 0.152395 0.113508 
-0.401617 -1.70285 0.0233337 
