0.502746 -0.186895 -0.843988 0.29674 0.219862 0.971886 -0.0842493 0.543307 0.836006 -0.143205 0.529703 0.323661 0 0 0 1
-0.699415 0.149433 0.69892 -0.701618 -0.277342 0.844525 -0.458104 0.780145 -0.658711 -0.514244 -0.549229 0.079367 0 0 0 1
###
9.38976 -9.50728 5.05611 
1.91067 -4.8825 -2.83923 
-0.243902 -1.0335 -0.333446 
0.619118 -1.8782 -0.690161 
0.0988556 -4.94922 5.83783 
-0.109347 -1.7947 0.956075 
-0.443112 0.0646882 0.320658 
0.777193 -3.17633 -1.97728 
0.470421 -0.379763 0.974136 
8.22703 -8.25757 3.89274 
0.76736 0.500905 -0.89754 
11.16 -14.0524 13.4418 
1.46288 -0.585788 -0.710461 
1.34272 -0.245432 -0.723388 
2.14245 0.694964 0.903628 
6.65953 -12.746 12.4627 
3.82001 -5.02723 -1.03839 
0.109699 -0.995586 0.233467 
2.22953 -0.286053 -0.472131 
1.40323 -0.440662 -1.47407 
1.57872 0.446811 0.764896 
-0.217148 -0.20438 0.0955932 
1.34256 -2.40306 1.73058 
0.322493 -0.598413 0.874325 
-0.697088 0.114598 2.09965 
2.21981 -0.0516559 -0.507113 
2.22419 0.683669 0.7507 
-0.374306 -1.68199 1.68055 
-0.0992375 0.044089 0.368584 
10.0385 -10.0266 5.22795 
7.28987 -19.2504 23.6772 
-0.86895 -0.754342 1.66981 
0.0024094 -1.77083 1.02158 
1.25337 -7.25207 -4.46738 
4.22511 -6.49847 -1.9544 
-0.417228 -2.49531 0.145945 
2.18693 -0.282238 -0.461623 
0.275657 -0.101034 0.30698 
2.90332 0.636606 -0.380361 
2.5241 -0.496244 2.8223 
6.81247 -8.91503 7.93792 
2.3821 -3.36829 2.48923 
2.271 -0.0253528 -0.536585 
1.47629 -0.272188 -0.777706 
0.737394 -3.17889 -1.98147 
6.1591 -6.80286 -0.348826 
3.80501 -4.74969 3.47291 
0.81664 -2.6496 2.71519 
0.687482 0.497709 -0.936768 
2.19101 -0.184259 2.41879 
2.14736 -3.66276 3.17111 
1.20065 0.713454 1.32147 
6.46971 -6.6896 3.43726 
0.59282 -3.92822 -1.53848 
1.54506 -0.563627 -0.691458 
3.29406 -3.64437 0.0605853 
1.12484 0.477801 2.82059 
1.02149 -0.540487 -1.0524 
-1.1599 -0.15401 2.39775 
3.22817 -5.07219 -2.38261 
0.469828 -4.84008 -0.748021 

2.02303 -3.00841 0.498446 
-0.156687 -0.528713 0.940725 
-0.151276 -0.523693 0.937595 
-1.08117 -4.19877 -0.206932 
0.119021 -0.854717 -1.0031 
-1.5271 -4.35876 1.38196 
-0.486305 -0.0342652 -0.419183 
-0.153343 -0.525756 0.938906 
-0.504728 0.210825 -0.0110713 
-1.13204 -1.75878 0.927391 
-0.571 -0.0067285 -0.330122 
9.13097 -16.3965 -3.91176 
-0.272962 -1.10662 -0.428811 
-0.313977 -0.771646 -0.470278 
1.29656 -0.149991 -0.898919 
11.1297 -10.1931 3.70515 
0.0353191 -7.29913 -1.4277 
-1.6721 -2.01485 1.53901 
0.173986 -1.00191 -1.02083 
-0.608161 -1.01626 -0.174013 
-0.4434 -0.0758233 -0.465399 
8.00666 -12.2647 -2.15602 
-1.81314 -2.47473 1.29969 
2.67949 -1.30307 0.000723831 
-0.50988 0.123392 -0.0752756 
0.161424 -0.893848 -1.03709 
1.06429 -0.222461 -0.825594 
-0.591093 0.00889594 -0.338181 
-0.857708 0.12461 -0.0487198 
2.30224 -3.87246 0.15703 
0.957433 -5.43033 -1.21933 
-1.71236 0.53491 0.985692 
-1.48491 -4.06033 1.49241 
-0.160818 -0.538528 0.955685 
-1.54587 -4.22708 1.52554 
-1.33784 0.258945 0.314862 
0.182896 -1.08311 -1.00315 
-0.723027 0.0750113 -0.178233 
0.470996 -0.576402 -1.70771 
2.96572 -0.696677 -0.409241 
2.095 -4.59815 -0.367386 
-3.41533 -3.33125 2.91776 
0.164299 -0.89718 -1.04992 
-0.311411 -0.854888 -0.486393 
-2.9997 -4.15199 1.26491 
2.20128 -12.0702 -3.4725 
0.482496 -6.55778 -1.43012 
3.18045 -15.8804 -5.62464 
-0.632466 0.0113971 -0.31338 
-0.895948 0.136311 -0.0158848 
13.9776 -14.8616 -0.0889032 
1.19454 0.162412 -0.00123644 
-0.810376 -4.33588 -0.0174622 
-1.03834 -4.00115 1.57096 
-0.22434 -1.1207 -0.514419 
6.94986 -16.3638 -4.7209 
2.57408 0.234206 0.434842 
-0.82112 -0.657619 -0.00845615 
-0.833465 -0.625554 0.0158663 
-0.917702 -4.77406 -0.544025 
-0.778248 -0.664531 -0.0253196 
