0.477352 -0.202641 -0.855027 0.245484 0.16752 0.976186 -0.137831 0.600354 0.862596 -0.0774402 0.499931 0.320317 0 0 0 1
-0.707707 0.171871 0.685282 -0.669757 -0.240302 0.853572 -0.462244 0.79491 -0.664384 -0.491808 -0.562778 0.095582 0 0 0 1
###
0.490259 -2.50415 -1.42784 
-1.54075 -2.17167 1.94952 
-1.33165 -2.39593 2.07214 
2.53416 -0.445833 2.92252 
9.42562 -9.54809 5.0877 
4.71215 1.19052 -0.556777 
0.87655 -3.33806 -2.08438 
8.20368 -8.24642 3.89212 
1.46975 -0.587644 -0.712516 
2.266 -0.0494261 -0.515079 
6.82651 -8.92844 7.95343 
0.379613 -0.380103 0.864009 
0.832494 0.529479 -0.944878 
2.25079 -0.286893 -0.475479 
2.16411 0.70261 0.920112 
0.380438 -2.8419 3.13911 
2.65612 -5.44642 4.69661 
1.75803 -2.79549 2.02685 
2.93957 -1.13547 2.22344 
0.0138906 -2.3522 1.09213 
12.282 -11.2782 1.86024 
2.43588 -0.0203153 2.88717 
2.24584 0.690963 0.759038 
2.3147 -3.31678 2.44337 
1.02768 0.530941 -0.849549 
0.595036 0.578738 -1.08894 
6.85244 -1.32437 4.1049 
2.2143 -0.283453 -0.466356 
7.28487 -19.2582 23.7064 
5.0794 -5.79596 3.1672 
0.00169336 -1.76985 1.02216 
7.79758 -7.77777 1.49383 
1.52043 -0.258252 -0.795875 
2.58106 -4.75667 -1.80003 
0.0850241 0.682069 1.50897 
2.6853 -1.29421 2.89169 
4.477 -5.13028 2.55713 
2.17934 -3.18589 2.34778 
1.65636 -0.57333 -0.729241 
-0.0958204 0.0448942 0.369843 
6.17401 -6.41352 1.24857 
3.23191 -5.07561 -2.38443 
0.397942 -4.68064 -0.576602 
2.1772 -0.412876 -0.56152 
1.66989 -0.57635 -0.73423 
4.36705 -6.57944 6.19522 
1.89581 -2.92989 2.12449 
-0.855991 -1.30548 1.56553 
2.23546 -0.0242124 -0.535156 
0.858862 -0.351266 -1.21961 
16.5728 -20.4855 19.2081 
-0.627926 -0.269127 1.53224 
2.16645 -0.0280388 -0.514672 

-12.3586 -13.3428 21.673 
0.92711 -1.90325 0.597046 
-1.71445 0.500172 0.902777 
-1.07414 -1.35036 0.747549 
2.02303 -3.00841 0.498446 
0.486233 -0.583845 -1.77554 
-0.153343 -0.525756 0.938906 
-0.413999 -2.70985 -0.0148958 
-0.272962 -1.10662 -0.428811 
0.161424 -0.893848 -1.03709 
-1.15468 -1.79744 1.03324 
-0.504728 0.210825 -0.0110713 
-0.571 -0.0067285 -0.330122 
0.180336 -1.08045 -0.993999 
-0.731341 0.0700586 -0.189894 
4.83179 -8.06624 -1.37276 
23.4293 -24.3251 5.49437 
-6.58312 -5.63471 6.45697 
-1.09275 -1.4559 0.802799 
-0.257115 -3.6667 2.51577 
1.45137 -4.25703 -0.556744 
3.10234 -0.632224 -0.373807 
2.94676 0.172291 -3.62007 
-2.32247 -2.59097 2.03906 
-0.456479 -0.0740957 -0.523607 
-1.57131 0.494757 1.07841 
2.39016 -1.57378 -0.67162 
0.182896 -1.08311 -1.00315 
3.18045 -15.8804 -5.62464 
-2.32233 -2.5774 2.03078 
-1.48491 -4.06033 1.49241 
-0.914763 -4.16023 -0.0699908 
-0.311411 -0.854888 -0.486393 
-1.06922 -4.88524 -0.181276 
-0.865489 0.124018 -0.0513851 
3.16788 -1.77688 -0.100211 
2.30224 -3.87246 0.15703 
2.14503 -11.7574 -3.34106 
-0.218931 -1.11521 -0.518809 
-0.608628 0.252817 0.187987 
5.2709 -12.6363 -3.52856 
-0.832094 -3.58916 -0.103764 
-0.0946774 -1.20302 1.21685 
0.0750309 -1.14161 -0.892529 
-0.22434 -1.1207 -0.514419 
1.63303 -1.99886 1.12443 
-1.56836 -1.66346 1.88106 
-0.630767 -0.898821 -0.123019 
0.119021 -0.854717 -1.0031 
-0.648814 -0.860665 -0.116114 
-1.01944 -4.79396 -0.148651 
-0.427467 -1.13969 -0.164594 
0.113627 -0.855334 -1.01385 
