0.477352 -0.202641 -0.855027 0.245484 0.16752 0.976186 -0.137831 0.600354 0.862596 -0.0774402 0.499931 0.320317 0 0 0 1
-0.699415 0.149433 0.69892 -0.701618 -0.277342 0.844525 -0.458104 0.780145 -0.658711 -0.514244 -0.549229 0.079367 0 0 0 1
###
0.490259 -2.50415 -1.42784 
-1.54075 -2.17167 1.94952 
-1.33165 -2.39593 2.07214 
2.53416 -0.445833 2.92252 
9.42562 -9.54809 5.0877 
4.71215 1.19052 -0.556777 
0.87655 -3.33806 -2.08438 
8.20368 -8.24642 3.89212 
1.46975 -0.587644 -0.712516 
2.266 -0.0494261 -0.515079 
6.82651 -8.92844 7.95343 
0.379613 -0.380103 0.864009 
0.832494 0.529479 -0.944878 
2.25079 -0.286893 -0.475479 
2.38308 -0.184214 -0.499558 
2.16411 0.70261 0.920112 
0.380438 -2.8419 3.13911 
2.65612 -5.44642 4.69661 
1.75803 -2.79549 2.02685 
0.0138906 -2.3522 1.09213 
12.282 -11.2782 1.86024 
2.43588 -0.0203153 2.88717 
2.24584 0.690963 0.759038 
2.3147 -3.31678 2.44337 
2.81397 -4.05285 -0.792473 
-0.435408 0.0894956 0.330652 
1.02768 0.530941 -0.849549 
0.595036 0.578738 -1.08894 
6.85244 -1.32437 4.1049 
2.2143 -0.283453 -0.466356 
7.28487 -19.2582 23.7064 
5.0794 -5.79596 3.1672 
0.00169336 -1.76985 1.02216 
7.79758 -7.77777 1.49383 
1.52043 -0.258252 -0.795875 
2.58106 -4.75667 -1.80003 
0.0850241 0.682069 1.50897 
2.6853 -1.29421 2.89169 
4.477 -5.13028 2.55713 
2.17934 -3.18589 2.34778 
1.65636 -0.57333 -0.729241 
6.17401 -6.41352 1.24857 
3.23191 -5.07561 -2.38443 
0.397942 -4.68064 -0.576602 
2.1772 -0.412876 -0.56152 
4.36705 -6.57944 6.19522 
1.89581 -2.92989 2.12449 
-0.0746266 0.0557636 0.383148 
-0.855991 -1.30548 1.56553 
2.23546 -0.0242124 -0.535156 
0.858862 -0.351266 -1.21961 
16.5728 -20.4855 19.2081 
0.492288 -4.92889 -0.75983 
-0.627926 -0.269127 1.53224 

-0.151276 -0.523693 0.937595 
-0.525327 -0.00312444 -0.317872 
-1.71445 0.500172 0.902777 
-1.07414 -1.35036 0.747549 
0.773379 -5.08641 -0.822983 
0.486233 -0.583845 -1.77554 
-0.153343 -0.525756 0.938906 
-0.413999 -2.70985 -0.0148958 
-0.272962 -1.10662 -0.428811 
0.161424 -0.893848 -1.03709 
-1.15468 -1.79744 1.03324 
-0.504728 0.210825 -0.0110713 
-0.571 -0.0067285 -0.330122 
0.180336 -1.08045 -0.993999 
0.173986 -1.00191 -1.02083 
-0.486305 -0.0342652 -0.419183 
4.83179 -8.06624 -1.37276 
23.4293 -24.3251 5.49437 
-2.00952 -2.28946 1.83733 
-0.257115 -3.6667 2.51577 
1.45137 -4.25703 -0.556744 
3.10234 -0.632224 -0.373807 
-0.474551 0.157485 0.0252918 
-2.32247 -2.59097 2.03906 
-0.0610672 -4.10596 -0.318677 
-0.43404 -0.0432316 -0.461148 
-0.456479 -0.0740957 -0.523607 
-0.805221 0.109207 -0.0890863 
2.39016 -1.57378 -0.67162 
0.182896 -1.08311 -1.00315 
3.18045 -15.8804 -5.62464 
7.6821 -16.9837 -4.57965 
-1.48491 -4.06033 1.49241 
-0.640934 -0.871223 1.21441 
-0.307627 -0.782273 -0.469775 
-1.06922 -4.88524 -0.181276 
-0.865489 0.124018 -0.0513851 
3.16788 -1.77688 -0.100211 
2.30224 -3.87246 0.15703 
2.14503 -11.7574 -3.34106 
-0.218931 -1.11521 -0.518809 
1.24027 -3.03561 0.126616 
-0.832094 -3.58916 -0.103764 
-0.22901 -1.14189 1.07236 
0.0792913 -1.15249 -0.903307 
2.92926 -4.35922 0.189359 
0.482496 -6.55778 -1.43012 
-0.608628 0.252817 0.187987 
-0.630767 -0.898821 -0.123019 
0.119021 -0.854717 -1.0031 
-0.615318 -0.920936 -0.122459 
-1.01944 -4.79396 -0.148651 
-0.517918 -2.65199 1.41617 
-0.427467 -1.13969 -0.164594 
