0.408245 -0.187864 -0.893333 0.165912 0.170437 0.977074 -0.127586 0.644638 0.896821 -0.100171 0.430904 0.207015 0 0 0 1
-0.707707 0.171871 0.685282 -0.669757 -0.240302 0.853572 -0.462244 0.79491 -0.664384 -0.491808 -0.562778 0.095582 0 0 0 1
###
7.08235 -12.453 11.242 
0.972109 -2.35441 -0.498173 
0.645982 -1.52263 0.673777 
1.18276 0.534006 -0.79399 
0.79938 0.513828 -0.915017 
2.20842 0.677177 0.768131 
2.30759 -0.0470117 -0.520288 
2.64905 -0.898814 3.06599 
1.36677 -0.246641 -0.731447 
2.63151 -5.42107 4.6464 
2.66594 0.789626 2.34472 
1.48191 -0.589891 -0.715751 
2.30908 0.723623 0.783718 
2.27416 -0.287764 -0.477969 
1.04369 0.536543 -0.856499 
0.343327 -2.70376 2.47294 
0.474434 -2.48839 -1.40627 
0.00386568 -2.44645 1.18098 
0.436211 -4.95008 -1.46636 
2.65266 0.0144768 2.788 
0.769705 -0.442503 -0.955476 
2.20933 -1.19635 2.5798 
2.26637 -0.31478 -2.37536 
2.25489 -0.284738 -0.472417 
1.63402 -2.41237 1.15273 
8.41123 -8.29548 1.62306 
1.01726 -8.16098 -2.61749 
0.189943 -1.57133 -1.14102 
1.67463 -2.33197 0.165144 
-0.0672779 0.0398634 0.301352 
0.839418 -0.349019 -1.23439 
2.24262 0.691976 0.760677 
1.49744 -2.1992 1.0429 
22.8765 -20.9651 4.37572 
2.44443 -0.0206454 2.89579 
3.70767 -4.78885 3.45093 
0.121291 0.660935 1.0321 
2.77239 -4.55976 -2.12087 
2.26931 0.879768 3.29617 
-0.392101 -1.58002 1.41666 
0.164357 -1.5286 -1.09185 
1.2878 -4.31636 -2.19514 
1.18756 0.704574 1.31377 
0.720502 -0.544977 -0.793638 
-0.075032 0.0559311 0.382148 
2.56959 -0.481982 2.7412 
2.97489 -0.57442 2.09978 
2.70417 -1.29751 2.90763 
11.1865 -13.8665 12.8387 
1.25032 -3.59892 -2.09105 
-0.0147148 -2.23455 1.01613 
0.66653 -4.10777 -1.60298 
2.21261 -0.026442 -0.526991 
2.90066 0.639447 -0.369797 
2.67028 0.785964 2.74939 
-0.271521 -5.2817 0.20146 
0.975765 -5.15942 -2.09815 
2.16723 -0.028622 -0.51014 
0.729294 -6.00002 -0.967357 
3.00067 -0.879852 2.01782 
1.97441 0.574412 0.704681 
1.79542 0.835042 3.07986 
3.17351 -5.0075 -2.3492 

23.4293 -24.3251 5.49437 
-0.758158 -3.78144 2.09211 
-6.58312 -5.63471 6.45697 
-0.365145 -0.11718 -0.610336 
-0.571 -0.0067285 -0.330122 
-0.697842 0.0556942 -0.186584 
0.161424 -0.893848 -1.03709 
2.75458 -1.84281 -0.624036 
-0.304496 -0.783445 -0.469216 
1.57587 -4.53598 -0.505449 
2.20574 -0.175144 -0.641663 
-0.272962 -1.10662 -0.428811 
1.15703 -0.203992 -0.954445 
0.180336 -1.08045 -0.993999 
-0.357066 -0.111726 -0.60147 
-1.72282 0.541422 0.983353 
-12.3586 -13.3428 21.673 
0.198174 -1.2727 0.80473 
-15.2833 -18.4942 10.2324 
-1.11161 -0.936386 0.578056 
-0.593732 -0.997251 -0.143506 
-1.77649 0.452604 0.787926 
-0.612109 -0.924169 -0.12194 
0.182896 -1.08311 -1.00315 
-0.914763 -4.16023 -0.0699908 
-6.72423 -6.09893 6.18048 
0.207155 -0.276705 -0.948458 
-7.00831 -4.77069 12.404 
0.0353191 -7.29913 -1.4277 
-0.218931 -1.11521 -0.518809 
-0.675138 -0.803843 -0.0999991 
1.06429 -0.222461 -0.825594 
13.4788 -30.6129 -10.9973 
-0.993104 -1.21478 1.34516 
3.10234 -0.632224 -0.373807 
2.14503 -11.7574 -3.34106 
-1.71445 0.500172 0.902777 
-1.03959 -4.12559 -0.224327 
2.91782 0.129487 -0.25121 
-0.855338 0.0960153 -0.103385 
-0.809708 -0.875615 1.81556 
-1.41155 -3.39739 0.649372 
1.19454 0.162412 -0.00123644 
-0.453434 -0.708183 -0.282605 
-0.608628 0.252817 0.187987 
4.32541 -1.83906 -0.661508 
2.50541 -1.32649 -0.770934 
3.16788 -1.77688 -0.100211 
2.30224 -3.87246 0.15703 
-1.82813 -3.18749 0.894218 
0.180613 -1.22659 0.810064 
-1.0044 -3.94392 1.53501 
0.113627 -0.855334 -1.01385 
0.442046 -0.567727 -1.69088 
1.9132 -0.209914 -0.220043 
0.219215 -1.32418 0.800018 
-1.03834 -4.00115 1.57096 
0.125451 -0.850156 -1.01422 
-0.0946774 -1.20302 1.21685 
3.43866 -2.04674 -1.35771 
2.94676 0.172291 -3.62007 
-1.45354 -4.22191 1.40278 
-0.588835 -3.19978 -0.0457159 
