0.361783 -0.156759 -0.918989 0.140546 0.148316 0.982885 -0.10927 0.525427 0.920389 -0.0967684 0.37884 0.163849 0 0 0 1
-0.699415 0.149433 0.69892 -0.701618 -0.277342 0.844525 -0.458104 0.780145 -0.658711 -0.514244 -0.549229 0.079367 0 0 0 1
###
9.89286 -9.74155 -0.423956 
9.32435 -9.47022 5.07352 
2.21493 0.679671 0.772136 
2.30488 -0.047216 -0.519355 
0.810638 0.518435 -0.921707 
7.64263 -13.4307 12.1671 
-0.0945851 0.0292714 0.367647 
-0.125295 0.0369921 0.343078 
0.858543 -3.28957 -2.01904 
-0.149535 -0.781491 -0.188884 
7.53042 -7.67293 3.64223 
1.487 -0.590988 -0.717349 
0.930201 -0.449536 -1.09878 
10.917 -14.2702 5.88404 
-0.0916594 0.0401159 0.370523 
-0.118465 0.0383519 0.35639 
1.20838 -1.52934 3.09252 
11.316 -11.1863 5.86002 
1.24387 0.525899 2.93068 
0.823207 0.522615 -0.93603 
2.1632 -0.0393059 -0.50803 
-0.0913971 0.0465855 0.36977 
0.369366 -2.03398 -1.50985 
2.76429 -4.55013 -2.11681 
2.487 0.989962 3.6421 
0.524535 0.505162 -1.00037 
2.23869 0.690974 0.760041 
0.947812 -7.90949 -2.54627 
2.45 -0.020601 2.90231 
1.94846 -4.61182 -2.72177 
0.659599 -3.04238 -1.88494 
0.412834 -2.1132 -1.60558 
1.05696 0.537525 -0.860913 
9.98695 -9.65479 1.89948 
1.29135 -1.45914 -0.787109 
2.28688 0.716619 0.775953 
2.58378 0.890374 3.13733 
2.90333 0.634657 -0.378237 
2.26925 -0.285235 -0.474682 
5.3343 -8.79525 8.49203 
2.98046 -0.872886 2.01678 
1.47447 -0.257827 -0.775991 
3.39015 0.430956 0.4663 
1.12961 0.479715 2.83053 
5.16369 -6.27595 4.95667 
4.07906 -4.66589 2.6429 
-0.382298 -1.58887 1.52163 
2.09996 -0.0649186 -0.579167 
1.18768 0.704679 1.31376 
-0.0126676 0.68092 1.49538 
0.90007 -0.477034 -1.02752 
3.31331 0.401573 0.444238 
4.50506 -5.53658 4.36709 
-0.37687 -1.64492 1.58234 
2.22392 -0.0252504 -0.527971 
1.76295 -1.07441 3.08525 
3.00385 0.947756 2.69726 
1.36765 0.0311684 -1.05178 

3.18045 -15.8804 -5.62464 
0.773379 -5.08641 -0.822983 
-0.743101 0.0769744 -0.156202 
0.161424 -0.893848 -1.03709 
-0.516639 -0.0451863 -0.46134 
1.85898 -4.90089 -1.00053 
-0.272962 -1.10662 -0.428811 
-0.816299 0.0963331 -0.104726 
-0.156687 -0.528713 0.940725 
-0.16512 -0.526123 0.94262 
2.30224 -3.87246 0.15703 
-0.474551 0.157485 0.0252918 
-0.532712 -1.11707 -0.120404 
-1.81314 -2.47473 1.29969 
-0.304496 -0.783445 -0.469216 
-0.218931 -1.11521 -0.518809 
-0.595324 -0.970307 -0.127904 
-2.03176 -3.26628 1.0364 
2.59171 0.280544 0.384587 
-0.571 -0.0067285 -0.330122 
0.119021 -0.854717 -1.0031 
-0.279228 -1.10352 -0.416724 
-0.175296 -0.527883 0.942261 
-1.03959 -4.12559 -0.224327 
3.10635 0.158608 -0.335148 
-0.723027 0.0750113 -0.178233 
-0.47943 0.166415 0.0155929 
0.207155 -0.276705 -0.948458 
3.10234 -0.632224 -0.373807 
-1.09023 -2.66765 0.519368 
-2.9997 -4.15199 1.26491 
1.0508 -0.229338 -0.77224 
-0.456479 -0.0740957 -0.523607 
8.00666 -12.2647 -2.15602 
-0.411029 -1.71617 -0.00764406 
-0.482052 0.16704 0.0117201 
2.57966 -0.0283287 -0.360289 
0.470996 -0.576402 -1.70771 
0.182896 -1.08311 -1.00315 
-12.3586 -13.3428 21.673 
2.4938 -1.62368 -0.740681 
-0.313977 -0.771646 -0.470278 
1.39039 -0.879139 -2.09122 
2.57408 0.234206 0.434842 
1.24027 -3.03561 0.126616 
9.13097 -16.3965 -3.91176 
-0.849719 0.118556 -0.0527776 
0.046596 -0.846045 -0.947121 
1.19454 0.162412 -0.00123644 
-0.791049 0.114873 -0.0923094 
-0.807802 -0.64871 -0.0182762 
1.38606 -0.875979 -2.09263 
29.7425 -36.6239 -5.45369 
-0.837444 0.109696 -0.0547487 
0.113627 -0.855334 -1.01385 
1.14336 -0.178949 -0.687746 
-0.801891 0.0671957 -0.172355 
-0.458619 -0.680222 -0.315471 
