0.397399 -0.131709 -0.908145 0.139972 0.377645 0.92543 0.0310398 0.438078 0.836336 -0.355292 0.417504 -0.0132219 0 0 0 1
-0.699415 0.149433 0.69892 -0.701618 -0.277342 0.844525 -0.458104 0.780145 -0.658711 -0.514244 -0.549229 0.079367 0 0 0 1
###
7.523 -7.66655 3.67949 
5.58076 -8.55576 8.35453 
1.40186 -0.249519 -0.743779 
2.34492 0.843671 3.07097 
0.561236 -5.3006 -1.57857 
2.99089 -4.92266 -2.28677 
1.36051 0.552017 -0.782341 
1.13135 -3.60424 -2.13205 
0.15242 -1.67084 -1.48625 
2.67638 0.792968 2.35321 
1.19057 -0.489309 2.93054 
1.49068 -0.591688 -0.718212 
2.33124 -0.0458434 -0.522852 
2.31627 0.734257 0.795145 
0.958991 -4.25469 4.50584 
7.64061 -13.4606 12.1568 
0.500864 -4.67822 -1.69229 
0.582317 -7.75565 -6.04006 
1.18945 -1.52276 3.07811 
0.769264 -0.442676 -0.953975 
2.61934 -3.09504 -0.0896475 
2.56377 -0.900316 2.75348 
2.30556 -0.288788 -0.482682 
0.849743 -3.02606 -1.76084 
0.3382 -1.79181 -1.82384 
6.60699 -12.5716 12.252 
2.48747 0.989617 3.63851 
-1.28066 -2.312 1.98588 
1.47076 -0.25751 -0.77397 
0.12241 0.660288 1.03291 
2.28316 -0.285566 -0.47637 
2.16396 -0.0406158 -0.50749 
1.168 -1.5023 3.01636 
6.82692 -7.66939 6.91335 
-0.657559 -4.2094 1.29172 
1.23778 -1.43013 -0.76601 
0.534076 -5.27231 -1.52965 
1.18907 0.705223 1.31512 
2.12133 -0.0637524 -0.582478 
9.99618 -9.6548 1.89806 
4.66117 -6.03868 -2.43335 
-0.350329 -4.55585 0.535043 
0.767336 -16.3631 1.98429 
-0.349119 -1.88568 1.97997 
2.79123 0.82735 2.40586 
1.13069 0.480052 2.83274 
2.23584 0.69008 0.759357 
2.908 0.635407 -0.37719 
3.3235 0.404463 0.443289 
2.98698 -0.875185 2.02038 
15.5842 -15.7061 9.27198 
-0.411853 -2.41688 2.6966 
-0.656679 -4.1611 1.25052 
0.886911 -5.11083 -1.80054 
0.565295 -2.95268 3.40683 
-0.778059 -0.765208 1.82517 
1.2531 -1.31528 -0.775081 

8.00666 -12.2647 -2.15602 
1.85898 -4.90089 -1.00053 
-0.313977 -0.771646 -0.470278 
3.13694 0.107283 -0.522615 
-1.38608 -4.3898 1.75009 
-1.08117 -4.19877 -0.206932 
-0.305906 -0.16357 -0.688172 
-1.09023 -2.66765 0.519368 
-6.39022 -4.58638 10.6349 
2.20574 -0.175144 -0.641663 
2.67949 -1.30307 0.000723831 
-0.272962 -1.10662 -0.428811 
0.164299 -0.89718 -1.04992 
1.0508 -0.229338 -0.77224 
8.09288 -6.38779 5.10691 
23.4293 -24.3251 5.49437 
-1.59537 -4.37427 1.53381 
-0.151276 -0.523693 0.937595 
-0.64335 -0.962857 -0.196371 
-0.630767 -0.898821 -0.123019 
0.773379 -5.08641 -0.822983 
-1.10588 -1.22332 0.698851 
0.180336 -1.08045 -0.993999 
-1.52698 -3.28017 0.558247 
-0.743101 0.0769744 -0.156202 
2.25382 -2.64785 1.51969 
3.10635 0.158608 -0.335148 
-1.71445 0.500172 0.902777 
-0.307627 -0.782273 -0.469775 
-0.727343 0.0638806 -0.190197 
0.182896 -1.08311 -1.00315 
0.119021 -0.854717 -1.0031 
-0.615318 -0.920936 -0.122459 
-1.15468 -1.79744 1.03324 
-0.486017 -4.07189 2.52182 
-0.401617 -1.70285 0.0233337 
-1.26338 -4.22544 1.7262 
1.19454 0.162412 -0.00123644 
0.046596 -0.846045 -0.947121 
7.84033 -19.4416 -6.24254 
-1.86277 -2.10959 1.68734 
-0.222892 -1.54045 1.39685 
-0.517918 -2.65199 1.41617 
13.4788 -30.6129 -10.9973 
2.08679 -0.193166 -0.588033 
2.57408 0.234206 0.434842 
-0.47943 0.166415 0.0155929 
0.442046 -0.567727 -1.69088 
1.38606 -0.875979 -2.09263 
2.39016 -1.57378 -0.67162 
4.53068 -5.45133 0.445544 
-1.71236 0.53491 0.985692 
-0.348642 -2.77328 1.97253 
-1.37924 -4.31859 1.33031 
3.18045 -15.8804 -5.62464 
-0.4434 -0.0758233 -0.465399 
-0.445231 0.092689 0.123511 
