0.377266 -0.196089 -0.905108 0.107686 0.572803 0.81737 0.0616741 0.452133 0.727714 -0.541716 0.420686 -0.122737 0 0 0 1
-0.699415 0.149433 0.69892 -0.701618 -0.277342 0.844525 -0.458104 0.780145 -0.658711 -0.514244 -0.549229 0.079367 0 0 0 1
###
0.553523 -5.27573 -1.56903 
1.32827 -4.13131 -2.46891 
10.8602 -10.5806 -0.461931 
2.3237 -0.0457426 -0.521375 
2.23125 0.68528 0.780326 
1.00045 -0.544592 -0.463973 
1.33766 -5.64986 7.00665 
0.587115 -3.84061 -2.41496 
1.13248 -3.60334 -2.13185 
3.14341 -4.37746 -1.62674 
1.49624 -0.592514 -0.720056 
2.31414 -0.288997 -0.484205 
2.28741 0.717094 0.777698 
0.689023 -5.29791 -1.81548 
8.0106 -14.1372 12.7011 
9.25673 -9.69452 8.04922 
0.0709658 -3.42366 3.45907 
5.46761 -8.41686 8.26192 
2.99132 -4.92381 -2.28498 
14.1341 -12.8476 2.13979 
2.67143 -3.13757 -0.092 
2.43264 -0.420862 2.87608 
1.40885 -0.249609 -0.746399 
2.2368 0.690771 0.76034 
1.29107 -1.45667 -0.786573 
0.625465 -5.17777 -1.88128 
2.2916 -0.285646 -0.477671 
5.95322 -6.246 -0.266105 
0.879297 -3.00689 -1.75004 
2.79569 -4.58411 -2.13564 
2.81698 -3.2711 1.69454 
-0.37436 -1.6844 1.71427 
-0.662391 -2.1328 0.705993 
3.43712 0.436155 0.462931 
2.5856 -0.484808 2.75638 
1.7233 -4.26237 -2.49021 
1.66986 -0.57602 -0.731746 
2.12449 -0.0632565 -0.582709 
2.97492 -0.593442 2.24929 
-0.679502 -4.85558 1.3602 
2.06402 0.718964 1.17625 
2.91739 0.638113 -0.375172 
-4.96157 -11.76 -3.757 
0.580828 -5.40855 -1.57023 
1.3021 -1.47863 -0.784971 
3.6372 -5.50665 -2.70823 
-6.34608 -15.0933 -4.88154 
0.684073 -6.5027 -0.654508 
1.79901 0.837023 3.08657 

-1.40509 -4.11168 1.67164 
-1.56597 -3.33478 0.578983 
3.24251 -4.49334 0.216458 
0.161424 -0.893848 -1.03709 
-0.743101 0.0769744 -0.156202 
-0.272962 -1.10662 -0.428811 
0.957433 -5.43033 -1.21933 
-1.41599 -2.54691 0.8655 
-1.47563 -3.20199 0.560024 
1.45137 -4.25703 -0.556744 
-0.276582 -1.10165 -0.424449 
-1.06758 -4.01247 1.68102 
1.15703 -0.203992 -0.954445 
-1.55132 -4.30108 1.55697 
1.57587 -4.53598 -0.505449 
-6.7933 -7.34651 3.61655 
16.1491 -12.5684 12.6488 
7.84033 -19.4416 -6.24254 
-0.832094 -3.58916 -0.103764 
2.095 -4.59815 -0.367386 
2.14503 -11.7574 -3.34106 
3.10234 -0.632224 -0.373807 
-0.313977 -0.771646 -0.470278 
2.67949 -1.30307 0.000723831 
-0.411029 -1.71617 -0.00764406 
-1.59537 -4.37427 1.53381 
0.182896 -1.08311 -1.00315 
-0.844883 -2.69534 0.291941 
-1.54005 -3.31461 0.535181 
-0.944605 -2.07395 0.698062 
5.2709 -12.6363 -3.52856 
13.4788 -30.6129 -10.9973 
-1.48491 -4.06033 1.49241 
1.39039 -0.879139 -2.09122 
3.0172 -1.09247 -0.358013 
-1.07474 -2.60177 0.507256 
-0.22434 -1.1207 -0.514419 
0.046596 -0.846045 -0.947121 
2.58695 -1.32731 -0.711238 
-0.348642 -2.77328 1.97253 
1.46276 -0.0841959 -0.776584 
-0.848534 0.121355 0.00686014 
-0.758158 -3.78144 2.09211 
-1.17619 -3.94905 1.62179 
-0.401617 -1.70285 0.0233337 
-0.588835 -3.19978 -0.0457159 
-0.262614 -3.45372 2.38052 
-1.17093 -7.63956 2.68452 
2.3359 0.152395 0.113508 
