0.37892 -0.142837 -0.91434 0.125605 0.287899 0.957184 -0.0302196 0.493732 0.879508 -0.251787 0.403819 -0.0324844 0 0 0 1
-0.707707 0.171871 0.685282 -0.669757 -0.240302 0.853572 -0.462244 0.79491 -0.664384 -0.491808 -0.562778 0.095582 0 0 0 1
###
1.56066 -1.61209 -0.933816 
0.830232 0.526948 -0.932722 
8.08004 -14.2846 12.8256 
8.8816 -9.06818 4.89589 
1.37347 -0.587618 -0.642912 
2.24587 0.689675 0.784846 
3.79464 0.901403 -0.428743 
2.30731 -0.0471202 -0.518549 
1.45987 -0.495135 -0.720664 
6.08277 -9.22235 8.99065 
25.036 -24.393 14.4493 
-0.0783067 -2.00336 0.332689 
-0.109118 -1.79868 0.957211 
0.542126 -5.24155 -1.55728 
-1.30211 -2.35358 2.02096 
0.123363 -1.60334 -0.785053 
3.68413 -5.22554 -2.28897 
5.49263 -8.43173 8.27282 
3.06243 -1.54573 3.22856 
2.80708 -4.59629 -2.143 
1.05648 0.541278 -0.861861 
2.23751 0.69116 0.760801 
1.50298 -0.593914 -0.722346 
2.32236 -0.289176 -0.48547 
1.73483 -4.28045 -2.50161 
12.975 -12.1184 7.03858 
1.46933 -0.255573 -0.772924 
11.6115 -14.6473 13.9187 
1.28973 -1.41339 -0.787728 
-0.192231 -3.26619 0.0196092 
0.489025 -5.04535 -1.4794 
2.28416 0.716494 0.778316 
3.28194 0.38567 0.452231 
6.00654 -6.29089 -0.27276 
2.3025 -0.285966 -0.479525 
2.13481 -0.0623864 -0.584926 
1.51034 -0.605414 -0.726346 
3.02199 -4.98332 -2.17968 
1.25866 -1.44228 -0.773513 
3.46883 0.440998 0.464379 
11.943 -21.2944 18.6866 
1.4664 -0.399125 -0.746889 
0.0388976 -5.20724 -0.57751 
10.1198 -13.9557 3.98115 
10.5063 -10.091 1.98572 
2.18516 -0.0391117 -0.512292 
3.37564 -5.70626 -2.11939 
20.1207 -17.4453 3.34827 
1.46899 -0.513236 -0.725742 
-0.194232 -3.20565 0.0440535 
1.45906 0.571707 -0.677916 
0.533044 -0.673567 -0.420355 
1.42657 -0.40229 -0.730912 
-0.158007 -0.648784 0.0259426 
2.68878 -3.22358 1.86588 
3.42425 -3.8341 2.02184 
0.800139 -2.8305 -1.64507 
2.21383 -0.415783 -0.567195 
0.539093 0.657976 0.990996 
2.07613 0.723295 1.18225 
2.35335 0.735395 0.835374 
0.773648 -0.385324 -1.06882 
17.3823 -15.038 2.94657 
0.0380186 -4.62234 -0.515109 
2.89617 -0.582281 2.18906 
4.88879 -8.11267 -4.86844 

-0.409799 -1.68281 0.00971134 
-1.57131 0.494757 1.07841 
23.4293 -24.3251 5.49437 
-0.413999 -2.70985 -0.0148958 
-0.272962 -1.10662 -0.428811 
-0.697842 0.0556942 -0.186584 
0.486233 -0.583845 -1.77554 
0.161424 -0.893848 -1.03709 
-0.272994 -1.00113 -0.446624 
13.4788 -30.6129 -10.9973 
2.30224 -3.87246 0.15703 
-0.0946774 -1.20302 1.21685 
-1.33738 -3.63901 1.16277 
-1.38608 -4.3898 1.75009 
-0.571 -0.0067285 -0.330122 
-12.3586 -13.3428 21.673 
-1.08117 -4.19877 -0.206932 
25.4442 -23.7155 4.39312 
-1.71236 0.53491 0.985692 
-0.941084 -3.10116 0.167394 
-0.4434 -0.0758233 -0.465399 
1.06429 -0.222461 -0.825594 
-0.279228 -1.10352 -0.416724 
0.180336 -1.08045 -0.993999 
-3.62741 -3.61791 3.20524 
8.00666 -12.2647 -2.15602 
-0.304496 -0.783445 -0.469216 
11.7468 -33.6699 -12.8613 
-0.411029 -1.71617 -0.00764406 
-0.729691 -4.01768 2.27012 
-1.38223 -4.32144 1.75501 
-0.474551 0.157485 0.0252918 
1.39039 -0.879139 -2.09122 
2.14503 -11.7574 -3.34106 
0.182896 -1.08311 -1.00315 
0.0442312 -0.850533 -0.941395 
-0.482052 0.16704 0.0117201 
-0.49308 -2.94563 0.14829 
-0.401617 -1.70285 0.0233337 
1.38606 -0.875979 -2.09263 
-1.54587 -4.22708 1.52554 
-0.297409 -0.917246 -0.461988 
-1.33784 0.258945 0.314862 
1.626 -4.66916 -0.537649 
1.57587 -4.53598 -0.505449 
0.119021 -0.854717 -1.0031 
-0.79931 -4.36878 -0.0245349 
1.21633 -3.70885 -0.340244 
-0.285 -1.01685 -0.441272 
-1.00974 -4.11538 2.04883 
-0.195867 -0.172331 -0.74479 
-0.4561 -0.510486 -0.296145 
-0.298065 -0.920273 -0.451644 
-0.163402 -0.543405 0.958581 
12.3746 -21.1881 -4.65795 
-1.01944 -4.79396 -0.148651 
-0.996106 -2.12808 0.701396 
0.0792913 -1.15249 -0.903307 
-0.816299 0.0963331 -0.104726 
1.4421 -0.0917962 -0.751402 
-1.71445 0.500172 0.902777 
-0.755832 -0.688534 -0.0446088 
1.63303 -1.99886 1.12443 
0.180613 -1.22659 0.810064 
2.60942 -1.33036 -0.718717 
7.84033 -19.4416 -6.24254 
