0.396882 -0.132905 -0.908197 0.113468 0.171021 0.982842 -0.0690923 0.465499 0.901796 -0.1279 0.412802 -0.0952548 0 0 0 1
-0.707707 0.171871 0.685282 -0.669757 -0.240302 0.853572 -0.462244 0.79491 -0.664384 -0.491808 -0.562778 0.095582 0 0 0 1
###
0.928023 -3.42991 -2.11629 
1.94205 -4.92171 -2.87355 
0.845303 0.533749 -0.941726 
11.4766 -11.7183 -0.743973 
1.50706 -0.594531 -0.723733 
1.42896 -0.250159 -0.754028 
2.15282 0.698814 0.924732 
2.24145 0.688647 0.785506 
8.86217 -9.044 4.89101 
8.1436 -14.4 12.9321 
1.19398 0.535997 -0.800243 
1.13526 -1.96917 0.926136 
2.68682 0.796606 2.36153 
6.13369 -9.30843 9.06198 
13.2688 -13.0734 7.9059 
2.33076 -0.289193 -0.486848 
0.841452 0.531675 -0.947515 
1.89387 -5.31508 -4.74322 
1.06568 -3.02101 -2.61808 
1.39272 -6.08853 -3.02807 
5.62914 -8.60592 8.44075 
2.46552 -0.425363 2.91877 
1.43403 -3.67984 -2.08349 
1.97989 -5.48651 -4.93521 
1.84065 -0.129706 -0.643416 
0.65462 -1.10329 0.00146319 
2.2508 -0.0509792 -0.507605 
2.07771 0.686769 -0.350301 
1.79382 -0.747751 1.31252 
2.23568 0.690528 0.760703 
5.97674 -6.26471 -0.273541 
1.52549 -0.607994 -0.731334 
-1.13009 -3.08311 2.48715 
11.9122 -21.218 18.6227 
0.673021 -1.46327 -0.405915 
7.43051 -8.30961 7.47554 
12.9888 -11.7292 6.07702 
1.12193 -0.903853 1.41541 
1.2728 -1.45112 -0.778658 
1.47306 -0.399763 -0.749146 
2.13989 -0.060474 -0.584879 
7.65111 -7.60564 4.44066 
12.3354 -13.3235 12.3024 
1.43131 0.553234 -0.664653 
1.18942 0.705782 1.3156 
4.79237 -5.15051 -0.250062 
1.17971 -0.187184 2.99003 
0.663113 -5.15135 -1.31077 
3.47453 0.443122 0.465227 
1.13629 -0.914669 -0.867352 
1.3086 -1.48292 -0.78752 
0.758525 -0.444976 -0.930292 
1.67131 -0.583494 -0.729229 
5.69888 -5.82119 3.721 
1.13887 0.556394 -0.782294 
2.24428 -0.0237633 -0.530623 
3.25847 -5.09802 -2.51478 
2.38814 -0.282583 -0.483559 
1.79901 0.837276 3.08724 
1.12825 0.50212 -0.725656 
2.31136 -3.75321 -1.76588 
2.63631 0.535515 -0.324073 
2.22888 -3.57784 3.42147 
0.439651 -4.70505 -0.639933 
0.240016 -2.44167 -0.589904 
1.76109 0.080953 3.12281 
2.25784 -3.64218 -1.70498 
2.12251 0.349999 -0.233976 
3.00643 -0.87799 2.0259 
1.19232 -0.730884 -0.812393 

-12.3586 -13.3428 21.673 
-0.156687 -0.528713 0.940725 
-1.57131 0.494757 1.07841 
2.14503 -11.7574 -3.34106 
-0.272962 -1.10662 -0.428811 
-0.304496 -0.783445 -0.469216 
-1.48255 0.324281 0.481017 
-0.697842 0.0556942 -0.186584 
-1.6721 -2.01485 1.53901 
23.4293 -24.3251 5.49437 
-0.365145 -0.11718 -0.610336 
41.4412 -55.9945 -10.5212 
2.20574 -0.175144 -0.641663 
13.4788 -30.6129 -10.9973 
2.30224 -3.87246 0.15703 
-1.06758 -4.01247 1.68102 
-1.85642 0.744278 1.20983 
-3.30251 -3.46154 1.16625 
-1.56843 0.363127 0.554221 
-4.49196 -9.17233 11.4493 
1.21633 -3.70885 -0.340244 
3.10234 -0.632224 -0.373807 
-1.21284 -1.39162 2.33003 
-0.513405 0.132787 -0.0706395 
-0.0851935 -0.830397 -0.812485 
-3.62741 -3.61791 3.20524 
0.161424 -0.893848 -1.03709 
0.225285 -0.262056 -1.0249 
2.39016 -1.57378 -0.67162 
1.06429 -0.222461 -0.825594 
0.928495 -2.31258 0.41097 
-0.276582 -1.10165 -0.424449 
27.7638 -33.9671 -6.9095 
7.73594 -8.32038 2.55948 
-1.08117 -4.19877 -0.206932 
13.9776 -14.8616 -0.0889032 
3.24251 -4.49334 0.216458 
2.83391 -1.02341 -0.19791 
-0.312991 -1.42855 -0.450395 
-0.297409 -0.917246 -0.461988 
0.0442312 -0.850533 -0.941395 
-2.73667 -2.66455 2.74919 
-0.402068 -1.80225 0.0303504 
-0.196475 -0.173961 -0.745321 
1.19454 0.162412 -0.00123644 
1.52244 -8.54515 -2.13158 
3.30193 -1.56417 -0.166776 
-1.03834 -4.00115 1.57096 
1.39039 -0.879139 -2.09122 
-0.499332 -1.24864 -0.107229 
0.313595 -1.81939 -0.614445 
-0.703883 -0.757752 -0.0818939 
-0.229107 -1.12546 -0.514653 
29.7425 -36.6239 -5.45369 
-0.366572 -0.0847741 -0.553185 
0.113627 -0.855334 -1.01385 
-1.03959 -4.12559 -0.224327 
0.182896 -1.08311 -1.00315 
-1.45354 -4.22191 1.40278 
-0.346863 -0.105694 -0.597928 
-0.333815 -2.13652 0.291037 
0.442046 -0.567727 -1.69088 
8.00666 -12.2647 -2.15602 
-0.0946774 -1.20302 1.21685 
-0.668815 -3.8165 1.94486 
-0.532712 -1.11707 -0.120404 
-0.468778 -3.17261 -0.0670426 
0.442529 -0.566692 -1.69039 
3.43866 -2.04674 -1.35771 
-0.805221 0.109207 -0.0890863 
