0.373276 -0.182212 -0.909651 0.0557032 0.275993 0.957938 -0.0786306 0.42881 0.885716 -0.221706 0.407864 -0.288384 0 0 0 1
-0.699415 0.149433 0.69892 -0.701618 -0.277342 0.844525 -0.458104 0.780145 -0.658711 -0.514244 -0.549229 0.079367 0 0 0 1
###
2.24228 0.689094 0.78666 
1.5162 -0.595974 -0.726727 
2.68565 0.013913 2.81872 
2.35954 0.849478 3.08937 
8.23929 -14.5588 13.0926 
30.5074 -27.7307 5.78389 
1.43148 -0.250383 -0.755147 
7.02274 -8.29218 7.27921 
0.403492 -0.384704 1.02254 
2.4733 0.985307 3.61117 
2.33408 -0.289153 -0.487238 
2.2174 -0.0536009 -0.501038 
13.2322 -12.347 7.14547 
3.63489 -3.50146 0.859263 
-1.06204 -5.00472 5.86461 
3.37351 -6.06791 5.31449 
1.77069 -2.78936 -1.11578 
1.29043 -1.46038 -0.785443 
2.26446 0.70943 0.773689 
1.48302 -0.256802 -0.779144 
2.33045 -0.286125 -0.483803 
1.67127 -0.17787 -0.708973 
11.9751 -11.3555 2.24222 
0.622389 -2.58729 -1.76502 
1.00638 -3.43551 -2.74099 
12.0176 -13.3299 12.1176 
10.0191 -9.96662 7.53121 
1.7855 0.829517 3.063 
2.44326 -3.93345 -1.88318 
7.8303 -7.44059 -0.411675 
1.1927 -0.480171 1.31056 
6.1129 -6.11782 3.55732 
9.518 -10.6905 9.80304 
0.515317 -1.80932 -1.18719 
1.68951 -0.57931 -0.738871 
2.98709 -0.873307 2.02189 
1.13504 -0.860337 -0.894151 
3.517 0.453699 0.471492 
2.22557 -0.416068 -0.569242 
1.47897 -0.401204 -0.75205 
2.62583 -0.925002 2.95958 
2.54922 -0.391218 2.71849 
7.19238 -7.15592 4.16592 
10.1117 -9.22344 2.0435 
2.83736 -4.63284 -2.16423 
2.63741 -4.18512 -2.02658 
0.0858507 0.682904 1.5094 
2.89198 -0.581206 2.18633 
2.19657 0.671987 0.77522 
2.00876 -1.03973 -1.54484 
2.10223 -0.0592571 -0.564677 
6.92835 -8.27453 7.29826 
1.86306 -0.519139 -0.672478 
2.49707 -1.66105 2.85128 
2.23446 -0.0247528 -0.528412 
1.13226 0.481415 2.8386 
0.53751 0.66253 0.990851 
1.29724 -1.2742 -0.81733 
0.0956785 0.690892 1.51994 
4.69631 -4.78625 3.5614 
10.799 -9.88274 2.13162 
0.00394862 -4.31619 -0.445098 
0.575631 -5.12609 -0.862743 
2.67948 0.191982 -0.237857 
2.90308 0.632857 -0.372119 
2.06474 0.717684 1.17919 
2.16276 0.655103 0.795236 
0.523174 0.651372 1.01527 
1.20285 -0.786262 -0.804266 
0.583194 -5.21935 -0.824099 
1.28593 -3.32617 -1.89856 
5.05608 1.87246 4.27333 
0.537804 0.656332 0.988419 

1.15703 -0.203992 -0.954445 
-0.272962 -1.10662 -0.428811 
-0.430275 -1.56154 -0.0515088 
3.13694 0.107283 -0.522615 
1.85898 -4.90089 -1.00053 
7.84033 -19.4416 -6.24254 
-0.313977 -0.771646 -0.470278 
0.394778 -2.11047 0.244691 
-0.612109 -0.924169 -0.12194 
3.10635 0.158608 -0.335148 
0.180336 -1.08045 -0.993999 
-1.6989 0.495648 0.894127 
0.773379 -5.08641 -0.822983 
0.0353191 -7.29913 -1.4277 
1.63303 -1.99886 1.12443 
16.1578 -23.7496 -4.40556 
-0.832094 -3.58916 -0.103764 
-0.409799 -1.68281 0.00971134 
1.06429 -0.222461 -0.825594 
-0.30461 -0.822012 -0.475167 
0.182896 -1.08311 -1.00315 
-0.197556 -0.856472 -0.923561 
-2.32233 -2.5774 2.03078 
-0.16512 -0.526123 0.94262 
-0.513405 0.132787 -0.0706395 
-6.7933 -7.34651 3.61655 
2.02303 -3.00841 0.498446 
3.0861 0.321145 -0.14993 
-0.637966 -3.35037 -0.0881551 
1.8255 -9.1642 -3.01621 
2.2886 -1.20332 0.0756983 
2.30224 -3.87246 0.15703 
-2.32247 -2.59097 2.03906 
-0.175296 -0.527883 0.942261 
-0.22434 -1.1207 -0.514419 
2.4938 -1.62368 -0.740681 
-0.401617 -1.70285 0.0233337 
1.38606 -0.875979 -2.09263 
0.0792913 -1.15249 -0.903307 
-0.298065 -0.920273 -0.451644 
2.96572 -0.696677 -0.409241 
2.84902 -0.978236 -0.320497 
1.57587 -4.53598 -0.505449 
4.53068 -5.45133 0.445544 
-0.49308 -2.94563 0.14829 
-0.944605 -2.07395 0.698062 
-0.865489 0.124018 -0.0513851 
2.58695 -1.32731 -0.711238 
2.94676 0.172291 -3.62007 
-0.467669 -0.375211 -0.311781 
0.0514122 -0.837336 -0.942302 
0.957433 -5.43033 -1.21933 
-0.000918045 -1.1468 -0.819106 
3.0499 -1.32055 -0.172168 
0.113627 -0.855334 -1.01385 
2.57408 0.234206 0.434842 
-0.474551 0.157485 0.0252918 
-1.11161 -0.936386 0.578056 
-0.941103 0.174692 -0.173357 
4.83179 -8.06624 -1.37276 
-1.01944 -4.79396 -0.148651 
0.169817 -1.19174 0.81755 
-0.384813 -2.57847 1.50744 
0.438903 -0.826312 -1.46938 
0.442046 -0.567727 -1.69088 
1.42833 -0.094254 -0.734415 
1.22937 -0.194364 -1.01145 
-0.023153 -0.233457 -0.96622 
-0.669295 -0.810388 -0.0974046 
-0.22901 -1.14189 1.07236 
-5.3148 -4.76848 6.34848 
-1.74279 0.628538 1.1587 
-0.291816 -0.906046 -0.463407 
