0.373276 -0.182212 -0.909651 0.0557032 0.275993 0.957938 -0.0786306 0.42881 0.885716 -0.221706 0.407864 -0.288384 0 0 0 1
-0.707707 0.171871 0.685282 -0.669757 -0.240302 0.853572 -0.462244 0.79491 -0.664384 -0.491808 -0.562778 0.095582 0 0 0 1
###
2.24228 0.689094 0.78666 
0.907608 -3.39191 -2.08787 
1.5162 -0.595974 -0.726727 
2.68565 0.013913 2.81872 
2.35954 0.849478 3.08937 
8.23929 -14.5588 13.0926 
30.5074 -27.7307 5.78389 
1.43148 -0.250383 -0.755147 
7.02274 -8.29218 7.27921 
0.403492 -0.384704 1.02254 
2.4733 0.985307 3.61117 
2.33408 -0.289153 -0.487238 
2.2174 -0.0536009 -0.501038 
13.2322 -12.347 7.14547 
3.63489 -3.50146 0.859263 
-1.06204 -5.00472 5.86461 
3.37351 -6.06791 5.31449 
1.77069 -2.78936 -1.11578 
1.29043 -1.46038 -0.785443 
2.26446 0.70943 0.773689 
1.48302 -0.256802 -0.779144 
2.33045 -0.286125 -0.483803 
1.67127 -0.17787 -0.708973 
11.9751 -11.3555 2.24222 
0.622389 -2.58729 -1.76502 
1.00638 -3.43551 -2.74099 
12.0176 -13.3299 12.1176 
10.0191 -9.96662 7.53121 
1.7855 0.829517 3.063 
2.44326 -3.93345 -1.88318 
7.8303 -7.44059 -0.411675 
2.15481 -0.0586294 -0.588138 
1.1927 -0.480171 1.31056 
9.518 -10.6905 9.80304 
0.515317 -1.80932 -1.18719 
1.68951 -0.57931 -0.738871 
2.98709 -0.873307 2.02189 
1.13504 -0.860337 -0.894151 
3.517 0.453699 0.471492 
2.22557 -0.416068 -0.569242 
1.47897 -0.401204 -0.75205 
2.62583 -0.925002 2.95958 
10.1117 -9.22344 2.0435 
2.83736 -4.63284 -2.16423 
2.63741 -4.18512 -2.02658 
0.0858507 0.682904 1.5094 
2.89198 -0.581206 2.18633 
2.19657 0.671987 0.77522 
2.00876 -1.03973 -1.54484 
2.10223 -0.0592571 -0.564677 
6.92835 -8.27453 7.29826 
1.86306 -0.519139 -0.672478 
2.23446 -0.0247528 -0.528412 
1.13226 0.481415 2.8386 
0.53751 0.66253 0.990851 
1.29724 -1.2742 -0.81733 
4.69631 -4.78625 3.5614 
10.799 -9.88274 2.13162 
0.00394862 -4.31619 -0.445098 
0.575631 -5.12609 -0.862743 
2.67948 0.191982 -0.237857 
2.90308 0.632857 -0.372119 
2.16276 0.655103 0.795236 
0.523174 0.651372 1.01527 
1.20285 -0.786262 -0.804266 
1.28593 -3.32617 -1.89856 
5.05608 1.87246 4.27333 

1.15703 -0.203992 -0.954445 
-12.3586 -13.3428 21.673 
-0.276582 -1.10165 -0.424449 
-0.504728 0.210825 -0.0110713 
3.13694 0.107283 -0.522615 
-0.914763 -4.16023 -0.0699908 
7.84033 -19.4416 -6.24254 
-0.313977 -0.771646 -0.470278 
0.394778 -2.11047 0.244691 
-0.64335 -0.962857 -0.196371 
3.10635 0.158608 -0.335148 
0.180336 -1.08045 -0.993999 
-1.6989 0.495648 0.894127 
8.00666 -12.2647 -2.15602 
0.0353191 -7.29913 -1.4277 
13.4788 -30.6129 -10.9973 
7.73594 -8.32038 2.55948 
-0.832094 -3.58916 -0.103764 
-0.411029 -1.71617 -0.00764406 
1.06429 -0.222461 -0.825594 
-0.30461 -0.822012 -0.475167 
0.182896 -1.08311 -1.00315 
-0.197556 -0.856472 -0.923561 
-2.32233 -2.5774 2.03078 
-4.60459 -10.5665 13.1971 
-0.509263 0.127669 -0.0621979 
-6.7933 -7.34651 3.61655 
2.02303 -3.00841 0.498446 
3.0861 0.321145 -0.14993 
-0.637966 -3.35037 -0.0881551 
1.8255 -9.1642 -3.01621 
0.0442312 -0.850533 -0.941395 
2.2886 -1.20332 0.0756983 
-2.32247 -2.59097 2.03906 
-0.697842 0.0556942 -0.186584 
-0.22434 -1.1207 -0.514419 
2.4938 -1.62368 -0.740681 
-0.427467 -1.13969 -0.164594 
1.39039 -0.879139 -2.09122 
0.0792913 -1.15249 -0.903307 
-0.298065 -0.920273 -0.451644 
2.96572 -0.696677 -0.409241 
-2.00952 -2.28946 1.83733 
-0.49308 -2.94563 0.14829 
-0.944605 -2.07395 0.698062 
-0.865489 0.124018 -0.0513851 
2.58695 -1.32731 -0.711238 
2.94676 0.172291 -3.62007 
-0.467669 -0.375211 -0.311781 
0.0514122 -0.837336 -0.942302 
-0.993104 -1.21478 1.34516 
-0.000918045 -1.1468 -0.819106 
0.113627 -0.855334 -1.01385 
2.57408 0.234206 0.434842 
-0.474551 0.157485 0.0252918 
-1.11161 -0.936386 0.578056 
4.83179 -8.06624 -1.37276 
-1.01944 -4.79396 -0.148651 
0.169817 -1.19174 0.81755 
-0.221279 -0.654234 0.943144 
0.438903 -0.826312 -1.46938 
0.442046 -0.567727 -1.69088 
1.22937 -0.194364 -1.01145 
-0.023153 -0.233457 -0.96622 
-0.669295 -0.810388 -0.0974046 
-5.3148 -4.76848 6.34848 
0.442529 -0.566692 -1.69039 
