0.363237 -0.200048 -0.909967 0.0233415 0.276701 0.955774 -0.0996656 0.391352 0.88966 -0.215586 0.402526 -0.406628 0 0 0 1
-0.707707 0.171871 0.685282 -0.669757 -0.240302 0.853572 -0.462244 0.79491 -0.664384 -0.491808 -0.562778 0.095582 0 0 0 1
###
1.5157 -0.595943 -0.726619 
1.42633 -0.250648 -0.753406 
1.253 -0.295775 3.02453 
6.27995 -9.49878 9.25476 
2.3351 -0.288896 -0.487416 
2.25049 -0.0501382 -0.507384 
8.23571 -14.555 13.1027 
2.2453 0.695318 0.7647 
1.15365 0.508905 -0.747393 
2.32874 -0.285845 -0.483426 
9.9199 -9.26584 5.27461 
0.821158 -1.52359 -0.469535 
3.86615 -6.95059 6.09363 
10.3083 -10.2543 7.75589 
2.90972 -1.37587 2.00285 
1.77192 0.624298 -0.665233 
2.88111 0.614042 -0.336705 
1.29693 -1.41859 -0.789166 
3.75414 0.505434 0.49778 
2.20351 -0.0358737 -0.515861 
15.4379 -13.9259 2.31519 
1.0928 -3.62731 -2.14745 
1.57406 -3.80637 -3.59591 
2.45142 0.974425 3.57862 
1.40757 -0.289411 -0.739381 
2.46477 -0.426202 2.91898 
0.775676 -0.525357 0.820979 
2.31752 -2.44006 -0.34227 
2.57015 0.883189 3.1051 
11.8763 -11.7992 7.69912 
1.28869 -1.45976 -0.784692 
2.13418 -0.0599189 -0.583021 
1.6118 -0.190763 -0.674147 
0.390036 -4.79597 -1.42368 
2.55618 -3.51683 -1.42054 
4.13173 -3.77446 0.811386 
-0.432944 -2.28767 2.40987 
-0.0528208 -1.95342 1.4556 
2.46365 -4.03163 -1.19545 
2.95369 -0.5897 2.23345 
1.67814 -5.97002 -5.05273 
3.00631 -1.40734 2.07212 
0.752331 -5.73833 -3.5821 
0.0537861 -4.15018 0.436483 
1.64256 0.537261 -0.604305 
1.93044 0.610546 -0.315661 
2.58826 -0.484999 2.75887 
6.94699 -7.04744 -0.448341 
1.66313 -0.577656 -0.729124 
1.25005 -1.23478 -0.795962 
4.32488 -5.46102 5.22448 
6.28949 -6.78933 6.05382 
4.82559 -4.90601 3.65598 
7.3502 -7.3064 4.25676 
3.27252 -3.41752 -0.117378 
2.06859 0.719559 1.18124 
1.26241 -1.25536 -0.796312 
0.537236 0.655704 0.987666 
2.84665 -4.11183 4.08197 
2.27416 0.711645 0.82614 
2.99054 -0.873096 2.01777 
5.42287 -6.98188 6.78128 
4.42006 -3.94323 0.853009 
2.37762 -0.265325 -0.477163 
1.78546 0.829321 3.06344 
0.549439 -2.90134 3.39935 

-0.276582 -1.10165 -0.424449 
-0.313977 -0.771646 -0.470278 
0.630564 -2.09076 -0.979975 
1.85898 -4.90089 -1.00053 
0.180336 -1.08045 -0.993999 
0.161424 -0.893848 -1.03709 
23.4293 -24.3251 5.49437 
1.06429 -0.222461 -0.825594 
-1.57131 0.494757 1.07841 
0.156136 -1.14937 -0.996283 
-2.52161 -3.53288 1.27745 
-1.86277 -2.10959 1.68734 
1.626 -4.66916 -0.537649 
2.02303 -3.00841 0.498446 
-1.11161 -0.936386 0.578056 
-0.0918911 -0.243206 -0.932013 
0.486233 -0.583845 -1.77554 
-0.396042 -1.51038 0.0109332 
1.39039 -0.879139 -2.09122 
0.113627 -0.855334 -1.01385 
-0.468778 -3.17261 -0.0670426 
-4.28319 -4.16656 6.63889 
-6.00725 -3.63273 9.4509 
3.10635 0.158608 -0.335148 
-0.30461 -0.822012 -0.475167 
3.10234 -0.632224 -0.373807 
-0.435544 -1.56344 -0.0578081 
0.536755 -6.76924 -1.72913 
2.96793 0.0361432 -0.565807 
-3.62741 -3.61791 3.20524 
-0.410559 -1.68376 -0.0138491 
0.046596 -0.846045 -0.947121 
-0.194812 -0.807828 -0.654424 
0.207155 -0.276705 -0.948458 
-1.03959 -4.12559 -0.224327 
0.248472 -2.67236 -0.14438 
25.4442 -23.7155 4.39312 
-1.73549 0.438981 0.794063 
-0.444578 -3.96311 0.0501495 
2.58695 -1.32731 -0.711238 
-4.60459 -10.5665 13.1971 
2.4938 -1.62368 -0.740681 
-2.34024 -9.69507 11.8374 
-0.22901 -1.14189 1.07236 
-0.094674 -0.245167 -0.935016 
0.225285 -0.262056 -1.0249 
4.32541 -1.83906 -0.661508 
2.20128 -12.0702 -3.4725 
-0.229107 -1.12546 -0.514653 
-0.809708 -0.875615 1.81556 
-0.87782 -2.40842 0.449391 
13.9776 -14.8616 -0.0889032 
4.83179 -8.06624 -1.37276 
1.57587 -4.53598 -0.505449 
1.52244 -8.54515 -2.13158 
1.4421 -0.0917962 -0.751402 
-0.504728 0.210825 -0.0110713 
-0.023153 -0.233457 -0.96622 
-0.637966 -3.35037 -0.0881551 
1.22937 -0.194364 -1.01145 
3.43866 -2.04674 -1.35771 
0.394778 -2.11047 0.244691 
13.4788 -30.6129 -10.9973 
0.191561 -1.07539 -1.00872 
-1.45354 -4.22191 1.40278 
3.18045 -15.8804 -5.62464 
