0.348364 -0.163808 -0.922935 0.0189787 0.182529 0.977619 -0.104617 0.399438 0.919416 -0.132017 0.370467 -0.423964 0 0 0 1
-0.699415 0.149433 0.69892 -0.701618 -0.277342 0.844525 -0.458104 0.780145 -0.658711 -0.514244 -0.549229 0.079367 0 0 0 1
###
2.33941 -0.288954 -0.488166 
1.51641 -0.596217 -0.726828 
1.42785 -0.250944 -0.754067 
1.05121 -3.6426 -2.26453 
7.1588 -21.2167 -15.8808 
1.20115 -0.159232 2.89059 
30.4143 -27.6642 5.764 
2.26727 0.715165 0.783088 
2.39319 -0.436464 2.80525 
2.69231 0.798251 2.36668 
2.28531 -0.0470749 -0.51418 
3.58212 -9.74519 10.1124 
2.04191 -4.40985 4.35095 
8.20946 -14.5139 13.0705 
2.78774 -1.08646 2.01068 
1.68933 0.564488 -0.53789 
4.10441 -5.1122 -1.2417 
2.27146 -0.0617448 -0.487071 
1.19634 -1.52673 3.08833 
2.20626 -0.035314 -0.516372 
0.894242 -1.13792 0.864078 
1.5245 -4.12412 4.09213 
1.58375 -2.22386 -0.748175 
1.4519 -0.250865 -0.786144 
7.74141 -7.94083 -0.496165 
13.2837 -13.073 7.94551 
1.50634 -0.617176 1.58896 
3.03562 -1.16964 2.06856 
1.39515 -0.481766 1.47761 
2.34001 -0.285765 -0.485342 
2.44328 0.97038 3.56447 
3.95525 -10.6726 -10.3093 
1.42118 -0.287826 -0.747177 
3.56589 0.465839 0.476384 
1.63669 -0.581778 -0.715656 
1.81097 -0.0156886 -0.65826 
2.46831 -0.0176437 2.92201 
2.6661 0.013935 2.7997 
2.64787 -1.27946 2.86094 
2.79455 0.828656 2.41023 
1.56975 -2.06655 1.82263 
1.28804 -1.45954 -0.784127 
2.53297 -0.399084 2.83436 
2.57035 -0.901342 2.75931 
6.33868 -6.81891 6.05155 
2.60558 0.764259 2.73108 
11.0692 -10.1222 2.20741 
1.13472 0.482604 2.8432 
2.92476 0.641407 -0.373733 
1.42272 0.548833 -0.66047 
2.07871 -0.0606376 -0.558902 
1.78958 -0.0202792 -0.642434 
4.95291 -5.21126 4.55745 
7.535 -7.48567 4.37007 
1.78676 0.829942 3.06555 
1.20491 -7.71763 -4.43993 
19.2123 -17.5281 3.44651 
2.46292 -2.24185 0.348074 
1.14849 -3.04628 -1.69582 
2.10156 -6.30459 -5.39277 
1.87917 -5.07593 -4.39622 
1.88731 0.589587 -0.300133 
2.56846 -4.03911 -1.97451 
10.2562 -9.38552 2.01852 
2.26413 0.706203 0.822948 
6.37862 -9.53612 9.65019 
18.1533 -20.5061 17.9275 
7.76496 -7.22596 1.49392 
1.00094 0.775125 -0.820095 

0.180336 -1.08045 -0.993999 
-0.272962 -1.10662 -0.428811 
-0.307627 -0.782273 -0.469775 
-0.158231 -0.530556 0.943631 
-0.151276 -0.523693 0.937595 
2.89771 -1.36896 -0.0479522 
7.84033 -19.4416 -6.24254 
1.06429 -0.222461 -0.825594 
2.63177 -1.55911 -0.619227 
2.20574 -0.175144 -0.641663 
-0.791049 0.114873 -0.0923094 
-6.7933 -7.34651 3.61655 
-1.48386 -1.86603 1.34854 
23.4293 -24.3251 5.49437 
-0.396042 -1.51038 0.0109332 
-0.0918911 -0.243206 -0.932013 
-0.0610672 -4.10596 -0.318677 
0.164299 -0.89718 -1.04992 
-0.474551 0.157485 0.0252918 
0.161424 -0.893848 -1.03709 
13.9776 -14.8616 -0.0889032 
40.2803 -34.3222 16.9384 
-0.146891 -0.630575 0.872614 
-0.313977 -0.771646 -0.470278 
2.14503 -11.7574 -3.34106 
0.0353191 -7.29913 -1.4277 
-0.435544 -1.56344 -0.0578081 
2.39016 -1.57378 -0.67162 
3.12803 -0.755194 -0.559368 
0.182896 -1.08311 -1.00315 
3.10635 0.158608 -0.335148 
-0.16512 -0.526123 0.94262 
-0.30461 -0.822012 -0.475167 
1.39039 -0.879139 -2.09122 
-0.22434 -1.1207 -0.514419 
-0.104134 -0.726809 -0.781065 
3.10234 -0.632224 -0.373807 
2.50497 -0.624044 -0.31824 
3.16788 -1.77688 -0.100211 
2.08679 -0.193166 -0.588033 
-1.81314 -2.47473 1.29969 
-0.298049 -1.75559 -0.10512 
3.0499 -1.32055 -0.172168 
3.0172 -1.09247 -0.358013 
-0.812495 -1.00279 1.34682 
1.9132 -0.209914 -0.220043 
16.1578 -23.7496 -4.40556 
2.57408 0.234206 0.434842 
0.442046 -0.567727 -1.69088 
-0.195867 -0.172331 -0.74479 
0.0514122 -0.837336 -0.942302 
-0.0996824 -0.749562 -0.912674 
29.7425 -36.6239 -5.45369 
1.57587 -4.53598 -0.505449 
2.3359 0.152395 0.113508 
-0.161831 -0.54761 0.962535 
1.24027 -3.03561 0.126616 
-1.13204 -1.75878 0.927391 
-1.21284 -1.39162 2.33003 
-3.30251 -3.46154 1.16625 
-0.427467 -1.13969 -0.164594 
0.225285 -0.262056 -1.0249 
-1.08117 -4.19877 -0.206932 
1.626 -4.66916 -0.537649 
1.22937 -0.194364 -1.01145 
1.45137 -4.25703 -0.556744 
-1.29219 -1.41434 1.81282 
-1.06922 -4.88524 -0.181276 
-1.035 0.1186 -0.00491901 
