0.348364 -0.163808 -0.922935 0.0189787 0.182529 0.977619 -0.104617 0.399438 0.919416 -0.132017 0.370467 -0.423964 0 0 0 1
-0.707707 0.171871 0.685282 -0.669757 -0.240302 0.853572 -0.462244 0.79491 -0.664384 -0.491808 -0.562778 0.095582 0 0 0 1
###
2.33941 -0.288954 -0.488166 
1.51641 -0.596217 -0.726828 
1.42785 -0.250944 -0.754067 
7.1588 -21.2167 -15.8808 
30.4143 -27.6642 5.764 
2.26727 0.715165 0.783088 
2.39319 -0.436464 2.80525 
2.69231 0.798251 2.36668 
2.28531 -0.0470749 -0.51418 
3.58212 -9.74519 10.1124 
2.04191 -4.40985 4.35095 
8.20946 -14.5139 13.0705 
2.78774 -1.08646 2.01068 
2.27146 -0.0617448 -0.487071 
1.19634 -1.52673 3.08833 
2.20626 -0.035314 -0.516372 
0.894242 -1.13792 0.864078 
1.5245 -4.12412 4.09213 
1.58375 -2.22386 -0.748175 
7.74141 -7.94083 -0.496165 
13.2837 -13.073 7.94551 
1.50634 -0.617176 1.58896 
3.03562 -1.16964 2.06856 
1.39515 -0.481766 1.47761 
2.34001 -0.285765 -0.485342 
2.44328 0.97038 3.56447 
3.95525 -10.6726 -10.3093 
6.09461 -9.20907 9.06826 
7.02144 -7.16085 -0.45422 
1.93545 0.612823 -0.316836 
1.42118 -0.287826 -0.747177 
3.56589 0.465839 0.476384 
1.63669 -0.581778 -0.715656 
1.81097 -0.0156886 -0.65826 
2.46831 -0.0176437 2.92201 
2.6661 0.013935 2.7997 
2.64787 -1.27946 2.86094 
6.79532 -6.78649 3.97459 
1.42467 -0.584623 -0.667684 
1.56975 -2.06655 1.82263 
1.28804 -1.45954 -0.784127 
2.53297 -0.399084 2.83436 
6.33868 -6.81891 6.05155 
2.60558 0.764259 2.73108 
11.0692 -10.1222 2.20741 
1.13472 0.482604 2.8432 
2.92476 0.641407 -0.373733 
1.42272 0.548833 -0.66047 
2.07871 -0.0606376 -0.558902 
1.78958 -0.0202792 -0.642434 
1.78676 0.829942 3.06555 
1.20491 -7.71763 -4.43993 
19.2123 -17.5281 3.44651 
2.46292 -2.24185 0.348074 
1.14849 -3.04628 -1.69582 
2.10156 -6.30459 -5.39277 
1.87917 -5.07593 -4.39622 
2.56846 -4.03911 -1.97451 
10.2562 -9.38552 2.01852 
2.26413 0.706203 0.822948 
6.37862 -9.53612 9.65019 
18.1533 -20.5061 17.9275 
7.76496 -7.22596 1.49392 
1.00094 0.775125 -0.820095 

0.180336 -1.08045 -0.993999 
-0.276582 -1.10165 -0.424449 
-0.313977 -0.771646 -0.470278 
-0.153343 -0.525756 0.938906 
7.84033 -19.4416 -6.24254 
1.06429 -0.222461 -0.825594 
2.63177 -1.55911 -0.619227 
2.20574 -0.175144 -0.641663 
-0.791049 0.114873 -0.0923094 
-6.7933 -7.34651 3.61655 
-1.48386 -1.86603 1.34854 
-0.914763 -4.16023 -0.0699908 
-0.396042 -1.51038 0.0109332 
0.16327 -0.873 -1.02596 
-0.474551 0.157485 0.0252918 
0.161424 -0.893848 -1.03709 
-6.72423 -6.09893 6.18048 
40.2803 -34.3222 16.9384 
-0.75891 -3.19857 0.0021185 
2.14503 -11.7574 -3.34106 
0.0353191 -7.29913 -1.4277 
-0.435544 -1.56344 -0.0578081 
2.39016 -1.57378 -0.67162 
3.12803 -0.755194 -0.559368 
0.182896 -1.08311 -1.00315 
3.10635 0.158608 -0.335148 
-0.895948 0.136311 -0.0158848 
-1.03959 -4.12559 -0.224327 
2.20128 -12.0702 -3.4725 
0.225285 -0.262056 -1.0249 
-0.30461 -0.822012 -0.475167 
1.39039 -0.879139 -2.09122 
-0.22434 -1.1207 -0.514419 
-0.104134 -0.726809 -0.781065 
3.10234 -0.632224 -0.373807 
2.50497 -0.624044 -0.31824 
3.16788 -1.77688 -0.100211 
8.13743 -19.0996 -5.56463 
-0.272962 -1.10662 -0.428811 
-2.32233 -2.5774 2.03078 
-0.298049 -1.75559 -0.10512 
3.0499 -1.32055 -0.172168 
0.394778 -2.11047 0.244691 
1.9132 -0.209914 -0.220043 
1.57587 -4.53598 -0.505449 
2.57408 0.234206 0.434842 
0.442046 -0.567727 -1.69088 
-0.195867 -0.172331 -0.74479 
0.0514122 -0.837336 -0.942302 
-0.0996824 -0.749562 -0.912674 
2.3359 0.152395 0.113508 
-2.34024 -9.69507 11.8374 
1.24027 -3.03561 0.126616 
-2.00952 -2.28946 1.83733 
-1.21284 -1.39162 2.33003 
-0.697842 0.0556942 -0.186584 
-1.76752 0.608421 1.12105 
-0.832094 -3.58916 -0.103764 
1.626 -4.66916 -0.537649 
1.22937 -0.194364 -1.01145 
1.45137 -4.25703 -0.556744 
-1.29219 -1.41434 1.81282 
-1.01944 -4.79396 -0.148651 
-1.035 0.1186 -0.00491901 
