0.684441 -0.185257 -0.705139 -0.144796 0.212757 0.975832 -0.0498638 0.339875 0.697335 -0.115894 0.707314 -0.463546 0 0 0 1
-0.707707 0.171871 0.685282 -0.669757 -0.240302 0.853572 -0.462244 0.79491 -0.664384 -0.491808 -0.562778 0.095582 0 0 0 1
###
2.45109 -0.441065 2.85573 
4.30533 -5.32917 -1.35204 
2.91006 0.626787 -0.342749 
-0.30534 -1.32545 0.914913 
0.516411 -3.01648 3.56654 
2.70318 0.80187 2.37479 
2.45243 -0.0325353 2.80772 
8.15643 -14.4194 12.9979 
2.20691 0.682492 0.765508 
2.17367 -0.0391696 -0.508801 
0.186872 -1.67529 1.59873 
2.23804 0.692981 0.764089 
3.76308 0.508445 0.495866 
0.039407 -3.35146 3.45813 
1.72352 -2.0089 1.70028 
13.3497 -13.133 7.99112 
15.266 -14.5493 6.92055 
30.2992 -27.5512 5.60612 
2.40622 0.951582 3.50756 
2.61481 0.766854 2.7391 
3.64195 0.484591 0.485232 
2.3241 -0.283735 -0.470934 
2.47537 -0.0171224 2.92808 
7.87496 -7.79974 4.59695 
2.38735 -4.15049 3.5769 
7.10013 -7.22532 -0.485419 
4.52503 -4.37584 2.03947 
14.6666 -13.6652 2.69593 
12.8268 -11.5897 5.99468 
0.795346 -0.512992 0.757621 
3.60952 -4.51504 -1.13414 
2.59759 -0.486757 2.76719 
7.15251 -7.97995 7.20081 
11.5623 -14.3095 13.2093 
3.81219 -4.13731 3.54263 
3.74687 -3.5682 2.39263 
-0.488688 -1.35642 1.54836 
2.2599 0.705065 0.820384 
0.576099 -2.96889 3.51904 
2.15237 -0.283649 -0.411013 
2.75479 -3.279 2.94476 
10.8423 -11.1902 9.19719 
4.23361 -4.13346 2.42877 
1.79308 0.832575 3.07433 
0.439888 -0.92668 0.0726663 
2.70836 -3.04034 2.68768 
3.98493 -3.89784 2.30481 
7.489 -6.96211 1.43372 
-0.560928 -0.860547 1.78072 

-0.495072 -1.22962 -0.106016 
2.095 -4.59815 -0.367386 
0.470996 -0.576402 -1.70771 
0.92711 -1.90325 0.597046 
4.83179 -8.06624 -1.37276 
2.20574 -0.175144 -0.641663 
-0.52887 -1.20599 -0.156892 
1.85898 -4.90089 -1.00053 
1.06429 -0.222461 -0.825594 
0.161424 -0.893848 -1.03709 
-1.35995 -3.15012 0.668032 
-0.47943 0.166415 0.0155929 
1.39039 -0.879139 -2.09122 
-0.810376 -4.33588 -0.0174622 
-0.993104 -1.21478 1.34516 
0.0353191 -7.29913 -1.4277 
2.14503 -11.7574 -3.34106 
6.94986 -16.3638 -4.7209 
3.10635 0.158608 -0.335148 
2.24887 -0.163865 -0.370327 
1.38606 -0.875979 -2.09263 
0.182896 -1.08311 -1.00315 
3.10234 -0.632224 -0.373807 
1.57587 -4.53598 -0.505449 
9.61984 -22.5239 -6.62734 
2.20128 -12.0702 -3.4725 
0.482496 -6.55778 -1.43012 
-1.01944 -4.79396 -0.148651 
3.18045 -15.8804 -5.62464 
2.2886 -1.20332 0.0756983 
-0.0716807 -6.12566 -0.997334 
4.32541 -1.83906 -0.661508 
2.82918 -3.67803 0.534395 
-2.32233 -2.5774 2.03078 
13.9776 -14.8616 -0.0889032 
-0.568675 -3.45889 0.171421 
-1.35334 0.393542 1.04768 
2.94676 0.172291 -3.62007 
-4.92067 -4.42354 5.9243 
0.191561 -1.07539 -1.00872 
13.789 -14.6478 0.024872 
2.71129 -3.58003 0.531232 
1.626 -4.66916 -0.537649 
-1.45354 -4.22191 1.40278 
-0.163402 -0.543405 0.958581 
11.7468 -33.6699 -12.8613 
7.73594 -8.32038 2.55948 
-0.411285 -2.08921 0.528459 
0.743915 -0.508182 -1.53712 
