0.946487 -0.166332 -0.276579 -0.314118 0.205438 0.97143 0.118824 0.298807 0.248913 -0.169285 0.953617 -0.409999 0 0 0 1
-0.699415 0.149433 0.69892 -0.701618 -0.277342 0.844525 -0.458104 0.780145 -0.658711 -0.514244 -0.549229 0.079367 0 0 0 1
###
1.3941 -0.458865 1.45768 
2.0162 -2.31138 -0.290749 
8.14387 -14.4036 12.9998 
6.45774 -9.72579 9.49278 
2.20729 0.682991 0.764854 
5.20708 -4.52786 0.849846 
-0.593127 -2.69767 2.87637 
2.40756 0.95248 3.50842 
2.23403 0.691794 0.762559 
-0.372449 -5.08549 2.66478 
0.247325 0.65047 1.00609 
2.47581 -0.017113 2.92834 
-0.0065554 0.683636 1.49919 
2.01089 -2.35795 -0.248677 
3.06123 -1.17326 2.0974 
1.91126 -5.99462 7.04848 
6.51409 -9.75802 9.62761 
30.2921 -27.5372 5.67125 
2.75014 -0.954247 2.98618 
61.1213 -2.65257 66.5444 
-0.437228 -2.32392 2.45113 
1.9477 -2.28605 -0.222706 
-1.80814 0.573734 1.81314 
3.71816 0.498379 0.489166 
2.57331 -0.902159 2.76162 
6.58906 -12.5456 12.2742 
2.62047 0.768601 2.74402 
3.85581 -4.95039 5.10345 
-0.669179 -2.88867 3.11505 
0.670417 -1.07447 0.0732221 
2.13615 0.708299 0.938121 
5.33145 -6.78928 6.88473 
2.60106 -0.486779 2.7699 
9.6489 -8.81798 1.88452 
-0.711764 -1.17276 2.05449 
-0.212159 -4.86507 0.559562 
2.23868 0.694254 0.811957 
2.06543 0.716021 1.17834 
3.59197 0.474511 0.480276 
3.0064 -0.575837 2.12435 
2.66827 0.778467 2.7369 
0.484112 -0.549938 0.332432 
7.46933 -7.41 4.3283 
0.69023 -0.45348 2.8786 
0.0959449 0.691277 1.52111 
-4.78809 -6.80485 5.30755 
4.86633 -5.30834 4.89461 
8.96293 -8.21143 1.73485 
-7.63238 -10.1605 7.71831 
-0.692096 0.108475 2.06184 
-0.478932 0.628474 0.927936 
0.644999 -1.1209 0.0686737 
1.84729 -1.05478 3.23335 

-0.430275 -1.56154 -0.0515088 
-0.158231 -0.530556 0.943631 
6.94986 -16.3638 -4.7209 
1.85898 -4.90089 -1.00053 
1.06429 -0.222461 -0.825594 
-0.812495 -1.00279 1.34682 
-0.832094 -3.58916 -0.103764 
3.10635 0.158608 -0.335148 
2.65584 -0.620149 -0.339816 
-1.06922 -4.88524 -0.181276 
-0.22434 -1.1207 -0.514419 
3.10234 -0.632224 -0.373807 
1.14336 -0.178949 -0.687746 
-12.3586 -13.3428 21.673 
2.39016 -1.57378 -0.67162 
-2.52161 -3.53288 1.27745 
1.45137 -4.25703 -0.556744 
-0.163402 -0.543405 0.958581 
-0.653237 0.0587842 -0.187633 
3.12803 -0.755194 -0.559368 
25.4442 -23.7155 4.39312 
-3.83652 -7.86448 9.93146 
0.442529 -0.566692 -1.69039 
1.39039 -0.879139 -2.09122 
2.2886 -1.20332 0.0756983 
41.4412 -55.9945 -10.5212 
2.99576 -0.0690433 -0.816762 
-0.844883 -2.69534 0.291941 
0.119021 -0.854717 -1.0031 
-0.162504 -0.548518 0.960978 
-0.805221 0.109207 -0.0890863 
-5.29759 -5.82415 2.78973 
4.32541 -1.83906 -0.661508 
8.13743 -19.0996 -5.56463 
-0.435544 -1.56344 -0.0578081 
-1.17093 -7.63956 2.68452 
2.94676 0.172291 -3.62007 
1.42833 -0.094254 -0.734415 
1.38606 -0.875979 -2.09263 
2.50541 -1.32649 -0.770934 
1.9132 -0.209914 -0.220043 
2.20128 -12.0702 -3.4725 
7.73594 -8.32038 2.55948 
-0.675138 -0.803843 -0.0999991 
-0.789527 0.1055 -0.0826382 
-0.272962 -1.10662 -0.428811 
-1.13204 -1.75878 0.927391 
-0.411285 -2.08921 0.528459 
-1.09299 -1.1247 0.641926 
0.743915 -0.508182 -1.53712 
-0.608628 0.252817 0.187987 
-2.00952 -2.28946 1.83733 
-0.532712 -1.11707 -0.120404 
