0.946487 -0.166332 -0.276579 -0.314118 0.205438 0.97143 0.118824 0.298807 0.248913 -0.169285 0.953617 -0.409999 0 0 0 1
0.43992 0.252729 0.861742 -0.766931 -0.232103 0.958978 -0.162757 0.0896544 -0.867524 -0.128413 0.480532 -0.0192103 0 0 0 1
###
1.3941 -0.458865 1.45768 
1.0194 -1.01598 0.36112 
2.0162 -2.31138 -0.290749 
6.45774 -9.72579 9.49278 
0.265002 -0.317918 0.33012 
-0.56467 -2.64869 2.79882 
2.20729 0.682991 0.764854 
0.0521324 0.61922 0.823414 
2.23403 0.691794 0.762559 
-1.103 -4.65824 2.5705 
0.247325 0.65047 1.00609 
2.86228 -2.62769 0.00989977 
-0.433139 0.586786 0.896522 
2.01089 -2.35795 -0.248677 
30.2921 -27.5372 5.67125 
2.75014 -0.954247 2.98618 
61.1213 -2.65257 66.5444 
-0.437228 -2.32392 2.45113 
-1.20089 -1.76133 1.92478 
2.91106 -1.37602 2.00376 
2.92058 -1.12796 2.23159 
3.85581 -4.95039 5.10345 
11.8383 -11.7634 7.62341 
11.1223 -19.8137 17.4454 
-0.69314 0.108663 2.06143 
0.484112 -0.549938 0.332432 
7.46933 -7.41 4.3283 
-7.41006 -9.916 7.54374 
-1.81699 0.585059 1.82446 
-4.78809 -6.80485 5.30755 
4.86633 -5.30834 4.89461 
0.634888 -1.10986 0.073698 
-0.00566769 -2.40573 1.09914 
-0.692096 0.108475 2.06184 
1.21296 0.730754 1.34212 
-2.3828 -1.36569 1.49437 
0.644999 -1.1209 0.0686737 
2.89499 -0.581553 2.18772 
-0.784599 0.598454 2.23006 
0.084874 0.646667 1.05769 

0.0996839 0.316838 0.868245 
-6.72423 -6.09893 6.18048 
0.903778 -1.11579 2.70904 
-0.136031 -0.496683 1.91399 
0.583223 -0.401576 -1.35584 
-1.08117 -4.19877 -0.206932 
-0.272962 -1.10662 -0.428811 
-0.0679962 0.093459 0.524668 
0.0941176 0.0796153 0.849462 
0.287655 -1.19086 2.11749 
-0.218931 -1.11521 -0.518809 
0.110763 0.324183 0.944951 
-0.849719 0.118556 -0.0527776 
-1.48801 -5.00311 1.19207 
-3.41533 -3.33125 2.91776 
-0.0665527 -0.0182384 0.675277 
-0.0419615 -0.0581913 0.711578 
0.760206 1.20117 2.27102 
-0.776153 0.074003 -0.154289 
0.182695 0.0713097 0.733142 
-0.0816405 -0.0368603 0.674908 
-0.524112 -0.850847 1.00764 
-1.19079 -2.93461 0.414474 
-1.54587 -4.22708 1.52554 
1.46167 0.457383 1.59366 
-4.39153 -4.82615 7.31883 
-2.22744 -3.33688 7.06203 
-0.028973 0.0471961 0.931847 
0.656973 -1.18922 2.18975 
1.0722 -1.16291 1.94893 
-5.84949 -5.26118 4.99409 
-1.71859 -2.16063 1.44867 
-1.01944 -4.79396 -0.148651 
0.00939054 0.180678 0.884783 
0.780559 0.426403 2.46989 
0.413928 -0.177394 3.37565 
-3.80228 -4.48738 2.16581 
-0.136389 0.0619103 0.555288 
0.921685 1.27465 2.27901 
0.0784162 0.2218 0.650909 
