0.837605 -0.0875898 0.539209 -0.432064 0.00454282 0.988145 0.153459 0.362019 -0.546257 -0.126088 0.828073 -0.123075 0 0 0 1
-0.707707 0.171871 0.685282 -0.669757 -0.240302 0.853572 -0.462244 0.79491 -0.664384 -0.491808 -0.562778 0.095582 0 0 0 1
###
-0.398476 0.102161 0.376266 
8.13674 -14.3959 12.9859 
6.48391 -9.72917 9.51906 
-0.562443 -2.64932 2.8016 
-6.0611 -6.85192 -0.483068 
-0.0714639 0.0465516 0.37479 
2.06946 -7.08638 7.40139 
6.5289 -9.76255 9.64817 
2.18838 0.589831 2.05948 
-0.343394 -1.6522 1.20338 
-7.75906 -9.6713 -0.951005 
0.897339 -1.15842 1.04871 
1.07686 -1.2338 1.01939 
-0.178897 0.617313 0.637727 
-0.457004 0.0683799 0.294437 
-0.147237 0.0275884 0.294191 
-0.664764 -2.87566 3.09706 
2.59497 -0.827161 2.91263 
5.58051 -6.49231 5.88645 
-0.0797209 -3.03529 0.696009 
-1.67973 -0.263546 1.53261 
-0.693494 0.108403 2.06285 
-11.728 -12.8931 4.85539 
-0.592786 -2.47185 2.11763 
-0.434197 -2.31275 2.43434 
-2.06702 -0.500605 0.242878 
-5.95152 -7.64341 -0.613472 
2.77096 -3.29649 2.95937 
-0.0779881 -3.04064 0.695927 
-0.0743374 0.0528027 0.380373 
-0.521813 -2.2354 1.89 
-0.338877 -2.02569 2.19051 
-2.13073 -3.53225 -1.35539 
-5.23593 -7.91133 -2.67127 
-0.749162 -0.743786 1.75123 
-0.467355 -2.48386 2.66978 
0.932694 -1.82893 0.49391 
-0.0632707 -2.99823 0.685541 
-1.91493 -0.504631 0.244547 
-5.30987 -7.25631 -2.84485 
0.984664 -1.62803 0.565559 
1.28182 -1.43484 1.18489 
-1.51863 -0.27589 1.99917 
-2.28973 0.595209 1.68791 
-1.96458 0.620324 1.78542 

0.650021 -0.35565 -1.23292 
23.4293 -24.3251 5.49437 
-1.08117 -4.19877 -0.206932 
13.4788 -30.6129 -10.9973 
1.45137 -4.25703 -0.556744 
-1.6989 0.495648 0.894127 
-3.99558 -4.47106 2.45826 
1.21633 -3.70885 -0.340244 
-1.33416 0.380859 1.12451 
-0.156687 -0.528713 0.940725 
1.626 -4.66916 -0.537649 
2.71129 -3.58003 0.531232 
-1.29219 -1.41434 1.81282 
-0.445231 0.092689 0.123511 
1.06429 -0.222461 -0.825594 
2.94676 0.172291 -3.62007 
-1.03959 -4.12559 -0.224327 
1.15703 -0.203992 -0.954445 
0.0353191 -7.29913 -1.4277 
-1.17093 -7.63956 2.68452 
1.2946 -0.137027 -0.88301 
-0.441076 -0.941676 -0.228404 
-0.919159 -4.0161 -0.0874784 
2.46447 -1.38419 -0.812909 
25.4442 -23.7155 4.39312 
-0.784514 -0.663236 -0.0271655 
-3.67268 -7.85995 9.86069 
6.94986 -16.3638 -4.7209 
-0.172387 -4.04543 2.28454 
-0.895948 0.136311 -0.0158848 
-5.62328 -5.17844 6.64797 
1.63303 -1.99886 1.12443 
6.06872 -8.6247 -0.929889 
-0.40652 -3.82027 -0.164555 
-0.4561 -0.510486 -0.296145 
8.00666 -12.2647 -2.15602 
-2.34024 -9.69507 11.8374 
-0.384813 -2.57847 1.50744 
-0.778248 -0.664531 -0.0253196 
-4.92067 -4.42354 5.9243 
-2.32233 -2.5774 2.03078 
2.14503 -11.7574 -3.34106 
-0.82911 -0.627483 0.014765 
-0.0966923 -0.24327 -0.956412 
-0.809708 -0.875615 1.81556 
