0.842419 0.00236746 0.538818 -0.437823 -0.121058 0.975257 0.184984 0.369926 -0.525048 -0.221063 0.821861 -0.312231 0 0 0 1
-0.707707 0.171871 0.685282 -0.669757 -0.240302 0.853572 -0.462244 0.79491 -0.664384 -0.491808 -0.562778 0.095582 0 0 0 1
###
0.116557 -0.626843 0.310381 
-0.404166 0.0955892 0.373038 
2.16888 -2.26826 1.50147 
1.22902 -0.294426 2.98384 
2.40958 0.9533 3.50899 
-0.512388 -1.52748 -0.219887 
2.48366 -0.0174558 2.93761 
0.0778753 -1.71692 0.419061 
-7.97499 -9.91836 -0.997075 
2.58684 -0.497765 2.87773 
-5.61979 -7.55933 5.5217 
-1.27697 -4.85012 4.859 
-1.77793 -4.52604 4.99682 
-1.35517 -4.72955 5.43047 
0.087598 0.6558 1.06414 
6.76388 -9.92686 10.0145 
-0.433074 -1.20611 1.56167 
0.574547 -0.784067 0.551823 
0.0863988 0.683912 1.51267 
-1.58541 -2.75313 2.17948 
7.16433 -8.04471 7.24245 
1.14335 0.485924 2.8592 
3.26509 -3.5356 3.10792 
0.124427 -1.64164 0.475835 
5.61794 -6.51885 5.90528 
-5.69027 -8.56027 -2.94924 
-0.736826 -0.665533 2.11088 
-5.17549 -7.12277 5.48628 
-0.066043 -6.94977 5.49531 
1.0533 -1.68648 0.604943 
1.1377 -1.61973 0.678451 
0.581512 -0.426159 2.0459 
-5.98163 -7.70716 -0.597407 
2.81487 -3.33853 3.00452 
-1.06132 0.320379 2.19675 
1.79976 0.834797 3.08376 
-0.469191 0.076155 0.294568 
1.85943 -1.1221 3.23241 
-7.75258 -9.7744 -0.899577 
-0.773284 -0.822189 2.11795 

0.92711 -1.90325 0.597046 
-1.6989 0.495648 0.894127 
-0.743101 0.0769744 -0.156202 
-0.47943 0.166415 0.0155929 
3.10635 0.158608 -0.335148 
-0.525327 -0.00312444 -0.317872 
3.10234 -0.632224 -0.373807 
-0.262614 -3.45372 2.38052 
1.626 -4.66916 -0.537649 
1.15703 -0.203992 -0.954445 
-5.62328 -5.17844 6.64797 
-0.914763 -4.16023 -0.0699908 
-0.47952 -2.2908 0.125749 
1.63303 -1.99886 1.12443 
-0.498275 -0.241687 -0.348387 
-1.08117 -4.19877 -0.206932 
-0.292609 -1.30983 -0.347558 
2.92926 -4.35922 0.189359 
-0.789527 0.1055 -0.0826382 
0.925984 -5.35124 -1.15182 
6.94986 -16.3638 -4.7209 
2.57408 0.234206 0.434842 
-1.29219 -1.41434 1.81282 
-0.384813 -2.57847 1.50744 
0.0353191 -7.29913 -1.4277 
2.20128 -12.0702 -3.4725 
-0.441076 -0.941676 -0.228404 
-0.482052 0.16704 0.0117201 
-3.99558 -4.47106 2.45826 
-2.34024 -9.69507 11.8374 
-2.32247 -2.59097 2.03906 
-0.79525 -0.649724 -0.0110378 
-1.06922 -4.88524 -0.181276 
-0.993104 -1.21478 1.34516 
-0.778248 -0.664531 -0.0253196 
-1.45354 -4.22191 1.40278 
-0.586088 0.0600594 -0.457222 
-1.8735 0.598115 1.09088 
-1.03834 -4.00115 1.57096 
-0.458619 -0.680222 -0.315471 
