0.802597 -0.0744098 0.591862 -0.523936 -0.103165 0.959925 0.26058 0.284798 -0.587533 -0.2702 0.762756 -0.463014 0 0 0 1
-0.699415 0.149433 0.69892 -0.701618 -0.277342 0.844525 -0.458104 0.780145 -0.658711 -0.514244 -0.549229 0.079367 0 0 0 1
###
-0.107246 -1.91893 0.983275 
-6.23416 -7.0562 -0.520425 
6.81817 -10.1658 9.97192 
-0.298279 -1.55011 1.2297 
-0.72785 -1.86512 1.2038 
-1.69122 -0.280412 1.53942 
-4.88277 -7.93596 -4.04324 
-1.73439 -5.63297 6.44326 
-0.47559 -1.44751 -0.135959 
2.5999 -3.26092 3.19248 
-2.23575 0.576145 1.39777 
4.90622 -0.00776177 11.4681 
2.40276 -3.04342 2.98605 
0.003167 -2.30511 1.09588 
-0.46899 -2.07773 2.47643 
-8.66776 -10.7712 -1.1201 
-0.45697 0.610521 0.906801 
0.0539048 -2.32642 0.503434 
-7.4262 -10.9905 -4.20775 
-0.4929 -1.27221 1.66788 
10.7447 -19.1579 16.8454 
7.80678 -8.23221 7.13658 
0.0196394 -2.36648 1.09189 
4.4073 5.07997 6.36619 
0.0871284 0.68503 1.51469 
0.68831 -0.454344 2.87825 
-1.28626 -4.08667 4.74115 
2.27586 0.876376 3.29596 
-5.89607 -8.8456 -3.0533 
-0.475853 -1.19497 1.62744 
-0.997411 -6.88349 4.63451 
-0.798598 -1.57565 1.34689 
-1.80829 0.574503 1.8155 
0.0550393 -2.32632 0.50371 
-0.0102627 -1.575 0.802058 
-0.639571 -4.31922 1.28639 
-0.830819 -0.162019 1.94813 
0.0489362 -2.36342 0.504707 
-1.09162 0.598791 0.903773 
-0.238546 -1.89028 -0.236311 
-0.954995 -1.24239 2.41743 
-0.133843 -2.35721 0.755451 
-1.94628 0.455776 -0.261917 
-2.13169 0.502638 0.419359 
-1.96549 0.620895 1.78616 
-0.0674152 -1.07606 0.185167 

-1.03834 -4.00115 1.57096 
1.45137 -4.25703 -0.556744 
-1.08117 -4.19877 -0.206932 
-0.156687 -0.528713 0.940725 
0.119021 -0.854717 -1.0031 
-1.93819 0.732652 1.14717 
-1.71445 0.500172 0.902777 
13.4788 -30.6129 -10.9973 
-1.74126 0.51167 0.916924 
-6.58312 -5.63471 6.45697 
-0.4434 -0.0758233 -0.465399 
3.12803 -0.755194 -0.559368 
0.957433 -5.43033 -1.21933 
-1.01412 -4.08659 2.02488 
1.63303 -1.99886 1.12443 
8.13743 -19.0996 -5.56463 
-0.43404 -0.0432316 -0.461148 
-0.668815 -3.8165 1.94486 
2.20128 -12.0702 -3.4725 
-0.435544 -1.56344 -0.0578081 
9.61984 -22.5239 -6.62734 
0.773379 -5.08641 -0.822983 
-0.262614 -3.45372 2.38052 
-0.702129 0.0367332 0.912386 
-0.586088 0.0600594 -0.457222 
-1.06373 -0.610043 0.291359 
-0.944605 -2.07395 0.698062 
-0.532544 0.21738 0.289494 
0.449008 -3.23399 -0.0965814 
-0.895948 0.136311 -0.0158848 
6.94986 -16.3638 -4.7209 
-0.279228 -1.10352 -0.416724 
-1.72836 0.640501 1.1996 
-0.22901 -1.14189 1.07236 
-0.517918 -2.65199 1.41617 
-0.222892 -1.54045 1.39685 
-1.77649 0.452604 0.787926 
-0.172387 -4.04543 2.28454 
1.19454 0.162412 -0.00123644 
4.53068 -5.45133 0.445544 
-0.715185 -0.571755 0.521688 
-0.257115 -3.6667 2.51577 
-1.31251 0.227077 0.256809 
-0.357066 -0.111726 -0.60147 
-0.809708 -0.875615 1.81556 
-1.81314 -2.47473 1.29969 
