0.581168 -0.08605 0.809221 -0.655305 -0.191021 0.952186 0.23844 0.285472 -0.791047 -0.293152 0.536942 -0.439566 0 0 0 1
-0.707707 0.171871 0.685282 -0.669757 -0.240302 0.853572 -0.462244 0.79491 -0.664384 -0.491808 -0.562778 0.095582 0 0 0 1
###
-5.05937 -8.24409 -4.2415 
-0.720064 -1.83809 1.18122 
-0.298317 -1.54391 1.22966 
-7.05798 -8.51362 -0.822451 
-0.180428 -1.08255 0.0563408 
-2.68422 -8.06518 -5.95408 
-6.76581 -9.96788 -3.67561 
-0.00996238 -1.78756 0.981113 
-1.5987 0.465839 1.5905 
-8.12885 -11.4851 5.87137 
-1.85292 -2.77354 2.13777 
0.772635 1.27927 2.91128 
-1.78249 -2.70022 2.09177 
-5.79047 -8.08798 -3.24477 
-0.296077 -0.867438 1.3345 
-2.1242 0.53871 0.899441 
-1.80982 0.5751 1.81759 
-9.51992 -5.66624 17.0392 
-0.663442 -1.74315 1.15048 
-1.87304 -2.80341 2.15973 
-1.26557 -4.05973 4.72279 
-1.91006 -2.85762 2.19998 
-0.123345 -3.97814 0.627491 
2.12724 -3.13579 2.31279 
-0.698655 -1.12258 2.02079 
-0.458424 0.623171 0.902124 
-0.715491 -3.57442 3.59187 
-0.468158 -1.6385 1.18595 
-0.154744 -1.14458 0.116715 
-0.813299 -0.550603 1.81645 
-0.0907643 -3.23589 0.681056 
-1.80208 0.589429 1.77752 
-5.75149 -8.65554 -2.99171 
-6.1932 -7.93911 -0.619465 
-0.493058 -1.27317 1.67241 
-2.1277 0.53821 0.900037 
-2.12803 0.480915 0.196009 
-0.0943604 -3.31328 0.675487 
-1.61412 -0.262311 2.09155 
-1.9682 0.621624 1.7882 
-2.17077 -1.06544 0.577975 
-1.97064 0.418393 0.229994 
-0.0195168 -0.962484 2.54944 
-1.6095 -0.253059 2.10176 
-0.14487 -4.38944 0.598085 
-0.384537 -3.63111 0.976443 
-2.45375 -5.43939 -3.17454 
-5.40623 -8.62365 -4.51048 

3.18045 -15.8804 -5.62464 
0.220304 -0.265105 -1.00107 
-0.156687 -0.528713 0.940725 
8.13743 -19.0996 -5.56463 
0.92711 -1.90325 0.597046 
27.7638 -33.9671 -6.9095 
-1.81314 -2.47473 1.29969 
-1.37924 -4.31859 1.33031 
0.442046 -0.567727 -1.69088 
-0.22434 -1.1207 -0.514419 
-0.482052 0.16704 0.0117201 
-0.702129 0.0367332 0.912386 
-0.279228 -1.10352 -0.416724 
1.8255 -9.1642 -3.01621 
-1.10588 -1.22332 0.698851 
-0.0966923 -0.24327 -0.956412 
0.442529 -0.566692 -1.69039 
-0.527623 -0.24744 -0.394386 
-0.151276 -0.523693 0.937595 
-5.62328 -5.17844 6.64797 
-1.03959 -4.12559 -0.224327 
1.06429 -0.222461 -0.825594 
-0.517918 -2.65199 1.41617 
-2.34024 -9.69507 11.8374 
-1.11161 -0.936386 0.578056 
-0.474551 0.157485 0.0252918 
1.626 -4.66916 -0.537649 
-2.32233 -2.5774 2.03078 
6.06872 -8.6247 -0.929889 
-0.807802 -0.64871 -0.0182762 
-3.58355 -38.3482 13.2288 
-1.76752 0.608421 1.12105 
2.20128 -12.0702 -3.4725 
-1.06922 -4.88524 -0.181276 
-0.435544 -1.56344 -0.0578081 
-1.57733 0.363169 0.557291 
-1.21365 0.200103 0.175542 
-0.384813 -2.57847 1.50744 
-0.648814 -0.860665 -0.116114 
-0.697842 0.0556942 -0.186584 
-0.427467 -1.13969 -0.164594 
-1.34346 0.259578 0.314429 
-0.458619 -0.680222 -0.315471 
-1.06373 -0.610043 0.291359 
-0.0946774 -1.20302 1.21685 
-0.257115 -3.6667 2.51577 
-3.99558 -4.47106 2.45826 
0.925984 -5.35124 -1.15182 
