0.581168 -0.08605 0.809221 -0.655305 -0.191021 0.952186 0.23844 0.285472 -0.791047 -0.293152 0.536942 -0.439566 0 0 0 1
0.43992 0.252729 0.861742 -0.766931 -0.232103 0.958978 -0.162757 0.0896544 -0.867524 -0.128413 0.480532 -0.0192103 0 0 0 1
###
-0.00629136 -1.89535 1.05996 
-1.36681 -2.20652 1.75975 
-5.05937 -8.24409 -4.2415 
-0.227332 -1.7554 1.12329 
-0.720064 -1.83809 1.18122 
-0.298317 -1.54391 1.22966 
-0.894483 -3.17192 3.70138 
-0.181512 -3.90797 0.316961 
-7.05798 -8.51362 -0.822451 
-0.180428 -1.08255 0.0563408 
-2.68422 -8.06518 -5.95408 
-1.5987 0.465839 1.5905 
-1.68962 -0.280146 1.5399 
-0.436609 -1.95732 1.65031 
-0.469864 -2.07553 2.47726 
-4.04968 -4.77948 1.73686 
-0.591332 -1.52572 1.04623 
-0.376717 -1.65933 1.53103 
-1.85292 -2.77354 2.13777 
0.772635 1.27927 2.91128 
-0.694075 0.486319 0.324429 
-1.78249 -2.70022 2.09177 
-0.113057 -3.09273 0.419952 
-5.79047 -8.08798 -3.24477 
-0.296077 -0.867438 1.3345 
-1.68717 -0.265241 1.53688 
-9.51992 -5.66624 17.0392 
-0.0789637 -1.4687 0.908599 
-0.663442 -1.74315 1.15048 
-0.343804 -1.68553 1.38337 
-1.87304 -2.80341 2.15973 
-0.123345 -3.97814 0.627491 
-2.03463 -18.0004 0.430833 
-2.45618 0.586866 1.64886 
0.782113 1.27843 2.90665 
-0.715491 -3.57442 3.59187 
-0.296257 -1.56364 1.23345 
-0.0854862 -5.15011 5.38533 
-0.724017 -6.0167 1.20386 
-5.75149 -8.65554 -2.99171 
-2.12803 0.480915 0.196009 
0.306522 0.904771 1.96541 
-8.5376 -10.6077 -1.09089 
-1.69216 -0.342715 1.56645 
-2.11552 -0.556908 0.301124 
-5.40623 -8.62365 -4.51048 

-1.38223 -4.32144 1.75501 
-0.289042 -0.808787 -0.489903 
-5.62328 -5.17844 6.64797 
0.629129 -3.59926 3.11621 
-0.106348 0.232929 0.488772 
0.844644 -1.20356 1.86334 
2.3063 -1.43999 3.12301 
-0.486017 -4.07189 2.52182 
-3.80228 -4.48738 2.16581 
-0.67434 -6.56777 -2.27141 
3.76834 -11.7551 -4.445 
0.854443 1.3088 2.40977 
0.76184 0.458925 2.3715 
1.0722 -1.16291 1.94893 
-0.0698949 -0.017219 0.677511 
-1.29219 -1.41434 1.81282 
0.656973 -1.18922 2.18975 
1.07234 -1.17129 1.97588 
-0.292069 -0.791837 -0.476077 
0.758798 -1.81427 1.71693 
0.353527 0.721811 1.10186 
-0.272962 -1.10662 -0.428811 
-0.343957 -3.89247 2.57661 
1.16937 -15.0425 -5.66397 
-0.381484 0.24239 2.62599 
0.751913 0.492147 2.45658 
-0.477111 -0.283243 -0.314028 
0.63293 -1.37324 1.63206 
0.634516 -1.10393 2.10039 
1.38596 -6.58448 12.8635 
-0.324509 -1.07927 -0.470519 
-0.33758 -3.80148 2.23449 
-0.17158 -3.6658 2.55443 
0.661149 1.44251 2.68438 
1.92375 -4.15714 3.58762 
0.126543 0.355892 0.484541 
0.844914 -1.16948 1.83434 
-4.90958 -7.44101 7.35115 
-0.729691 -4.01768 2.27012 
-4.39153 -4.82615 7.31883 
-0.486362 1.11232 2.09714 
0.523293 -0.094206 0.966611 
1.36131 -6.04897 12.0049 
0.777349 0.421548 2.46476 
-0.649822 -0.410794 0.304642 
-26.4909 -23.0827 25.7538 
