0.601756 -0.0136508 0.798563 -0.648306 -0.223722 0.956945 0.184943 0.211392 -0.766706 -0.289947 0.572794 -0.572129 0 0 0 1
-0.707707 0.171871 0.685282 -0.669757 -0.240302 0.853572 -0.462244 0.79491 -0.664384 -0.491808 -0.562778 0.095582 0 0 0 1
###
-2.18833 -0.244271 1.80761 
-1.54825 -2.19342 1.95623 
-0.756253 -2.38176 0.814657 
-25.2892 -57.2731 -23.1084 
-0.298138 -1.54334 1.22996 
-0.686854 -1.77514 1.14981 
-6.24879 -7.07222 -0.523405 
-8.51701 -10.5862 -1.08871 
11.9642 -15.04 14.3064 
-1.64774 0.489035 1.63168 
-0.978226 -1.60502 1.54831 
-3.40023 -4.05357 1.53222 
-3.06453 -4.18292 3.07766 
-0.264748 -1.55289 1.31532 
6.3113 -12.0243 11.7551 
-0.782781 -1.39269 2.15723 
-2.11329 -0.552886 0.292713 
-2.458 -6.11976 6.65717 
-1.43535 -3.68357 1.31319 
-0.202754 -7.94139 1.07105 
-0.815679 -0.485521 1.93773 
-6.38273 -8.18295 -0.623784 
-2.13777 0.495864 0.422769 
-1.12405 -1.34235 0.721152 
3.70203 -5.48995 3.31088 
-1.55836 -0.477035 1.94025 
0.353046 -15.2043 19.54 
-6.84775 -10.811 -5.92864 
-6.83166 -8.74548 -0.699556 
-0.190144 -3.66119 0.426728 
-0.831461 -0.162314 1.95013 
-0.842891 -0.962816 2.2686 
-0.709581 -0.710841 2.04247 
-2.09289 0.481399 0.156733 
-0.800089 0.613706 2.25809 

2.94676 0.172291 -3.62007 
-5.3148 -4.76848 6.34848 
-1.48491 -4.06033 1.49241 
1.52244 -8.54515 -2.13158 
-0.156687 -0.528713 0.940725 
0.119021 -0.854717 -1.0031 
7.84033 -19.4416 -6.24254 
1.626 -4.66916 -0.537649 
-0.802607 0.110746 -0.0943045 
0.442046 -0.567727 -1.69088 
-0.47943 0.166415 0.0155929 
1.57587 -4.53598 -0.505449 
-5.62328 -5.17844 6.64797 
-1.10588 -1.22332 0.698851 
2.25382 -2.64785 1.51969 
-0.435544 -1.56344 -0.0578081 
-0.957285 -0.583251 0.155508 
-0.743101 0.0769744 -0.156202 
-0.531776 -3.71228 2.25593 
-0.172387 -4.04543 2.28454 
-0.778248 -0.664531 -0.0253196 
9.61984 -22.5239 -6.62734 
-1.30458 0.225384 0.261991 
-1.08616 -1.40101 0.809104 
-2.34024 -9.69507 11.8374 
-0.721194 -0.739155 -0.0747311 
-1.6721 -2.01485 1.53901 
3.18045 -15.8804 -5.62464 
-3.67268 -7.85995 9.86069 
-1.00974 -4.11538 2.04883 
-4.85557 -2.9463 -3.26633 
1.15703 -0.203992 -0.954445 
-1.03347 -0.628555 0.394418 
-1.37554 0.318204 0.994306 
-0.855338 0.0960153 -0.103385 
