0.601756 -0.0136508 0.798563 -0.648306 -0.223722 0.956945 0.184943 0.211392 -0.766706 -0.289947 0.572794 -0.572129 0 0 0 1
-0.699415 0.149433 0.69892 -0.701618 -0.277342 0.844525 -0.458104 0.780145 -0.658711 -0.514244 -0.549229 0.079367 0 0 0 1
###
-2.18833 -0.244271 1.80761 
-1.54825 -2.19342 1.95623 
-0.756253 -2.38176 0.814657 
-25.2892 -57.2731 -23.1084 
-0.298138 -1.54334 1.22996 
-0.686854 -1.77514 1.14981 
-6.24879 -7.07222 -0.523405 
-8.51701 -10.5862 -1.08871 
11.9642 -15.04 14.3064 
-1.64774 0.489035 1.63168 
-0.978226 -1.60502 1.54831 
-3.40023 -4.05357 1.53222 
-3.06453 -4.18292 3.07766 
-0.264748 -1.55289 1.31532 
6.3113 -12.0243 11.7551 
-1.029 -2.93841 3.36924 
-0.782781 -1.39269 2.15723 
-2.458 -6.11976 6.65717 
-1.43535 -3.68357 1.31319 
-0.202754 -7.94139 1.07105 
-0.815679 -0.485521 1.93773 
-6.38273 -8.18295 -0.623784 
-1.12405 -1.34235 0.721152 
3.70203 -5.48995 3.31088 
-1.55836 -0.477035 1.94025 
0.353046 -15.2043 19.54 
-6.84775 -10.811 -5.92864 
-6.83166 -8.74548 -0.699556 
-0.190144 -3.66119 0.426728 
-1.96669 0.621068 1.78716 
-0.831461 -0.162314 1.95013 
-0.842891 -0.962816 2.2686 
-0.092192 -1.10405 0.319045 
-0.709581 -0.710841 2.04247 
-2.09289 0.481399 0.156733 
-0.800089 0.613706 2.25809 

2.94676 0.172291 -3.62007 
-5.3148 -4.76848 6.34848 
0.198174 -1.2727 0.80473 
2.20128 -12.0702 -3.4725 
-0.156687 -0.528713 0.940725 
0.119021 -0.854717 -1.0031 
1.85898 -4.90089 -1.00053 
16.1578 -23.7496 -4.40556 
1.0508 -0.229338 -0.77224 
-0.837444 0.109696 -0.0547487 
-0.47943 0.166415 0.0155929 
1.57587 -4.53598 -0.505449 
-5.62328 -5.17844 6.64797 
-0.532544 0.21738 0.289494 
2.25382 -2.64785 1.51969 
-0.721365 0.0825449 -0.181273 
-0.435544 -1.56344 -0.0578081 
-0.743101 0.0769744 -0.156202 
-0.531776 -3.71228 2.25593 
-0.172387 -4.04543 2.28454 
-0.778248 -0.664531 -0.0253196 
9.61984 -22.5239 -6.62734 
-1.08616 -1.40101 0.809104 
-0.161831 -0.54761 0.962535 
-0.615318 -0.920936 -0.122459 
-1.6721 -2.01485 1.53901 
3.18045 -15.8804 -5.62464 
-3.67268 -7.85995 9.86069 
-1.00974 -4.11538 2.04883 
-0.892438 0.137182 -0.010687 
-0.726951 -0.721419 -0.0668881 
-0.474551 0.157485 0.0252918 
-0.160818 -0.538528 0.955685 
-1.03347 -0.628555 0.394418 
-1.37554 0.318204 0.994306 
-0.855338 0.0960153 -0.103385 
