0.604088 0.030986 0.796315 -0.64393 -0.302673 0.933288 0.193293 -0.0262053 -0.737202 -0.357789 0.573167 -0.633288 0 0 0 1
-0.699415 0.149433 0.69892 -0.701618 -0.277342 0.844525 -0.458104 0.780145 -0.658711 -0.514244 -0.549229 0.079367 0 0 0 1
###
-0.394617 -1.04434 0.138515 
-5.84552 -6.46434 1.33763 
-0.538063 -1.05243 1.62907 
1.44926 -5.77655 6.34386 
-8.40244 -12.3545 4.75705 
-0.299113 -1.54322 1.22966 
-0.314903 -3.87206 1.01832 
-0.757565 -2.3868 0.816451 
0.0764137 -5.46217 5.83979 
-0.663094 -1.65987 1.11339 
-24.923 -57.4598 -22.9679 
0.616594 -2.40572 3.40583 
1.2152 -1.5327 3.10204 
-0.904597 -2.38835 2.95609 
-1.80867 0.574504 1.81626 
-0.316855 -0.949881 0.858118 
0.0149113 -2.34039 1.08364 
-2.96231 -3.24731 1.16666 
-0.251143 -3.26122 0.653157 
-0.0452071 -0.983425 0.817398 
-1.96399 -4.98001 5.44748 
-0.930548 -0.362633 2.03279 
-2.42961 -5.12215 -2.95243 
0.487477 -2.11095 3.18188 
-0.0535411 -0.221317 0.901098 
-2.07047 -0.501363 0.243123 
-0.347406 -4.5995 0.533654 
-0.834385 -0.343458 1.90289 
-0.833398 -1.24188 2.27503 
-2.12315 0.538154 0.898311 
-0.583571 -0.923443 1.84572 
-7.3593 -10.8949 -4.15184 
0.201947 -0.552927 1.02511 
0.202081 -0.52562 1.04026 
-0.499931 -0.164522 1.66399 
-0.82576 -0.16063 1.94627 
0.244576 -0.547487 1.08757 
-0.0589512 -0.489918 1.24668 
-9.63292 -14.2174 5.53022 
0.0642823 -2.57481 3.2403 
-1.67297 -0.326878 1.54375 
-6.80533 -12.8251 -8.44036 
-5.3136 -8.42453 -4.41323 
-0.488162 -0.148126 1.64104 
-2.0232 0.469439 -0.0863869 
-2.11481 -0.557416 0.301734 
-0.681754 0.642801 1.2574 

27.7638 -33.9671 -6.9095 
-0.993104 -1.21478 1.34516 
-0.16512 -0.526123 0.94262 
-0.832094 -3.58916 -0.103764 
1.0508 -0.229338 -0.77224 
-0.276582 -1.10165 -0.424449 
-1.03834 -4.00115 1.57096 
-4.9274 -7.89679 7.86803 
1.64061 -2.82095 0.42253 
0.119021 -0.854717 -1.0031 
2.20128 -12.0702 -3.4725 
7.6821 -16.9837 -4.57965 
-0.630767 -0.898821 -0.123019 
-0.411029 -1.71617 -0.00764406 
0.442529 -0.566692 -1.69039 
-1.48491 -4.06033 1.49241 
-4.50521 -7.30122 7.14615 
6.06872 -8.6247 -0.929889 
-0.729691 -4.01768 2.27012 
-0.384813 -2.57847 1.50744 
-1.76752 0.608421 1.12105 
-0.431444 -1.15816 -0.173151 
-0.640934 -0.871223 1.21441 
-1.07474 -2.60177 0.507256 
-1.48386 -1.86603 1.34854 
-1.02044 -0.594432 0.231946 
-0.343957 -3.89247 2.57661 
-0.849719 0.118556 -0.0527776 
-0.430275 -1.56154 -0.0515088 
-1.33784 0.258945 0.314862 
-0.435544 -1.56344 -0.0578081 
1.52244 -8.54515 -2.13158 
-0.161831 -0.54761 0.962535 
-1.28263 -3.49626 4.80683 
-0.807802 -0.64871 -0.0182762 
-0.435834 -0.985466 -0.211212 
-1.29219 -1.41434 1.81282 
-2.00952 -2.28946 1.83733 
-3.67268 -7.85995 9.86069 
-1.49713 -3.80974 1.25835 
-0.857708 0.12461 -0.0487198 
-1.82813 -3.18749 0.894218 
-5.62328 -5.17844 6.64797 
-1.03347 -0.628555 0.394418 
-1.45214 0.30622 0.426082 
-1.06011 -0.608569 0.304125 
-0.892438 0.137182 -0.010687 
