0.568557 0.157872 0.807353 -0.647155 -0.32322 0.945357 0.0427614 -0.158657 -0.756486 -0.285265 0.588517 -0.671633 0 0 0 1
-0.699415 0.149433 0.69892 -0.701618 -0.277342 0.844525 -0.458104 0.780145 -0.658711 -0.514244 -0.549229 0.079367 0 0 0 1
###
-8.48166 -11.9059 0.783554 
-24.5812 -57.5564 -22.8997 
0.0784258 -5.34339 5.71163 
-4.09537 -6.60765 -3.19609 
-0.697509 0.102227 2.0593 
-12.5206 -13.904 5.05256 
-7.02712 -8.4701 -0.815968 
-1.69622 -0.264731 1.54439 
2.92408 -10.0894 9.68036 
-0.618725 -1.80511 0.761689 
-0.319073 -1.3802 1.39516 
-0.687305 0.643147 1.22236 
-2.76217 -2.7743 0.616538 
-2.21281 0.604115 1.76342 
-6.93631 -10.2451 -3.77445 
1.59137 -3.60429 3.70039 
-1.62925 -0.251572 1.52306 
-2.51221 -5.77605 -3.86343 
-5.4369 -8.67475 -4.54858 
-0.313228 -1.35858 1.38769 
-0.64736 -0.150451 1.94608 
-11.0019 -13.525 -1.87983 
-0.683488 0.619062 0.718162 
-1.17151 0.486171 -0.032318 
-7.36253 -10.899 -4.14922 
-0.809288 -0.337449 1.85366 
-7.45708 -9.18142 -0.893019 
-0.747447 -1.76773 0.742942 
-1.18176 0.494214 -0.0382381 
-1.96467 0.61962 1.78658 
-1.09265 0.599117 0.905296 
-0.61409 -1.11599 1.22306 
-1.61895 -0.296641 2.0696 
-0.819603 -0.16427 1.93466 
-0.629615 -1.84355 0.759358 
-0.629602 -0.139491 1.91303 
-2.13409 0.542143 0.899896 
-1.18531 0.495213 -0.038239 

6.06872 -8.6247 -0.929889 
0.449008 -3.23399 -0.0965814 
1.64061 -2.82095 0.42253 
-4.92067 -4.42354 5.9243 
-0.50988 0.123392 -0.0752756 
1.85898 -4.90089 -1.00053 
1.57587 -4.53598 -0.505449 
-0.366572 -0.0847741 -0.553185 
23.4293 -24.3251 5.49437 
-1.54587 -4.22708 1.52554 
-1.71445 0.500172 0.902777 
-0.422964 -1.49745 -0.0945721 
1.51808 -4.44105 -0.636623 
-0.801891 0.0671957 -0.172355 
12.3746 -21.1881 -4.65795 
-1.51185 -2.54734 0.914066 
-1.90315 0.55449 1.04596 
0.0992223 -0.93906 0.79546 
-5.62328 -5.17844 6.64797 
1.14336 -0.178949 -0.687746 
0.743915 -0.508182 -1.53712 
1.626 -4.66916 -0.537649 
-0.516639 -0.0451863 -0.46134 
-1.13204 -1.75878 0.927391 
-4.39153 -4.82615 7.31883 
-0.477998 0.171174 0.0167162 
-3.67268 -7.85995 9.86069 
-1.35313 -4.25489 1.76175 
0.482496 -6.55778 -1.43012 
-0.697842 0.0556942 -0.186584 
-0.474551 0.157485 0.0252918 
-1.74279 0.628538 1.1587 
-0.675138 -0.803843 -0.0999991 
-0.79525 -0.649724 -0.0110378 
-4.86676 -7.43683 7.34743 
-0.882715 -0.597796 0.0676081 
-1.48255 0.324281 0.481017 
7.58766 -12.4823 -2.56465 
