0.523037 0.100637 0.846348 -0.680215 -0.444321 0.879591 0.169998 -0.288062 -0.727332 -0.464965 0.504774 -0.609768 0 0 0 1
-0.707707 0.171871 0.685282 -0.669757 -0.240302 0.853572 -0.462244 0.79491 -0.664384 -0.491808 -0.562778 0.095582 0 0 0 1
###
-24.0259 -57.8374 -22.6577 
0.0832213 -5.26202 5.62357 
-6.25603 -7.06444 -0.52792 
-1.01424 -2.53417 3.20261 
-1.68076 0.510455 1.65894 
-7.28567 -10.7494 -4.04006 
0.00336223 -1.81576 1.02089 
-6.97946 -8.40309 -0.807882 
-0.693088 0.107613 2.06584 
-0.831136 -0.162544 1.95006 
-0.342794 -1.66339 1.21387 
-0.415671 -4.25742 0.768332 
-0.898888 -1.51775 2.59473 
-0.626676 -0.437301 1.92038 
-2.09309 -1.39385 1.28015 
-2.13572 0.54279 0.900235 
-2.61864 -2.90648 2.51844 
0.332334 -0.515256 1.21405 
-0.494581 -0.400206 1.62141 
-2.31351 -4.48793 -2.57168 
-0.618692 -1.80555 0.761954 
-0.360561 -1.64899 1.59136 
-0.264406 -0.973799 0.898198 
-0.683909 -0.974853 0.14026 
-0.621377 -0.577875 1.91033 
-2.01382 -0.579927 0.384277 
0.367329 -0.552628 1.25008 
-0.948025 0.247927 2.03872 
-1.59684 -0.295677 1.50829 
-0.497108 -0.456798 1.62961 
-1.96338 0.618715 1.78585 
-0.678783 0.639645 1.25699 
-0.748005 -1.76791 0.743146 
-1.09308 0.599148 0.905607 
-2.12763 0.538473 0.897057 

0.449008 -3.23399 -0.0965814 
6.06872 -8.6247 -0.929889 
-0.468778 -3.17261 -0.0670426 
-0.75891 -3.19857 0.0021185 
0.442529 -0.566692 -1.69039 
2.14503 -11.7574 -3.34106 
-4.50521 -7.30122 7.14615 
0.248472 -2.67236 -0.14438 
-1.09997 -0.606868 0.218887 
-0.478078 -0.259222 -0.311309 
-3.81453 -3.69915 6.07229 
-0.758158 -3.78144 2.09211 
-1.10526 -1.08052 0.635009 
-0.595324 -0.970307 -0.127904 
-1.09299 -1.1247 0.641926 
-1.21365 0.200103 0.175542 
-5.62328 -5.17844 6.64797 
-1.48386 -1.86603 1.34854 
-0.939701 -0.583072 0.132708 
0.394778 -2.11047 0.244691 
-1.54587 -4.22708 1.52554 
-0.272962 -1.10662 -0.428811 
0.180613 -1.22659 0.810064 
1.85898 -4.90089 -1.00053 
-0.967742 -0.586566 0.282872 
-0.411029 -1.71617 -0.00764406 
-10.1191 -10.9998 4.66702 
-0.882715 -0.597796 0.0676081 
-0.849719 0.118556 -0.0527776 
-0.789138 -0.66884 -0.0438409 
-0.632693 0.051808 -0.222862 
-0.892438 0.137182 -0.010687 
-5.00292 -8.11518 7.8525 
-0.498275 -0.241687 -0.348387 
-0.697842 0.0556942 -0.186584 
