0.523037 0.100637 0.846348 -0.680215 -0.444321 0.879591 0.169998 -0.288062 -0.727332 -0.464965 0.504774 -0.609768 0 0 0 1
-0.699415 0.149433 0.69892 -0.701618 -0.277342 0.844525 -0.458104 0.780145 -0.658711 -0.514244 -0.549229 0.079367 0 0 0 1
###
-24.0259 -57.8374 -22.6577 
0.0832213 -5.26202 5.62357 
-1.01424 -2.53417 3.20261 
-1.68076 0.510455 1.65894 
-7.28567 -10.7494 -4.04006 
0.00336223 -1.81576 1.02089 
-0.531292 -6.59393 0.766176 
-6.97946 -8.40309 -0.807882 
-0.693088 0.107613 2.06584 
-0.831136 -0.162544 1.95006 
-0.342794 -1.66339 1.21387 
-0.415671 -4.25742 0.768332 
-0.898888 -1.51775 2.59473 
-0.626676 -0.437301 1.92038 
-2.09309 -1.39385 1.28015 
-2.13572 0.54279 0.900235 
-2.61864 -2.90648 2.51844 
-0.915974 0.0649821 2.00235 
0.332334 -0.515256 1.21405 
-0.494581 -0.400206 1.62141 
-5.61163 -7.75269 -3.04969 
-2.31351 -4.48793 -2.57168 
-0.618692 -1.80555 0.761954 
-0.360561 -1.64899 1.59136 
-0.264406 -0.973799 0.898198 
-0.683909 -0.974853 0.14026 
-1.58427 -0.294383 1.50474 
-0.621377 -0.577875 1.91033 
-2.01382 -0.579927 0.384277 
0.367329 -0.552628 1.25008 
-0.765077 -1.52003 1.34486 
-0.948025 0.247927 2.03872 
-1.59684 -0.295677 1.50829 
-0.497108 -0.456798 1.62961 
-1.96338 0.618715 1.78585 
-0.678783 0.639645 1.25699 
-0.748005 -1.76791 0.743146 
-1.09308 0.599148 0.905607 
-2.12763 0.538473 0.897057 

0.449008 -3.23399 -0.0965814 
6.06872 -8.6247 -0.929889 
-0.75891 -3.19857 0.0021185 
0.442529 -0.566692 -1.69039 
2.14503 -11.7574 -3.34106 
-4.50521 -7.30122 7.14615 
-0.486017 -4.07189 2.52182 
23.4293 -24.3251 5.49437 
-1.09997 -0.606868 0.218887 
-0.64335 -0.962857 -0.196371 
-3.81453 -3.69915 6.07229 
-0.758158 -3.78144 2.09211 
-1.10526 -1.08052 0.635009 
-0.450309 0.0607748 0.0614247 
-1.09299 -1.1247 0.641926 
-1.45214 0.30622 0.426082 
-5.62328 -5.17844 6.64797 
-0.45939 -0.408606 -0.297503 
-1.81314 -2.47473 1.29969 
-0.971262 -0.598603 0.135911 
0.925984 -5.35124 -1.15182 
0.394778 -2.11047 0.244691 
-1.48491 -4.06033 1.49241 
-0.272962 -1.10662 -0.428811 
-0.262614 -3.45372 2.38052 
1.85898 -4.90089 -1.00053 
-0.857708 0.12461 -0.0487198 
-1.02044 -0.594432 0.231946 
-0.669295 -0.810388 -0.0974046 
4.53068 -5.45133 0.445544 
-0.805221 0.109207 -0.0890863 
-0.882715 -0.597796 0.0676081 
-0.849719 0.118556 -0.0527776 
-0.789138 -0.66884 -0.0438409 
-0.632693 0.051808 -0.222862 
-0.892438 0.137182 -0.010687 
-5.00292 -8.11518 7.8525 
-0.561783 0.275612 0.245294 
-1.56843 0.363127 0.554221 
