0.506965 -0.0525709 0.860362 -0.693243 -0.0808911 0.990832 0.108208 -0.061052 -0.858163 -0.124453 0.498065 -0.726531 0 0 0 1
0.451507 0.260094 0.853518 -0.799882 -0.24173 0.956455 -0.163588 0.0975094 -0.858899 -0.13246 0.494718 -0.0384624 0 0 0 1
###
-24.0501 -57.4352 -22.4508 
-6.29139 -7.09912 -0.5313 
-3.24044 -3.27903 0.604844 
0.876364 -1.94984 2.83704 
-1.051 -5.00883 5.87588 
-5.79068 -13.7034 -4.69883 
-0.747129 -1.77283 0.749689 
-5.97424 -8.3983 -3.41672 
-2.23242 0.573957 1.39797 
-2.24798 -2.42972 2.24872 
0.543345 -2.26153 3.3669 
-5.04492 -8.05842 -4.23941 
-1.69728 -0.264922 1.54819 
-0.693974 0.107393 2.06401 
-6.94569 -8.35928 -0.804423 
-1.71914 -0.340304 1.57552 
-5.15997 -12.8539 -4.17334 
-1.63609 -0.252082 1.52896 
-0.974626 -1.50417 1.50529 
-2.82445 -2.84405 0.627558 
-1.51547 0.335627 1.41142 
-6.23527 -15.1395 -5.38321 
-2.13451 0.542292 0.900604 
-9.01905 -13.3054 5.15593 
-0.566772 -1.94273 2.79065 
-1.75022 -1.15409 1.91258 
-1.61433 -6.18316 -2.82443 
-0.606716 -5.04152 1.16247 
-0.354055 -1.64003 1.55286 
-1.7 -0.341207 1.5685 
-0.56751 -4.54541 1.16685 
-1.73377 -1.2557 1.92135 
-0.0347635 -2.28092 2.86437 
-0.787713 0.59886 2.2361 
-5.71622 -14.3066 -4.73927 
-0.370712 -1.71932 1.21855 
-4.31346 -5.93554 7.80378 
-0.748149 -1.76803 0.743309 
-0.0676716 -0.503869 1.3104 
-1.71832 -0.252062 1.57011 
-0.699287 0.660417 1.22311 
-2.75783 -3.49772 3.1906 
0.0187321 -2.84468 3.31728 
-0.502155 -3.98369 1.53626 
-0.745043 -0.741081 1.74798 
-0.347175 0.662255 1.27464 
-0.690766 0.653248 1.26358 

0.154473 0.0290012 0.741181 
-0.470249 -0.854958 0.81909 
-1.29219 -1.41434 1.81282 
0.000830251 0.601248 1.05638 
2.3063 -1.43999 3.12301 
-4.39153 -4.82615 7.31883 
0.125077 -0.813017 0.987675 
-0.294331 -1.21648 3.86142 
0.516538 1.36486 2.5125 
1.08185 -0.794877 3.45775 
-0.485564 -1.19273 3.62393 
-26.4909 -23.0827 25.7538 
0.751913 0.492147 2.45658 
1.46167 0.457383 1.59366 
-2.7738 -3.85515 8.44306 
-0.0813284 -0.116777 0.721892 
-5.00292 -8.11518 7.8525 
0.750747 0.502793 2.45367 
0.807555 -0.981854 2.48843 
-0.187915 -0.998701 3.38251 
-0.299273 -0.149892 -0.698451 
-5.33127 -8.40481 8.11634 
-0.548376 -0.00387346 -0.356121 
1.45742 -6.42971 12.6304 
-1.17486 -0.727006 0.515401 
1.02537 -0.193081 2.88668 
0.336913 -3.55708 -0.288147 
-0.343957 -3.89247 2.57661 
1.0722 -1.16291 1.94893 
0.777349 0.421548 2.46476 
-0.487783 -4.01842 2.48418 
1.02812 -0.26837 2.91112 
-4.90958 -7.44101 7.35115 
0.656973 -1.18922 2.18975 
-4.50521 -7.30122 7.14615 
0.0897431 0.125895 0.733808 
-0.0606329 -0.115046 0.748804 
0.287655 -1.19086 2.11749 
0.611534 -0.598722 2.18599 
-0.0698949 -0.017219 0.677511 
-0.0665527 -0.0182384 0.675277 
0.110949 0.324418 0.948309 
0.349454 -1.3365 2.10622 
-3.81453 -3.69915 6.07229 
-0.17103 0.00275448 0.597795 
-0.272962 -1.10662 -0.428811 
0.189332 0.055758 0.754366 
