0.463843 -0.00590014 0.885898 -0.732822 -0.145116 0.985965 0.0825473 -0.055573 -0.873951 -0.166847 0.456477 -0.772541 0 0 0 1
-0.699415 0.149433 0.69892 -0.701618 -0.277342 0.844525 -0.458104 0.780145 -0.658711 -0.514244 -0.549229 0.079367 0 0 0 1
###
-0.726236 -1.15237 0.093171 
-23.6854 -57.0005 -22.4256 
-4.51618 -4.60545 1.96017 
-3.49062 -3.76345 0.592539 
0.63297 -2.46762 3.47515 
-0.280337 -0.160051 1.11024 
-0.500852 -1.81707 1.96017 
-3.23419 -3.27867 0.600791 
-0.554332 -1.7789 2.55188 
-2.23627 0.574991 1.40015 
-12.9779 -14.4056 5.19045 
-1.64306 -0.259762 1.52438 
-1.53004 -2.69431 3.13824 
-0.338206 -1.67675 1.48423 
-0.354605 -2.20643 2.45323 
-0.554975 -1.89209 2.73977 
-0.669984 -0.276624 1.69779 
-2.07452 -0.501133 0.242177 
-4.7392 -8.85154 -5.42188 
-0.303897 -1.65244 1.25241 
2.02649 -4.96044 4.88094 
-6.88977 -8.29674 -0.796766 
-3.44492 -3.49441 0.617711 
-2.29587 0.628129 1.59369 
-0.330087 -1.71731 1.51291 
-0.748113 -1.7678 0.74339 
-0.831093 -0.162752 1.95005 
-5.06986 -8.10402 -4.26114 
-2.03588 0.591111 1.24251 
1.37103 7.46341 8.02624 
-1.21106 -2.41294 1.3946 
-0.797836 -1.58978 1.3561 
-2.48118 -5.63829 -3.74247 
0.183545 -1.23837 1.62473 
-1.08714 0.388335 2.37712 
-2.98179 2.1958 -2.76198 
-0.74716 -1.77273 0.749808 
-0.649728 -1.73405 -0.146572 
-2.68944 -3.41394 3.13073 
-0.79814 0.609899 2.25559 
-0.372241 -0.833511 1.09211 
-0.750095 -1.45831 1.33024 
-0.824493 -0.164218 1.94095 
-1.54426 -0.298519 2.00091 
-6.5282 -9.6419 -3.54711 
-2.69073 -1.68204 1.57514 
-0.896701 -0.656727 1.71135 
-0.375419 -0.348131 0.848399 
-0.607748 -0.758478 0.449457 
-0.799496 -0.313417 1.78459 
-0.417206 -3.89699 0.857538 
-2.05577 0.47582 0.0110695 
-0.969863 0.647356 1.32596 

0.92711 -1.90325 0.597046 
1.52244 -8.54515 -2.13158 
0.394778 -2.11047 0.244691 
-2.00952 -2.28946 1.83733 
-5.62328 -5.17844 6.64797 
-0.75891 -3.19857 0.0021185 
-0.10748 -0.726159 -0.778843 
-6.72423 -6.09893 6.18048 
-0.151276 -0.523693 0.937595 
2.83391 -1.02341 -0.19791 
-0.810376 -4.33588 -0.0174622 
-1.93819 0.732652 1.14717 
-7.00831 -4.77069 12.404 
-1.10526 -1.08052 0.635009 
-1.09023 -2.66765 0.519368 
25.4442 -23.7155 4.39312 
-0.401617 -1.70285 0.0233337 
-1.09997 -0.606868 0.218887 
-0.402068 -1.80225 0.0303504 
-1.82688 0.536423 0.986452 
-1.74279 0.628538 1.1587 
1.57587 -4.53598 -0.505449 
0.223669 -3.11513 -0.368404 
-1.57131 0.494757 1.07841 
1.22937 -0.194364 -1.01145 
-1.54587 -4.22708 1.52554 
-0.755832 -0.688534 -0.0446088 
0.925984 -5.35124 -1.15182 
0.743915 -0.508182 -1.53712 
-0.643803 -0.00956593 0.893922 
-2.30148 -2.82848 3.38268 
-0.721365 0.0825449 -0.181273 
2.30224 -3.87246 0.15703 
-1.81314 -2.47473 1.29969 
-0.778248 -0.664531 -0.0253196 
-0.87782 -2.40842 0.449391 
-4.50521 -7.30122 7.14615 
4.53068 -5.45133 0.445544 
-0.941103 0.174692 -0.173357 
-0.532544 0.21738 0.289494 
3.18045 -15.8804 -5.62464 
-0.892438 0.137182 -0.010687 
-1.08322 -0.609955 -0.107014 
-0.675138 -0.803843 -0.0999991 
0.449008 -3.23399 -0.0965814 
-0.43404 -0.0432316 -0.461148 
-1.0044 -3.94392 1.53501 
13.789 -14.6478 0.024872 
0.928495 -2.31258 0.41097 
1.06429 -0.222461 -0.825594 
0.180613 -1.22659 0.810064 
-1.45214 0.30622 0.426082 
-0.315382 -0.165499 -0.711238 
