0.463843 -0.00590014 0.885898 -0.732822 -0.145116 0.985965 0.0825473 -0.055573 -0.873951 -0.166847 0.456477 -0.772541 0 0 0 1
-0.707707 0.171871 0.685282 -0.669757 -0.240302 0.853572 -0.462244 0.79491 -0.664384 -0.491808 -0.562778 0.095582 0 0 0 1
###
-23.6854 -57.0005 -22.4256 
-4.51618 -4.60545 1.96017 
-3.49062 -3.76345 0.592539 
0.63297 -2.46762 3.47515 
-0.280337 -0.160051 1.11024 
-0.500852 -1.81707 1.96017 
-3.23419 -3.27867 0.600791 
-2.23627 0.574991 1.40015 
-12.9779 -14.4056 5.19045 
-0.684851 -1.61461 2.34166 
-4.13406 -11.3574 -8.6307 
-1.64306 -0.259762 1.52438 
-1.53004 -2.69431 3.13824 
-0.338206 -1.67675 1.48423 
-0.354605 -2.20643 2.45323 
-0.554975 -1.89209 2.73977 
-0.669984 -0.276624 1.69779 
-2.07452 -0.501133 0.242177 
-4.7392 -8.85154 -5.42188 
-0.303897 -1.65244 1.25241 
2.02649 -4.96044 4.88094 
-6.88977 -8.29674 -0.796766 
-3.44492 -3.49441 0.617711 
-2.29587 0.628129 1.59369 
-0.330087 -1.71731 1.51291 
-0.748113 -1.7678 0.74339 
-0.831093 -0.162752 1.95005 
-5.06986 -8.10402 -4.26114 
-2.03588 0.591111 1.24251 
1.37103 7.46341 8.02624 
-1.21106 -2.41294 1.3946 
-0.797836 -1.58978 1.3561 
-2.48118 -5.63829 -3.74247 
0.183545 -1.23837 1.62473 
-1.08714 0.388335 2.37712 
-2.98179 2.1958 -2.76198 
-0.74716 -1.77273 0.749808 
-0.79814 0.609899 2.25559 
-0.750095 -1.45831 1.33024 
-0.824493 -0.164218 1.94095 
-1.54426 -0.298519 2.00091 
-6.5282 -9.6419 -3.54711 
-2.69073 -1.68204 1.57514 
-0.896701 -0.656727 1.71135 
-0.375419 -0.348131 0.848399 
-0.607748 -0.758478 0.449457 
-0.799496 -0.313417 1.78459 
-0.417206 -3.89699 0.857538 
-2.05577 0.47582 0.0110695 
-0.969863 0.647356 1.32596 

1.52244 -8.54515 -2.13158 
0.394778 -2.11047 0.244691 
-2.00952 -2.28946 1.83733 
-5.62328 -5.17844 6.64797 
-0.75891 -3.19857 0.0021185 
-0.10748 -0.726159 -0.778843 
-6.72423 -6.09893 6.18048 
2.83391 -1.02341 -0.19791 
35.8514 -37.5823 -0.855282 
0.161424 -0.893848 -1.03709 
0.92711 -1.90325 0.597046 
-1.93819 0.732652 1.14717 
-7.00831 -4.77069 12.404 
-1.10526 -1.08052 0.635009 
-1.09023 -2.66765 0.519368 
25.4442 -23.7155 4.39312 
-0.401617 -1.70285 0.0233337 
-1.09997 -0.606868 0.218887 
-1.48386 -1.86603 1.34854 
-1.82688 0.536423 0.986452 
-1.74279 0.628538 1.1587 
1.57587 -4.53598 -0.505449 
0.223669 -3.11513 -0.368404 
-1.37554 0.318204 0.994306 
1.22937 -0.194364 -1.01145 
-1.54587 -4.22708 1.52554 
-0.755832 -0.688534 -0.0446088 
0.925984 -5.35124 -1.15182 
0.743915 -0.508182 -1.53712 
-0.643803 -0.00956593 0.893922 
-2.30148 -2.82848 3.38268 
-0.721365 0.0825449 -0.181273 
2.30224 -3.87246 0.15703 
-1.81314 -2.47473 1.29969 
-0.778248 -0.664531 -0.0253196 
-0.87782 -2.40842 0.449391 
-4.50521 -7.30122 7.14615 
-0.532544 0.21738 0.289494 
-0.857708 0.12461 -0.0487198 
-0.600504 -0.551977 0.56074 
-0.648814 -0.860665 -0.116114 
0.449008 -3.23399 -0.0965814 
-0.43404 -0.0432316 -0.461148 
-1.0044 -3.94392 1.53501 
-0.722453 -1.33191 0.85164 
0.928495 -2.31258 0.41097 
-0.467015 -0.471313 -0.311356 
0.180613 -1.22659 0.810064 
-1.43355 0.293939 0.421677 
-0.315382 -0.165499 -0.711238 
