0.377458 -0.0456211 0.924902 -0.81642 -0.235301 0.961279 0.143443 -0.163736 -0.895634 -0.271774 0.352107 -0.788378 0 0 0 1
-0.707707 0.171871 0.685282 -0.669757 -0.240302 0.853572 -0.462244 0.79491 -0.664384 -0.491808 -0.562778 0.095582 0 0 0 1
###
1.99153 -5.21072 4.91679 
-1.47597 -3.19144 3.48753 
-3.19674 -3.23488 0.600242 
-5.88926 -13.9642 -4.80229 
-8.5686 -12.0149 0.776542 
-0.234529 -1.27864 2.64443 
-4.63328 -7.51448 -3.79749 
-23.2146 -56.2267 -22.1986 
-7.48918 -11.0394 -4.19759 
-0.830888 -0.162757 1.95002 
-1.69209 -0.264356 1.54677 
-0.863426 -2.46891 3.17113 
-2.1256 0.539299 0.899718 
-0.237458 2.47335 4.21925 
-0.335656 -2.2708 2.54494 
0.606653 -2.3772 3.51648 
-1.5954 -0.25458 1.50414 
-2.23673 0.574705 1.40019 
-0.295582 -1.54403 1.23239 
1.36673 -3.67826 3.04469 
-2.55504 -12.3056 -9.96023 
-0.810134 -0.330842 1.8642 
-1.59301 -0.253749 1.50253 
-0.22252 1.79176 3.46543 
-1.18568 -1.97003 2.56723 
-2.84469 -14.8346 -12.4879 
-0.865701 -0.162922 2.00391 
-5.03195 -8.04672 -4.21736 
-0.752463 -0.299446 1.74047 
-0.353864 -1.6495 1.42405 
-0.349782 -1.68444 1.57087 
-0.918094 -1.7259 1.18988 
-0.797447 -2.22905 2.84334 
-2.17928 -1.0702 0.579255 
-0.692613 -1.50538 1.19621 
-0.800072 -1.59374 1.35915 
-0.772689 -0.30132 1.74193 
-0.914247 0.0647287 2.0011 
-2.13447 0.542145 0.90072 
-0.922068 0.125711 1.8723 
-0.593357 -0.586999 0.633257 
-1.92438 -0.821385 0.600859 
-1.09326 0.59847 0.905683 
-1.74398 0.418041 -0.775422 
-1.19533 -1.7177 1.9127 
-2.28607 -2.3897 2.3041 
3.29446 -8.1276 4.41556 
4.32419 -8.9162 6.80756 
-0.613701 -1.78103 0.751363 
-0.0707788 -4.95218 0.437714 
-2.41866 -2.33956 0.717132 
-5.42027 -8.85639 -4.84738 
-2.1658 0.512634 0.417009 

-0.16512 -0.526123 0.94262 
-0.743101 0.0769744 -0.156202 
-1.29219 -1.41434 1.81282 
-5.00292 -8.11518 7.8525 
6.06872 -8.6247 -0.929889 
8.13743 -19.0996 -5.56463 
-5.3148 -4.76848 6.34848 
2.20128 -12.0702 -3.4725 
2.14503 -11.7574 -3.34106 
-0.467015 -0.471313 -0.311356 
-1.93819 0.732652 1.14717 
-0.855338 0.0960153 -0.103385 
-1.45214 0.30622 0.426082 
-4.21109 3.32102 1.62796 
-1.09023 -2.66765 0.519368 
-3.81453 -3.69915 6.07229 
-1.57131 0.494757 1.07841 
0.92711 -1.90325 0.597046 
-0.732446 0.0834515 -0.148678 
-0.163099 -0.544497 0.958939 
0.0992223 -0.93906 0.79546 
-0.497188 0.136283 -0.0646066 
-0.865489 0.124018 -0.0513851 
-9.96646 10.4051 1.52631 
-0.727039 0.0764985 -0.16122 
2.30224 -3.87246 0.15703 
-0.615318 -0.920936 -0.122459 
0.925984 -5.35124 -1.15182 
-0.755832 -0.688534 -0.0446088 
-1.035 0.1186 -0.00491901 
2.94676 0.172291 -3.62007 
-0.668815 -3.8165 1.94486 
-0.791049 0.114873 -0.0923094 
-2.74367 -3.73118 1.25479 
-0.484068 -0.046802 -0.456647 
-0.789527 0.1055 -0.0826382 
-0.473419 -0.337527 -0.315947 
-0.475672 -0.503406 -0.320459 
-1.34346 0.259578 0.314429 
-0.532544 0.21738 0.289494 
-1.48386 -1.86603 1.34854 
1.0508 -0.229338 -0.77224 
-0.486305 -0.0342652 -0.419183 
-0.697842 0.0556942 -0.186584 
-1.99686 0.586474 1.05464 
-2.03744 -2.0934 3.5123 
-0.163402 -0.543405 0.958581 
-0.16059 -0.537836 0.954564 
-4.86676 -7.43683 7.34743 
-0.172387 -4.04543 2.28454 
-0.232718 -0.243248 -0.815702 
4.13333 -6.96948 -1.01787 
-0.638842 0.0451569 -0.226389 
