-0.0273832 -0.0263971 0.999276 -1.08101 -0.326087 0.945204 0.0160329 -0.0878628 -0.944943 -0.325412 -0.0344905 -0.558578 0 0 0 1
-0.699415 0.149433 0.69892 -0.701618 -0.277342 0.844525 -0.458104 0.780145 -0.658711 -0.514244 -0.549229 0.079367 0 0 0 1
###
-5.72789 -8.06104 -3.22444 
-0.230907 -1.5581 -0.233914 
-2.17655 -8.2334 -6.24929 
-1.19362 -1.71834 1.87956 
-1.68844 -0.264832 1.54407 
-5.91094 -14.0221 -4.82257 
0.113242 -5.06235 5.96057 
-0.663243 -1.65946 1.11271 
-0.678108 -0.750728 0.503493 
-7.61691 -11.2176 -4.293 
-3.1127 -3.14358 0.595886 
0.494234 -5.25984 -1.59256 
-1.98835 0.621814 1.79145 
-24.9581 -26.111 6.48864 
-1.61469 -1.90023 2.19883 
-1.60421 -1.53919 0.624766 
-2.83883 -2.85551 0.630545 
-2.50656 -2.28722 0.739066 
-7.66697 -11.3373 -4.37518 
-1.72704 -0.57976 2.05782 
-0.701178 -1.53955 1.2123 
-1.9028 -3.20201 -1.34187 
-1.24251 -1.82013 1.98089 
-0.385144 -1.34998 1.89268 
-1.96878 0.620557 1.79004 
-0.610504 -1.04571 1.91708 
-0.911227 0.0651296 1.99731 
-2.80455 -3.37437 -0.259704 
-1.09372 -1.94604 -0.54168 
-2.20124 -0.998824 0.547399 
0.540726 -5.3368 -1.57367 
-2.97783 -6.72829 -4.30997 
-0.613069 -1.07339 1.94848 
-2.6561 -2.62696 0.615689 
-1.13802 0.186042 2.59123 
-2.2158 -0.823553 0.462309 
-1.59 -1.89922 -0.09592 
-8.57823 -9.10372 3.82377 
-0.555496 -0.249865 1.11492 
-1.03533 0.100285 2.20644 
-1.17472 0.673525 2.95926 
-1.59743 -0.242043 1.48479 
-0.618556 -1.80305 0.760363 
-2.2215 0.561391 0.667499 
-0.925258 -0.891678 0.475973 
-0.0389691 -1.64647 0.115091 
0.421402 -6.17585 -0.17223 
-0.616611 -1.78699 0.752741 
-0.498901 -1.18656 0.0887154 

-2.73667 -2.66455 2.74919 
0.92711 -1.90325 0.597046 
-1.6721 -2.01485 1.53901 
-0.791049 0.114873 -0.0923094 
-1.37554 0.318204 0.994306 
-5.00292 -8.11518 7.8525 
-0.805221 0.109207 -0.0890863 
0.119021 -0.854717 -1.0031 
3.24251 -4.49334 0.216458 
2.095 -4.59815 -0.367386 
-2.34024 -9.69507 11.8374 
-0.222892 -1.54045 1.39685 
-0.435068 -0.0447858 -0.450519 
-0.812495 -1.00279 1.34682 
0.442529 -0.566692 -1.69039 
0.394778 -2.11047 0.244691 
8.00666 -12.2647 -2.15602 
-1.29219 -1.41434 1.81282 
2.14503 -11.7574 -3.34106 
-0.615318 -0.920936 -0.122459 
-1.43355 0.293939 0.421677 
29.7425 -36.6239 -5.45369 
-1.99686 0.586474 1.05464 
-4.21109 3.32102 1.62796 
1.0508 -0.229338 -0.77224 
-0.486305 -0.0342652 -0.419183 
-0.849719 0.118556 -0.0527776 
6.06872 -8.6247 -0.929889 
13.789 -14.6478 0.024872 
-0.281708 -1.52877 -0.205555 
-1.38608 -4.3898 1.75009 
-5.29759 -5.82415 2.78973 
-0.272962 -1.10662 -0.428811 
0.248472 -2.67236 -0.14438 
-0.158231 -0.530556 0.943631 
-0.290985 -1.50488 -0.243023 
0.925984 -5.35124 -1.15182 
-0.914763 -4.16023 -0.0699908 
-1.57733 0.363169 0.557291 
-0.467015 -0.471313 -0.311356 
-0.4434 -0.0758233 -0.465399 
0.164299 -0.89718 -1.04992 
-1.48491 -4.06033 1.49241 
-0.458619 -0.680222 -0.315471 
41.4412 -55.9945 -10.5212 
4.53068 -5.45133 0.445544 
-0.257115 -3.6667 2.51577 
-4.86676 -7.43683 7.34743 
-0.163402 -0.543405 0.958581 
