-0.0570792 -0.103332 0.993008 -1.07839 -0.28081 0.956137 0.0833537 -0.13047 -0.958064 -0.274089 -0.0835922 -0.430476 0 0 0 1
-0.707707 0.171871 0.685282 -0.669757 -0.240302 0.853572 -0.462244 0.79491 -0.664384 -0.491808 -0.562778 0.095582 0 0 0 1
###
-5.88633 -13.9615 -4.80227 
-0.757688 -9.55747 -7.77776 
-0.786869 -1.04969 0.233424 
-3.47145 -3.74022 0.587552 
-1.99292 0.634672 1.82919 
-2.23704 0.575308 1.40032 
-3.16522 -3.19864 0.599061 
-4.9934 -7.98791 -4.18045 
-0.468607 -0.273449 0.892847 
-0.543245 -0.482312 0.706422 
-0.829723 -0.162904 1.94826 
-25.1492 -26.3339 6.6546 
-5.72537 -7.95959 -3.15633 
-2.22244 -1.11057 0.574119 
-4.63885 -7.52334 -3.79919 
-2.82323 -14.879 -12.5147 
-1.44407 -0.473409 1.83854 
-2.13439 0.542022 0.90048 
-1.67514 -1.95664 2.2324 
-2.4651 -2.41635 0.656806 
-0.747903 -1.76707 0.742891 
-2.33619 -6.53675 -4.50686 
-1.19784 -1.72381 1.91531 
-1.58986 -0.25298 1.49371 
-0.904961 0.0631051 1.98759 
-3.89688 -4.41078 3.44865 
-0.406225 -1.00409 0.235005 
1.09503 -15.4364 11.4772 
-1.67695 0.410574 -1.02319 
-1.96543 0.619288 1.7884 
-0.820289 -0.164434 1.93503 
-0.794897 -0.145934 1.84433 
-4.05745 -10.1932 -7.36872 
-0.951801 -0.447841 2.30899 
-1.09294 0.597625 0.904958 
-1.19816 -1.72728 1.92384 
-0.502676 -3.64097 1.11214 
-2.16363 -0.631369 0.349209 
-1.29559 0.31138 -1.60184 
-2.44658 -2.57652 2.43654 
-0.547774 -4.01359 1.10116 
-0.792963 -0.310775 1.77741 
-0.936932 0.234832 2.01595 
-0.588706 -0.0579804 0.765899 
-3.94025 -10.2551 -7.37542 
-0.224423 -4.5229 0.304432 

-5.00292 -8.11518 7.8525 
0.394778 -2.11047 0.244691 
-1.03959 -4.12559 -0.224327 
6.94986 -16.3638 -4.7209 
-0.837444 0.109696 -0.0547487 
0.92711 -1.90325 0.597046 
-0.468778 -3.17261 -0.0670426 
0.925984 -5.35124 -1.15182 
27.7638 -33.9671 -6.9095 
-1.48386 -1.86603 1.34854 
-0.4561 -0.510486 -0.296145 
-1.56836 -1.66346 1.88106 
0.957433 -5.43033 -1.21933 
-0.404159 -1.7641 0.0280139 
3.18045 -15.8804 -5.62464 
-1.6721 -2.01485 1.53901 
-0.615318 -0.920936 -0.122459 
-1.33784 0.258945 0.314862 
0.442046 -0.567727 -1.69088 
0.425415 -3.84347 -0.728607 
-1.54587 -4.22708 1.52554 
-0.640934 -0.871223 1.21441 
-1.99686 0.586474 1.05464 
1.2946 -0.137027 -0.88301 
-0.441436 -0.828652 -0.244461 
-2.03744 -2.0934 3.5123 
-6.72423 -6.09893 6.18048 
-0.643803 -0.00956593 0.893922 
-0.4434 -0.0758233 -0.465399 
1.0508 -0.229338 -0.77224 
-0.64335 -0.962857 -0.196371 
-0.595324 -0.970307 -0.127904 
-6.58312 -5.63471 6.45697 
-0.801891 0.0671957 -0.172355 
-0.43404 -0.0432316 -0.461148 
-0.809708 -0.875615 1.81556 
0.219215 -1.32418 0.800018 
-1.05927 -0.614931 0.285422 
-1.95114 0.562283 1.04166 
-0.272962 -1.10662 -0.428811 
0.180613 -1.22659 0.810064 
-0.457292 -0.743695 -0.278646 
-0.659679 -0.904236 -0.173601 
-1.82688 0.536423 0.986452 
4.04569 -6.01938 -0.153597 
-1.00974 -4.11538 2.04883 
