-0.265124 -0.0801537 0.960877 -1.20158 -0.360569 0.93248 -0.0217029 -0.0909579 -0.894259 -0.352216 -0.276124 -0.367842 0 0 0 1
-0.699415 0.149433 0.69892 -0.701618 -0.277342 0.844525 -0.458104 0.780145 -0.658711 -0.514244 -0.549229 0.079367 0 0 0 1
###
-5.90871 -14.0058 -4.81512 
-2.12355 -8.37003 -6.3988 
-1.20089 -1.7289 1.88867 
-2.01711 -3.42231 -1.52613 
-4.72314 -7.66547 -3.8915 
-0.503498 -0.475335 0.749445 
-2.77204 -8.31649 -6.15443 
-0.768438 -0.75853 0.497185 
-0.966971 0.252598 1.32538 
-2.12943 0.540265 0.90034 
-14.2123 -15.7361 5.61009 
-4.96063 -6.85944 -2.5726 
-1.10721 -2.10714 -0.696493 
-0.502084 -1.28426 1.68673 
-0.429201 -0.602359 0.669631 
-0.547437 -0.735362 0.875444 
-1.87197 -3.11959 -1.2935 
-2.9774 -15.8419 -13.3661 
-1.71411 -0.831646 0.732615 
-1.9747 0.615677 1.78646 
-1.58439 -1.83136 2.16104 
-0.290743 -1.58739 0.253778 
-1.87145 -3.01327 -1.16848 
-1.66941 -0.763069 1.63314 
-0.616953 -1.82657 0.759429 
-3.01403 -9.45643 -7.14773 
-0.809578 -1.59137 1.38317 
0.0493919 -2.68448 -0.380656 
-1.12553 0.290724 -1.35595 
-1.99479 0.0740844 0.991024 
-8.21075 -8.67724 3.65547 
-1.55068 -8.40528 -6.74099 
-2.21432 -3.77718 -1.76937 
-2.29173 -2.95216 3.0013 
-1.67772 0.40982 -1.01765 
-2.43983 -2.56004 0.458462 
-1.6951 -1.9626 2.24868 
-2.18669 0.546811 0.738421 
-2.1463 -3.62177 -1.65516 
-6.89661 -14.2702 -2.80147 
-1.39184 0.320777 -1.37722 
-1.04289 -1.79451 -0.415131 
-2.38319 -8.47021 -6.40747 
-1.62218 -0.242323 1.49171 
-2.31976 -1.20602 0.57144 
-1.746 -1.28691 1.93872 
-0.657662 0.301678 0.293975 
-0.0777477 -4.01323 0.922528 
-1.15768 0.370077 -1.65993 
-0.482336 -0.312787 0.584749 

-5.00292 -8.11518 7.8525 
-1.86277 -2.10959 1.68734 
-0.158231 -0.530556 0.943631 
-1.9585 -2.3111 1.65591 
4.83179 -8.06624 -1.37276 
-0.525327 -0.00312444 -0.317872 
-0.832094 -3.58916 -0.103764 
-1.48386 -1.86603 1.34854 
-0.702129 0.0367332 0.912386 
-0.357066 -0.111726 -0.60147 
-2.00952 -2.28946 1.83733 
6.94986 -16.3638 -4.7209 
-1.08117 -4.19877 -0.206932 
-0.0918911 -0.243206 -0.932013 
13.8143 -11.5952 6.21371 
-0.257115 -3.6667 2.51577 
-0.812495 -1.00279 1.34682 
-6.72423 -6.09893 6.18048 
-0.409799 -1.68281 0.00971134 
1.0508 -0.229338 -0.77224 
0.442529 -0.566692 -1.69039 
-1.55132 -4.30108 1.55697 
2.71129 -3.58003 0.531232 
-12.3586 -13.3428 21.673 
-1.54587 -4.22708 1.52554 
1.21633 -3.70885 -0.340244 
-0.723027 0.0750113 -0.178233 
-1.5271 -4.35876 1.38196 
-1.74126 0.51167 0.916924 
0.257848 -1.43649 0.760674 
-0.914763 -4.16023 -0.0699908 
2.02303 -3.00841 0.498446 
-1.29219 -1.41434 1.81282 
1.2946 -0.137027 -0.88301 
-0.4434 -0.0758233 -0.465399 
0.928495 -2.31258 0.41097 
-0.697842 0.0556942 -0.186584 
-0.895948 0.136311 -0.0158848 
0.482496 -6.55778 -1.43012 
-1.38223 -4.32144 1.75501 
-1.72836 0.640501 1.1996 
2.32553 -2.97467 0.733057 
-1.06363 -1.61301 0.917348 
-0.857708 0.12461 -0.0487198 
-0.153343 -0.525756 0.938906 
-0.458619 -0.680222 -0.315471 
-1.81314 -2.47473 1.29969 
-0.0946774 -1.20302 1.21685 
-0.43404 -0.0432316 -0.461148 
-4.21109 3.32102 1.62796 
