-0.759494 -0.204693 0.61747 -1.16624 -0.327376 0.940512 -0.0908924 -0.00646835 -0.562134 -0.271177 -0.781325 0.363753 0 0 0 1
-0.699415 0.149433 0.69892 -0.701618 -0.277342 0.844525 -0.458104 0.780145 -0.658711 -0.514244 -0.549229 0.079367 0 0 0 1
###
-8.67084 -12.7268 4.90995 
-0.707425 0.536281 0.257233 
-4.68995 -7.61088 -3.85881 
-2.05383 -0.701045 0.460573 
-1.43394 0.171808 1.28805 
-5.90521 -14.0007 -4.81564 
-2.78833 -8.35679 -6.18616 
-0.468248 -0.916672 0.308173 
-2.28737 -3.1446 -0.90586 
-2.449 0.583529 1.64728 
-1.20202 -3.65514 -2.19336 
-0.649941 -7.91967 -6.33473 
2.51459 -4.72612 -2.34206 
-2.13039 0.540799 0.900959 
-0.388202 0.0674545 0.310822 
-0.467948 -1.00425 0.224942 
-0.704937 0.492817 0.306964 
-1.79006 -4.03956 -2.32934 
0.543612 -5.35392 -1.58025 
0.0745911 -34.2169 -30.4834 
-4.80242 -7.68551 -3.9812 
-0.668985 -1.64487 1.10485 
-2.372 0.652616 1.62154 
0.516194 -1.38155 0.39996 
-2.1399 -2.22704 0.125498 
-0.331548 -1.40401 -0.128279 
-3.0333 -15.9088 -13.4073 
0.194916 -3.27969 -0.716965 
-0.663083 -1.66038 1.11393 
1.16455 -3.85793 -1.93932 
-0.469996 -0.954758 0.274838 
-1.75194 0.428081 -0.801728 
0.0867255 -1.5185 -1.18343 
-0.640791 -1.56303 -0.339062 
-3.81218 -5.14052 -1.48373 
-0.62161 -4.56447 1.30416 
-1.92257 0.385832 1.4876 
-2.14518 0.509923 0.418297 
-1.28127 -4.08916 -2.61375 
-2.48779 0.587142 1.65367 
-0.469143 -0.969171 0.263143 
-2.17592 -1.06804 0.579667 
-1.29539 -4.16764 -2.68596 
-2.7696 -6.97894 -4.81755 
-0.603332 -1.85609 0.743149 
-2.0177 0.466478 -0.0802197 
-0.469382 -0.47086 0.741682 

-2.83543 -3.84742 1.29007 
-0.304496 -0.783445 -0.469216 
0.925984 -5.35124 -1.15182 
-0.281708 -1.52877 -0.205555 
-1.82688 0.536423 0.986452 
-5.00292 -8.11518 7.8525 
-1.86277 -2.10959 1.68734 
31.9783 -36.7573 -4.21464 
-1.07474 -2.60177 0.507256 
-0.486305 -0.0342652 -0.419183 
29.7425 -36.6239 -5.45369 
-3.41533 -3.33125 2.91776 
8.00666 -12.2647 -2.15602 
-0.706954 0.0266608 -0.26021 
-0.857708 0.12461 -0.0487198 
2.71129 -3.58003 0.531232 
2.94676 0.172291 -3.62007 
13.789 -14.6478 0.024872 
-1.38223 -4.32144 1.75501 
-0.722453 -1.33191 0.85164 
3.18045 -15.8804 -5.62464 
-0.435068 -0.0447858 -0.450519 
-0.571 -0.0067285 -0.330122 
13.8143 -11.5952 6.21371 
-1.28263 -3.49626 4.80683 
2.30224 -3.87246 0.15703 
-0.844883 -2.69534 0.291941 
-1.67945 -4.73163 1.38612 
-1.71236 0.53491 0.985692 
8.13743 -19.0996 -5.56463 
-0.812495 -1.00279 1.34682 
-0.175296 -0.527883 0.942261 
-1.08616 -1.40101 0.809104 
2.82918 -3.67803 0.534395 
9.13097 -16.3965 -3.91176 
-0.801891 0.0671957 -0.172355 
-0.43404 -0.0432316 -0.461148 
1.29656 -0.149991 -0.898919 
-0.402068 -1.80225 0.0303504 
-0.493941 0.0582607 0.358357 
6.94986 -16.3638 -4.7209 
-0.809708 -0.875615 1.81556 
-1.13204 -1.75878 0.927391 
0.611529 -1.68849 0.584334 
-1.48491 -4.06033 1.49241 
-0.365145 -0.11718 -0.610336 
-0.413999 -2.70985 -0.0148958 
