-0.851324 -0.0847981 0.517742 -1.1488 -0.264855 0.921332 -0.284602 0.220834 -0.452879 -0.379415 -0.806812 0.335792 0 0 0 1
-0.707707 0.171871 0.685282 -0.669757 -0.240302 0.853572 -0.462244 0.79491 -0.664384 -0.491808 -0.562778 0.095582 0 0 0 1
###
-3.99716 -6.43603 -3.06564 
1.56851 -2.36936 0.400565 
1.17791 -3.87069 -1.87219 
-1.09601 -1.11856 0.543428 
-8.65664 -12.7187 4.92507 
-0.825353 -1.09625 0.0929667 
-3.72208 -7.79547 -4.81419 
1.37513 -2.1786 0.44488 
-2.06004 -3.08931 2.60358 
-2.12743 0.540896 0.901429 
-0.523801 0.198025 -0.107794 
-2.55977 -2.85813 -0.148985 
-0.46992 -0.947598 0.275009 
-0.801175 -0.745938 0.400466 
2.47575 -3.29204 0.00337068 
0.502707 -4.40866 -1.35123 
1.65276 -3.49915 -0.819177 
2.43783 -4.31223 -1.75569 
1.16142 -3.8632 -1.94231 
-3.21972 -3.83272 -0.544982 
1.42288 -2.19142 -0.519589 
0.651353 -2.01104 -0.250077 
-2.24092 -1.16981 0.586239 
-0.495879 0.275152 0.289111 
-1.62071 0.392577 -1.11012 
-0.631959 -1.01704 0.155731 
-0.748156 -0.540096 0.58603 
0.047604 -0.666967 -1.28469 
-0.103476 -1.64831 0.938824 
0.480142 -4.29612 -1.3006 
-1.10731 -1.30324 1.63934 
0.238345 -1.62441 -0.182347 
-1.73897 0.416157 -0.771832 
-2.62437 -3.75649 -1.35124 
-0.645874 -1.64482 -0.414971 
-0.742343 -0.52875 0.598568 
-3.88136 -7.11453 -0.504607 
-0.49204 0.00545013 0.00693193 
0.292894 -1.44452 0.144104 
-0.470472 -0.601449 0.605598 
-0.568459 -1.10973 0.0678284 
-1.12178 0.37388 -1.62422 
-2.18394 0.549047 0.677272 
-0.983448 -1.43719 -0.208503 
-1.34476 0.569183 -2.54754 
0.633739 -1.12313 0.555104 
-0.477337 -0.591966 0.612963 
-0.692648 -0.689525 0.460423 
-0.74177 -0.526256 0.600406 
-2.09991 0.493122 0.18723 
-6.7961 -36.2652 -31.3468 
-1.8172 -0.703929 0.617602 

-5.3148 -4.76848 6.34848 
0.92711 -1.90325 0.597046 
-1.15468 -1.79744 1.03324 
-5.00292 -8.11518 7.8525 
-0.156687 -0.528713 0.940725 
-6.58312 -5.63471 6.45697 
-0.535088 -0.835804 1.03751 
-1.77649 0.452604 0.787926 
-12.3586 -13.3428 21.673 
-0.571 -0.0067285 -0.330122 
-1.99686 0.586474 1.05464 
-0.993104 -1.21478 1.34516 
41.4412 -55.9945 -10.5212 
-6.72423 -6.09893 6.18048 
2.30224 -3.87246 0.15703 
-1.03834 -4.00115 1.57096 
-0.568675 -3.45889 0.171421 
-0.832094 -3.58916 -0.103764 
0.0353191 -7.29913 -1.4277 
-1.56836 -1.66346 1.88106 
0.925984 -5.35124 -1.15182 
-0.919159 -4.0161 -0.0874784 
-0.435544 -1.56344 -0.0578081 
1.22937 -0.194364 -1.01145 
-1.73549 0.438981 0.794063 
7.84033 -19.4416 -6.24254 
-2.32247 -2.59097 2.03906 
-1.19737 -0.722242 0.476592 
-1.54587 -4.22708 1.52554 
-1.5271 -4.35876 1.38196 
-0.162504 -0.548518 0.960978 
13.789 -14.6478 0.024872 
-0.855338 0.0960153 -0.103385 
-1.07474 -2.60177 0.507256 
6.94986 -16.3638 -4.7209 
-0.810376 -4.33588 -0.0174622 
-1.01412 -4.08659 2.02488 
0.161424 -0.893848 -1.03709 
-0.47952 -2.2908 0.125749 
2.32553 -2.97467 0.733057 
0.0422552 -2.80837 -0.14854 
-1.74126 0.51167 0.916924 
-0.458619 -0.680222 -0.315471 
-0.844883 -2.69534 0.291941 
3.60524 -1.55853 -0.308176 
2.82918 -3.67803 0.534395 
1.50064 -2.10034 0.856407 
2.92926 -4.35922 0.189359 
13.9776 -14.8616 -0.0889032 
-1.33784 0.258945 0.314862 
-1.28263 -3.49626 4.80683 
1.2946 -0.137027 -0.88301 
