-0.859491 -0.16599 0.483449 -1.10676 -0.282359 0.942583 -0.178355 0.11598 -0.426085 -0.289801 -0.85701 0.499309 0 0 0 1
-0.707707 0.171871 0.685282 -0.669757 -0.240302 0.853572 -0.462244 0.79491 -0.664384 -0.491808 -0.562778 0.095582 0 0 0 1
###
-0.264099 -0.55056 0.828147 
-0.707359 -0.294491 0.853154 
-0.703677 0.510418 0.287947 
-3.03133 -3.0465 0.59316 
0.946717 -5.49775 -1.8673 
-2.12955 0.541016 0.901185 
-2.36735 -3.28809 -1.02443 
-7.45528 -10.9537 -4.1891 
-1.05477 -1.05143 0.579742 
-0.186804 -10.946 -9.15004 
-5.85471 -13.8822 -4.77814 
-0.70331 0.493789 0.30894 
-1.63567 0.30301 0.93955 
-7.83942 -12.3289 6.91952 
-0.473065 -0.974754 0.244133 
0.412698 -7.06605 -5.43427 
1.51203 -0.597083 -0.724559 
-2.62034 -3.75497 -1.35008 
-2.67951 0.72017 0.696684 
-0.579479 -0.380977 0.804558 
-0.324278 -1.443 -0.165178 
3.43257 -3.99582 -0.352757 
-3.01363 -16.1954 -13.705 
-0.404043 -1.25239 -0.00915213 
0.432342 -0.377422 0.103515 
0.583389 -5.25948 -1.4061 
-2.29624 -1.16185 0.563776 
2.5951 -3.39132 -0.053665 
-0.468299 -0.97115 0.256419 
-1.62646 -9.20852 -7.42519 
-5.59524 -7.7288 -3.03933 
-2.41635 -4.03995 -2.07064 
-1.67398 0.410219 -1.01386 
-0.57988 -0.381519 0.803333 
-2.41193 -4.02174 -2.05427 
-1.62166 0.392189 -1.11029 
-0.64313 -1.61636 -0.388003 
-0.75091 -0.570264 0.59914 
-0.75071 -0.569233 0.599478 
-2.05479 0.47593 0.011694 
0.028962 -0.65902 -1.25361 
0.0869246 -1.51805 -1.18369 
-0.603972 -0.272561 0.974281 
-0.0969407 -1.69495 0.932671 
3.28792 -6.2994 -3.71147 
-2.14121 0.497365 0.428123 

-0.525327 -0.00312444 -0.317872 
-6.58312 -5.63471 6.45697 
-0.307627 -0.782273 -0.469775 
1.24027 -3.03561 0.126616 
-1.43302 -3.8774 1.20496 
-1.43355 0.293939 0.421677 
-1.07474 -2.60177 0.507256 
8.00666 -12.2647 -2.15602 
2.20128 -12.0702 -3.4725 
-1.29219 -1.41434 1.81282 
-1.48583 -4.94334 1.17767 
2.94676 0.172291 -3.62007 
-1.30458 0.225384 0.261991 
-1.10416 -2.32631 3.11157 
2.30224 -3.87246 0.15703 
-1.48386 -1.86603 1.34854 
-0.272962 -1.10662 -0.428811 
-5.62328 -5.17844 6.64797 
-0.0966923 -0.24327 -0.956412 
41.4412 -55.9945 -10.5212 
1.57587 -4.53598 -0.505449 
6.94986 -16.3638 -4.7209 
-5.29759 -5.82415 2.78973 
-0.468778 -3.17261 -0.0670426 
-0.279228 -1.10352 -0.416724 
-1.26338 -4.22544 1.7262 
-0.396042 -1.51038 0.0109332 
27.7638 -33.9671 -6.9095 
0.0353191 -7.29913 -1.4277 
0.394778 -2.11047 0.244691 
3.24251 -4.49334 0.216458 
-2.32233 -2.5774 2.03078 
-1.37554 0.318204 0.994306 
2.92926 -4.35922 0.189359 
29.7425 -36.6239 -5.45369 
-0.571 -0.0067285 -0.330122 
-0.993104 -1.21478 1.34516 
-0.914763 -4.16023 -0.0699908 
2.14503 -11.7574 -3.34106 
-1.45214 0.30622 0.426082 
-1.1543 -0.694884 0.52249 
-1.08616 -1.40101 0.809104 
-0.722453 -1.33191 0.85164 
-1.54587 -4.22708 1.52554 
-1.47515 -2.02196 1.00491 
-0.638842 0.0451569 -0.226389 
