-0.849124 -0.0843557 0.521414 -1.17488 -0.285371 0.903954 -0.318482 0.203817 -0.444469 -0.419227 -0.791641 0.208507 0 0 0 1
-0.699415 0.149433 0.69892 -0.701618 -0.277342 0.844525 -0.458104 0.780145 -0.658711 -0.514244 -0.549229 0.079367 0 0 0 1
###
-1.97863 -2.75133 2.43422 
1.718 -2.5233 0.371811 
3.08808 -5.4177 -1.86878 
-5.48445 2.26869 -0.342892 
3.85161 -5.94958 -1.71194 
-5.83718 -13.8414 -4.76872 
-0.320171 -4.03928 -2.55231 
-5.05053 -13.162 -9.96008 
-2.12643 0.54062 0.901524 
-1.32974 -1.69927 -0.386788 
1.5348 -2.44138 0.29916 
-3.99088 -2.9412 3.91658 
1.62852 -3.45821 -0.787751 
-4.45417 -7.24001 -3.57858 
-0.16346 -1.47724 -0.196017 
-0.294252 -4.01711 0.652059 
1.68929 -2.60233 0.261478 
-2.13423 0.542292 0.90188 
0.458835 -4.21516 -1.23967 
0.529694 -1.77091 -0.0638543 
-7.22585 -10.66 -4.10353 
-1.39171 -1.87295 -0.530129 
0.155979 -34.315 -30.5787 
-0.441873 -7.06371 -5.43179 
0.08295 -1.51277 -1.17449 
-0.481819 0.00191412 -0.00164431 
2.43207 -4.28308 -1.73385 
-1.79972 -1.70491 0.14905 
1.17176 -2.14517 0.378428 
-0.691355 -1.34265 1.05341 
0.0463787 -0.66643 -1.28304 
3.10129 -4.3487 -0.862637 
2.41713 -4.12234 -1.59362 
-0.758454 -3.44049 -2.20304 
-4.23873 -10.6678 -7.78256 
-1.67302 0.410576 -1.01416 
-1.79498 -0.777565 0.646308 
-1.84289 -0.810191 0.635048 
-0.662947 -1.55931 1.10015 
-2.16359 0.535262 -0.0270627 
-2.09817 0.466403 0.217942 
-1.49425 -9.99847 -7.98174 
-0.486727 0.00485036 0.0049118 
-0.594748 -0.0176685 0.236853 
-5.96263 -14.9514 -4.97192 
-0.0988911 -1.69141 0.934023 
-10.1085 -14.963 6.04186 
-0.558922 0.451176 0.160512 
0.927182 -5.29543 -1.76858 
-1.94973 0.461469 -0.266421 
-2.71138 -2.80945 0.391472 
-1.14327 -4.27684 -2.84248 
-0.487583 0.00618147 0.00461458 

-12.3586 -13.3428 21.673 
0.92711 -1.90325 0.597046 
1.24027 -3.03561 0.126616 
-1.30458 0.225384 0.261991 
8.13743 -19.0996 -5.56463 
-5.00292 -8.11518 7.8525 
2.32553 -2.97467 0.733057 
29.7425 -36.6239 -5.45369 
-1.57131 0.494757 1.07841 
-1.48386 -1.86603 1.34854 
0.0992223 -0.93906 0.79546 
-0.0966923 -0.24327 -0.956412 
2.095 -4.59815 -0.367386 
3.18045 -15.8804 -5.62464 
-1.81314 -2.47473 1.29969 
-1.03834 -4.00115 1.57096 
2.30224 -3.87246 0.15703 
-1.65277 0.526484 0.987312 
-1.5271 -4.35876 1.38196 
-0.75891 -3.19857 0.0021185 
-0.163402 -0.543405 0.958581 
-6.58312 -5.63471 6.45697 
-2.00952 -2.28946 1.83733 
-0.914763 -4.16023 -0.0699908 
-1.08616 -1.40101 0.809104 
-0.895948 0.136311 -0.0158848 
-0.832094 -3.58916 -0.103764 
-0.722453 -1.33191 0.85164 
6.06872 -8.6247 -0.929889 
-0.151276 -0.523693 0.937595 
-1.19737 -0.722242 0.476592 
-0.122735 -6.01985 -1.06966 
-3.99558 -4.47106 2.45826 
-1.02345 -1.62553 1.02161 
2.02303 -3.00841 0.498446 
-1.82688 0.536423 0.986452 
-2.74367 -3.73118 1.25479 
-0.805221 0.109207 -0.0890863 
-0.837444 0.109696 -0.0547487 
-1.33784 0.258945 0.314862 
-0.175296 -0.527883 0.942261 
16.1578 -23.7496 -4.40556 
-0.857708 0.12461 -0.0487198 
-0.486305 -0.0342652 -0.419183 
-4.9274 -7.89679 7.86803 
-1.48491 -4.06033 1.49241 
-3.67268 -7.85995 9.86069 
9.61984 -22.5239 -6.62734 
-1.37924 -4.31859 1.33031 
-0.571 -0.0067285 -0.330122 
0.449008 -3.23399 -0.0965814 
-3.36236 -3.32899 3.22143 
-0.849719 0.118556 -0.0527776 
