-0.838508 -0.129511 0.529275 -1.21119 -0.329151 0.894485 -0.302584 0.119494 -0.43424 -0.42793 -0.792661 0.0944295 0 0 0 1
-0.699415 0.149433 0.69892 -0.701618 -0.277342 0.844525 -0.458104 0.780145 -0.658711 -0.514244 -0.549229 0.079367 0 0 0 1
###
-1.21042 -2.27604 -1.03092 
-0.398569 -1.0335 0.149308 
-0.710971 -1.87373 0.755456 
-1.97932 -2.88754 -1.21356 
2.99884 -3.70862 -0.135562 
3.87657 -5.98362 -1.72295 
-5.82323 -13.8085 -4.7569 
-2.91376 -15.2655 -12.8758 
-2.79217 -8.38012 -6.21276 
0.689218 -4.87236 -3.26023 
-0.314755 -4.32926 -2.84708 
-0.708677 -8.53973 -6.88416 
-2.57402 -1.38223 0.518498 
-0.74294 -1.76649 0.749971 
0.556573 -5.39981 -1.59709 
-0.763396 -3.56936 -2.31367 
-0.0672351 -2.26705 -1.00241 
-0.566764 -2.67329 -1.42869 
-0.414072 -3.44 0.750312 
-2.29092 -1.15105 0.562115 
-0.540523 0.678299 -0.132954 
-9.2694 -13.6572 5.29237 
-0.481697 0.00156533 -0.00151173 
-0.53407 0.194858 -0.0978364 
-2.54428 -2.66273 0.0431458 
-1.74945 0.427181 -0.800387 
-0.0828725 -2.22509 -0.96561 
-1.7259 0.0230473 0.529412 
-0.487822 0.00602813 0.0046773 
-0.534574 -2.91887 -1.66354 
-5.99823 2.63542 -0.541989 
-2.40576 -2.18711 -0.0516863 
-5.81832 -14.5733 -4.84928 
-0.616208 -1.57836 -0.491042 
-0.306 -0.191109 0.113804 
-2.99565 -9.42989 -7.1519 
-2.56316 -0.743512 0.183669 
0.685318 -6.72805 -0.693978 
-0.748325 -1.76851 0.743476 
-2.19364 -1.07721 0.576393 
-0.245072 -0.205994 0.094518 
3.34797 -4.71316 -0.916148 
-0.486999 0.00490129 0.00489081 
-0.182348 0.567059 -0.302483 
-1.0955 0.219954 -1.08731 
1.83465 -3.30837 -0.996802 
-2.1764 0.544832 0.679563 
-0.325698 -3.19161 -1.90342 
0.106004 -7.10665 -5.48109 
0.125739 -7.60546 2.49161 
0.139097 -1.49601 -1.18722 
-0.759577 -1.58043 0.738456 
-1.95053 0.461799 -0.268269 
-1.98046 0.441603 -0.0555895 
-1.12125 0.371755 -1.61846 
-4.16912 -2.01502 0.13833 
-2.15318 0.492504 0.181184 
0.0877866 -1.51908 -1.18471 

-2.00952 -2.28946 1.83733 
13.9776 -14.8616 -0.0889032 
-1.55132 -4.30108 1.55697 
-1.86277 -2.10959 1.68734 
0.0992223 -0.93906 0.79546 
-0.993104 -1.21478 1.34516 
-5.00292 -8.11518 7.8525 
-0.844883 -2.69534 0.291941 
-1.6721 -2.01485 1.53901 
8.00666 -12.2647 -2.15602 
-0.722453 -1.33191 0.85164 
-2.32233 -2.5774 2.03078 
-0.396042 -1.51038 0.0109332 
-1.59537 -4.37427 1.53381 
-1.38608 -4.3898 1.75009 
-2.32247 -2.59097 2.03906 
-1.80242 -3.01014 0.925016 
-1.13204 -1.75878 0.927391 
-1.49713 -3.80974 1.25835 
-0.697842 0.0556942 -0.186584 
-0.4434 -0.0758233 -0.465399 
23.4293 -24.3251 5.49437 
-1.76752 0.608421 1.12105 
-0.156687 -0.528713 0.940725 
-0.941084 -3.10116 0.167394 
-1.73174 0.641144 1.19831 
2.02303 -3.00841 0.498446 
0.257848 -1.43649 0.760674 
-0.721365 0.0825449 -0.181273 
3.03272 -5.83753 -0.605232 
-9.96646 10.4051 1.52631 
-3.4285 -3.38332 3.35059 
-4.50521 -7.30122 7.14615 
-3.62741 -3.61791 3.20524 
-0.895948 0.136311 -0.0158848 
2.20128 -12.0702 -3.4725 
-0.669295 -0.810388 -0.0974046 
-0.22901 -1.14189 1.07236 
-1.54587 -4.22708 1.52554 
-0.789527 0.1055 -0.0826382 
-0.731341 0.0700586 -0.189894 
-0.0716807 -6.12566 -0.997334 
0.161424 -0.893848 -1.03709 
-0.743101 0.0769744 -0.156202 
-0.525327 -0.00312444 -0.317872 
-1.08117 -4.19877 -0.206932 
2.65584 -0.620149 -0.339816 
2.14503 -11.7574 -3.34106 
41.4412 -55.9945 -10.5212 
-0.643803 -0.00956593 0.893922 
-1.07607 -1.20959 0.686757 
-1.48491 -4.06033 1.49241 
-0.571 -0.0067285 -0.330122 
-0.357066 -0.111726 -0.60147 
-1.74126 0.51167 0.916924 
-0.837444 0.109696 -0.0547487 
-0.701253 0.0385396 -0.286299 
-1.11321 -1.42463 0.820194 
