-0.829026 -0.138256 0.541849 -1.24966 -0.336437 0.89729 -0.285799 0.0542654 -0.446683 -0.419233 -0.790391 -0.0869722 0 0 0 1
-0.699415 0.149433 0.69892 -0.701618 -0.277342 0.844525 -0.458104 0.780145 -0.658711 -0.514244 -0.549229 0.079367 0 0 0 1
###
-0.64187 -5.35869 -3.98648 
-2.86169 -2.78817 1.08471 
-2.48801 -5.68696 -3.66765 
-2.31142 -0.832554 0.420537 
-2.21529 -2.80447 2.15558 
0.559396 -5.31563 -1.58509 
3.00406 -5.33035 -1.83777 
0.577593 -1.65796 0.212547 
-0.666879 -7.75259 -6.17301 
-0.129698 0.527783 -0.653161 
0.0418542 -0.666229 -1.27013 
-2.86914 -2.69815 1.28883 
-1.75074 0.427905 -0.801918 
-0.399138 -1.03385 0.150878 
-0.82057 -0.600871 0.386199 
0.0303541 -33.3148 -29.7262 
-2.62779 -7.93679 -5.92354 
-0.868629 -1.70164 -0.660712 
-1.32487 -0.0922365 0.667812 
0.966812 -3.60296 -1.67834 
-2.39307 -2.18207 -0.0469995 
0.669177 -4.73444 -1.15578 
-2.2819 -2.37193 -0.0548693 
-2.6302 -2.60911 0.390292 
-2.11908 -0.682234 0.417425 
-1.73853 0.41531 -0.771436 
-0.265579 -5.72492 -4.37549 
2.29645 -4.1891 -1.72173 
1.43129 -3.8052 -1.93459 
-1.31276 -0.0978884 0.66592 
-7.83222 -15.7657 -2.173 
-2.14197 0.498817 0.424495 
1.15372 -5.69207 -1.95828 
0.557861 -5.40289 -1.59695 
-1.96068 -0.466157 0.258639 
-1.29557 0.385058 -1.58133 
-1.48034 0.37918 -1.54139 
-2.1169 0.503845 0.414313 
-1.61465 0.386108 -1.08834 
0.046855 -0.666152 -1.28435 
-0.467724 0.4077 -1.52615 
-1.838 0.435048 -0.539318 
1.39539 -6.50848 -4.76843 
2.64326 -5.84976 -3.31559 
-0.712011 -1.68194 0.740216 
-7.29111 -14.6803 -1.98818 
-2.11139 0.46844 0.221037 
0.53732 -5.31077 -1.54212 
-1.64127 0.393328 -1.04177 
-1.81857 0.43319 -0.582319 
-1.8741 0.429081 -0.361658 
-0.478532 -0.0161472 -0.0307281 
-0.000862342 -4.0099 -0.73306 

1.24027 -3.03561 0.126616 
-1.82813 -3.18749 0.894218 
-0.535088 -0.835804 1.03751 
-0.280041 -1.44086 -0.237661 
-4.49196 -9.17233 11.4493 
-1.38608 -4.3898 1.75009 
23.4293 -24.3251 5.49437 
13.8143 -11.5952 6.21371 
4.53068 -5.45133 0.445544 
1.0508 -0.229338 -0.77224 
-1.19737 -0.722242 0.476592 
-1.03959 -4.12559 -0.224327 
-0.801891 0.0671957 -0.172355 
9.08956 -9.24144 1.29131 
-0.810376 -4.33588 -0.0174622 
2.82918 -3.67803 0.534395 
28.6312 -38.8549 -6.75744 
-2.32247 -2.59097 2.03906 
-9.96646 10.4051 1.52631 
-1.56974 -3.57478 0.570263 
0.482496 -6.55778 -1.43012 
-1.2578 -4.73838 1.51891 
-5.29759 -5.82415 2.78973 
0.773379 -5.08641 -0.822983 
-1.05927 -0.614931 0.285422 
-0.837444 0.109696 -0.0547487 
29.7425 -36.6239 -5.45369 
25.4442 -23.7155 4.39312 
7.6821 -16.9837 -4.57965 
-4.21109 3.32102 1.62796 
-0.172387 -4.04543 2.28454 
-0.365145 -0.11718 -0.610336 
-1.37924 -4.31859 1.33031 
-1.38223 -4.32144 1.75501 
-0.458619 -0.680222 -0.315471 
-0.532544 0.21738 0.289494 
-0.855338 0.0960153 -0.103385 
-1.6989 0.495648 0.894127 
-0.4434 -0.0758233 -0.465399 
-1.1543 -0.694884 0.52249 
-1.45214 0.30622 0.426082 
-1.30458 0.225384 0.261991 
-1.9585 -2.3111 1.65591 
-3.4285 -3.38332 3.35059 
2.58695 -1.32731 -0.711238 
-0.127844 -1.10277 -0.629735 
-0.743101 0.0769744 -0.156202 
-1.35313 -4.25489 1.76175 
-0.486305 -0.0342652 -0.419183 
-0.525327 -0.00312444 -0.317872 
-0.638842 0.0451569 -0.226389 
-1.73174 0.641144 1.19831 
-0.262614 -3.45372 2.38052 
