-0.826801 -0.133581 0.546403 -1.22531 -0.342942 0.889682 -0.301425 0.0817806 -0.44586 -0.436603 -0.7814 -0.0101641 0 0 0 1
-0.699415 0.149433 0.69892 -0.701618 -0.277342 0.844525 -0.458104 0.780145 -0.658711 -0.514244 -0.549229 0.079367 0 0 0 1
###
-3.43619 -3.70758 0.580999 
-2.29813 -2.06353 2.12847 
-0.656856 -0.550717 0.613176 
1.19005 -3.89709 -1.89144 
-0.709674 -1.88053 0.755896 
-2.15468 -2.40663 -1.7479 
-5.84978 -13.8898 -4.79711 
-2.91659 -15.1038 -12.7155 
3.88393 -5.99611 -1.72796 
-0.544093 0.52582 -0.182503 
-2.12757 0.531336 0.671406 
0.5425 -5.16922 -1.42028 
-2.55226 -11.9755 -9.74751 
-0.521103 -8.68228 -6.98759 
0.0841397 -1.51433 -1.17819 
-2.40382 -2.45449 0.110231 
-1.89336 -1.73837 0.161134 
-2.62379 -7.98679 -5.9679 
0.406149 -6.9654 -5.334 
-0.616654 -1.82343 0.758785 
-1.67154 0.409218 -1.011 
-0.48157 0.00271771 -0.00406 
0.0996337 -33.6489 -29.9773 
-2.86802 -8.83914 -6.66781 
1.41093 -4.01213 -2.16272 
-0.268202 -5.6091 -4.27835 
-2.2009 -1.08259 0.575607 
-0.154343 -4.55777 -3.17426 
-2.05103 0.474589 0.0133224 
3.13543 -4.55716 -0.858374 
1.10377 -6.20494 -2.32904 
-1.24282 0.399248 -1.7147 
-1.40171 0.347604 -1.88486 
-2.64132 -2.6238 0.386268 
-1.63497 -3.12742 2.32211 
-1.65656 0.396637 -0.992808 
-2.12046 0.515217 0.0140516 
1.78698 -3.85781 -1.85634 
-0.589569 0.430167 -0.0751601 
-2.39057 -1.06663 0.495542 
-2.07378 -0.597229 0.364978 
-1.25391 0.391586 -1.67023 
-1.47831 0.375771 -1.53189 
-2.80061 -2.60128 1.24188 
-2.08066 0.484242 0.197572 
-2.1282 0.492068 0.431162 
0.349479 -6.92976 -5.29888 
0.227761 -8.8178 -7.13998 
0.201543 -4.82465 -0.960803 
-0.488179 0.0061146 0.00440632 
-0.705852 -0.506546 0.632812 
-1.75824 0.417778 -0.70889 
-1.81671 0.431725 -0.580321 
0.535416 -5.30278 -1.54133 
-1.50845 0.377329 -1.34744 
-1.95026 0.461587 -0.267833 

7.6821 -16.9837 -4.57965 
-0.75891 -3.19857 0.0021185 
0.0992223 -0.93906 0.79546 
-1.09023 -2.66765 0.519368 
-1.55132 -4.30108 1.55697 
13.9776 -14.8616 -0.0889032 
-5.00292 -8.11518 7.8525 
29.7425 -36.6239 -5.45369 
-2.73667 -2.66455 2.74919 
-0.4434 -0.0758233 -0.465399 
-1.57131 0.494757 1.07841 
-1.38608 -4.3898 1.75009 
-1.48386 -1.86603 1.34854 
-2.00952 -2.28946 1.83733 
-1.08616 -1.40101 0.809104 
-6.72423 -6.09893 6.18048 
4.53068 -5.45133 0.445544 
28.6312 -38.8549 -6.75744 
-1.03925 -1.79186 0.872781 
-1.37924 -4.31859 1.33031 
0.92711 -1.90325 0.597046 
-0.721365 0.0825449 -0.181273 
1.57587 -4.53598 -0.505449 
0.482496 -6.55778 -1.43012 
6.06872 -8.6247 -0.929889 
-6.83414 -8.98275 2.38233 
-0.789527 0.1055 -0.0826382 
-1.02345 -1.62553 1.02161 
1.29656 -0.149991 -0.898919 
-0.0610672 -4.10596 -0.318677 
-1.03834 -4.00115 1.57096 
-1.74126 0.51167 0.916924 
-1.90315 0.55449 1.04596 
2.02303 -3.00841 0.498446 
-0.914763 -4.16023 -0.0699908 
-1.77649 0.452604 0.787926 
-1.33784 0.258945 0.314862 
1.71026 -4.93754 -0.992416 
-0.525327 -0.00312444 -0.317872 
-0.805221 0.109207 -0.0890863 
-0.591093 0.00889594 -0.338181 
-0.486305 -0.0342652 -0.419183 
-1.73174 0.641144 1.19831 
0.119021 -0.854717 -1.0031 
-0.723027 0.0750113 -0.178233 
-0.43404 -0.0432316 -0.461148 
-1.81314 -2.47473 1.29969 
-2.32247 -2.59097 2.03906 
-0.598713 -3.28448 2.01872 
0.164299 -0.89718 -1.04992 
0.928495 -2.31258 0.41097 
-0.837444 0.109696 -0.0547487 
-0.571 -0.0067285 -0.330122 
-1.48491 -4.06033 1.49241 
-1.73549 0.438981 0.794063 
-0.357066 -0.111726 -0.60147 
