-0.837155 -0.142225 0.528151 -1.28883 -0.336263 0.895395 -0.29188 0.0104492 -0.431391 -0.421947 -0.79741 -0.225721 0 0 0 1
-0.699415 0.149433 0.69892 -0.701618 -0.277342 0.844525 -0.458104 0.780145 -0.658711 -0.514244 -0.549229 0.079367 0 0 0 1
###
1.20752 -3.93275 -1.91713 
-0.339704 -1.61723 -0.46503 
0.547986 -4.01503 -2.19988 
-1.869 -2.59352 -0.99333 
1.68007 -2.82519 -0.16211 
-2.82647 -2.73899 1.07763 
-4.12719 -6.93465 4.5701 
0.555041 -5.29553 -1.57827 
-1.67455 0.404705 -0.942378 
-0.140404 -3.05581 -1.86072 
0.44854 -4.25193 -0.911509 
-2.45855 0.492081 0.695662 
-1.72108 -0.910222 -1.94766 
-2.68467 -2.36001 2.30918 
2.78377 -4.81331 -2.10356 
-1.30675 -1.1958 1.03177 
-0.201404 -2.8753 -1.70279 
0.657575 -4.7895 -1.65122 
0.034751 -0.661116 -1.26178 
-0.12011 -3.1426 -1.95082 
-0.099521 -6.20921 0.784992 
-2.27841 -2.02949 0.0112909 
-2.45622 0.491204 0.695023 
6.19371 -6.78546 -0.571527 
-1.98297 -0.479499 -0.00679517 
-1.61985 0.392155 -1.10916 
1.16098 -3.87172 -1.94032 
-1.43835 -4.48301 -3.3087 
-2.13707 0.508218 0.419365 
-2.11773 -0.560368 0.302535 
-1.28338 0.378718 -1.57032 
-0.169241 -2.62577 -0.534172 
-2.18918 -1.07563 0.576616 
2.21732 -3.74696 -1.1219 
-1.67172 0.409988 -1.01281 
-1.73995 0.416268 -0.772468 
-1.822 0.43722 -0.588375 
-1.4162 0.0902002 -0.368737 
-2.13965 -2.69264 -0.692286 
-2.50446 0.52218 0.705191 
-6.51181 -12.9333 -1.79678 
-0.427888 -4.45884 0.768635 
0.534685 -4.96525 -3.51803 
-2.20491 -1.90927 0.0489246 
-0.107517 -2.08777 -0.874471 
-0.377462 -4.58361 0.717646 
-1.65493 0.395461 -0.988717 
-1.7653 0.438292 -0.814773 
-2.05907 0.474103 0.0486478 
0.905783 -5.47565 -1.34005 
1.28052 -4.15538 -2.05981 
2.12367 -3.6707 -1.08641 
-2.1166 0.471698 0.219056 
-1.85638 0.436869 -0.475414 
-1.53976 -0.059042 -1.3799 
-1.1566 0.374042 -1.67014 
-1.95017 0.461901 -0.267339 
-6.00423 -15.0694 -5.03083 
-1.64315 0.395109 -1.04501 
-0.363559 -4.67072 0.713166 
0.272564 0.491699 -1.11999 
-5.43555 -7.31723 4.06171 
-2.10227 0.458757 0.204338 
1.35423 -3.90981 -2.06692 
-2.28654 -0.909871 0.49082 
-1.67747 0.384367 -1.02127 
2.26209 -12.2522 -10.0596 
0.343384 0.49371 -1.09124 

4.53068 -5.45133 0.445544 
13.9776 -14.8616 -0.0889032 
-1.9585 -2.3111 1.65591 
-0.535088 -0.835804 1.03751 
0.0992223 -0.93906 0.79546 
-1.41599 -2.54691 0.8655 
-0.917702 -4.77406 -0.544025 
-1.38608 -4.3898 1.75009 
-1.30458 0.225384 0.261991 
2.82918 -3.67803 0.534395 
-1.2578 -4.73838 1.51891 
-4.21109 3.32102 1.62796 
1.11884 -0.239956 -0.549694 
-4.60459 -10.5665 13.1971 
-1.86277 -2.10959 1.68734 
-0.163099 -0.544497 0.958939 
-1.13204 -1.75878 0.927391 
-1.67945 -4.73163 1.38612 
-1.19737 -0.722242 0.476592 
-0.812495 -1.00279 1.34682 
-0.486017 -4.07189 2.52182 
-1.56836 -1.66346 1.88106 
-9.96646 10.4051 1.52631 
0.92711 -1.90325 0.597046 
-0.107908 -0.673258 -0.839244 
-0.486305 -0.0342652 -0.419183 
-0.810376 -4.33588 -0.0174622 
-2.32247 -2.59097 2.03906 
-1.65277 0.526484 0.987312 
-0.669295 -0.810388 -0.0974046 
-0.621427 0.0374234 -0.25616 
-1.38181 -4.20682 1.36107 
-0.805221 0.109207 -0.0890863 
-0.75891 -3.19857 0.0021185 
-1.82688 0.536423 0.986452 
-0.801891 0.0671957 -0.172355 
-0.365145 -0.11718 -0.610336 
-0.638842 0.0451569 -0.226389 
-5.3148 -4.76848 6.34848 
-0.643803 -0.00956593 0.893922 
-0.172387 -4.04543 2.28454 
-0.758158 -3.78144 2.09211 
8.00666 -12.2647 -2.15602 
-1.81314 -2.47473 1.29969 
2.32553 -2.97467 0.733057 
-0.729691 -4.01768 2.27012 
-1.74126 0.51167 0.916924 
-0.855338 0.0960153 -0.103385 
-1.33784 0.258945 0.314862 
-1.03834 -4.00115 1.57096 
-1.56974 -3.57478 0.570263 
-0.703599 -3.10053 0.0681675 
-1.56843 0.363127 0.554221 
-1.57733 0.363169 0.557291 
-0.807802 -0.64871 -0.0182762 
2.83391 -1.02341 -0.19791 
-0.456479 -0.0740957 -0.523607 
-4.50521 -7.30122 7.14615 
-1.77649 0.452604 0.787926 
-0.348642 -2.77328 1.97253 
0.442529 -0.566692 -1.69039 
-3.67268 -7.85995 9.86069 
-0.701253 0.0385396 -0.286299 
-1.47563 -3.20199 0.560024 
-0.509263 0.127669 -0.0621979 
-0.366572 -0.0847741 -0.553185 
-0.993104 -1.21478 1.34516 
-1.76752 0.608421 1.12105 
