-0.83543 -0.123711 0.535493 -1.3234 -0.363421 0.855263 -0.369393 -0.165024 -0.412289 -0.503211 -0.759471 -0.382552 0 0 0 1
-0.707707 0.171871 0.685282 -0.669757 -0.240302 0.853572 -0.462244 0.79491 -0.664384 -0.491808 -0.562778 0.095582 0 0 0 1
###
0.381541 -3.29385 -1.99759 
-3.33585 -3.16808 2.49029 
-3.21011 -2.89068 2.60133 
1.22731 -3.97371 -1.94758 
11.28 -10.9226 -0.473946 
0.551206 -5.27882 -1.5725 
-1.7494 0.425058 -0.797819 
-1.41305 -0.817125 -0.0786652 
2.61359 -11.557 -9.23296 
-2.47495 -2.19176 1.90323 
1.18762 -4.8005 -3.15218 
-0.409797 -4.31254 0.519489 
-1.14789 0.35773 -1.60168 
-2.58971 -3.11865 1.04944 
-1.90413 0.452549 -0.392608 
-1.67326 0.411254 -1.01567 
-3.33462 -6.61747 -1.91241 
-3.08565 0.840443 0.500981 
1.32379 -6.09024 -2.18304 
0.858596 -2.64325 -0.929824 
1.15887 -3.86356 -1.93607 
1.28049 -2.62431 0.0573267 
-1.90261 0.445308 -0.344868 
0.841452 -1.61733 -0.164122 
-1.85472 0.435504 -0.473013 
1.43402 -9.26083 -7.34884 
-1.18282 -11.2435 -9.59595 
-0.349911 -4.01594 0.161761 
-2.12475 -1.80375 0.0885391 
-2.01183 -2.43554 -0.513941 
-1.30877 -0.1719 0.208333 
-1.28314 0.377554 -1.56832 
0.942055 -5.27724 -1.86511 
1.90283 -7.78992 -3.09229 
-1.61396 0.375065 -1.06115 
2.45386 -4.45795 -1.97999 
-1.94829 0.46122 -0.265445 
-2.1926 -1.07778 0.575925 
-0.317742 -3.99917 0.0395158 
-1.31603 -2.64753 -1.82355 
-2.08855 -4.39583 -2.51007 
-0.307511 0.686241 -0.884035 
-1.08639 0.629248 -2.49353 
-1.95289 0.448391 -0.158811 
-1.81763 0.432943 -0.581278 
-1.31221 -2.6585 -1.82872 
0.54764 -3.53357 -2.28905 
-2.13013 -1.80408 0.08696 
-1.15906 -0.821274 0.495732 
-0.347385 -4.59551 0.534832 
0.842477 -5.42151 -1.98326 
0.048666 -1.60737 -0.218716 
2.38519 -4.29015 -1.76939 
-5.99018 -15.0393 -5.02313 
-1.9463 0.439228 -0.149239 
-1.2536 0.392766 -1.67138 
-2.31582 -0.648978 0.294131 
-2.05205 0.471588 0.0222089 
0.205993 -4.64221 -3.36268 
0.469933 -24.9386 -22.103 

-1.48386 -1.86603 1.34854 
-0.156687 -0.528713 0.940725 
-12.3586 -13.3428 21.673 
0.0353191 -7.29913 -1.4277 
-4.92067 -4.42354 5.9243 
-1.38608 -4.3898 1.75009 
-0.801891 0.0671957 -0.172355 
-6.58312 -5.63471 6.45697 
-2.73667 -2.66455 2.74919 
-4.60459 -10.5665 13.1971 
0.0422552 -2.80837 -0.14854 
-0.203819 -2.3771 1.57866 
-1.77649 0.452604 0.787926 
-1.48491 -4.06033 1.49241 
-1.45214 0.30622 0.426082 
-0.357066 -0.111726 -0.60147 
-4.21109 3.32102 1.62796 
-9.96646 10.4051 1.52631 
-1.29851 -3.49526 1.13861 
1.21633 -3.70885 -0.340244 
-6.83414 -8.98275 2.38233 
6.06872 -8.6247 -0.929889 
-1.30458 0.225384 0.261991 
-1.33416 0.380859 1.12451 
-0.0966923 -0.24327 -0.956412 
-2.00952 -2.28946 1.83733 
-1.29219 -1.41434 1.81282 
-0.486017 -4.07189 2.52182 
-1.81314 -2.47473 1.29969 
-1.29409 -4.51821 1.4288 
-0.525327 -0.00312444 -0.317872 
-1.71445 0.500172 0.902777 
-1.49073 -4.39796 1.35415 
-1.03834 -4.00115 1.57096 
-0.571 -0.0067285 -0.330122 
-3.99558 -4.47106 2.45826 
-1.33784 0.258945 0.314862 
-0.422964 -1.49745 -0.0945721 
-1.01412 -4.08659 2.02488 
8.00666 -12.2647 -2.15602 
-2.03176 -3.26628 1.0364 
-1.06363 -1.61301 0.917348 
3.60524 -1.55853 -0.308176 
-0.743101 0.0769744 -0.156202 
-0.199422 -0.172703 -0.757967 
0.773379 -5.08641 -0.822983 
-1.77183 -3.57527 0.765783 
-0.163402 -0.543405 0.958581 
-0.172387 -4.04543 2.28454 
-0.262614 -3.45372 2.38052 
-1.55132 -4.30108 1.55697 
-0.832094 -3.58916 -0.103764 
-1.03959 -4.12559 -0.224327 
-1.54587 -4.22708 1.52554 
-0.721365 0.0825449 -0.181273 
0.0442312 -0.850533 -0.941395 
-0.478078 -0.259222 -0.311309 
-0.701453 0.0287562 -0.276033 
-1.28263 -3.49626 4.80683 
-0.993104 -1.21478 1.34516 
