-0.809342 -0.206176 0.549961 -1.30231 -0.421739 0.855703 -0.299849 -0.177239 -0.408782 -0.47462 -0.779509 -0.313875 0 0 0 1
-0.699415 0.149433 0.69892 -0.701618 -0.277342 0.844525 -0.458104 0.780145 -0.658711 -0.514244 -0.549229 0.079367 0 0 0 1
###
2.46358 -4.33409 -1.77275 
17.5379 -16.4913 -3.34339 
-2.82701 -2.73951 1.07763 
-8.59787 -12.1355 6.24324 
-5.7946 -6.92988 3.70911 
-1.74967 0.427427 -0.808354 
0.55242 -5.2839 -1.57467 
3.40061 -5.44414 -2.56093 
-1.45198 -0.634284 0.686826 
1.2362 -3.98262 -1.9567 
-1.14805 0.359879 -1.60648 
0.732334 -5.48471 -1.90708 
-1.74659 0.425467 -0.796383 
0.251607 -4.34423 -2.99754 
-0.327016 -4.11022 -2.62086 
-1.22014 -0.0868007 -0.12858 
-2.15404 -1.11893 0.600786 
-2.14332 -0.87428 0.553305 
3.5696 -5.65362 -1.58269 
-1.21637 -0.953434 -0.102576 
-1.62022 0.392609 -1.1099 
-2.79834 -3.50586 -3.01071 
-41.1083 -71.187 2.66137 
-2.14073 0.491206 0.193881 
-4.88516 -8.64451 5.58724 
-1.97401 -0.543566 0.351608 
-0.248758 -23.5465 -20.8085 
-1.84582 -3.16996 -1.60583 
-0.598873 -1.69861 -0.753584 
0.544 -4.91413 -3.45796 
1.42739 -3.80369 -1.93192 
-2.18794 -1.07509 0.576513 
-1.31677 -1.42618 1.13191 
0.683904 -4.78335 -1.17097 
0.332925 -3.84693 -1.1393 
-1.36295 -0.733554 0.752235 
-1.57919 0.392287 -1.24608 
-1.85583 0.436566 -0.474201 
-1.94987 0.461837 -0.266778 
0.569028 -3.82542 -2.38171 
2.11904 -14.5263 -12.1502 
-1.16005 -9.77901 -8.25977 
-2.01505 -1.90288 0.0676974 
-0.648319 -4.19222 1.26225 
-1.65622 0.396655 -0.990727 
-1.29973 0.396493 -1.61504 
-2.16312 -1.85226 0.0694562 
0.650289 -4.09231 -2.60814 
3.18496 -18.8919 -16.0897 
-0.542787 -4.03666 -2.9871 
-2.27869 -0.812793 0.439629 
-2.11126 -2.5859 -0.550017 
-0.603619 -4.87471 1.54946 
0.0042724 -4.68767 -0.444373 
-1.54636 -2.06346 1.63885 
0.674581 -4.10481 -1.59588 
-4.25722 -7.38865 4.845 
-1.61597 0.387766 -1.09149 
-1.81703 0.43268 -0.580732 
-2.12214 0.474099 0.217799 
-6.02737 -15.1364 -5.0612 
-1.89625 -2.05385 -0.347977 
0.166758 -4.74518 -3.40034 
-0.932547 -1.86153 -1.03343 
5.24138 -6.10893 -0.28796 
-1.51099 0.380478 -1.35471 
-1.95732 0.451949 -0.161839 
-1.03685 -0.544497 0.237736 
-1.96565 -2.20429 -0.422066 
0.0360923 -4.752 -0.495986 
-0.934455 -1.83337 -1.00372 

1.71026 -4.93754 -0.992416 
27.7638 -33.9671 -6.9095 
-1.14544 -2.08598 0.820394 
2.30224 -3.87246 0.15703 
3.18045 -15.8804 -5.62464 
-1.56843 0.363127 0.554221 
-1.38608 -4.3898 1.75009 
8.00666 -12.2647 -2.15602 
-6.00725 -3.63273 9.4509 
7.6821 -16.9837 -4.57965 
0.92711 -1.90325 0.597046 
-1.55132 -4.30108 1.55697 
-0.16512 -0.526123 0.94262 
2.095 -4.59815 -0.367386 
28.6312 -38.8549 -6.75744 
-1.73549 0.438981 0.794063 
-0.448695 -1.47178 -0.0777534 
2.4938 -1.62368 -0.740681 
14.8452 -15.2937 1.1794 
1.85898 -4.90089 -1.00053 
-0.4434 -0.0758233 -0.465399 
-0.163402 -0.543405 0.958581 
-6.83414 -8.98275 2.38233 
-1.57733 0.363169 0.557291 
-12.3586 -13.3428 21.673 
-1.05927 -0.614931 0.285422 
4.53068 -5.45133 0.445544 
-1.9585 -2.3111 1.65591 
-0.844883 -2.69534 0.291941 
0.773379 -5.08641 -0.822983 
-1.81314 -2.47473 1.29969 
-0.697842 0.0556942 -0.186584 
-0.163099 -0.544497 0.958939 
-1.2578 -4.73838 1.51891 
-1.49073 -4.39796 1.35415 
-0.160818 -0.538528 0.955685 
-0.571 -0.0067285 -0.330122 
-1.34346 0.259578 0.314429 
-1.45214 0.30622 0.426082 
-1.48386 -1.86603 1.34854 
-3.36236 -3.32899 3.22143 
-10.1191 -10.9998 4.66702 
-2.00952 -2.28946 1.83733 
-0.486017 -4.07189 2.52182 
-0.486305 -0.0342652 -0.419183 
-1.71236 0.53491 0.985692 
0.482496 -6.55778 -1.43012 
-1.90429 -3.36103 0.962946 
-1.56836 -1.66346 1.88106 
-0.640934 -0.871223 1.21441 
-0.284156 -1.24489 -0.373722 
-3.81453 -3.69915 6.07229 
-0.343957 -3.89247 2.57661 
0.169817 -1.19174 0.81755 
-6.58312 -5.63471 6.45697 
-1.03834 -4.00115 1.57096 
-3.67268 -7.85995 9.86069 
-1.30458 0.225384 0.261991 
-0.525327 -0.00312444 -0.317872 
-0.743101 0.0769744 -0.156202 
-4.9274 -7.89679 7.86803 
-5.3148 -4.76848 6.34848 
9.13097 -16.3965 -3.91176 
35.8514 -37.5823 -0.855282 
0.449008 -3.23399 -0.0965814 
-0.816299 0.0963331 -0.104726 
1.0508 -0.229338 -0.77224 
0.394778 -2.11047 0.244691 
-5.62328 -5.17844 6.64797 
0.198174 -1.2727 0.80473 
6.94986 -16.3638 -4.7209 
