-0.822559 -0.143407 0.550301 -1.31592 -0.416043 0.811461 -0.410414 -0.226695 -0.387691 -0.566539 -0.727138 -0.41417 0 0 0 1
-0.707707 0.171871 0.685282 -0.669757 -0.240302 0.853572 -0.462244 0.79491 -0.664384 -0.491808 -0.562778 0.095582 0 0 0 1
###
0.556561 -4.03874 -2.22015 
-2.26748 -1.92227 1.27675 
2.11529 -4.68898 -2.57664 
-2.89031 -3.37833 3.11033 
-1.81022 -2.2643 -0.719671 
-0.681836 -1.71445 -0.300661 
-2.02404 -1.01828 0.0372021 
0.951509 -5.51642 -1.8717 
-2.13226 -4.46876 -2.62819 
-5.67155 -13.4524 -4.62112 
-0.12923 -2.87293 -1.78797 
-2.5838 -3.06689 1.04877 
-1.20962 0.23488 -1.19845 
-1.67294 0.410985 -1.01478 
-1.42598 -0.691512 0.66413 
-0.268699 -23.2874 -20.5469 
0.892655 -2.69876 -0.954718 
1.16693 -3.88857 -1.95089 
-1.28762 0.38618 -1.59504 
-1.82263 0.4685 -0.702802 
-1.82107 0.436825 -0.587489 
-1.85415 0.434845 -0.471958 
-1.62204 0.393377 -1.11315 
-1.21738 -10.5266 -8.92769 
-0.0134716 -4.96393 -0.244127 
-2.06322 -0.678769 0.425061 
-1.2139 0.213784 -1.12669 
0.722697 -4.90426 -1.20771 
0.555128 -5.38763 -1.59105 
-1.82107 0.436825 -0.587489 
-0.0747101 -5.11305 -3.92776 
-1.47556 0.37535 -1.53114 
-1.61826 0.38928 -1.09603 
1.44722 -3.8301 -1.95543 
-1.30108 -2.57252 -1.7601 
-1.88991 -3.09761 -1.50436 
0.0374492 -0.662938 -1.26803 
-1.49812 0.45528 -1.80738 
0.92484 -6.83293 -5.20632 
-1.81633 0.431918 -0.579383 
1.2642 -4.03233 -2.1032 
-1.65514 -0.861488 0.392962 
-2.11754 -1.78552 0.094667 
0.54158 -5.32816 -1.55099 
-1.51167 0.380408 -1.35589 
-1.8969 0.79352 -1.88777 
-1.8086 0.424494 -0.572951 
-1.25001 0.382201 -1.64058 
-1.94727 0.439571 -0.148887 
-0.743035 -24.4724 -21.4396 
-1.58286 0.386545 -1.21958 
-0.759294 -2.41047 -1.60756 
-1.83994 0.413307 -0.436605 
-2.23266 -0.874202 0.494666 
-1.53619 0.434562 -0.686089 

-1.5692 -1.95405 1.56007 
27.7638 -33.9671 -6.9095 
0.0353191 -7.29913 -1.4277 
-4.60459 -10.5665 13.1971 
-0.941084 -3.10116 0.167394 
-1.55132 -4.30108 1.55697 
-1.47515 -2.02196 1.00491 
-1.5271 -4.35876 1.38196 
-1.48386 -1.86603 1.34854 
-0.643803 -0.00956593 0.893922 
-6.72423 -6.09893 6.18048 
-1.54587 -4.22708 1.52554 
-1.74126 0.51167 0.916924 
-1.82688 0.536423 0.986452 
-0.914763 -4.16023 -0.0699908 
2.30224 -3.87246 0.15703 
-0.832094 -3.58916 -0.103764 
-1.56974 -3.57478 0.570263 
-1.71445 0.500172 0.902777 
-1.43355 0.293939 0.421677 
-0.4434 -0.0758233 -0.465399 
-1.21365 0.200103 0.175542 
-0.571 -0.0067285 -0.330122 
-1.86277 -2.10959 1.68734 
-0.729691 -4.01768 2.27012 
-0.411029 -1.71617 -0.00764406 
3.60524 -1.55853 -0.308176 
-1.2578 -4.73838 1.51891 
-0.30634 -3.66525 2.2182 
-0.365145 -0.11718 -0.610336 
-3.36236 -3.32899 3.22143 
-1.76752 0.608421 1.12105 
-0.525327 -0.00312444 -0.317872 
-1.09023 -2.66765 0.519368 
7.84033 -19.4416 -6.24254 
-0.333815 -2.13652 0.291037 
-1.19737 -0.722242 0.476592 
-1.72836 0.640501 1.1996 
-1.6721 -2.01485 1.53901 
-0.357066 -0.111726 -0.60147 
-1.52698 -3.28017 0.558247 
-9.96646 10.4051 1.52631 
0.201831 -1.69189 0.464934 
-1.35313 -4.25489 1.76175 
-1.77649 0.452604 0.787926 
-1.908 0.519248 0.928715 
-0.366572 -0.0847741 -0.553185 
1.2946 -0.137027 -0.88301 
-0.538344 0.00907321 -0.34222 
1.85898 -4.90089 -1.00053 
-1.56843 0.363127 0.554221 
-2.73667 -2.66455 2.74919 
2.08679 -0.193166 -0.588033 
-0.509263 0.127669 -0.0621979 
-1.6989 0.495648 0.894127 
