-0.815882 -0.472625 -0.333111 -0.999772 -0.347932 0.861415 -0.370011 -0.129122 0.461823 -0.185985 -0.867254 0.832341 0 0 0 1
-0.707707 0.171871 0.685282 -0.669757 -0.240302 0.853572 -0.462244 0.79491 -0.664384 -0.491808 -0.562778 0.095582 0 0 0 1
###
0.778186 -4.48797 -2.62117 
1.23926 -3.98627 -1.9618 
3.22878 -5.61689 -1.95087 
-0.725221 -1.62903 -0.829815 
-1.14638 0.35632 -1.59716 
0.805133 -5.97922 -1.65944 
1.01039 -4.30419 -2.26504 
5.0049 -5.8897 -0.288604 
0.419911 -1.61523 0.350673 
-1.74755 0.42456 -0.796304 
-2.00493 -1.3565 0.0996178 
-1.04093 -0.729125 -0.118815 
-0.35608 -22.7582 -20.0735 
-0.429447 -4.18827 0.504905 
0.541332 -5.23476 -1.55486 
8.68486 -8.8805 2.95488 
0.449565 -1.63701 0.354546 
-1.82065 0.436997 -0.584638 
-1.40259 -0.0374676 0.125214 
-0.593405 -0.751282 0.345019 
-1.21961 -0.712258 -0.110142 
-1.67155 0.41059 -1.01446 
-0.195428 -0.20678 0.134583 
0.533479 -5.16473 -1.42566 
-0.117888 0.0472765 0.34728 
-1.50154 0.0725222 -0.0389416 
-1.28525 0.379162 -1.58181 
1.00825 -2.51141 -0.681781 
0.142172 -5.88779 -4.60021 
-0.34473 0.502527 -1.79811 
-0.4365 0.103331 -0.107311 
1.50722 -0.597323 -0.721425 
0.789354 -0.449387 -0.95991 
-1.04109 -0.731347 -0.118556 
-0.678644 -0.687107 0.40533 
-1.61848 0.3902 -1.09882 
0.245785 -4.80424 0.138068 
0.0476508 -4.90401 -0.462005 
-1.24763 0.38111 -1.63803 
-1.04109 -0.731975 -0.117858 
-1.81727 0.433131 -0.581425 
0.475671 0.493568 -0.995762 
1.74359 -11.0626 -8.95184 
1.63163 -0.577298 -0.715425 
0.22633 -0.161015 -0.410333 
0.538837 -0.322418 -1.06435 
0.0463833 -0.665882 -1.28189 
-1.15664 0.375412 -1.67656 
-1.89855 0.446309 -0.386953 
0.343325 0.491736 -1.08806 
-1.082 -0.666918 -0.0573095 
1.42275 -1.27051 -0.871761 
0.0879567 -1.51954 -1.18515 
-5.98817 -14.9966 -5.00985 
-0.349472 -4.60723 0.534604 
0.0310281 -4.93623 0.866792 
0.24489 -4.79451 0.14138 
-1.87237 0.45163 -0.486803 
-1.51041 0.380616 -1.35572 
7.19979 -7.40396 -0.374915 
-0.529232 -2.83061 -0.0972529 
-5.10828 -12.1159 -3.90143 
-1.03667 -1.36584 -0.681935 

-1.9585 -2.3111 1.65591 
0.0353191 -7.29913 -1.4277 
8.13743 -19.0996 -5.56463 
-1.29219 -1.41434 1.81282 
0.92711 -1.90325 0.597046 
-1.38608 -4.3898 1.75009 
-1.48386 -1.86603 1.34854 
12.3746 -21.1881 -4.65795 
31.3398 -39.4852 -7.06862 
-1.76752 0.608421 1.12105 
-1.57733 0.363169 0.557291 
8.00666 -12.2647 -2.15602 
-6.58312 -5.63471 6.45697 
-0.906902 -0.0964051 1.15458 
-0.668815 -3.8165 1.94486 
41.4412 -55.9945 -10.5212 
3.24251 -4.49334 0.216458 
-0.516639 -0.0451863 -0.46134 
-0.365145 -0.11718 -0.610336 
-3.36236 -3.32899 3.22143 
-2.32233 -2.5774 2.03078 
-0.357066 -0.111726 -0.60147 
-1.04567 -1.40452 0.772089 
-0.30634 -3.66525 2.2182 
-0.723027 0.0750113 -0.178233 
-1.33784 0.258945 0.314862 
-1.82688 0.536423 0.986452 
-0.832094 -3.58916 -0.103764 
-0.993104 -1.21478 1.34516 
-1.45408 0.30574 0.429117 
-0.865489 0.124018 -0.0513851 
-0.272962 -1.10662 -0.428811 
-0.532712 -1.11707 -0.120404 
2.02303 -3.00841 0.498446 
6.94986 -16.3638 -4.7209 
-0.4434 -0.0758233 -0.465399 
-0.645377 -4.04901 1.83965 
-1.10036 0.00559064 1.21497 
-1.74126 0.51167 0.916924 
2.92926 -4.35922 0.189359 
-0.525327 -0.00312444 -0.317872 
1.0508 -0.229338 -0.77224 
0.0422552 -2.80837 -0.14854 
-0.22434 -1.1207 -0.514419 
-0.457292 -0.743695 -0.278646 
-0.755832 -0.688534 -0.0446088 
-1.19737 -0.722242 0.476592 
-0.366572 -0.0847741 -0.553185 
-0.731341 0.0700586 -0.189894 
-0.848534 0.121355 0.00686014 
2.14503 -11.7574 -3.34106 
-0.422964 -1.49745 -0.0945721 
-1.08616 -1.40101 0.809104 
-1.48491 -4.06033 1.49241 
0.198174 -1.2727 0.80473 
-1.17093 -7.63956 2.68452 
-0.384813 -2.57847 1.50744 
-0.837444 0.109696 -0.0547487 
-0.816299 0.0963331 -0.104726 
4.83179 -8.06624 -1.37276 
0.180613 -1.22659 0.810064 
-1.54587 -4.22708 1.52554 
-4.47382 -4.11231 4.75166 
