-0.912776 -0.355023 0.201987 -1.33355 -0.407958 0.816896 -0.407739 -0.208599 -0.0202453 -0.454577 -0.890477 0.15293 0 0 0 1
-0.707707 0.171871 0.685282 -0.669757 -0.240302 0.853572 -0.462244 0.79491 -0.664384 -0.491808 -0.562778 0.095582 0 0 0 1
###
-2.73125 -2.5318 1.21809 
11.1327 -10.8171 -0.471925 
-1.42205 -0.558446 -0.552047 
3.70286 -4.68705 -0.122832 
-2.94608 -2.78898 1.31773 
0.702708 -5.65646 -1.50822 
0.544651 -5.24883 -1.56165 
-1.16199 0.397356 -1.73164 
0.554618 -4.02405 -2.21214 
1.43085 -2.48658 0.273708 
-1.86261 -2.00735 -0.324788 
-1.0015 -0.65978 0.0520555 
-5.24467 -7.15309 3.08685 
3.17128 -5.53683 -1.9114 
-0.802427 -0.827826 -0.0134782 
0.316727 -3.91751 -0.851891 
0.553679 -5.37996 -1.58848 
-1.67341 0.411569 -1.0156 
-1.15018 -0.750692 -0.102776 
-1.20204 -0.682994 0.336258 
-2.59775 -3.13424 1.0562 
-1.62292 0.394547 -1.11496 
-1.82106 0.436993 -0.587411 
-1.90505 0.453152 -0.393256 
-1.74942 0.425189 -0.797584 
-1.14722 0.356763 -1.59704 
-1.2062 -0.665981 0.337214 
-0.935447 -0.735147 -0.0055427 
0.365462 0.491073 -1.08603 
-0.800126 -0.83162 -0.0147429 
1.18095 -3.92903 -1.97528 
0.339523 -3.38962 -2.2093 
-1.62836 -9.11624 -7.37566 
0.286444 -1.88324 -0.378838 
-1.62004 0.391074 -1.09982 
-1.81777 0.433259 -0.581054 
-1.83293 0.432549 -0.533539 
-1.89538 0.446121 -0.383395 
-1.20441 -0.744765 -0.126913 
0.455262 0.479965 -0.974649 
0.345585 0.486616 -1.07623 
-0.516383 -4.96344 -3.81508 
-1.74654 0.422446 -0.780215 
-2.1112 -1.77663 0.0979812 
1.50927 -0.597116 -0.722804 
2.19065 -2.3641 -0.322431 
-0.810844 -7.14926 -5.80924 
-1.02037 0.447394 -0.913529 
0.296018 -5.2106 -1.04902 
0.697257 -2.45077 -0.822136 
-1.08737 -0.666357 -0.0222156 
-1.20463 -0.744315 -0.128032 
-0.34864 -4.60177 0.533892 
-1.12517 0.383187 -1.65379 
0.0880425 -1.51933 -1.18659 
3.34785 -6.38538 -3.76536 
-0.244781 -9.23644 -7.75545 
-1.25127 0.385388 -1.64998 
-0.468487 0.406043 -1.52262 
-1.47836 0.376907 -1.53549 
-1.68499 0.389476 -1.0335 
-2.09534 -0.536977 0.292876 
-1.77012 0.427449 -0.725275 
9.10731 -9.01833 1.74544 
-1.15828 0.376924 -1.68004 
1.51554 -2.7932 0.0895363 
-1.07492 -2.20347 -1.42785 
-0.508315 0.390863 -1.50856 
-1.05002 -1.63024 -0.91534 
-1.46496 0.309668 -1.33749 
-1.89923 0.445155 -0.346206 
-2.40911 -2.71271 0.969148 
-1.84172 -1.77938 -0.196936 

-0.153343 -0.525756 0.938906 
3.40841 -3.21698 1.70653 
-4.92067 -4.42354 5.9243 
-6.7933 -7.34651 3.61655 
-0.743101 0.0769744 -0.156202 
-1.26338 -4.22544 1.7262 
-1.38608 -4.3898 1.75009 
-1.72083 0.425848 0.806009 
-1.9585 -2.3111 1.65591 
3.24251 -4.49334 0.216458 
-0.702129 0.0367332 0.912386 
-1.09023 -2.66765 0.519368 
-0.158231 -0.530556 0.943631 
14.8452 -15.2937 1.1794 
-2.00952 -2.28946 1.83733 
-1.2578 -4.73838 1.51891 
-0.668815 -3.8165 1.94486 
-1.37554 0.318204 0.994306 
8.00666 -12.2647 -2.15602 
-0.486017 -4.07189 2.52182 
-1.48491 -4.06033 1.49241 
-0.4434 -0.0758233 -0.465399 
-0.357066 -0.111726 -0.60147 
-0.365145 -0.11718 -0.610336 
-0.855338 0.0960153 -0.103385 
-1.77649 0.452604 0.787926 
-1.01412 -4.08659 2.02488 
-0.87782 -2.40842 0.449391 
0.442046 -0.567727 -1.69088 
-1.48386 -1.86603 1.34854 
-1.35995 -3.15012 0.668032 
-1.6721 -2.01485 1.53901 
2.92926 -4.35922 0.189359 
-0.832094 -3.58916 -0.103764 
-0.571 -0.0067285 -0.330122 
-0.525327 -0.00312444 -0.317872 
-1.33784 0.258945 0.314862 
-1.82688 0.536423 0.986452 
-10.1191 -10.9998 4.66702 
-0.697842 0.0556942 -0.186584 
0.442529 -0.566692 -1.69039 
-2.32233 -2.5774 2.03078 
-1.76752 0.608421 1.12105 
0.482496 -6.55778 -1.43012 
-0.272962 -1.10662 -0.428811 
0.119021 -0.854717 -1.0031 
0.0353191 -7.29913 -1.4277 
-0.701453 0.0287562 -0.276033 
-0.262614 -3.45372 2.38052 
-1.03959 -4.12559 -0.224327 
-0.535088 -0.835804 1.03751 
13.789 -14.6478 0.024872 
-0.729691 -4.01768 2.27012 
-0.486305 -0.0342652 -0.419183 
-1.11321 -1.42463 0.820194 
-2.52161 -3.53288 1.27745 
-3.41533 -3.33125 2.91776 
0.0442312 -0.850533 -0.941395 
-1.45214 0.30622 0.426082 
-1.73174 0.641144 1.19831 
-1.908 0.519248 0.928715 
-0.509263 0.127669 -0.0621979 
-0.805221 0.109207 -0.0890863 
1.626 -4.66916 -0.537649 
-0.43404 -0.0432316 -0.461148 
2.20128 -12.0702 -3.4725 
-2.32247 -2.59097 2.03906 
-1.43355 0.293939 0.421677 
7.6821 -16.9837 -4.57965 
-1.72836 0.640501 1.1996 
-0.731341 0.0700586 -0.189894 
-0.257115 -3.6667 2.51577 
-0.941084 -3.10116 0.167394 
