-0.749524 -0.0588119 -0.65936 -0.717018 0.166295 0.947377 -0.273537 0.554965 0.64075 -0.314671 -0.700302 0.920627 0 0 0 1
-0.707707 0.171871 0.685282 -0.669757 -0.240302 0.853572 -0.462244 0.79491 -0.664384 -0.491808 -0.562778 0.095582 0 0 0 1
###
-1.10592 -1.26531 -0.591652 
-0.576031 -6.38026 -5.11114 
0.541891 -5.22883 -1.55001 
2.04046 -4.5677 -2.49692 
-0.584446 -1.88929 0.851359 
-0.0884888 -1.85329 0.963203 
18.3286 -16.8956 3.31756 
0.534847 -5.15792 -1.42486 
-0.382734 -22.5301 -19.8558 
-1.92736 -3.48643 -1.86424 
-1.28213 0.37086 -1.55835 
0.701334 -7.55985 -5.85907 
2.86474 -10.6075 -7.85168 
1.29985 -2.37208 0.176787 
-0.10228 -4.7994 -0.0383395 
-0.657322 -4.8834 -3.75695 
1.3978 -0.254652 -0.737867 
0.364929 0.48818 -1.08187 
-1.14557 0.356228 -1.59918 
-0.41769 0.101759 0.368579 
13.8736 -13.2693 6.21351 
2.16507 -3.10934 0.75997 
-0.17303 -1.53308 -0.23463 
5.98914 -6.68739 -0.326985 
-0.209066 -4.39783 -0.00943404 
-1.15474 -10.5939 -9.00065 
3.80957 0.522245 0.494244 
2.28627 -0.29206 -0.473363 
1.50317 -0.596984 -0.718009 
0.659874 -4.6549 -1.66215 
-0.289621 -2.73774 -1.72418 
1.07714 -2.86464 -1.04022 
2.59357 -1.33055 2.9347 
-0.828536 0.0535745 0.436169 
0.342071 0.489654 -1.08421 
-1.74771 0.425169 -0.79728 
1.3834 -0.249628 -0.735415 
4.03801 -6.55373 -2.25573 
-1.4725 0.372948 -1.52193 
-1.57977 0.389776 -1.23448 
0.934664 -5.95614 -4.42729 
3.74068 -4.46459 0.00880195 
4.15155 -4.66238 0.906436 
0.0195256 -2.37605 1.09593 
-1.74183 0.420609 -0.776799 
-0.448103 -0.027305 -0.0624777 
1.47053 -0.596031 -0.710795 
3.87698 -8.10694 -4.61622 
1.65634 -5.83067 -3.6953 
8.06776 -8.36621 4.03345 
8.57163 -8.81212 2.62419 
0.939796 -0.616257 -0.906116 
-1.62049 0.394376 -1.1139 
0.0527935 -2.44017 1.10731 
0.997764 -0.00209659 -0.816988 
1.63129 -0.576622 -0.71457 
-0.395362 0.5709 0.47829 
5.34187 -6.20524 -0.293889 
1.25805 -0.406771 -1.41044 
0.516618 0.509223 -1.10798 
-1.24626 0.379329 -1.63284 
1.27133 -1.4483 -0.775188 
5.15554 -5.91324 2.86359 
0.0730377 -1.25129 -1.13729 
-1.15469 0.374681 -1.67513 

-0.993104 -1.21478 1.34516 
-2.00952 -2.28946 1.83733 
-1.38608 -4.3898 1.75009 
-3.62741 -3.61791 3.20524 
-1.48491 -4.06033 1.49241 
-1.40509 -4.11168 1.67164 
6.94986 -16.3638 -4.7209 
-1.26338 -4.22544 1.7262 
-1.6721 -2.01485 1.53901 
-1.9585 -2.3111 1.65591 
-1.71445 0.500172 0.902777 
-3.41533 -3.33125 2.91776 
-3.36236 -3.32899 3.22143 
31.3398 -39.4852 -7.06862 
-0.758158 -3.78144 2.09211 
-0.812495 -1.00279 1.34682 
-0.307627 -0.782273 -0.469775 
0.442046 -0.567727 -1.69088 
0.92711 -1.90325 0.597046 
1.2946 -0.137027 -0.88301 
2.30224 -3.87246 0.15703 
21.7953 -26.2474 -3.58757 
-1.47563 -3.20199 0.560024 
-1.48386 -1.86603 1.34854 
-0.262614 -3.45372 2.38052 
-1.5692 -1.95405 1.56007 
1.39039 -0.879139 -2.09122 
0.182896 -1.08311 -1.00315 
-0.279228 -1.10352 -0.416724 
-1.55132 -4.30108 1.55697 
-1.02345 -1.62553 1.02161 
-0.832094 -3.58916 -0.103764 
-0.561783 0.275612 0.245294 
0.630564 -2.09076 -0.979975 
0.442529 -0.566692 -1.69039 
-0.855338 0.0960153 -0.103385 
-0.313977 -0.771646 -0.470278 
-0.568675 -3.45889 0.171421 
-0.837444 0.109696 -0.0547487 
-0.0966923 -0.24327 -0.956412 
0.773379 -5.08641 -0.822983 
3.18045 -15.8804 -5.62464 
13.4788 -30.6129 -10.9973 
-0.257115 -3.6667 2.51577 
-1.76752 0.608421 1.12105 
0.180336 -1.08045 -0.993999 
-0.276582 -1.10165 -0.424449 
-1.56974 -3.57478 0.570263 
-1.82813 -3.18749 0.894218 
5.2709 -12.6363 -3.52856 
2.92926 -4.35922 0.189359 
-0.593732 -0.997251 -0.143506 
2.83391 -1.02341 -0.19791 
0.198174 -1.2727 0.80473 
-0.52887 -1.20599 -0.156892 
-0.22434 -1.1207 -0.514419 
-0.721365 0.0825449 -0.181273 
0.449008 -3.23399 -0.0965814 
-0.726951 -0.721419 -0.0668881 
-0.807921 0.0708221 -0.16833 
-1.72207 0.553816 1.00334 
-0.410559 -1.68376 -0.0138491 
7.73594 -8.32038 2.55948 
-0.422964 -1.49745 -0.0945721 
-1.6989 0.495648 0.894127 
