-0.669689 -0.173668 -0.72205 -0.65088 0.06593 0.95453 -0.290733 0.429674 0.739709 -0.242306 -0.627788 1.00724 0 0 0 1
-0.699415 0.149433 0.69892 -0.701618 -0.277342 0.844525 -0.458104 0.780145 -0.658711 -0.514244 -0.549229 0.079367 0 0 0 1
###
-1.54639 -0.0576374 -1.39712 
-2.07458 -1.83696 -0.423727 
1.2366 -3.98024 -1.95765 
5.51985 -15.6452 -12.3204 
-0.595088 -0.80034 0.290204 
-0.159296 -1.17602 0.425841 
2.7796 -0.898983 2.9794 
0.11574 -5.58373 -0.130345 
-4.70219 -4.16774 -2.77582 
-0.405099 -4.31376 0.51616 
0.122461 -1.41311 0.45281 
-1.00236 0.377021 -1.75807 
-0.418947 0.101896 0.371104 
0.680329 -5.30607 -1.81075 
2.75618 -0.460446 2.85554 
0.0158644 -1.32683 0.442144 
-0.387787 -22.4931 -19.7786 
0.997605 -0.458346 -1.13652 
-0.418598 0.101097 0.370417 
0.532801 -5.14601 -1.41985 
0.539681 -5.21874 -1.54505 
-1.6209 0.394839 -1.11506 
1.88733 -3.87889 -1.43445 
2.10684 -0.873866 2.54366 
-0.165203 -4.55895 -0.015479 
-0.119553 0.0332083 0.289216 
-0.0201517 -4.52985 -0.443052 
-0.615952 -1.82144 0.759815 
-1.57896 0.394071 -1.25189 
-1.61714 0.390497 -1.09939 
4.28228 -4.95068 0.991161 
1.44853 -1.15512 -0.898098 
-0.256227 -4.21256 0.00955928 
-0.45093 -0.027761 -0.0605415 
1.50258 -0.597172 -0.717805 
-1.29714 0.397215 -1.61835 
2.37944 -4.38913 -1.9498 
0.789857 -0.445667 -0.96432 
1.55298 -6.91745 -5.11787 
-0.178499 0.613892 0.636985 
2.81242 0.836748 2.42546 
3.78397 0.51607 0.490351 
3.32944 -5.6808 -2.29135 
0.339179 0.488109 -1.08076 
-1.24544 0.442022 -1.82821 
0.872674 -0.407889 -1.09356 
-0.436508 -0.950525 0.427545 
1.3052 -1.13706 -0.825535 
-1.47327 0.374037 -1.52559 
4.49604 -5.34413 2.84789 
-0.724874 0.521795 0.135043 
-0.649478 -0.765837 0.399572 
-1.17331 -0.46261 0.299105 
5.59769 -5.85729 0.9949 
6.10853 -6.7901 -0.334008 
-0.283301 0.434024 -1.47978 
-0.447728 -0.0271145 -0.0625894 
-0.332267 0.136471 -0.159637 
-0.174617 -0.140159 -0.0138665 
-1.5038 0.391324 -1.30336 
4.28984 -5.13774 2.75554 
0.194765 -4.79372 -0.955775 
6.55869 -7.21252 -0.361061 
-1.19768 -0.37583 0.313863 
-0.364202 -4.55907 0.553946 
-0.713096 0.541507 0.130644 
0.139748 -1.14903 -1.27158 
1.27079 -1.44787 -0.774791 

-0.366572 -0.0847741 -0.553185 
-12.3586 -13.3428 21.673 
-1.09023 -2.66765 0.519368 
-3.62741 -3.61791 3.20524 
0.394778 -2.11047 0.244691 
0.0353191 -7.29913 -1.4277 
-0.428264 -1.61664 -0.055165 
-1.01412 -4.08659 2.02488 
-0.175296 -0.527883 0.942261 
-0.778248 -0.664531 -0.0253196 
-0.16059 -0.537836 0.954564 
-1.73549 0.438981 0.794063 
-0.849719 0.118556 -0.0527776 
-1.03834 -4.00115 1.57096 
-0.504728 0.210825 -0.0110713 
2.82918 -3.67803 0.534395 
-0.993104 -1.21478 1.34516 
-0.532712 -1.11707 -0.120404 
-0.857708 0.12461 -0.0487198 
-1.26338 -4.22544 1.7262 
-1.40509 -4.11168 1.67164 
3.60524 -1.55853 -0.308176 
5.2709 -12.6363 -3.52856 
2.89771 -1.36896 -0.0479522 
-0.343957 -3.89247 2.57661 
-0.458619 -0.680222 -0.315471 
-0.486017 -4.07189 2.52182 
-1.54587 -4.22708 1.52554 
-0.4434 -0.0758233 -0.465399 
-0.525327 -0.00312444 -0.317872 
-2.00952 -2.28946 1.83733 
-0.425929 -1.39601 -0.118417 
-0.262614 -3.45372 2.38052 
-0.941103 0.174692 -0.173357 
-0.272962 -1.10662 -0.428811 
-1.71236 0.53491 0.985692 
-0.832094 -3.58916 -0.103764 
-0.612109 -0.924169 -0.12194 
-1.81314 -2.47473 1.29969 
-0.445231 0.092689 0.123511 
2.08679 -0.193166 -0.588033 
1.39039 -0.879139 -2.09122 
-1.01944 -4.79396 -0.148651 
-1.57733 0.363169 0.557291 
-1.6989 0.495648 0.894127 
-0.457292 -0.743695 -0.278646 
4.53068 -5.45133 0.445544 
-0.312991 -1.42855 -0.450395 
-1.72836 0.640501 1.1996 
-0.722453 -1.33191 0.85164 
-1.31251 0.227077 0.256809 
1.83452 -2.86942 0.395767 
0.219215 -1.32418 0.800018 
1.85898 -4.90089 -1.00053 
0.773379 -5.08641 -0.822983 
-1.34346 0.259578 0.314429 
-0.743101 0.0769744 -0.156202 
-1.71445 0.500172 0.902777 
0.161424 -0.893848 -1.03709 
-0.791049 0.114873 -0.0923094 
6.06872 -8.6247 -0.929889 
0.169817 -1.19174 0.81755 
2.20128 -12.0702 -3.4725 
0.180613 -1.22659 0.810064 
0.198174 -1.2727 0.80473 
-0.279228 -1.10352 -0.416724 
-0.430275 -1.56154 -0.0515088 
-0.411029 -1.71617 -0.00764406 
