-0.669689 -0.173668 -0.72205 -0.65088 0.06593 0.95453 -0.290733 0.429674 0.739709 -0.242306 -0.627788 1.00724 0 0 0 1
-0.707707 0.171871 0.685282 -0.669757 -0.240302 0.853572 -0.462244 0.79491 -0.664384 -0.491808 -0.562778 0.095582 0 0 0 1
###
-1.54639 -0.0576374 -1.39712 
-2.07458 -1.83696 -0.423727 
1.2366 -3.98024 -1.95765 
5.51985 -15.6452 -12.3204 
-0.595088 -0.80034 0.290204 
1.15853 -3.01299 -0.97875 
-0.159296 -1.17602 0.425841 
2.7796 -0.898983 2.9794 
0.11574 -5.58373 -0.130345 
-4.70219 -4.16774 -2.77582 
-0.405099 -4.31376 0.51616 
0.122461 -1.41311 0.45281 
-1.00236 0.377021 -1.75807 
-0.418947 0.101896 0.371104 
0.680329 -5.30607 -1.81075 
2.75618 -0.460446 2.85554 
0.0158644 -1.32683 0.442144 
-0.387787 -22.4931 -19.7786 
0.997605 -0.458346 -1.13652 
-0.418598 0.101097 0.370417 
0.532801 -5.14601 -1.41985 
0.539681 -5.21874 -1.54505 
-1.6209 0.394839 -1.11506 
1.88733 -3.87889 -1.43445 
-0.517493 -0.0518403 -0.0285466 
-0.119553 0.0332083 0.289216 
-0.0201517 -4.52985 -0.443052 
-0.615952 -1.82144 0.759815 
-1.57896 0.394071 -1.25189 
-1.61714 0.390497 -1.09939 
4.28228 -4.95068 0.991161 
1.44853 -1.15512 -0.898098 
0.288359 -3.89075 -2.62053 
-0.256227 -4.21256 0.00955928 
1.50258 -0.597172 -0.717805 
-1.29714 0.397215 -1.61835 
2.37944 -4.38913 -1.9498 
0.789857 -0.445667 -0.96432 
-0.178499 0.613892 0.636985 
2.81242 0.836748 2.42546 
3.78397 0.51607 0.490351 
3.32944 -5.6808 -2.29135 
0.339179 0.488109 -1.08076 
-1.24544 0.442022 -1.82821 
3.29316 -4.09393 0.833818 
0.872674 -0.407889 -1.09356 
-0.436508 -0.950525 0.427545 
1.3052 -1.13706 -0.825535 
-1.24424 0.377807 -1.62745 
-1.47327 0.374037 -1.52559 
4.49604 -5.34413 2.84789 
-0.724874 0.521795 0.135043 
-0.649478 -0.765837 0.399572 
-1.17331 -0.46261 0.299105 
5.59769 -5.85729 0.9949 
6.10853 -6.7901 -0.334008 
-0.283301 0.434024 -1.47978 
-0.447728 -0.0271145 -0.0625894 
-0.332267 0.136471 -0.159637 
-0.174617 -0.140159 -0.0138665 
4.28984 -5.13774 2.75554 
0.194765 -4.79372 -0.955775 
6.55869 -7.21252 -0.361061 
-1.19768 -0.37583 0.313863 
-0.364202 -4.55907 0.553946 
-0.713096 0.541507 0.130644 
0.139748 -1.14903 -1.27158 
1.27079 -1.44787 -0.774791 

-0.366572 -0.0847741 -0.553185 
-12.3586 -13.3428 21.673 
-1.09023 -2.66765 0.519368 
-6.58312 -5.63471 6.45697 
0.394778 -2.11047 0.244691 
8.13743 -19.0996 -5.56463 
0.0353191 -7.29913 -1.4277 
-0.428264 -1.61664 -0.055165 
-1.01412 -4.08659 2.02488 
-0.697842 0.0556942 -0.186584 
-0.778248 -0.664531 -0.0253196 
-0.16059 -0.537836 0.954564 
-1.73549 0.438981 0.794063 
1.2946 -0.137027 -0.88301 
-1.03834 -4.00115 1.57096 
-0.504728 0.210825 -0.0110713 
1.57587 -4.53598 -0.505449 
-0.993104 -1.21478 1.34516 
-0.532712 -1.11707 -0.120404 
-0.857708 0.12461 -0.0487198 
-1.26338 -4.22544 1.7262 
-1.40509 -4.11168 1.67164 
3.60524 -1.55853 -0.308176 
5.2709 -12.6363 -3.52856 
-0.791049 0.114873 -0.0923094 
-0.458619 -0.680222 -0.315471 
-0.486017 -4.07189 2.52182 
-1.54587 -4.22708 1.52554 
-0.357066 -0.111726 -0.60147 
-0.525327 -0.00312444 -0.317872 
-2.00952 -2.28946 1.83733 
-0.425929 -1.39601 -0.118417 
-1.81314 -2.47473 1.29969 
-0.758158 -3.78144 2.09211 
-0.272962 -1.10662 -0.428811 
-1.71236 0.53491 0.985692 
-0.832094 -3.58916 -0.103764 
-0.475419 -0.297831 -0.312316 
0.634929 -2.10125 -0.98852 
0.442046 -0.567727 -1.69088 
1.39039 -0.879139 -2.09122 
-0.914763 -4.16023 -0.0699908 
-1.57733 0.363169 0.557291 
-1.6989 0.495648 0.894127 
6.94986 -16.3638 -4.7209 
-0.457292 -0.743695 -0.278646 
7.6821 -16.9837 -4.57965 
-0.418666 -1.41178 -0.0892883 
0.0442312 -0.850533 -0.941395 
-1.72836 0.640501 1.1996 
-0.722453 -1.33191 0.85164 
-1.37554 0.318204 0.994306 
0.482496 -6.55778 -1.43012 
0.219215 -1.32418 0.800018 
13.4788 -30.6129 -10.9973 
2.14503 -11.7574 -3.34106 
-1.34346 0.259578 0.314429 
0.180336 -1.08045 -0.993999 
-1.71445 0.500172 0.902777 
0.161424 -0.893848 -1.03709 
0.0422552 -2.80837 -0.14854 
0.169817 -1.19174 0.81755 
2.20128 -12.0702 -3.4725 
0.180613 -1.22659 0.810064 
0.198174 -1.2727 0.80473 
-0.279228 -1.10352 -0.416724 
-0.430275 -1.56154 -0.0515088 
-0.28908 -1.57049 -0.214616 
