-0.586946 -0.254483 -0.768592 -0.575368 -0.0115009 0.951842 -0.306375 0.331694 0.809544 -0.170986 -0.561607 1.06116 0 0 0 1
-0.707707 0.171871 0.685282 -0.669757 -0.240302 0.853572 -0.462244 0.79491 -0.664384 -0.491808 -0.562778 0.095582 0 0 0 1
###
1.39245 -0.256183 -0.733541 
0.765502 -5.88009 -1.65656 
-0.246709 -1.42373 -0.19942 
0.749918 -4.24567 -1.58706 
12.3199 -11.9904 5.83408 
-0.0984735 -1.22524 0.42653 
-0.712735 0.538278 0.124593 
-0.618989 -1.80525 0.76162 
5.73184 -6.53486 -0.353124 
13.2778 -14.3534 11.5587 
4.48251 -10.2736 -5.9539 
4.66369 -5.57584 -0.229472 
0.166858 0.655871 0.94648 
-1.14421 0.355703 -1.59961 
-1.47183 0.481743 -1.66753 
0.533344 -5.15305 -1.42295 
-0.442332 0.0886063 0.373046 
-1.83796 -1.26607 -0.49445 
0.335489 -1.61823 0.756634 
-0.961428 -0.482586 0.309842 
-1.81498 -1.17996 -0.501984 
-1.36964 -0.976891 -0.18683 
-0.17351 -4.536 -0.0112096 
2.64251 0.775659 2.76341 
0.538886 -5.2165 -1.54016 
-0.450192 0.0853513 0.36862 
6.07843 -6.77482 -0.328174 
7.00025 -10.3898 10.2953 
0.367038 -1.64789 0.765016 
-0.945466 -0.494983 0.311409 
0.941794 -2.85565 -1.22782 
-0.323359 -0.999942 0.279195 
-1.47073 0.371957 -1.52013 
-1.62001 0.394375 -1.11541 
-0.396994 0.113054 0.374034 
-0.505166 -0.048923 -0.0334668 
0.341172 0.487601 -1.08156 
-0.0894992 -1.86988 0.974621 
-1.00032 -0.445063 0.297638 
0.499223 -2.34678 -0.927724 
1.49989 -0.597765 -0.715623 
2.11103 -3.05795 0.359764 
0.562745 -0.730318 -0.607826 
-0.546872 -8.22635 -6.7619 
0.219864 -5.47811 -0.643458 
2.28001 -0.292704 -0.470212 
0.550368 -2.41165 -0.976097 
1.3843 -0.251185 -0.735508 
0.787739 -0.446341 -0.962354 
1.03851 -0.0291775 -0.829656 
6.72734 -8.84239 7.93694 
-0.991833 -0.477873 0.354448 
0.505045 -1.77468 0.801374 
0.0412369 -3.87156 -2.65432 
-0.579007 -7.69285 -6.27925 
-0.80727 -0.106749 -0.0149552 
2.04281 -4.23401 -2.16565 
-1.24309 0.379004 -1.63402 
0.0468779 -3.86731 -2.65957 
-1.07657 -0.825876 0.412314 
3.78021 0.514903 0.488981 
2.13975 0.708765 0.939388 
3.01979 -0.577865 2.13308 
-0.505216 0.386515 -1.50043 
-1.50845 0.380925 -1.35814 
1.18432 -4.02428 -1.97302 
-0.71935 0.540437 0.118602 

-0.816299 0.0963331 -0.104726 
-1.38608 -4.3898 1.75009 
-0.993104 -1.21478 1.34516 
-1.21284 -1.39162 2.33003 
28.6312 -38.8549 -6.75744 
-6.58312 -5.63471 6.45697 
-0.104134 -0.726809 -0.781065 
-1.48491 -4.06033 1.49241 
-2.00952 -2.28946 1.83733 
0.394778 -2.11047 0.244691 
-1.77183 -3.57527 0.765783 
-1.48386 -1.86603 1.34854 
-0.43404 -0.0432316 -0.461148 
0.92711 -1.90325 0.597046 
-0.789527 0.1055 -0.0826382 
-1.40509 -4.11168 1.67164 
-1.6989 0.495648 0.894127 
-1.56843 0.363127 0.554221 
2.14503 -11.7574 -3.34106 
-1.6721 -2.01485 1.53901 
-0.513405 0.132787 -0.0706395 
-1.9585 -2.3111 1.65591 
-0.758158 -3.78144 2.09211 
2.99576 -0.0690433 -0.816762 
-1.01412 -4.08659 2.02488 
1.2946 -0.137027 -0.88301 
-10.1191 -10.9998 4.66702 
-1.08117 -4.19877 -0.206932 
-1.5692 -1.95405 1.56007 
7.84033 -19.4416 -6.24254 
-1.81314 -2.47473 1.29969 
-1.29219 -1.41434 1.81282 
-0.801891 0.0671957 -0.172355 
-0.4434 -0.0758233 -0.465399 
0.634929 -2.10125 -0.98852 
-0.837444 0.109696 -0.0547487 
0.442529 -0.566692 -1.69039 
-1.5271 -4.35876 1.38196 
1.20591 -10.8432 -3.01652 
-1.56836 -1.66346 1.88106 
-0.272962 -1.10662 -0.428811 
2.82918 -3.67803 0.534395 
-0.502118 -1.26103 -0.107943 
-1.15468 -1.79744 1.03324 
-0.262614 -3.45372 2.38052 
0.182896 -1.08311 -1.00315 
2.71129 -3.58003 0.531232 
-0.311411 -0.854888 -0.486393 
-0.601081 -0.941138 -0.119159 
-0.64335 -0.962857 -0.196371 
-3.62741 -3.61791 3.20524 
4.04569 -6.01938 -0.153597 
12.3746 -21.1881 -4.65795 
-5.29759 -5.82415 2.78973 
-3.41533 -3.33125 2.91776 
-0.743101 0.0769744 -0.156202 
-0.468778 -3.17261 -0.0670426 
-1.71236 0.53491 0.985692 
-0.87782 -2.40842 0.449391 
-0.0946774 -1.20302 1.21685 
1.39039 -0.879139 -2.09122 
-0.435068 -0.0447858 -0.450519 
2.50541 -1.32649 -0.770934 
-1.43355 0.293939 0.421677 
-1.82688 0.536423 0.986452 
-2.95523 -6.64014 0.172353 
-0.697842 0.0556942 -0.186584 
