-0.58427 -0.190313 -0.788929 -0.579451 -0.0348637 0.977104 -0.209887 0.184676 0.81081 -0.0951257 -0.577528 1.06455 0 0 0 1
-0.707707 0.171871 0.685282 -0.669757 -0.240302 0.853572 -0.462244 0.79491 -0.664384 -0.491808 -0.562778 0.095582 0 0 0 1
###
0.620636 -4.13412 -2.31317 
-1.14481 0.355846 -1.60123 
1.12167 -3.01469 -0.939002 
0.536985 -5.21364 -1.53814 
12.3137 -11.9974 5.85305 
2.48788 -3.4704 1.34846 
5.79532 -6.55547 -0.358683 
2.43175 -0.0351493 2.78751 
3.33362 -5.75681 -1.99883 
1.77338 -2.8201 0.973445 
-0.309307 0.14414 -0.217416 
-1.57747 0.392769 -1.25148 
0.921002 -4.59686 -1.77169 
3.59355 -5.68825 -2.67645 
-0.0557812 0.0513824 0.368746 
2.47905 -0.017893 2.9321 
-1.00733 -0.967949 0.138994 
-0.487859 0.57508 0.537339 
-0.116869 0.0426344 0.350951 
-1.12081 0.38289 -1.65906 
13.8516 -13.2719 6.23249 
0.626348 -1.82464 0.675399 
3.99461 -4.53601 0.418602 
8.6829 -8.72533 -0.558271 
-0.1859 -4.07233 -0.30185 
-0.461764 0.405274 -1.52706 
0.381043 0.495008 -1.09608 
3.27056 -5.57867 -2.25451 
2.94172 0.0664547 3.11458 
0.717927 -1.89863 0.698682 
12.0315 -16.6072 -9.3537 
0.790292 -0.446591 -0.965479 
3.00516 -0.877625 2.0307 
7.48499 -7.68298 -0.409132 
-0.354115 -4.60776 0.541975 
-1.62046 0.394653 -1.11549 
0.337644 0.485186 -1.07788 
-1.24263 0.377882 -1.63088 
0.995608 -1.02981 -0.692125 
1.50234 -0.598427 -0.717068 
1.84744 -2.87806 0.733187 
2.56093 -0.400974 2.86062 
2.6244 -0.0600047 2.89558 
0.0196057 -2.38259 1.09892 
0.07156 -1.0242 -1.18697 
1.38573 -0.252612 -0.736656 
-1.82838 0.670824 -0.946913 
0.271072 0.484706 -1.11194 
-1.53198 -1.24736 -0.113873 
0.372988 -0.788521 -0.431169 
0.319397 -0.418107 -0.6568 
1.42682 -0.284251 -0.758323 
1.14209 -0.370355 -1.42972 
-0.340948 -0.938645 0.365826 
0.110953 -1.13281 -1.23147 
0.0478249 -0.667138 -1.28052 
-0.163384 -4.71247 -3.5375 
-1.61654 0.390178 -1.09986 
3.007 -0.575723 2.1233 
-0.719321 0.540165 0.118172 
1.63083 -0.578755 -0.714305 
1.26959 -1.4485 -0.772903 
3.19984 -5.03797 -2.35895 
0.282308 0.491273 -1.12403 
-0.286663 0.427795 -1.46828 
-0.467703 0.401381 -1.51396 
-0.489724 0.45955 -1.72971 

-0.535088 -0.835804 1.03751 
-1.74126 0.51167 0.916924 
-0.993104 -1.21478 1.34516 
-1.38608 -4.3898 1.75009 
28.6312 -38.8549 -6.75744 
3.03272 -5.83753 -0.605232 
-0.87782 -2.40842 0.449391 
-0.495072 -1.22962 -0.106016 
-0.810376 -4.33588 -0.0174622 
8.00666 -12.2647 -2.15602 
-1.85069 0.587671 1.07342 
-0.4434 -0.0758233 -0.465399 
-1.53779 -4.20409 1.17644 
-1.6721 -2.01485 1.53901 
-0.801891 0.0671957 -0.172355 
-1.13566 -0.987175 0.572099 
-0.758158 -3.78144 2.09211 
0.650021 -0.35565 -1.23292 
0.560027 -0.622739 -1.80994 
-0.638842 0.0451569 -0.226389 
7.84033 -19.4416 -6.24254 
1.20591 -10.8432 -3.01652 
-3.36236 -3.32899 3.22143 
0.482496 -6.55778 -1.43012 
0.169817 -1.19174 0.81755 
-1.45408 0.30574 0.429117 
0.442529 -0.566692 -1.69039 
-0.428073 -4.01409 -0.249045 
2.65584 -0.620149 -0.339816 
2.30224 -3.87246 0.15703 
-6.72423 -6.09893 6.18048 
-0.728155 -0.730884 -0.0630141 
2.4938 -1.62368 -0.740681 
3.18045 -15.8804 -5.62464 
0.219215 -1.32418 0.800018 
-0.571 -0.0067285 -0.330122 
1.0508 -0.229338 -0.77224 
-1.71236 0.53491 0.985692 
-0.422964 -1.49745 -0.0945721 
-0.272962 -1.10662 -0.428811 
-2.32247 -2.59097 2.03906 
3.04419 -0.973621 -0.33189 
2.96572 -0.696677 -0.409241 
-1.48491 -4.06033 1.49241 
-0.396042 -1.51038 0.0109332 
-0.313977 -0.771646 -0.470278 
-0.643803 -0.00956593 0.893922 
-0.837444 0.109696 -0.0547487 
-0.163402 -0.543405 0.958581 
-0.418666 -1.41178 -0.0892883 
-0.64335 -0.962857 -0.196371 
-0.30461 -0.822012 -0.475167 
-0.631549 -0.885365 -0.11608 
12.3746 -21.1881 -4.65795 
-1.11161 -0.936386 0.578056 
-0.701444 -0.606346 0.667838 
-0.568675 -3.45889 0.171421 
-0.731341 0.0700586 -0.189894 
2.50541 -1.32649 -0.770934 
-0.805221 0.109207 -0.0890863 
-0.22434 -1.1207 -0.514419 
-0.298049 -1.75559 -0.10512 
-1.03959 -4.12559 -0.224327 
-0.880567 0.128103 0.00629948 
-1.34346 0.259578 0.314429 
-1.43355 0.293939 0.421677 
-1.14315 0.157 0.0747562 
