-0.586949 -0.14595 -0.79636 -0.598706 0.0239736 0.980053 -0.197286 0.129717 0.809269 -0.134888 -0.571742 1.03677 0 0 0 1
-0.699415 0.149433 0.69892 -0.701618 -0.277342 0.844525 -0.458104 0.780145 -0.658711 -0.514244 -0.549229 0.079367 0 0 0 1
###
1.71911 -3.73083 -1.25283 
-1.14502 0.356139 -1.60212 
0.535999 -5.21583 -1.53907 
3.58122 -6.05555 -2.13155 
-1.67553 -9.5849 -7.80234 
1.99051 -4.48045 -2.43598 
2.4116 -0.036454 2.76376 
0.158829 -1.20502 0.306604 
2.81676 -4.98655 -1.94405 
0.794699 -5.24805 -1.15696 
2.39603 0.73454 2.67003 
-1.28035 0.369576 -1.55658 
1.57928 -3.44644 -1.34289 
2.59206 -0.907912 2.78163 
24.6224 -21.6871 3.59356 
6.08786 -9.13896 -3.51311 
-0.855973 -1.51765 0.0463232 
-1.57678 0.391214 -1.24884 
0.541899 -5.1886 -1.43217 
-0.737447 0.0221555 0.277865 
1.49203 -0.597668 -0.71373 
-0.5444 -3.68814 0.501136 
3.45862 -4.24209 1.35489 
-1.67174 0.705345 -0.816974 
0.393759 0.501764 -1.109 
-1.12121 0.38002 -1.65039 
2.68215 0.0121504 2.81502 
5.49354 -5.72433 0.99592 
5.45663 -8.31783 -3.18681 
4.35832 -5.05996 2.5281 
1.02086 -4.82802 -3.21358 
-1.61664 0.389935 -1.09978 
-1.67088 0.700687 -0.815911 
0.328514 0.479497 -1.06806 
3.77583 -6.76126 -3.90795 
-0.0170261 -1.79419 1.02386 
1.39812 -0.256913 -0.737155 
-0.352007 0.126814 -0.201356 
4.96202 -5.29197 0.930088 
0.168471 -2.99662 -1.91174 
-0.198418 -4.53765 -3.38424 
2.71782 0.799487 2.78801 
-1.66983 0.699909 -0.814776 
-1.76667 0.564114 -1.66822 
0.312599 -0.363796 -1.13644 
-0.281762 0.135665 -0.165026 
0.374487 0.478314 -1.09836 
-1.38533 0.321333 -1.78482 
-1.24317 0.379599 -1.63669 
1.4273 -0.283808 -0.757892 
2.63275 -0.925245 2.96088 
5.95859 -6.67076 -0.324482 
2.60142 -1.33343 2.94372 
-0.35511 -4.61497 0.542928 
0.252043 -3.17342 -2.04486 
-1.01616 0.443488 -0.912339 
0.493032 0.494264 -1.08486 
1.63395 -0.579467 -0.716273 
-1.15233 0.371245 -1.66839 
1.39639 -0.251972 -0.742773 
1.55043 -3.46298 -1.21996 
-0.0219646 -0.771482 -1.11089 
0.202435 -0.409196 -1.15405 
2.83084 0.843721 2.44033 
0.269916 0.483597 -1.11055 
0.456448 -0.41943 -1.32725 
0.893601 -1.92916 0.707299 
0.16915 -5.99823 -0.105663 
-0.266809 -3.98785 -0.136737 

-1.56836 -1.66346 1.88106 
-1.74126 0.51167 0.916924 
-1.38608 -4.3898 1.75009 
-0.993104 -1.21478 1.34516 
-5.62328 -5.17844 6.64797 
-6.58312 -5.63471 6.45697 
-1.15067 -0.863793 0.546309 
-1.13204 -1.75878 0.927391 
16.1578 -23.7496 -4.40556 
-1.0044 -3.94392 1.53501 
2.99576 -0.0690433 -0.816762 
-1.38704 0.344096 1.00596 
-0.914763 -4.16023 -0.0699908 
-0.941103 0.174692 -0.173357 
1.71026 -4.93754 -0.992416 
14.8452 -15.2937 1.1794 
-0.486017 -4.07189 2.52182 
-0.516639 -0.0451863 -0.46134 
-0.30634 -3.66525 2.2182 
-1.82688 0.536423 0.986452 
-0.272962 -1.10662 -0.428811 
-0.758158 -3.78144 2.09211 
0.773379 -5.08641 -0.822983 
-9.96646 10.4051 1.52631 
-4.60459 -10.5665 13.1971 
-0.525327 -0.00312444 -0.317872 
-1.6989 0.495648 0.894127 
1.45137 -4.25703 -0.556744 
9.61984 -22.5239 -6.62734 
2.30224 -3.87246 0.15703 
-2.03176 -3.26628 1.0364 
-0.571 -0.0067285 -0.330122 
-0.702129 0.0367332 0.912386 
-0.801891 0.0671957 -0.172355 
-1.07474 -2.60177 0.507256 
-1.48491 -4.06033 1.49241 
-0.313977 -0.771646 -0.470278 
-0.805221 0.109207 -0.0890863 
1.50064 -2.10034 0.856407 
-1.08117 -4.19877 -0.206932 
-2.73667 -2.66455 2.74919 
1.9132 -0.209914 -0.220043 
-1.035 0.1186 -0.00491901 
-1.73174 0.641144 1.19831 
-0.967742 -0.586566 0.282872 
-0.4434 -0.0758233 -0.465399 
-1.08717 0.126505 -0.000397881 
-1.99686 0.586474 1.05464 
-1.72207 0.553816 1.00334 
-0.311411 -0.854888 -0.486393 
2.96572 -0.696677 -0.409241 
12.3746 -21.1881 -4.65795 
3.0499 -1.32055 -0.172168 
0.180613 -1.22659 0.810064 
-1.03959 -4.12559 -0.224327 
3.60524 -1.55853 -0.308176 
-0.807921 0.0708221 -0.16833 
-0.22434 -1.1207 -0.514419 
-0.43404 -0.0432316 -0.461148 
-0.307627 -0.782273 -0.469775 
-0.444578 -3.96311 0.0501495 
-0.612109 -0.924169 -0.12194 
-1.08322 -0.609955 -0.107014 
2.08679 -0.193166 -0.588033 
-0.837444 0.109696 -0.0547487 
-1.02044 -0.594432 0.231946 
2.14503 -11.7574 -3.34106 
-0.598713 -3.28448 2.01872 
-0.348642 -2.77328 1.97253 
