-0.586949 -0.14595 -0.79636 -0.598706 0.0239736 0.980053 -0.197286 0.129717 0.809269 -0.134888 -0.571742 1.03677 0 0 0 1
-0.707707 0.171871 0.685282 -0.669757 -0.240302 0.853572 -0.462244 0.79491 -0.664384 -0.491808 -0.562778 0.095582 0 0 0 1
###
1.71911 -3.73083 -1.25283 
-1.14502 0.356139 -1.60212 
3.58122 -6.05555 -2.13155 
-1.67553 -9.5849 -7.80234 
1.99051 -4.48045 -2.43598 
2.4116 -0.036454 2.76376 
0.158829 -1.20502 0.306604 
2.81676 -4.98655 -1.94405 
0.794699 -5.24805 -1.15696 
2.39603 0.73454 2.67003 
-1.28035 0.369576 -1.55658 
-0.456838 0.0838849 0.361801 
1.57928 -3.44644 -1.34289 
2.59206 -0.907912 2.78163 
24.6224 -21.6871 3.59356 
6.08786 -9.13896 -3.51311 
-0.855973 -1.51765 0.0463232 
-1.57678 0.391214 -1.24884 
0.541899 -5.1886 -1.43217 
-0.737447 0.0221555 0.277865 
-0.62674 0.424412 0.0591093 
1.49203 -0.597668 -0.71373 
3.45862 -4.24209 1.35489 
-1.67174 0.705345 -0.816974 
0.393759 0.501764 -1.109 
-1.12121 0.38002 -1.65039 
2.68215 0.0121504 2.81502 
5.49354 -5.72433 0.99592 
5.45663 -8.31783 -3.18681 
4.35832 -5.05996 2.5281 
1.02086 -4.82802 -3.21358 
-1.61664 0.389935 -1.09978 
0.328514 0.479497 -1.06806 
-1.39028 0.33032 -1.82441 
3.77583 -6.76126 -3.90795 
-0.0170261 -1.79419 1.02386 
1.39812 -0.256913 -0.737155 
-0.352007 0.126814 -0.201356 
4.96202 -5.29197 0.930088 
0.168471 -2.99662 -1.91174 
-0.198418 -4.53765 -3.38424 
2.71782 0.799487 2.78801 
-1.66983 0.699909 -0.814776 
-1.76667 0.564114 -1.66822 
0.312599 -0.363796 -1.13644 
-0.281762 0.135665 -0.165026 
0.374487 0.478314 -1.09836 
-1.38533 0.321333 -1.78482 
-1.24317 0.379599 -1.63669 
1.4273 -0.283808 -0.757892 
5.95859 -6.67076 -0.324482 
-0.35511 -4.61497 0.542928 
0.252043 -3.17342 -2.04486 
-1.01616 0.443488 -0.912339 
0.493032 0.494264 -1.08486 
1.63395 -0.579467 -0.716273 
-1.15233 0.371245 -1.66839 
1.39639 -0.251972 -0.742773 
1.55043 -3.46298 -1.21996 
-0.0219646 -0.771482 -1.11089 
0.202435 -0.409196 -1.15405 
2.83084 0.843721 2.44033 
0.269916 0.483597 -1.11055 
0.456448 -0.41943 -1.32725 
0.893601 -1.92916 0.707299 
0.16915 -5.99823 -0.105663 
-0.266809 -3.98785 -0.136737 

6.94986 -16.3638 -4.7209 
-1.74126 0.51167 0.916924 
-0.993104 -1.21478 1.34516 
-5.3148 -4.76848 6.34848 
-6.58312 -5.63471 6.45697 
-1.15067 -0.863793 0.546309 
13.789 -14.6478 0.024872 
16.1578 -23.7496 -4.40556 
-1.0044 -3.94392 1.53501 
2.99576 -0.0690433 -0.816762 
-1.71445 0.500172 0.902777 
-1.82688 0.536423 0.986452 
-0.468778 -3.17261 -0.0670426 
-0.435544 -1.56344 -0.0578081 
1.71026 -4.93754 -0.992416 
14.8452 -15.2937 1.1794 
-0.486017 -4.07189 2.52182 
-0.516639 -0.0451863 -0.46134 
-0.30634 -3.66525 2.2182 
-1.77649 0.452604 0.787926 
-1.908 0.519248 0.928715 
-0.272962 -1.10662 -0.428811 
8.00666 -12.2647 -2.15602 
-0.702129 0.0367332 0.912386 
-4.60459 -10.5665 13.1971 
-0.638842 0.0451569 -0.226389 
-1.6989 0.495648 0.894127 
13.4788 -30.6129 -10.9973 
9.61984 -22.5239 -6.62734 
2.30224 -3.87246 0.15703 
-2.03176 -3.26628 1.0364 
-0.571 -0.0067285 -0.330122 
0.442529 -0.566692 -1.69039 
0.161424 -0.893848 -1.03709 
-1.07474 -2.60177 0.507256 
-1.48491 -4.06033 1.49241 
-0.313977 -0.771646 -0.470278 
-0.805221 0.109207 -0.0890863 
1.50064 -2.10034 0.856407 
-1.08117 -4.19877 -0.206932 
-2.73667 -2.66455 2.74919 
1.9132 -0.209914 -0.220043 
-1.035 0.1186 -0.00491901 
-1.73174 0.641144 1.19831 
-0.882715 -0.597796 0.0676081 
-0.4434 -0.0758233 -0.465399 
-1.08717 0.126505 -0.000397881 
-1.99686 0.586474 1.05464 
-1.72207 0.553816 1.00334 
-0.311411 -0.854888 -0.486393 
0.449008 -3.23399 -0.0965814 
0.180613 -1.22659 0.810064 
-0.535088 -0.835804 1.03751 
-0.53763 0.00866461 -0.335987 
-0.807921 0.0708221 -0.16833 
-0.22434 -1.1207 -0.514419 
-0.43404 -0.0432316 -0.461148 
-0.307627 -0.782273 -0.469775 
-0.444578 -3.96311 0.0501495 
-0.612109 -0.924169 -0.12194 
-1.17786 -0.621094 0.236429 
2.08679 -0.193166 -0.588033 
-0.837444 0.109696 -0.0547487 
-1.02044 -0.594432 0.231946 
2.14503 -11.7574 -3.34106 
-0.598713 -3.28448 2.01872 
-0.729691 -4.01768 2.27012 
