-0.609586 -0.01691 -0.79254 -0.654381 0.145629 0.980368 -0.132929 0.112504 0.779229 -0.196449 -0.595156 0.973356 0 0 0 1
-0.707707 0.171871 0.685282 -0.669757 -0.240302 0.853572 -0.462244 0.79491 -0.664384 -0.491808 -0.562778 0.095582 0 0 0 1
###
16.717 -26.7422 -14.9948 
-1.80772 -10.086 -8.06077 
2.98437 -3.82279 2.66227 
24.5723 -21.6499 3.58862 
2.49401 -4.38025 -1.79701 
1.39301 -0.257867 -0.733169 
5.20245 -5.68335 2.25539 
2.53373 -0.392939 2.82819 
-0.062093 -4.33583 -0.408326 
-1.76127 -1.10541 -0.358999 
-0.452709 0.0845585 0.368657 
0.531836 -5.20371 -1.53315 
0.920171 -4.59278 -1.77069 
1.92723 -0.827644 2.41947 
0.881067 -5.46845 -1.22739 
0.360616 -2.15346 -1.16774 
-0.441241 0.0568415 0.291482 
-0.99984 0.352288 -1.69227 
12.1847 -12.0067 6.29995 
0.00436138 -1.77388 1.03943 
0.433419 -2.25436 -1.23565 
-0.422541 0.0568828 0.300083 
1.17814 -2.29678 2.01187 
0.149777 0.636068 0.932219 
-1.01544 0.442274 -0.909229 
1.48801 -0.597718 -0.710484 
-0.444041 0.0863494 0.372862 
-0.397944 0.111646 0.375909 
6.40882 -6.64808 3.45713 
0.0805887 -5.08365 -0.452871 
1.40809 -2.93748 -1.29713 
-1.46938 0.371783 -1.51842 
-1.61492 0.389629 -1.09724 
9.57768 -9.23814 0.534155 
-0.285778 -0.12797 0.162745 
2.94036 -4.91442 4.94854 
1.44177 -0.591881 -0.700695 
-1.57761 0.384395 -1.21537 
0.521126 -3.49358 -2.24863 
0.0858241 -1.51625 -1.17526 
-0.999466 0.353169 -1.69388 
-1.24062 0.373822 -1.61851 
3.03266 -0.583065 2.13939 
-0.480546 -5.6319 -4.32245 
6.71342 -6.92642 3.57908 
-1.3068 0.346543 -1.72603 
1.62855 -0.58008 -0.713143 
-1.62482 0.401757 -1.11617 
0.662028 -0.366595 -0.996362 
-0.658212 -3.15252 0.453106 
3.17785 -13.9992 -0.288818 
-0.499124 -5.62269 -4.30502 
0.250821 0.471705 -1.0877 

-1.09023 -2.66765 0.519368 
-0.156687 -0.528713 0.940725 
-2.32233 -2.5774 2.03078 
-0.468778 -3.17261 -0.0670426 
-2.00952 -2.28946 1.83733 
-0.272994 -1.00113 -0.446624 
2.14503 -11.7574 -3.34106 
-1.15067 -0.863793 0.546309 
-1.01412 -4.08659 2.02488 
-0.16512 -0.526123 0.94262 
-1.06758 -4.01247 1.68102 
-1.40509 -4.11168 1.67164 
-1.53779 -4.20409 1.17644 
-0.43404 -0.0432316 -0.461148 
-1.0044 -3.94392 1.53501 
-1.07474 -2.60177 0.507256 
-0.895948 0.136311 -0.0158848 
-1.73549 0.438981 0.794063 
14.8452 -15.2937 1.1794 
-1.48491 -4.06033 1.49241 
-2.52161 -3.53288 1.27745 
-0.941103 0.174692 -0.173357 
2.82918 -3.67803 0.534395 
-0.493941 0.0582607 0.358357 
-1.71445 0.500172 0.902777 
1.19454 0.162412 -0.00123644 
0.180336 -1.08045 -0.993999 
-0.47943 0.166415 0.0155929 
1.57587 -4.53598 -0.505449 
-1.00974 -4.11538 2.04883 
-0.75891 -3.19857 0.0021185 
-0.837444 0.109696 -0.0547487 
-0.4434 -0.0758233 -0.465399 
-1.48386 -1.86603 1.34854 
-0.801891 0.0671957 -0.172355 
25.4442 -23.7155 4.39312 
-0.279228 -1.10352 -0.416724 
-1.56843 0.363127 0.554221 
-1.81314 -2.47473 1.29969 
-0.448695 -1.47178 -0.0777534 
-0.357066 -0.111726 -0.60147 
0.743915 -0.508182 -1.53712 
2.50541 -1.32649 -0.770934 
-0.993104 -1.21478 1.34516 
1.626 -4.66916 -0.537649 
-1.82688 0.536423 0.986452 
-0.22434 -1.1207 -0.514419 
-0.538344 0.00907321 -0.34222 
-0.600642 -0.939169 -0.120844 
-0.840362 -4.16872 2.22414 
-0.645377 -4.04901 1.83965 
29.7425 -36.6239 -5.45369 
0.442529 -0.566692 -1.69039 
