-0.642895 0.00946427 -0.765896 -0.708543 0.159118 0.97976 -0.121457 0.019755 0.749244 -0.199952 -0.631389 0.924884 0 0 0 1
-0.707707 0.171871 0.685282 -0.669757 -0.240302 0.853572 -0.462244 0.79491 -0.664384 -0.491808 -0.562778 0.095582 0 0 0 1
###
2.46901 -4.34881 -1.77561 
14.7777 -14.17 7.10878 
-0.667234 -1.70101 0.782488 
0.192656 -1.5482 -0.641189 
0.53615 -5.21805 -1.53949 
4.14645 -6.34029 -1.83811 
1.96966 -4.46178 -2.42043 
-0.486294 0.245114 0.188373 
-0.406953 -4.31218 0.520309 
-0.129699 -1.88485 1.59798 
24.5244 -21.6121 3.58694 
-0.469504 0.0830054 0.360009 
1.63535 -4.43694 -2.58057 
-1.75034 -2.76397 -1.35663 
1.76982 -7.99388 -2.91895 
-1.35432 -3.18357 -2.46523 
-1.14414 0.356437 -1.60162 
2.28729 -4.19389 -1.66251 
-0.508695 -3.8514 0.511566 
-1.84345 -1.1351 -0.411385 
-1.6151 0.39027 -1.09835 
8.81686 -8.88717 -0.534292 
-1.1193 0.376526 -1.6394 
1.49101 -0.598315 -0.712032 
-0.958762 0.364214 -1.70448 
-0.0451961 -3.04828 -2.08628 
-1.57739 0.388969 -1.23216 
2.63698 -0.839526 2.92617 
-0.102586 -1.80791 0.949959 
-0.06304 -3.00108 -2.04858 
-1.57789 0.385709 -1.21886 
-1.64045 0.397147 -1.04772 
2.62048 -0.490108 2.79074 
-0.549749 -3.73394 -2.73654 
0.42696 -1.338 -1.58571 
-0.36907 -4.54225 0.557929 
1.47805 -0.599513 -0.715133 
0.936876 -0.447397 -1.10385 
-1.50668 0.37951 -1.35419 
-1.62527 0.393007 -1.12157 
-0.687894 -1.73345 0.924843 
-0.3558 -4.60672 0.54443 
-0.906766 -2.30583 -1.74573 

-2.34024 -9.69507 11.8374 
2.02303 -3.00841 0.498446 
-1.48491 -4.06033 1.49241 
-6.72423 -6.09893 6.18048 
-1.38608 -4.3898 1.75009 
1.57587 -4.53598 -0.505449 
-1.09023 -2.66765 0.519368 
1.0508 -0.229338 -0.77224 
-1.01412 -4.08659 2.02488 
-1.10416 -2.32631 3.11157 
-0.468778 -3.17261 -0.0670426 
0.180336 -1.08045 -0.993999 
-10.1191 -10.9998 4.66702 
-0.588835 -3.19978 -0.0457159 
-1.0044 -3.94392 1.53501 
-5.3148 -4.76848 6.34848 
-1.73549 0.438981 0.794063 
-3.36236 -3.32899 3.22143 
-0.729691 -4.01768 2.27012 
-1.57733 0.363169 0.557291 
-0.365145 -0.11718 -0.610336 
2.14503 -11.7574 -3.34106 
-0.561783 0.275612 0.245294 
-0.272962 -1.10662 -0.428811 
-0.702129 0.0367332 0.912386 
0.0353191 -7.29913 -1.4277 
-0.0966923 -0.24327 -0.956412 
-0.493941 0.0582607 0.358357 
-1.38181 -4.20682 1.36107 
-1.82813 -3.18749 0.894218 
-1.73174 0.641144 1.19831 
-0.525327 -0.00312444 -0.317872 
3.0172 -1.09247 -0.358013 
-3.41533 -3.33125 2.91776 
-0.430275 -1.56154 -0.0515088 
-0.486017 -4.07189 2.52182 
1.06429 -0.222461 -0.825594 
-0.612109 -0.924169 -0.12194 
-1.71445 0.500172 0.902777 
-6.00725 -3.63273 9.4509 
-1.03834 -4.00115 1.57096 
-0.348642 -2.77328 1.97253 
0.394778 -2.11047 0.244691 
