-0.623295 -0.0430559 -0.780801 -0.66857 0.246765 0.936636 -0.248636 0.143694 0.742031 -0.347648 -0.573176 0.925071 0 0 0 1
-0.707707 0.171871 0.685282 -0.669757 -0.240302 0.853572 -0.462244 0.79491 -0.664384 -0.491808 -0.562778 0.095582 0 0 0 1
###
15.4334 -14.7717 7.44904 
0.775709 -4.29783 -1.61598 
-1.50112 -4.99777 -3.85224 
12.9951 -12.4217 -0.501427 
-0.407622 -4.31195 0.520152 
0.941045 -5.63391 -1.26633 
-1.14469 0.35744 -1.60494 
2.12538 -7.4117 -4.58988 
1.96652 -4.46542 -2.42306 
-1.75107 -2.76067 -1.3497 
-0.495065 0.243348 0.186625 
-0.54758 0.272979 0.086004 
3.41295 -5.44818 -2.54038 
12.6411 -12.3874 6.5082 
2.53534 -0.392858 2.82964 
-0.159646 -4.022 -2.82436 
-1.43293 -4.32555 -3.36208 
-0.451848 0.0810644 0.366419 
0.147565 0.633357 0.929062 
-0.342181 -1.66121 1.2145 
4.19536 -6.21064 -2.83723 
-0.422161 -4.2686 0.534919 
-2.02254 -1.23793 -0.310559 
-1.36463 -3.25335 -2.52547 
2.60249 -0.0649076 2.8775 
-0.343076 -1.7348 1.27426 
1.34289 -6.11798 -2.21958 
0.555175 -0.0137109 -0.626739 
-0.998868 0.355938 -1.70184 
-1.01457 0.444158 -0.912598 
2.53014 -0.396004 2.84138 
0.00446785 -1.77648 1.04039 
-1.3539 -2.93254 -2.29934 
18.8091 -17.3316 3.40597 
5.73764 -6.25649 -0.271273 
-1.46904 0.371184 -1.51698 
3.29069 -5.60479 -2.25649 
0.294149 -5.20358 -1.04234 
-0.256563 -0.206481 0.119915 
0.80209 -0.406777 -1.03816 
11.837 -11.7521 7.6736 
-0.571975 -2.87908 0.121254 
-0.174896 -0.142898 -0.0103907 
-1.30715 0.348434 -1.73212 
-1.01352 0.442382 -0.90986 
-1.21576 -4.30241 -3.32245 
-0.713433 0.538737 0.11817 
-0.943007 0.502696 -0.150331 
-0.487419 0.388534 0.28252 
2.31481 -2.9875 2.0598 
-0.958567 0.364716 -1.70694 
-1.50783 0.381106 -1.35834 
-1.62128 0.391231 -1.11511 
2.51916 -4.23726 -1.19304 
3.00832 -0.575846 2.12402 
0.19008 -4.77968 -0.950272 
1.27159 -1.45137 -0.772223 
-0.593533 -2.75236 0.12302 
-1.21444 -3.81501 -2.94284 
-0.942919 0.504654 -0.149692 

8.00666 -12.2647 -2.15602 
-3.81453 -3.69915 6.07229 
-5.62328 -5.17844 6.64797 
-1.15468 -1.79744 1.03324 
-1.01412 -4.08659 2.02488 
-1.03834 -4.00115 1.57096 
-1.73549 0.438981 0.794063 
-1.14544 -2.08598 0.820394 
-0.961047 -2.25418 0.670804 
-0.535088 -0.835804 1.03751 
-1.57733 0.363169 0.557291 
-1.908 0.519248 0.928715 
13.4788 -30.6129 -10.9973 
2.30224 -3.87246 0.15703 
-0.477998 0.171174 0.0167162 
-1.02345 -1.62553 1.02161 
4.83179 -8.06624 -1.37276 
-1.06758 -4.01247 1.68102 
-0.721365 0.0825449 -0.181273 
-0.272962 -1.10662 -0.428811 
-1.08117 -4.19877 -0.206932 
-0.486017 -4.07189 2.52182 
-6.00725 -3.63273 9.4509 
-4.92067 -4.42354 5.9243 
-1.09299 -1.1247 0.641926 
-0.276582 -1.10165 -0.424449 
-1.33738 -3.63901 1.16277 
-0.478078 -0.259222 -0.311309 
-1.30458 0.225384 0.261991 
-0.561783 0.275612 0.245294 
3.60524 -1.55853 -0.308176 
-1.48491 -4.06033 1.49241 
4.13333 -6.96948 -1.01787 
6.94986 -16.3638 -4.7209 
2.20128 -12.0702 -3.4725 
-0.837444 0.109696 -0.0547487 
7.28365 -7.81431 2.45489 
-0.758158 -3.78144 2.09211 
-0.731341 0.0700586 -0.189894 
-0.643854 -0.868521 -0.115742 
2.92926 -4.35922 0.189359 
-1.00974 -4.11538 2.04883 
1.38606 -0.875979 -2.09263 
-1.82688 0.536423 0.986452 
-0.43404 -0.0432316 -0.461148 
-0.993104 -1.21478 1.34516 
-1.04567 -1.40452 0.772089 
-0.158231 -0.530556 0.943631 
-1.15067 -0.863793 0.546309 
29.7425 -36.6239 -5.45369 
-0.365145 -0.11718 -0.610336 
-0.486305 -0.0342652 -0.419183 
-0.743101 0.0769744 -0.156202 
-0.444578 -3.96311 0.0501495 
2.50541 -1.32649 -0.770934 
0.219215 -1.32418 0.800018 
-0.411029 -1.71617 -0.00764406 
-0.598713 -3.28448 2.01872 
-2.00952 -2.28946 1.83733 
-0.151276 -0.523693 0.937595 
