-0.685835 0.0228269 -0.727399 -0.775172 0.285988 0.927552 -0.240539 0.234173 0.669209 -0.372997 -0.642676 0.803804 0 0 0 1
-0.707707 0.171871 0.685282 -0.669757 -0.240302 0.853572 -0.462244 0.79491 -0.664384 -0.491808 -0.562778 0.095582 0 0 0 1
###
13.0848 -12.5003 -0.496003 
-0.411235 -4.29253 0.520193 
15.6684 -14.9794 7.54441 
0.791301 -4.33023 -1.63509 
2.50273 -4.39912 -1.80359 
1.95864 -4.45279 -2.41394 
-1.49815 -4.89844 -3.76521 
-0.545777 0.45172 0.277726 
-0.634119 0.445218 0.113495 
-1.49815 -4.89844 -3.76521 
-0.984841 0.191124 0.0782239 
3.34989 -5.35176 -2.48149 
-0.45322 0.0833265 0.367002 
0.842792 -4.80322 -1.72233 
9.16285 -9.20693 3.22349 
-0.651777 -0.927578 0.895121 
-0.743627 -3.97665 -2.97617 
-1.29162 0.382141 -1.65187 
-1.61612 0.391198 -1.10129 
0.202748 -1.15217 -0.0375094 
0.623875 -1.61164 1.33953 
-1.44848 -0.332917 -0.0812117 
-1.58542 0.374966 -1.02391 
-0.445282 0.0848492 0.371647 
-0.36729 -4.61832 -3.38737 
-0.248838 -4.17969 1.01616 
18.8125 -17.3347 3.37826 
2.96291 -1.14576 2.24987 
0.00388729 -1.76867 1.03665 
-1.01353 0.442475 -0.910125 
1.43454 -0.282089 -0.761486 
-1.11887 0.373465 -1.62969 
1.08899 -3.51538 -1.95534 
-1.57806 0.386869 -1.22139 
-0.561063 -3.70832 -2.71531 
-0.516592 -2.61042 -0.189657 
0.112847 -5.04708 -0.562133 
-0.440666 -2.60517 0.25923 
-0.962891 0.493434 -0.265618 
-0.342795 -1.73463 1.27422 
3.03205 -0.583297 2.13927 
3.31572 -7.22456 -4.03726 
-0.223374 -4.32766 -0.00568264 
-0.235793 -4.23877 1.02684 
-0.0819243 -0.845396 -1.05318 
-1.62044 0.390835 -1.11256 
0.59036 -1.13416 -1.82816 
-0.470345 0.393721 -1.4925 
-0.368253 -4.55295 0.557021 
-1.01199 0.442919 -0.909702 
0.809584 -0.384013 -1.1177 
-1.62549 0.408814 -1.12703 
0.12892 -2.79994 -1.79069 
0.160811 -2.62747 -1.63699 
6.86764 -6.8568 1.24547 
0.22497 0.461864 -1.0653 
0.457437 -1.5321 1.34163 

1.8255 -9.1642 -3.01621 
-1.01412 -4.08659 2.02488 
2.14503 -11.7574 -3.34106 
-3.81453 -3.69915 6.07229 
-2.00952 -2.28946 1.83733 
-6.72423 -6.09893 6.18048 
3.18045 -15.8804 -5.62464 
-1.57733 0.363169 0.557291 
-0.023153 -0.233457 -0.96622 
-4.92067 -4.42354 5.9243 
-0.805221 0.109207 -0.0890863 
-1.08117 -4.19877 -0.206932 
-1.06758 -4.01247 1.68102 
-1.33738 -3.63901 1.16277 
0.482496 -6.55778 -1.43012 
-1.35334 0.393542 1.04768 
-1.02345 -1.62553 1.02161 
-1.74126 0.51167 0.916924 
-0.4434 -0.0758233 -0.465399 
2.20128 -12.0702 -3.4725 
0.394778 -2.11047 0.244691 
-1.56843 0.363127 0.554221 
-0.357066 -0.111726 -0.60147 
0.180336 -1.08045 -0.993999 
-0.993104 -1.21478 1.34516 
-0.221279 -0.654234 0.943144 
6.94986 -16.3638 -4.7209 
-1.13566 -0.987175 0.572099 
-1.48491 -4.06033 1.49241 
-0.43404 -0.0432316 -0.461148 
-0.311411 -0.854888 -0.486393 
-0.638842 0.0451569 -0.226389 
-1.5692 -1.95405 1.56007 
-0.0966923 -0.24327 -0.956412 
-3.36236 -3.32899 3.22143 
-1.00974 -4.11538 2.04883 
-0.262614 -3.45372 2.38052 
-0.645377 -4.04901 1.83965 
0.225285 -0.262056 -1.0249 
8.00666 -12.2647 -2.15602 
2.50541 -1.32649 -0.770934 
-2.03176 -3.26628 1.0364 
-0.486017 -4.07189 2.52182 
-0.384813 -2.57847 1.50744 
-0.504728 0.210825 -0.0110713 
-0.848534 0.121355 0.00686014 
-1.99686 0.586474 1.05464 
-1.45214 0.30622 0.426082 
0.180613 -1.22659 0.810064 
-0.366572 -0.0847741 -0.553185 
-0.755832 -0.688534 -0.0446088 
1.06429 -0.222461 -0.825594 
-0.985131 -2.13919 0.698807 
-1.62236 -3.1823 0.839155 
1.85898 -4.90089 -1.00053 
-0.837444 0.109696 -0.0547487 
2.92926 -4.35922 0.189359 
