-0.728324 -0.0370304 -0.684232 -0.841629 0.171646 0.956845 -0.234491 0.0972616 0.663387 -0.288231 -0.690537 0.70531 0 0 0 1
-0.707707 0.171871 0.685282 -0.669757 -0.240302 0.853572 -0.462244 0.79491 -0.664384 -0.491808 -0.562778 0.095582 0 0 0 1
###
-1.49544 -4.80167 -3.68096 
0.812968 -4.37089 -1.65859 
0.143979 -1.43874 1.4378 
0.318321 -1.20914 0.631567 
-1.49544 -4.80167 -3.68096 
0.537367 -5.2177 -1.53898 
0.403708 -1.26638 0.653781 
0.559009 -5.25317 -1.4603 
0.932245 -4.6109 -1.77867 
0.0765467 -1.49468 -1.14644 
0.194593 -1.60095 1.56752 
-1.55638 -0.698137 -0.209535 
-1.11875 0.370425 -1.62147 
-1.5767 0.388242 -1.23099 
-1.61556 0.391016 -1.10088 
-0.356246 -4.59991 0.545895 
-1.0143 0.442924 -0.909527 
-0.466042 -0.00627221 0.0177222 
-1.4674 0.368483 -1.50933 
12.7073 -12.4631 6.53243 
0.144252 -1.98263 -1.14595 
-1.61411 -0.736715 -0.251533 
-0.804521 0.496588 -0.421698 
-1.23961 0.372461 -1.6157 
0.801506 -0.473849 -0.93868 
4.32933 -5.56857 -2.06594 
0.120377 -1.55002 -1.15188 
-0.0817491 -4.29809 -0.384396 
6.11452 -6.36905 3.30626 
3.19114 -3.55126 0.650247 
-0.0825519 -2.97308 -2.02425 
4.97848 -5.21666 -0.209044 
1.4974 -0.599282 -0.715438 
0.927301 -0.61885 -0.895082 
-0.960261 0.497975 -0.26999 
0.310323 -1.34963 1.11065 
-0.0958559 -0.837028 -1.04006 
-0.369926 -4.53886 0.558221 
-1.57763 0.386746 -1.22036 
-1.62023 0.391164 -1.11405 
-0.172929 -2.87368 -1.96805 
-1.10876 -3.55519 -2.67936 
6.67711 -6.88294 3.55583 
-0.543779 -0.407952 0.0355426 
0.5581 -0.408108 -0.840257 
1.0156 0.223924 -0.849421 
1.08819 -3.51245 -1.9545 
1.27095 -1.45054 -0.771782 
0.604436 -0.447578 -0.826823 
0.365408 0.471795 -1.08656 
-0.211907 0.412152 -1.43345 
-0.472089 0.393256 -1.4922 
-0.0536396 -3.85291 0.183796 
2.66043 -1.45328 3.01303 
-1.02434 -3.92959 -2.95786 
-1.35663 -2.34543 -1.8321 
3.64999 -4.31092 2.19287 

-5.3148 -4.76848 6.34848 
-3.81453 -3.69915 6.07229 
27.7638 -33.9671 -6.9095 
2.92926 -4.35922 0.189359 
-5.62328 -5.17844 6.64797 
-1.40509 -4.11168 1.67164 
2.02303 -3.00841 0.498446 
-0.30634 -3.66525 2.2182 
-1.53779 -4.20409 1.17644 
-1.47515 -2.02196 1.00491 
0.0992223 -0.93906 0.79546 
-0.509263 0.127669 -0.0621979 
-0.525327 -0.00312444 -0.317872 
-0.516639 -0.0451863 -0.46134 
-0.357066 -0.111726 -0.60147 
-0.729691 -4.01768 2.27012 
-0.43404 -0.0432316 -0.461148 
-0.660876 -0.855921 -0.124888 
-0.801891 0.0671957 -0.172355 
1.20591 -10.8432 -3.01652 
-1.81314 -2.47473 1.29969 
-0.697842 0.0556942 -0.186584 
-1.14552 -0.714491 0.496561 
-1.71236 0.53491 0.985692 
-0.612109 -0.924169 -0.12194 
-1.03959 -4.12559 -0.224327 
-0.425929 -1.39601 -0.118417 
-1.01412 -4.08659 2.02488 
1.85898 -4.90089 -1.00053 
-0.468778 -3.17261 -0.0670426 
-0.993104 -1.21478 1.34516 
0.957433 -5.43033 -1.21933 
-0.272962 -1.10662 -0.428811 
-0.608161 -1.01626 -0.174013 
0.0442312 -0.850533 -0.941395 
-2.32233 -2.5774 2.03078 
-1.11161 -0.936386 0.578056 
-0.598713 -3.28448 2.01872 
-1.56843 0.363127 0.554221 
-0.848534 0.121355 0.00686014 
-1.56836 -1.66346 1.88106 
-1.09023 -2.66765 0.519368 
13.4788 -30.6129 -10.9973 
23.4293 -24.3251 5.49437 
-0.631549 -0.885365 -0.11608 
-0.467669 -0.375211 -0.311781 
-1.51185 -2.54734 0.914066 
-0.410559 -1.68376 -0.0138491 
-1.09299 -1.1247 0.641926 
-0.743101 0.0769744 -0.156202 
-1.31251 0.227077 0.256809 
-1.45408 0.30574 0.429117 
-0.645377 -4.04901 1.83965 
1.0508 -0.229338 -0.77224 
-6.83414 -8.98275 2.38233 
4.83179 -8.06624 -1.37276 
1.626 -4.66916 -0.537649 
