-0.728324 -0.0370304 -0.684232 -0.841629 0.171646 0.956845 -0.234491 0.0972616 0.663387 -0.288231 -0.690537 0.70531 0 0 0 1
-0.699415 0.149433 0.69892 -0.701618 -0.277342 0.844525 -0.458104 0.780145 -0.658711 -0.514244 -0.549229 0.079367 0 0 0 1
###
0.381154 0.482629 -1.07703 
-1.49544 -4.80167 -3.68096 
0.812968 -4.37089 -1.65859 
-0.411002 -4.29163 0.520618 
0.143979 -1.43874 1.4378 
0.318321 -1.20914 0.631567 
24.4022 -21.5167 3.60766 
-1.49544 -4.80167 -3.68096 
0.537367 -5.2177 -1.53898 
0.403708 -1.26638 0.653781 
0.559009 -5.25317 -1.4603 
0.932245 -4.6109 -1.77867 
0.0765467 -1.49468 -1.14644 
0.194593 -1.60095 1.56752 
-1.55638 -0.698137 -0.209535 
0.326898 0.47561 -1.0624 
-1.11875 0.370425 -1.62147 
-1.5767 0.388242 -1.23099 
-1.61556 0.391016 -1.10088 
-0.356246 -4.59991 0.545895 
-1.0143 0.442924 -0.909527 
-0.466042 -0.00627221 0.0177222 
-1.4674 0.368483 -1.50933 
0.144252 -1.98263 -1.14595 
-1.61411 -0.736715 -0.251533 
-0.804521 0.496588 -0.421698 
-1.23961 0.372461 -1.6157 
0.801506 -0.473849 -0.93868 
4.32933 -5.56857 -2.06594 
0.120377 -1.55002 -1.15188 
-0.0817491 -4.29809 -0.384396 
6.11452 -6.36905 3.30626 
-0.0825519 -2.97308 -2.02425 
4.97848 -5.21666 -0.209044 
1.4974 -0.599282 -0.715438 
0.927301 -0.61885 -0.895082 
-0.960261 0.497975 -0.26999 
-0.0958559 -0.837028 -1.04006 
-0.369926 -4.53886 0.558221 
0.0964071 -5.19844 -0.415732 
-1.57763 0.386746 -1.22036 
-1.62023 0.391164 -1.11405 
-0.172929 -2.87368 -1.96805 
-1.10876 -3.55519 -2.67936 
6.67711 -6.88294 3.55583 
-0.543779 -0.407952 0.0355426 
0.5581 -0.408108 -0.840257 
1.0156 0.223924 -0.849421 
1.08819 -3.51245 -1.9545 
1.27095 -1.45054 -0.771782 
0.604436 -0.447578 -0.826823 
-0.211907 0.412152 -1.43345 
-0.472089 0.393256 -1.4922 
-0.0536396 -3.85291 0.183796 
2.66043 -1.45328 3.01303 
3.43054 -3.85454 0.763967 
-1.02434 -3.92959 -2.95786 
-1.35663 -2.34543 -1.8321 
3.64999 -4.31092 2.19287 

-0.16512 -0.526123 0.94262 
-5.3148 -4.76848 6.34848 
-3.81453 -3.69915 6.07229 
-1.01412 -4.08659 2.02488 
27.7638 -33.9671 -6.9095 
2.92926 -4.35922 0.189359 
4.25727 -12.5051 -3.90068 
-5.62328 -5.17844 6.64797 
-1.40509 -4.11168 1.67164 
2.02303 -3.00841 0.498446 
-0.668815 -3.8165 1.94486 
-1.53779 -4.20409 1.17644 
-1.47515 -2.02196 1.00491 
0.0992223 -0.93906 0.79546 
-0.509263 0.127669 -0.0621979 
-0.175296 -0.527883 0.942261 
-0.525327 -0.00312444 -0.317872 
-0.516639 -0.0451863 -0.46134 
-0.357066 -0.111726 -0.60147 
-0.343957 -3.89247 2.57661 
1.14336 -0.178949 -0.687746 
-0.660876 -0.855921 -0.124888 
-0.855338 0.0960153 -0.103385 
-1.81314 -2.47473 1.29969 
-0.697842 0.0556942 -0.186584 
-1.14552 -0.714491 0.496561 
-1.71236 0.53491 0.985692 
-0.612109 -0.924169 -0.12194 
-1.03959 -4.12559 -0.224327 
-0.425929 -1.39601 -0.118417 
-0.758158 -3.78144 2.09211 
1.85898 -4.90089 -1.00053 
-0.993104 -1.21478 1.34516 
0.957433 -5.43033 -1.21933 
-0.272962 -1.10662 -0.428811 
-0.608161 -1.01626 -0.174013 
0.0442312 -0.850533 -0.941395 
-1.11161 -0.936386 0.578056 
-0.598713 -3.28448 2.01872 
-0.262614 -3.45372 2.38052 
-0.743101 0.0769744 -0.156202 
-1.76752 0.608421 1.12105 
-3.36236 -3.32899 3.22143 
-1.09023 -2.66765 0.519368 
1.45137 -4.25703 -0.556744 
23.4293 -24.3251 5.49437 
-0.703883 -0.757752 -0.0818939 
-0.467669 -0.375211 -0.311781 
-1.51185 -2.54734 0.914066 
-0.28908 -1.57049 -0.214616 
-0.653301 -1.22886 -0.372091 
-1.31251 0.227077 0.256809 
-1.45408 0.30574 0.429117 
-3.58355 -38.3482 13.2288 
1.0508 -0.229338 -0.77224 
1.57587 -4.53598 -0.505449 
-0.844883 -2.69534 0.291941 
4.83179 -8.06624 -1.37276 
16.1578 -23.7496 -4.40556 
