-0.543216 -0.161849 -0.823845 -0.648858 0.123957 0.95503 -0.269354 0.0289091 0.830392 -0.248439 -0.498726 0.82961 0 0 0 1
-0.699415 0.149433 0.69892 -0.701618 -0.277342 0.844525 -0.458104 0.780145 -0.658711 -0.514244 -0.549229 0.079367 0 0 0 1
###
-0.520045 0.238767 0.182378 
2.26406 -2.96287 1.512 
-0.00342346 0.331017 -0.733541 
-0.911558 -0.146137 0.155019 
-1.47457 -4.36135 -3.32829 
-6.44365 -7.45609 -6.3227 
-0.410842 -4.29909 0.520141 
0.831982 -5.33253 -1.19006 
0.541247 -5.2259 -1.54207 
-1.11052 0.244642 -0.977464 
-0.310274 -4.28524 -2.7839 
-0.567534 0.413148 -0.0130301 
0.569623 -5.2868 -1.47468 
0.902648 -4.5479 -1.75998 
0.957785 -1.71586 0.688826 
-0.545079 -1.64056 -1.17219 
2.13248 -0.048321 -0.494284 
-1.46684 0.366443 -1.5032 
-0.397844 -4.38414 0.542001 
12.91 -12.6466 6.64098 
-1.53923 -3.79264 -2.90188 
-0.55338 -1.6156 -1.15662 
-1.11948 0.371168 -1.62395 
2.27775 -0.0506557 -0.508217 
0.74695 -5.69884 -1.57911 
2.21462 -3.86261 -1.74599 
-0.00729306 -1.06279 0.95642 
0.893751 -0.0976642 -0.762791 
0.269725 0.481285 -1.10659 
1.50388 -0.599953 -0.71837 
0.63055 -0.478253 -0.813589 
-0.501135 -0.530055 0.448725 
-0.083049 -0.9352 0.80557 
5.37681 -6.53428 5.13394 
3.77867 -4.41273 2.24384 
-0.54583 -2.99678 -2.16084 
-1.11149 0.36744 -1.60466 
0.267888 0.480122 -1.10544 
2.26885 -0.293351 -0.464158 
-0.299011 0.129221 -0.15387 
0.702475 0.496104 -0.93507 
0.523817 0.497337 -0.989641 
-1.47379 0.36082 -1.49044 
-2.14815 -3.04462 -1.00001 
-0.651633 -0.0372893 -0.296492 
8.26199 -8.36446 3.48811 
-0.47045 0.395623 -1.49831 
-0.847598 -2.68234 -2.01995 
-0.30406 -0.188225 0.117488 
0.730653 -0.369079 -1.0631 
3.26164 -3.62477 -0.109894 
4.80888 -7.37796 -2.5095 
-0.298008 0.415224 -1.43747 
0.221352 0.462004 -1.06223 
0.415921 -0.406096 -1.26557 

-0.504728 0.210825 -0.0110713 
0.0353191 -7.29913 -1.4277 
-4.60459 -10.5665 13.1971 
0.92711 -1.90325 0.597046 
-5.3148 -4.76848 6.34848 
-0.175296 -0.527883 0.942261 
-1.01412 -4.08659 2.02488 
-1.0044 -3.94392 1.53501 
-1.38608 -4.3898 1.75009 
-0.571 -0.0067285 -0.330122 
0.773379 -5.08641 -0.822983 
-1.57131 0.494757 1.07841 
-0.668815 -3.8165 1.94486 
-1.53779 -4.20409 1.17644 
41.4412 -55.9945 -10.5212 
-2.32247 -2.59097 2.03906 
-0.791049 0.114873 -0.0923094 
-1.73174 0.641144 1.19831 
-0.758158 -3.78144 2.09211 
-1.24512 -3.84675 -0.0217648 
-5.62328 -5.17844 6.64797 
-6.83414 -8.98275 2.38233 
-0.486305 -0.0342652 -0.419183 
0.119021 -0.854717 -1.0031 
-1.26338 -4.22544 1.7262 
-0.832094 -3.58916 -0.103764 
1.71026 -4.93754 -0.992416 
-0.458619 -0.680222 -0.315471 
-0.697842 0.0556942 -0.186584 
-0.272962 -1.10662 -0.428811 
-1.10944 -1.2087 0.683639 
1.85898 -4.90089 -1.00053 
9.13097 -16.3965 -3.91176 
1.50064 -2.10034 0.856407 
2.30224 -3.87246 0.15703 
-1.09023 -2.66765 0.519368 
-0.653237 0.0587842 -0.187633 
-0.837444 0.109696 -0.0547487 
0.182896 -1.08311 -1.00315 
-0.0996824 -0.749562 -0.912674 
-0.456479 -0.0740957 -0.523607 
1.0508 -0.229338 -0.77224 
-1.72836 0.640501 1.1996 
-1.03834 -4.00115 1.57096 
-1.09299 -1.1247 0.641926 
0.611529 -1.68849 0.584334 
-1.45214 0.30622 0.426082 
0.394778 -2.11047 0.244691 
-1.71445 0.500172 0.902777 
-0.703883 -0.757752 -0.0818939 
0.925984 -5.35124 -1.15182 
-0.79931 -4.36878 -0.0245349 
-1.34346 0.259578 0.314429 
-0.849719 0.118556 -0.0527776 
-0.886811 -0.598525 0.0662143 
