-0.15997 -0.18349 -0.969918 -0.291119 0.193736 0.957626 -0.213118 0.100281 0.967924 -0.222 -0.117643 0.914534 0 0 0 1
-0.707707 0.171871 0.685282 -0.669757 -0.240302 0.853572 -0.462244 0.79491 -0.664384 -0.491808 -0.562778 0.095582 0 0 0 1
###
-0.0637324 -4.34228 -0.403926 
13.5734 -12.9843 -0.546574 
-0.461417 -2.84683 -1.89674 
-0.624596 -4.50683 1.14256 
0.540182 -5.22539 -1.54209 
-0.308662 0.13757 -0.219251 
0.0133713 0.670448 1.49089 
2.52738 -4.41538 -1.82262 
12.9096 -12.6463 6.63991 
1.25368 -1.31087 -0.784548 
2.1013 -0.0537363 -0.484784 
-0.493378 0.269237 0.117468 
5.75339 -6.28138 -0.279911 
0.932261 0.0596356 -0.79743 
-1.02491 -0.199994 -0.301628 
0.0854548 -4.93759 -0.546793 
0.348742 -0.372908 -1.1838 
0.326081 0.475179 -1.06146 
1.50281 -0.600356 -0.718326 
-0.619977 -1.80734 0.764225 
-0.678316 -1.58087 1.0845 
0.457848 0.478903 -0.970115 
6.10223 -6.35451 3.29902 
8.24277 -8.39188 3.5149 
2.01481 -1.631 -1.08765 
0.527849 -2.5427 -1.46974 
0.0429206 -0.665706 -1.26986 
0.0267322 -4.6476 -0.520218 
-0.210642 0.413472 -1.4364 
0.525264 0.498408 -0.990563 
1.09668 -0.0775495 -0.839254 
6.39945 -6.16925 1.21419 
3.11421 -4.03013 3.23117 
4.80937 -7.37945 -2.50406 
-0.298034 0.415299 -1.43744 
0.234849 0.464949 -1.07369 
-0.299158 -0.189653 0.118186 
1.14709 -0.0813397 -0.856462 
0.699275 0.494288 -0.931786 
-0.739536 -1.66007 1.26615 
0.473636 -4.48268 -1.61783 
-0.340063 -1.7363 1.2786 
-0.104076 -1.81726 0.95841 
1.08492 -3.50471 -1.9513 
1.2739 -1.45206 -0.773127 
0.313033 -0.357415 -0.695649 
5.58443 -6.14503 -0.262276 
-0.374607 -4.52858 0.557825 
-0.179178 -4.54193 1.09883 
1.16304 -1.80776 -2.41582 

-1.01412 -4.08659 2.02488 
3.18045 -15.8804 -5.62464 
-6.72423 -6.09893 6.18048 
-0.30634 -3.66525 2.2182 
-1.40509 -4.11168 1.67164 
0.486233 -0.583845 -1.77554 
-0.457292 -0.743695 -0.278646 
-0.832094 -3.58916 -0.103764 
1.20591 -10.8432 -3.01652 
-0.409799 -1.68281 0.00971134 
-0.151276 -0.523693 0.937595 
-0.571 -0.0067285 -0.330122 
12.3746 -21.1881 -4.65795 
-0.453687 -0.855736 -0.255641 
-0.163402 -0.543405 0.958581 
-0.262614 -3.45372 2.38052 
-0.886811 -0.598525 0.0662143 
1.0508 -0.229338 -0.77224 
-0.272962 -1.10662 -0.428811 
-5.00292 -8.11518 7.8525 
0.928495 -2.31258 0.41097 
-0.697842 0.0556942 -0.186584 
1.57587 -4.53598 -0.505449 
2.71129 -3.58003 0.531232 
-0.448695 -1.47178 -0.0777534 
-1.5692 -1.95405 1.56007 
-1.19737 -0.722242 0.476592 
-0.348642 -2.77328 1.97253 
-1.43355 0.293939 0.421677 
-0.789527 0.1055 -0.0826382 
-0.458619 -0.680222 -0.315471 
-0.468778 -3.17261 -0.0670426 
2.92926 -4.35922 0.189359 
-0.79931 -4.36878 -0.0245349 
-1.21365 0.200103 0.175542 
-0.837444 0.109696 -0.0547487 
2.94676 0.172291 -3.62007 
-0.4434 -0.0758233 -0.465399 
-0.456479 -0.0740957 -0.523607 
13.4788 -30.6129 -10.9973 
-1.54587 -4.22708 1.52554 
-0.276582 -1.10165 -0.424449 
-1.38181 -4.20682 1.36107 
-1.56202 -2.981 0.77617 
-0.28908 -1.57049 -0.214616 
-0.630767 -0.898821 -0.123019 
1.52244 -8.54515 -2.13158 
-0.531776 -3.71228 2.25593 
-0.0946774 -1.20302 1.21685 
1.22937 -0.194364 -1.01145 
