-0.214223 -0.1623 -0.963207 -0.38048 0.243618 0.946059 -0.213593 0.131932 0.945917 -0.280411 -0.163129 0.76686 0 0 0 1
-0.707707 0.171871 0.685282 -0.669757 -0.240302 0.853572 -0.462244 0.79491 -0.664384 -0.491808 -0.562778 0.095582 0 0 0 1
###
0.963705 -5.72079 -1.29903 
16.6537 -15.8401 7.97411 
-0.308996 0.137634 -0.219098 
0.423852 -8.24285 0.19245 
-2.41187 -7.04112 -5.12411 
2.40059 -2.86681 1.25039 
13.4024 -12.7703 -0.46976 
18.202 -20.1208 18.361 
0.539108 -5.22683 -1.54282 
0.984452 -4.71553 -1.83 
-0.6725 -3.8129 0.976012 
0.594589 -4.52047 -1.12162 
2.26225 -0.0538086 -0.504088 
0.578983 -5.32684 -1.49286 
0.514922 -2.57955 -1.47827 
1.05977 -0.473438 -0.615579 
8.29716 -10.6456 9.63029 
-0.0385672 -4.85114 -0.218303 
0.327336 0.475849 -1.06277 
6.02745 -5.87143 1.139 
-0.529556 -1.96512 -0.20556 
-0.299706 0.41458 -1.43452 
-0.212261 0.412616 -1.43367 
1.50557 -0.600918 -0.719935 
0.267314 0.479133 -1.10265 
1.14791 0.526553 -0.751196 
-0.326408 -0.596421 0.374857 
-0.333426 -0.588668 0.371313 
-0.102621 -1.81002 0.95133 
-1.2763 -1.81552 -1.49247 
-0.572938 0.36917 -1.42111 
-0.26535 0.101596 0.248592 
0.564712 -4.77589 -1.7177 
-0.586499 -0.433021 0.340318 
1.53218 -0.613138 -0.728922 
0.604196 -0.47594 -0.800813 
3.8736 -4.33231 1.75166 
0.251895 -5.81059 -0.626547 
0.522213 0.496498 -0.987165 
0.0970912 0.689356 1.52274 
2.39953 -4.06811 -1.13548 
-0.335526 -3.64187 0.901309 
-0.360626 -4.59301 0.546878 

-1.03834 -4.00115 1.57096 
-6.58312 -5.63471 6.45697 
1.0508 -0.229338 -0.77224 
-1.01412 -4.08659 2.02488 
-0.156687 -0.528713 0.940725 
-2.32247 -2.59097 2.03906 
3.18045 -15.8804 -5.62464 
0.773379 -5.08641 -0.822983 
-1.40509 -4.11168 1.67164 
-1.54133 -4.82795 1.45124 
-0.203819 -2.3771 1.57866 
-1.0044 -3.94392 1.53501 
0.161424 -0.893848 -1.03709 
-0.30634 -3.66525 2.2182 
-0.782309 -1.91165 0.555681 
-0.272962 -1.10662 -0.428811 
8.13743 -19.0996 -5.56463 
-0.758158 -3.78144 2.09211 
-0.743101 0.0769744 -0.156202 
13.9776 -14.8616 -0.0889032 
-0.262614 -3.45372 2.38052 
-0.0966923 -0.24327 -0.956412 
-1.30458 0.225384 0.261991 
-0.477998 0.171174 0.0167162 
-0.880567 0.128103 0.00629948 
-1.43355 0.293939 0.421677 
-2.00952 -2.28946 1.83733 
1.64061 -2.82095 0.42253 
-1.48583 -4.94334 1.17767 
-2.03744 -2.0934 3.5123 
-1.45408 0.30574 0.429117 
-1.10526 -1.08052 0.635009 
-1.48491 -4.06033 1.49241 
-1.6721 -2.01485 1.53901 
-0.279228 -1.10352 -0.416724 
-0.601081 -0.941138 -0.119159 
0.611529 -1.68849 0.584334 
-1.00974 -4.11538 2.04883 
-0.802607 0.110746 -0.0943045 
-0.530174 -0.787759 -0.425111 
-0.444578 -3.96311 0.0501495 
-0.0946774 -1.20302 1.21685 
-0.840362 -4.16872 2.22414 
