-0.280693 -0.180384 -0.942695 -0.488104 0.106192 0.970314 -0.217288 -0.0930948 0.953905 -0.161098 -0.253205 0.538306 0 0 0 1
-0.707707 0.171871 0.685282 -0.669757 -0.240302 0.853572 -0.462244 0.79491 -0.664384 -0.491808 -0.562778 0.095582 0 0 0 1
###
-1.98955 -3.71631 -3.82612 
0.539277 -5.22785 -1.54328 
13.3728 -12.1604 1.38047 
12.4037 -11.5605 6.74297 
1.6627 -0.0506092 -0.444489 
7.83464 -8.88945 -1.40862 
11.6863 -11.018 3.40356 
14.3608 -14.1162 8.57641 
-0.0606832 -1.70257 1.94364 
6.99481 -10.3881 10.2452 
7.04168 -8.19731 -1.46523 
1.15675 -6.26352 -1.43199 
2.09127 -0.0555466 -0.480112 
1.00031 -4.75111 -1.84817 
9.96595 -9.85087 5.84983 
-0.339208 -0.874019 0.893492 
2.42344 -3.96992 -1.49237 
2.23806 -0.056718 -0.497152 
1.50619 -0.60071 -0.719743 
0.544586 -5.3334 -1.56158 
2.43153 -3.99032 -1.50887 
-0.30181 0.412981 -1.43002 
0.0162989 0.519346 -0.345381 
1.40425 -0.69834 -1.18621 
0.83108 0.510316 -0.918317 
0.315443 0.474729 -1.05932 
-0.51014 0.389457 -1.50251 
2.25755 -0.293079 -0.46032 
0.557874 -0.408458 -0.834385 
-0.110122 -4.28756 0.768766 
1.3547 0.533692 -0.640545 
2.29875 -0.040781 -0.494451 
0.958432 -0.074878 -0.790187 
2.82978 0.607208 -0.354929 
0.425189 -2.3657 -1.36777 
-0.952307 -1.05637 -0.824756 
6.73526 -7.81979 6.60893 
0.997687 -0.636476 -0.934469 
0.733776 -0.37197 -1.06379 
1.52314 -0.612222 -0.725762 
3.72898 0.508479 0.486647 
-0.106041 -4.30347 0.771697 
0.348489 0.477746 -1.08336 
0.618543 -0.448208 -0.823302 
0.746257 -0.376763 -1.0601 
0.554341 -2.93629 3.42362 
11.4946 -14.2347 13.1371 
0.0592257 -1.10071 -1.15439 
0.175704 0.441186 -1.29707 

-0.16512 -0.526123 0.94262 
-1.40509 -4.11168 1.67164 
-2.00952 -2.28946 1.83733 
-1.6721 -2.01485 1.53901 
0.161424 -0.893848 -1.03709 
-1.48386 -1.86603 1.34854 
-6.72423 -6.09893 6.18048 
2.30224 -3.87246 0.15703 
-1.74126 0.51167 0.916924 
25.4442 -23.7155 4.39312 
3.03272 -5.83753 -0.605232 
-1.2578 -4.73838 1.51891 
0.119021 -0.854717 -1.0031 
-1.53779 -4.20409 1.17644 
1.20591 -10.8432 -3.01652 
27.7638 -33.9671 -6.9095 
-0.832094 -3.58916 -0.103764 
0.164299 -0.89718 -1.04992 
-0.272962 -1.10662 -0.428811 
-1.01412 -4.08659 2.02488 
-0.941084 -3.10116 0.167394 
-1.33784 0.258945 0.314862 
1.2946 -0.137027 -0.88301 
-0.601081 -0.941138 -0.119159 
-0.305906 -0.16357 -0.688172 
-1.76752 0.608421 1.12105 
-0.456479 -0.0740957 -0.523607 
0.182896 -1.08311 -1.00315 
-0.613777 -1.01092 -0.184104 
-0.517918 -2.65199 1.41617 
-0.357066 -0.111726 -0.60147 
0.113627 -0.855334 -1.01385 
-0.458619 -0.680222 -0.315471 
0.470996 -0.576402 -1.70771 
-0.810376 -4.33588 -0.0174622 
-0.163402 -0.543405 0.958581 
1.50064 -2.10034 0.856407 
-0.9856 -1.55039 -0.620809 
-0.728155 -0.730884 -0.0630141 
-0.276582 -1.10165 -0.424449 
1.39039 -0.879139 -2.09122 
-0.22901 -1.14189 1.07236 
-0.941103 0.174692 -0.173357 
-1.07607 -1.20959 0.686757 
-0.595324 -0.970307 -0.127904 
3.18045 -15.8804 -5.62464 
0.957433 -5.43033 -1.21933 
-0.504728 0.210825 -0.0110713 
-0.701253 0.0385396 -0.286299 
