-0.315929 -0.154349 -0.936144 -0.528908 0.0778222 0.979138 -0.187701 -0.20389 0.945586 -0.132153 -0.297326 0.498439 0 0 0 1
-0.699415 0.149433 0.69892 -0.701618 -0.277342 0.844525 -0.458104 0.780145 -0.658711 -0.514244 -0.549229 0.079367 0 0 0 1
###
7.07239 -12.5267 11.3079 
14.3971 -14.1461 8.56838 
-0.10696 -1.10514 1.16307 
-2.00223 -5.58403 -3.62458 
4.14953 -6.33887 -1.83809 
4.78617 -4.31377 0.855265 
-0.565066 0.029393 -0.189292 
-1.15402 -2.19465 -1.68375 
2.23642 -0.0569626 -0.496802 
10.0257 -9.90946 5.88484 
17.8814 -19.3384 -2.79902 
-1.23386 -2.5555 -1.89127 
0.536298 -5.21785 -1.53917 
0.983891 -5.7714 -2.03067 
4.2305 -6.47166 -1.86802 
1.51626 -6.48606 -2.36084 
3.7912 0.515754 0.502369 
0.325943 0.474864 -1.06018 
0.425741 -0.421744 -1.2717 
2.11231 -0.0524673 -0.486349 
0.0244972 0.523361 -0.346573 
6.32515 -12.0958 11.8135 
3.7732 -4.69503 3.9527 
-0.322363 -0.0694379 -0.337746 
2.86054 -3.69858 3.05555 
-0.471007 0.395084 -1.4958 
-0.393594 0.501459 -0.394923 
1.50586 -0.600979 -0.719858 
2.05077 -0.0725654 -0.555713 
9.71274 -9.04034 -0.137462 
-0.0919754 -4.47645 0.854434 
0.435922 -5.13041 -1.5369 
-0.301599 0.413194 -1.43037 
-0.0722862 0.514088 -0.463112 
9.01786 -10.5673 9.19538 
1.52415 -0.612281 -0.726078 
-0.375727 0.525102 -0.395555 
-0.959422 -1.10788 -0.928912 
-0.118253 -4.05721 0.620885 
-0.301599 0.413194 -1.43037 
0.191218 0.449 -1.31346 
2.8441 -1.30052 -0.0471491 
0.98367 0.16385 -0.822069 
1.38109 -2.50567 -1.04648 

4.59761 -4.84744 2.03282 
0.0353191 -7.29913 -1.4277 
0.92711 -1.90325 0.597046 
-0.158231 -0.530556 0.943631 
-1.6721 -2.01485 1.53901 
6.94986 -16.3638 -4.7209 
-1.77649 0.452604 0.787926 
-0.151276 -0.523693 0.937595 
0.161424 -0.893848 -1.03709 
2.30224 -3.87246 0.15703 
8.00666 -12.2647 -2.15602 
-0.153343 -0.525756 0.938906 
-1.38608 -4.3898 1.75009 
-1.55132 -4.30108 1.55697 
-0.146891 -0.630575 0.872614 
-1.53779 -4.20409 1.17644 
1.39039 -0.879139 -2.09122 
-0.743101 0.0769744 -0.156202 
-0.886811 -0.598525 0.0662143 
-0.396042 -1.51038 0.0109332 
1.2946 -0.137027 -0.88301 
2.25382 -2.64785 1.51969 
-1.13204 -1.75878 0.927391 
2.82918 -3.67803 0.534395 
-1.81314 -2.47473 1.29969 
-0.365145 -0.11718 -0.610336 
-1.8735 0.598115 1.09088 
-0.272962 -1.10662 -0.428811 
2.2886 -1.20332 0.0756983 
3.18045 -15.8804 -5.62464 
-0.22901 -1.14189 1.07236 
-0.343957 -3.89247 2.57661 
-0.0966923 -0.24327 -0.956412 
-1.35334 0.393542 1.04768 
-10.1191 -10.9998 4.66702 
-0.276582 -1.10165 -0.424449 
-0.727039 0.0764985 -0.16122 
-0.163402 -0.543405 0.958581 
-0.517918 -2.65199 1.41617 
-1.33784 0.258945 0.314862 
-1.08717 0.126505 -0.000397881 
-0.703883 -0.757752 -0.0818939 
-0.475419 -0.297831 -0.312316 
-0.637966 -3.35037 -0.0881551 
