-0.263349 -0.221975 -0.938815 -0.487118 0.315084 0.900006 -0.301184 -0.0407183 0.911795 -0.375122 -0.167074 0.525377 0 0 0 1
-0.707707 0.171871 0.685282 -0.669757 -0.240302 0.853572 -0.462244 0.79491 -0.664384 -0.491808 -0.562778 0.095582 0 0 0 1
###
7.02137 -10.4275 10.2871 
-0.678913 -0.140697 -0.53891 
-1.56773 -1.76277 -2.06884 
0.354175 0.477709 -1.06752 
2.27617 -0.0786422 -0.489126 
0.52945 -3.92716 -2.14015 
-0.488038 -1.69154 -0.174866 
4.42439 -6.67621 -1.95962 
14.4644 -14.2096 8.62319 
-0.399986 -4.3639 0.524319 
2.23224 -0.0574123 -0.495686 
0.584641 -5.34757 -1.50362 
10.2183 -10.0976 6.00124 
-1.3697 -2.22016 -1.75946 
1.53017 -6.50337 -2.36706 
2.11899 -0.0513234 -0.488209 
0.267077 0.478925 -1.10196 
0.82116 0.51 -0.912951 
5.26704 -4.75815 0.934036 
1.39654 -2.51177 -1.05145 
-0.0779671 0.177074 -0.532185 
-0.303601 0.412364 -1.42716 
0.699311 0.495333 -0.929817 
-0.0018721 0.259605 -1.35234 
0.806737 0.508002 -0.910028 
0.544801 -5.33397 -1.56178 
1.50786 -0.601212 -0.720709 
2.98702 -3.82244 3.16677 
-0.291894 -4.55314 0.258329 
0.403899 -0.390994 -1.22675 
9.36755 -10.928 9.55218 
5.46444 -5.18376 -0.200012 
0.019458 0.521095 -0.34638 
0.120425 -1.03545 -1.25751 
2.09019 -2.15043 0.0191899 
8.56348 -8.48507 4.95777 
-0.360954 -4.59262 0.54593 
0.794643 -5.07376 -1.23651 
0.35835 0.482322 -1.09057 
0.312152 -2.24229 -1.31078 
0.00617335 -1.00016 -1.08177 
1.14807 -1.10378 -0.76454 
-0.439026 -0.777108 -0.802737 

13.4788 -30.6129 -10.9973 
-0.153343 -0.525756 0.938906 
-0.697842 0.0556942 -0.186584 
-4.60459 -10.5665 13.1971 
0.161424 -0.893848 -1.03709 
-2.03176 -3.26628 1.0364 
-1.01412 -4.08659 2.02488 
-6.58312 -5.63471 6.45697 
0.773379 -5.08641 -0.822983 
-0.331784 -3.72113 2.24876 
0.119021 -0.854717 -1.0031 
-1.40509 -4.11168 1.67164 
1.20591 -10.8432 -3.01652 
-5.62328 -5.17844 6.64797 
-1.53779 -4.20409 1.17644 
-1.6989 0.495648 0.894127 
-0.743101 0.0769744 -0.156202 
-0.305906 -0.16357 -0.688172 
1.21633 -3.70885 -0.340244 
-0.832094 -3.58916 -0.103764 
-0.478078 -0.259222 -0.311309 
-1.33784 0.258945 0.314862 
-1.43355 0.293939 0.421677 
-1.20381 0.0235774 0.166567 
-0.301368 -0.177991 -0.641776 
-0.30634 -3.66525 2.2182 
-0.272962 -1.10662 -0.428811 
1.71026 -4.93754 -0.992416 
-0.262614 -3.45372 2.38052 
-0.965444 -0.58526 0.16357 
6.94986 -16.3638 -4.7209 
1.8255 -9.1642 -3.01621 
1.2946 -0.137027 -0.88301 
-0.430275 -1.56154 -0.0515088 
-0.844883 -2.69534 0.291941 
-1.01944 -4.79396 -0.148651 
-0.222892 -1.54045 1.39685 
-1.17093 -7.63956 2.68452 
-0.941103 0.174692 -0.173357 
-1.48386 -1.86603 1.34854 
-0.504728 0.210825 -0.0110713 
-0.425929 -1.39601 -0.118417 
-1.035 0.1186 -0.00491901 
