-0.263349 -0.221975 -0.938815 -0.487118 0.315084 0.900006 -0.301184 -0.0407183 0.911795 -0.375122 -0.167074 0.525377 0 0 0 1
-0.699415 0.149433 0.69892 -0.701618 -0.277342 0.844525 -0.458104 0.780145 -0.658711 -0.514244 -0.549229 0.079367 0 0 0 1
###
7.02137 -10.4275 10.2871 
-0.678913 -0.140697 -0.53891 
-1.56773 -1.76277 -2.06884 
0.354175 0.477709 -1.06752 
2.27617 -0.0786422 -0.489126 
0.52945 -3.92716 -2.14015 
-0.488038 -1.69154 -0.174866 
4.42439 -6.67621 -1.95962 
14.4644 -14.2096 8.62319 
-0.399986 -4.3639 0.524319 
0.584641 -5.34757 -1.50362 
10.2183 -10.0976 6.00124 
-1.3697 -2.22016 -1.75946 
-1.56463 -2.11765 -1.7063 
1.53017 -6.50337 -2.36706 
2.11899 -0.0513234 -0.488209 
0.267077 0.478925 -1.10196 
0.82116 0.51 -0.912951 
5.26704 -4.75815 0.934036 
1.39654 -2.51177 -1.05145 
-0.303601 0.412364 -1.42716 
0.699311 0.495333 -0.929817 
0.544801 -5.33397 -1.56178 
1.50786 -0.601212 -0.720709 
2.98702 -3.82244 3.16677 
-0.291894 -4.55314 0.258329 
0.403899 -0.390994 -1.22675 
9.36755 -10.928 9.55218 
5.46444 -5.18376 -0.200012 
0.019458 0.521095 -0.34638 
0.120425 -1.03545 -1.25751 
2.09019 -2.15043 0.0191899 
-0.303601 0.412364 -1.42716 
-0.460353 -0.0166282 -0.0311062 
8.56348 -8.48507 4.95777 
-0.360954 -4.59262 0.54593 
0.794643 -5.07376 -1.23651 
0.35835 0.482322 -1.09057 
0.312152 -2.24229 -1.31078 
0.00617335 -1.00016 -1.08177 
1.14807 -1.10378 -0.76454 
-0.439026 -0.777108 -0.802737 

1.45137 -4.25703 -0.556744 
-0.153343 -0.525756 0.938906 
-0.175296 -0.527883 0.942261 
-0.16512 -0.526123 0.94262 
0.161424 -0.893848 -1.03709 
-2.03176 -3.26628 1.0364 
-1.01412 -4.08659 2.02488 
-2.00952 -2.28946 1.83733 
0.773379 -5.08641 -0.822983 
-0.331784 -3.72113 2.24876 
-1.40509 -4.11168 1.67164 
2.30224 -3.87246 0.15703 
0.925984 -5.35124 -1.15182 
-0.158231 -0.530556 0.943631 
-1.53779 -4.20409 1.17644 
-1.6989 0.495648 0.894127 
-0.837444 0.109696 -0.0547487 
-0.305906 -0.16357 -0.688172 
25.4442 -23.7155 4.39312 
-0.832094 -3.58916 -0.103764 
-1.33784 0.258945 0.314862 
-0.365145 -0.11718 -0.610336 
-0.30634 -3.66525 2.2182 
-0.272962 -1.10662 -0.428811 
1.71026 -4.93754 -0.992416 
-0.758158 -3.78144 2.09211 
-0.965444 -0.58526 0.16357 
4.25727 -12.5051 -3.90068 
-1.07474 -2.60177 0.507256 
1.2946 -0.137027 -0.88301 
-0.435544 -1.56344 -0.0578081 
-0.844883 -2.69534 0.291941 
-1.34346 0.259578 0.314429 
-0.743101 0.0769744 -0.156202 
-1.01944 -4.79396 -0.148651 
-0.222892 -1.54045 1.39685 
-1.17093 -7.63956 2.68452 
-0.941103 0.174692 -0.173357 
-1.48386 -1.86603 1.34854 
-0.504728 0.210825 -0.0110713 
-0.425929 -1.39601 -0.118417 
-1.035 0.1186 -0.00491901 
