-0.267007 -0.158916 -0.950501 -0.534025 0.129835 0.971385 -0.19888 -0.059745 0.954908 -0.176511 -0.238734 0.306225 0 0 0 1
-0.699415 0.149433 0.69892 -0.701618 -0.277342 0.844525 -0.458104 0.780145 -0.658711 -0.514244 -0.549229 0.079367 0 0 0 1
###
0.326501 0.475147 -1.06057 
0.289396 -2.31677 -1.31159 
0.892224 -1.1624 -0.0356854 
5.63766 -5.97097 3.70373 
-4.25749 -16.2063 -9.18965 
-0.02878 -1.30474 1.20937 
6.97106 -10.3549 10.2276 
0.820433 0.509879 -0.912463 
0.264429 0.478211 -1.09888 
2.10518 -0.053328 -0.48439 
1.50829 -0.600631 -0.720555 
-0.0439086 -1.25719 1.25658 
1.69493 -1.58515 -0.905267 
0.722329 -5.44549 -1.8791 
0.252124 0.469481 -1.08856 
0.699037 0.495453 -0.929879 
0.479342 0.484781 -0.985889 
3.87369 -3.84776 0.743788 
-2.40462 -7.4965 -4.42615 
0.474646 -3.65753 -1.93789 
1.23243 -0.37658 -0.60073 
10.353 -10.2369 6.0958 
1.67201 -7.24802 9.12412 
-1.03815 -2.74062 -1.90562 
0.806765 -5.20458 -1.88939 
2.23594 -0.0565786 -0.496714 
2.35327 4.74453 -11.7542 
-0.487862 0.438897 -1.64142 
-0.639706 2.53889 -4.03894 
22.9957 -23.9231 19.9279 
0.363964 0.471372 -1.08489 
0.955309 -5.30284 -1.86928 
2.3915 -2.33068 0.100026 
11.8468 -11.7686 7.68749 
1.45739 -6.58653 8.2491 
1.84702 -2.58773 -0.723243 
0.0914635 -0.999647 -1.22399 
-1.02863 -2.67359 -1.86726 
-0.30587 0.410689 -1.42262 
-0.656838 2.40974 -3.842 
0.289366 0.464026 -1.049 
0.52093 0.496348 -0.985716 
1.22469 -0.0275181 -0.461402 
2.89802 -3.7458 3.10754 
2.292 0.722103 0.774309 
-0.076969 -4.51387 0.82822 
2.86711 0.214985 -0.272716 
9.02032 -8.93878 5.25124 
-0.0730002 -4.55761 0.837481 
3.78047 0.519797 0.488924 
-0.648989 2.46796 -3.92826 
0.247231 0.46833 -1.08377 
0.35761 0.482561 -1.09019 
-1.06456 -2.68123 -1.91289 
0.129286 -1.21473 -1.23058 
3.01804 -0.576866 2.1297 
4.04967 -4.84293 4.01957 
23.5917 -24.3583 19.885 
-0.221004 0.409003 -1.4167 
0.770431 -0.500862 -0.890269 
0.770178 -0.418316 -0.994868 
0.0570651 -1.09811 -1.13234 
-0.166064 -4.07553 0.801997 
-0.0631651 -2.04215 0.897852 
0.550186 -3.78802 -1.24568 

-1.76752 0.608421 1.12105 
-1.80242 -3.01014 0.925016 
29.7425 -36.6239 -5.45369 
-3.36236 -3.32899 3.22143 
-0.151276 -0.523693 0.937595 
0.0992223 -0.93906 0.79546 
25.4442 -23.7155 4.39312 
-0.365145 -0.11718 -0.610336 
-0.721365 0.0825449 -0.181273 
0.161424 -0.893848 -1.03709 
-0.272962 -1.10662 -0.428811 
-1.74126 0.51167 0.916924 
-0.411029 -1.71617 -0.00764406 
-1.55132 -4.30108 1.55697 
-0.849719 0.118556 -0.0527776 
-0.4434 -0.0758233 -0.465399 
-6.39022 -4.58638 10.6349 
4.53068 -5.45133 0.445544 
-0.158231 -0.530556 0.943631 
-7.00831 -4.77069 12.404 
-0.22434 -1.1207 -0.514419 
-0.413999 -2.70985 -0.0148958 
-1.71445 0.500172 0.902777 
-0.153343 -0.525756 0.938906 
-1.5271 -4.35876 1.38196 
0.119021 -0.854717 -1.0031 
-1.45214 0.30622 0.426082 
-1.93819 0.732652 1.14717 
-0.702129 0.0367332 0.912386 
2.02303 -3.00841 0.498446 
-0.861542 0.100635 -0.102555 
-1.49073 -4.39796 1.35415 
-0.812495 -1.00279 1.34682 
6.06872 -8.6247 -0.929889 
2.30224 -3.87246 0.15703 
-0.844883 -2.69534 0.291941 
-0.430275 -1.56154 -0.0515088 
-2.84011 -3.82005 1.29617 
-1.33784 0.258945 0.314862 
-9.96646 10.4051 1.52631 
-0.865489 0.124018 -0.0513851 
-0.723027 0.0750113 -0.178233 
0.164299 -0.89718 -1.04992 
-0.87782 -2.40842 0.449391 
-6.00725 -3.63273 9.4509 
-0.517918 -2.65199 1.41617 
-0.458619 -0.680222 -0.315471 
-0.0610672 -4.10596 -0.318677 
-0.22901 -1.14189 1.07236 
1.38606 -0.875979 -2.09263 
-1.035 0.1186 -0.00491901 
-0.895948 0.136311 -0.0158848 
-0.941103 0.174692 -0.173357 
-0.156687 -0.528713 0.940725 
-1.11321 -1.42463 0.820194 
2.50541 -1.32649 -0.770934 
-1.13204 -1.75878 0.927391 
13.789 -14.6478 0.024872 
-1.43355 0.293939 0.421677 
-0.532712 -1.11707 -0.120404 
-0.675138 -0.803843 -0.0999991 
-0.435544 -1.56344 -0.0578081 
-0.221279 -0.654234 0.943144 
-1.0044 -3.94392 1.53501 
-0.30634 -3.66525 2.2182 
