-0.269164 -0.205725 -0.940866 -0.513029 0.342843 0.892457 -0.293221 0.023805 0.900005 -0.401494 -0.169686 0.407704 0 0 0 1
-0.699415 0.149433 0.69892 -0.701618 -0.277342 0.844525 -0.458104 0.780145 -0.658711 -0.514244 -0.549229 0.079367 0 0 0 1
###
6.97272 -10.3584 10.2306 
-0.397776 -4.37333 0.525297 
-1.599 -1.86587 -2.16703 
0.326075 0.474979 -1.06038 
1.42233 1.13181 -2.09198 
4.41222 -6.66038 -1.95377 
0.454776 -2.54906 -1.40728 
-0.931807 -0.709333 -1.10092 
0.348535 0.47623 -1.0638 
0.537485 -5.21918 -1.53953 
5.58889 -5.97357 3.73753 
14.4679 -14.2168 8.62049 
0.345423 -0.726481 -0.146558 
1.84053 -1.78509 -0.918103 
-1.5875 -2.20024 -1.75955 
-1.33412 -2.10892 -1.68841 
-0.227784 -4.52313 0.160874 
0.720574 -4.87953 -1.21407 
1.02485 0.519952 -0.835874 
0.266501 0.478742 -1.10098 
0.593598 -5.37888 -1.51676 
7.57806 -7.82068 4.88716 
10.3522 -10.2356 6.09113 
0.349699 -1.18596 -1.5419 
-1.30394 -2.09743 -1.66586 
-0.233704 -4.54361 0.159991 
2.23224 -0.0569853 -0.495418 
0.25292 0.469619 -1.0898 
2.10604 -0.0532874 -0.484406 
0.0818295 -1.5111 -1.16742 
-1.36394 -2.19347 -1.74213 
-0.0868324 0.434377 -1.36829 
0.698679 0.495103 -0.929337 
0.582968 -0.411341 -0.851059 
3.04422 -1.43472 2.09349 
-1.58975 -2.18189 -1.75608 
2.7581 0.590943 -0.350436 
1.76189 -0.0261208 -0.635716 
1.52087 -0.611569 -0.724649 
2.25264 -0.292084 -0.458278 
1.90638 -3.19963 -1.22792 
2.4463 -2.64329 0.611629 
1.92909 -2.24878 -0.320099 
3.49275 -3.5005 0.64542 
0.00344076 -1.77121 1.03756 
1.4495 -2.57109 -1.06336 
1.12542 -0.912971 -0.857015 
-0.304135 0.411949 -1.42586 
0.103753 -0.864689 -1.23796 
1.5434 0.579947 -0.673047 
0.522052 0.496701 -0.986819 
0.791428 -0.399065 -1.07003 
9.40509 -10.9784 9.62041 
-0.360323 -4.59742 0.545533 
0.350968 0.479192 -1.08432 
0.807783 -0.409411 -1.04904 
4.28481 -5.40216 4.48602 
-0.265877 -2.31717 -1.54146 
1.43333 -1.09459 -0.948662 
0.425595 -0.356823 -1.18276 
0.4259 -0.353289 -1.17772 

1.85898 -4.90089 -1.00053 
-0.882715 -0.597796 0.0676081 
-0.175296 -0.527883 0.942261 
-1.76752 0.608421 1.12105 
-1.56843 0.363127 0.554221 
-1.5692 -1.95405 1.56007 
-1.82813 -3.18749 0.894218 
-6.39022 -4.58638 10.6349 
-0.805221 0.109207 -0.0890863 
-1.38608 -4.3898 1.75009 
7.58766 -12.4823 -2.56465 
0.773379 -5.08641 -0.822983 
4.53068 -5.45133 0.445544 
-0.411029 -1.71617 -0.00764406 
-0.158231 -0.530556 0.943631 
-0.156687 -0.528713 0.940725 
-1.01412 -4.08659 2.02488 
-1.03834 -4.00115 1.57096 
-1.31251 0.227077 0.256809 
-0.849719 0.118556 -0.0527776 
-1.40509 -4.11168 1.67164 
-0.810376 -4.33588 -0.0174622 
2.30224 -3.87246 0.15703 
-1.07607 -1.20959 0.686757 
-5.62328 -5.17844 6.64797 
-0.486017 -4.07189 2.52182 
-1.6989 0.495648 0.894127 
-0.880567 0.128103 0.00629948 
0.161424 -0.893848 -1.03709 
-1.13204 -1.75878 0.927391 
-2.03744 -2.0934 3.5123 
-1.57733 0.363169 0.557291 
-0.4434 -0.0758233 -0.465399 
-0.612109 -0.924169 -0.12194 
-1.10588 -1.22332 0.698851 
-0.837444 0.109696 -0.0547487 
0.470996 -0.576402 -1.70771 
-0.10748 -0.726159 -0.778843 
-0.272962 -1.10662 -0.428811 
0.182896 -1.08311 -1.00315 
-1.03959 -4.12559 -0.224327 
1.83452 -2.86942 0.395767 
2.20128 -12.0702 -3.4725 
-1.56836 -1.66346 1.88106 
-1.48491 -4.06033 1.49241 
-0.996106 -2.12808 0.701396 
-0.499332 -1.24864 -0.107229 
-1.34346 0.259578 0.314429 
3.10234 -0.632224 -0.373807 
-0.357066 -0.111726 -0.60147 
-0.709447 0.057773 -0.155696 
-0.568029 -1.0258 -0.125471 
7.84033 -19.4416 -6.24254 
0.198174 -1.2727 0.80473 
-0.941103 0.174692 -0.173357 
-0.615318 -0.920936 -0.122459 
-3.41533 -3.33125 2.91776 
-0.993104 -1.21478 1.34516 
-0.529978 -1.24104 -0.172883 
-0.756552 -0.688531 -0.0476396 
-1.09997 -0.606868 0.218887 
