0.504438 -0.189387 -0.842422 -0.176775 0.19587 0.975313 -0.101976 0.00120831 0.840938 -0.113564 0.52908 0.500371 0 0 0 1
-0.707707 0.171871 0.685282 -0.669757 -0.240302 0.853572 -0.462244 0.79491 -0.664384 -0.491808 -0.562778 0.095582 0 0 0 1
###
2.10075 -0.0540447 -0.48285 
7.04649 -12.4883 11.2756 
2.91546 -3.2919 2.30939 
0.804037 0.505537 -0.902327 
0.474728 0.482751 -0.981264 
4.06683 -3.94188 -0.224412 
10.7918 -12.3103 10.7695 
2.23343 -0.0564572 -0.495335 
1.18899 0.550744 -0.777002 
14.1074 -13.8768 8.45278 
4.22202 -4.08032 -0.206194 
1.02114 0.518415 -0.833423 
13.2127 -16.5479 15.7503 
1.5103 -0.600795 -0.719896 
1.79165 -1.87056 -0.32315 
1.12375 -0.336804 -0.580541 
0.698604 0.495395 -0.929684 
6.5748 -6.04188 1.28579 
3.94319 -5.9662 -1.77917 
1.42249 -0.252654 -0.751143 
2.83894 0.610211 -0.356815 
8.68058 -11.0409 10.0054 
1.51138 -0.610058 -0.720665 
0.703521 -0.377457 -0.997827 
5.85352 -5.49372 -0.190309 
0.613387 -1.31629 -0.733156 
2.05325 -4.59418 -5.00674 
3.79252 0.521233 0.489343 
0.03676 0.473244 -0.605424 
4.66877 -4.42199 2.2223 
0.00682219 0.490647 -0.492934 
0.397382 -3.89825 -1.53172 
5.57197 -5.76408 3.23709 
1.05773 -0.634833 -0.987039 

0.161424 -0.893848 -1.03709 
1.85898 -4.90089 -1.00053 
2.02303 -3.00841 0.498446 
-0.365145 -0.11718 -0.610336 
-0.697842 0.0556942 -0.186584 
4.83179 -8.06624 -1.37276 
-1.48386 -1.86603 1.34854 
0.119021 -0.854717 -1.0031 
-1.73549 0.438981 0.794063 
0.0353191 -7.29913 -1.4277 
3.18045 -15.8804 -5.62464 
-1.30458 0.225384 0.261991 
-3.36236 -3.32899 3.22143 
-0.272962 -1.10662 -0.428811 
-1.07474 -2.60177 0.507256 
-1.71236 0.53491 0.985692 
-0.632466 0.0113971 -0.31338 
13.9776 -14.8616 -0.0889032 
-0.919159 -4.0161 -0.0874784 
-0.311411 -0.854888 -0.486393 
0.470996 -0.576402 -1.70771 
-0.993104 -1.21478 1.34516 
1.06429 -0.222461 -0.825594 
-0.568029 -1.0258 -0.125471 
-5.62328 -5.17844 6.64797 
-0.47952 -2.2908 0.125749 
-4.21109 3.32102 1.62796 
1.38606 -0.875979 -2.09263 
-0.849719 0.118556 -0.0527776 
0.957433 -5.43033 -1.21933 
-0.504728 0.210825 -0.0110713 
-1.54587 -4.22708 1.52554 
1.626 -4.66916 -0.537649 
-1.12339 -0.796777 0.523845 
