0.504438 -0.189387 -0.842422 -0.176775 0.19587 0.975313 -0.101976 0.00120831 0.840938 -0.113564 0.52908 0.500371 0 0 0 1
-0.699415 0.149433 0.69892 -0.701618 -0.277342 0.844525 -0.458104 0.780145 -0.658711 -0.514244 -0.549229 0.079367 0 0 0 1
###
2.10075 -0.0540447 -0.48285 
7.04649 -12.4883 11.2756 
2.91546 -3.2919 2.30939 
0.804037 0.505537 -0.902327 
0.474728 0.482751 -0.981264 
4.06683 -3.94188 -0.224412 
10.7918 -12.3103 10.7695 
2.23343 -0.0564572 -0.495335 
1.18899 0.550744 -0.777002 
14.1074 -13.8768 8.45278 
4.22202 -4.08032 -0.206194 
1.02114 0.518415 -0.833423 
13.2127 -16.5479 15.7503 
1.5103 -0.600795 -0.719896 
1.79165 -1.87056 -0.32315 
1.12375 -0.336804 -0.580541 
0.698604 0.495395 -0.929684 
6.5748 -6.04188 1.28579 
3.94319 -5.9662 -1.77917 
1.42249 -0.252654 -0.751143 
2.83894 0.610211 -0.356815 
8.68058 -11.0409 10.0054 
1.51138 -0.610058 -0.720665 
0.703521 -0.377457 -0.997827 
0.613387 -1.31629 -0.733156 
2.05325 -4.59418 -5.00674 
0.102591 0.484088 -0.677615 
3.79252 0.521233 0.489343 
0.397238 -17.2251 0.259246 
0.03676 0.473244 -0.605424 
4.66877 -4.42199 2.2223 
0.00682219 0.490647 -0.492934 
-1.20867 -6.62108 4.52792 
0.397382 -3.89825 -1.53172 
5.57197 -5.76408 3.23709 
1.05773 -0.634833 -0.987039 

0.161424 -0.893848 -1.03709 
1.85898 -4.90089 -1.00053 
2.02303 -3.00841 0.498446 
-0.365145 -0.11718 -0.610336 
-0.743101 0.0769744 -0.156202 
4.83179 -8.06624 -1.37276 
-2.34024 -9.69507 11.8374 
0.119021 -0.854717 -1.0031 
-1.73549 0.438981 0.794063 
2.30224 -3.87246 0.15703 
3.18045 -15.8804 -5.62464 
-0.357066 -0.111726 -0.60147 
-3.36236 -3.32899 3.22143 
-0.272962 -1.10662 -0.428811 
-1.07474 -2.60177 0.507256 
-1.71236 0.53491 0.985692 
-0.632466 0.0113971 -0.31338 
7.84033 -19.4416 -6.24254 
-1.5692 -1.95405 1.56007 
-0.311411 -0.854888 -0.486393 
0.486233 -0.583845 -1.77554 
-0.914763 -4.16023 -0.0699908 
-0.276582 -1.10165 -0.424449 
-0.612109 -0.924169 -0.12194 
-0.146891 -0.630575 0.872614 
-4.21109 3.32102 1.62796 
-0.857708 0.12461 -0.0487198 
1.38606 -0.875979 -2.09263 
0.169817 -1.19174 0.81755 
-0.849719 0.118556 -0.0527776 
0.957433 -5.43033 -1.21933 
-0.504728 0.210825 -0.0110713 
3.40657 -3.69218 2.66651 
-1.54587 -4.22708 1.52554 
-1.06922 -4.88524 -0.181276 
-0.630767 -0.898821 -0.123019 
