0.431047 -0.123318 -0.893863 -0.260021 0.226304 0.973731 -0.0252064 0.03254 0.87349 -0.191419 0.447631 0.363314 0 0 0 1
-0.699415 0.149433 0.69892 -0.701618 -0.277342 0.844525 -0.458104 0.780145 -0.658711 -0.514244 -0.549229 0.079367 0 0 0 1
###
0.624626 0.486727 -0.972886 
0.383248 0.488243 -1.08741 
4.31074 -4.13298 -0.195825 
7.03677 -12.4869 11.2782 
13.0701 -12.2119 7.10481 
4.35581 -6.59822 -1.93309 
1.03586 -0.54579 -1.10888 
-1.47699 -2.14928 1.92241 
6.93306 -10.3025 10.1767 
3.35603 -3.01414 0.474255 
0.574698 -0.328483 -1.09649 
2.22707 -0.0573457 -0.49347 
1.74593 -1.68993 0.117204 
1.50674 -0.600459 -0.718321 
0.549194 -3.41971 -1.5199 
2.58132 -4.12089 -1.3978 
2.1003 -0.0540217 -0.482536 
0.912911 -0.494133 -1.0464 
2.74834 -2.71115 1.43518 
2.98299 -1.14987 2.26214 
0.809762 -0.451144 -0.974261 
1.509 -0.609734 -0.719564 
2.26536 0.715513 0.770232 
0.518849 0.49494 -0.983437 
-0.0413987 -4.4424 -0.425782 
3.91152 -5.94868 -1.78398 
3.79058 0.519932 0.489292 
2.26323 -2.41622 -0.330213 
2.03659 -2.54559 -0.87779 
4.58132 -4.14491 -0.154944 
1.01958 -1.05015 -0.74856 
1.4205 -0.252683 -0.749833 
5.0659 -5.27304 2.96763 
2.12662 -1.56891 -1.23795 
0.910178 -0.486579 -1.0457 
0.710432 -0.367606 -1.04981 
2.97459 -0.592198 2.24692 
-0.662042 -1.65893 1.11326 
0.342287 0.546364 -0.232041 
2.03315 -0.0675579 -0.542667 
-0.102742 -0.953425 -0.823457 
3.31817 -2.91053 0.252229 
4.52455 -4.55751 -0.257441 
11.6663 -14.4457 13.3615 
5.06224 -5.25475 2.95777 
0.712488 -0.369982 -1.06086 
1.95644 -3.15271 -1.13212 
2.83981 0.610008 -0.357061 
0.331164 0.513564 -0.607743 
18.5443 -23.0971 21.4869 
-0.117792 -1.8277 0.94912 
0.386487 -3.87045 -1.52076 
0.568277 -3.84793 -1.25803 

-0.701253 0.0385396 -0.286299 
-1.57131 0.494757 1.07841 
-1.07474 -2.60177 0.507256 
23.4293 -24.3251 5.49437 
8.00666 -12.2647 -2.15602 
-1.6721 -2.01485 1.53901 
-0.601081 -0.941138 -0.119159 
-1.74126 0.51167 0.916924 
1.21633 -3.70885 -0.340244 
-2.00952 -2.28946 1.83733 
-0.82112 -0.657619 -0.00845615 
0.161424 -0.893848 -1.03709 
1.85898 -4.90089 -1.00053 
-0.272962 -1.10662 -0.428811 
-1.0044 -3.94392 1.53501 
-1.9585 -2.3111 1.65591 
0.113627 -0.855334 -1.01385 
-0.612109 -0.924169 -0.12194 
1.51808 -4.44105 -0.636623 
2.64882 -1.79384 -0.543264 
-1.09299 -1.1247 0.641926 
-0.276582 -1.10165 -0.424449 
-0.175296 -0.527883 0.942261 
-0.723027 0.0750113 -0.178233 
0.169817 -1.19174 0.81755 
-1.08117 -4.19877 -0.206932 
1.39039 -0.879139 -2.09122 
2.14503 -11.7574 -3.34106 
-1.13204 -1.75878 0.927391 
-4.92067 -4.42354 5.9243 
-0.448695 -1.47178 -0.0777534 
-0.307627 -0.782273 -0.469775 
1.57587 -4.53598 -0.505449 
-0.302137 -1.55337 -0.3339 
-0.756552 -0.688531 -0.0476396 
-0.755832 -0.688534 -0.0446088 
2.58695 -1.32731 -0.711238 
-0.653237 0.0587842 -0.187633 
-0.743101 0.0769744 -0.156202 
-1.72282 0.541422 0.983353 
-1.03834 -4.00115 1.57096 
-3.62741 -3.61791 3.20524 
12.3746 -21.1881 -4.65795 
7.6821 -16.9837 -4.57965 
9.61984 -22.5239 -6.62734 
-0.675138 -0.803843 -0.0999991 
-0.75891 -3.19857 0.0021185 
0.442046 -0.567727 -1.69088 
1.2946 -0.137027 -0.88301 
16.1578 -23.7496 -4.40556 
-0.444578 -3.96311 0.0501495 
-1.54587 -4.22708 1.52554 
-0.221279 -0.654234 0.943144 
