0.441581 -0.17049 -0.880874 -0.280741 0.280626 0.958767 -0.044889 0.00555475 0.852206 -0.227374 0.471217 0.237643 0 0 0 1
-0.707707 0.171871 0.685282 -0.669757 -0.240302 0.853572 -0.462244 0.79491 -0.664384 -0.491808 -0.562778 0.095582 0 0 0 1
###
0.806207 0.507665 -0.908524 
6.984 -12.4077 11.2084 
11.7936 -11.7222 7.64873 
13.3118 -12.4446 7.24908 
0.100624 -5.4037 5.75897 
-0.0475585 0.0712729 -0.111205 
0.698172 0.495054 -0.929011 
13.9358 -13.7213 8.37913 
0.527622 -5.18989 -1.52946 
0.856608 -0.467751 -1.01456 
0.243778 0.632962 -0.172457 
2.20483 -0.0577578 -0.490387 
-0.386897 -4.43598 0.529521 
3.71972 -7.90809 7.11917 
2.7053 -4.29005 -1.44047 
0.890617 -0.483426 -1.03419 
1.42022 -0.252844 -0.749132 
0.933081 -0.505518 -1.05238 
50.2992 -45.7488 14.1459 
2.25648 0.711745 0.76899 
2.89594 0.617143 -0.335761 
6.43423 -6.57818 4.20798 
4.63367 -4.17438 -0.163765 
-0.756634 -17.0532 1.49757 
3.27163 -5.05955 -1.58215 
3.04563 -0.585861 2.14827 
2.26783 0.703205 0.774993 
2.49285 -0.0175796 2.94476 
2.70428 0.012692 2.83596 
0.991659 -0.637333 -0.92941 
-0.800748 -18.0646 1.5871 
0.0939709 0.426089 1.22184 
5.54176 -6.44051 5.84482 
1.2595 -1.25089 -0.793952 
1.43386 -0.900298 -1.16794 
3.20275 -4.96768 -1.58298 
2.84268 0.610109 -0.356747 
2.72621 -2.41058 0.258933 
-0.204148 -3.62818 0.0292172 
4.21313 -6.43907 -1.9258 
2.85085 0.850152 2.4568 
4.85729 -4.90708 2.8013 
1.438 -1.03826 -1.06249 
0.822964 -0.454044 -0.978475 
-0.104174 -5.00653 0.948438 
2.89249 -3.53527 -0.849199 

-0.365145 -0.11718 -0.610336 
1.85898 -4.90089 -1.00053 
-6.7933 -7.34651 3.61655 
-6.58312 -5.63471 6.45697 
16.1491 -12.5684 12.6488 
-0.276582 -1.10165 -0.424449 
-0.4434 -0.0758233 -0.465399 
1.20591 -10.8432 -3.01652 
-1.38608 -4.3898 1.75009 
-1.07607 -1.20959 0.686757 
-0.279228 -1.10352 -0.416724 
0.161424 -0.893848 -1.03709 
-1.01412 -4.08659 2.02488 
-2.32247 -2.59097 2.03906 
-0.703599 -3.10053 0.0681675 
-0.601081 -0.941138 -0.119159 
-0.311411 -0.854888 -0.486393 
-0.631549 -0.885365 -0.11608 
-0.993104 -1.21478 1.34516 
-0.697842 0.0556942 -0.186584 
0.486233 -0.583845 -1.77554 
41.4412 -55.9945 -10.5212 
-5.62328 -5.17844 6.64797 
-0.486017 -4.07189 2.52182 
-4.49196 -9.17233 11.4493 
2.51045 -1.33012 -0.77689 
1.15703 -0.203992 -0.954445 
3.10234 -0.632224 -0.373807 
3.12803 -0.755194 -0.559368 
-0.528039 -1.13689 -0.118102 
-0.729691 -4.01768 2.27012 
-0.486305 -0.0342652 -0.419183 
-0.468778 -3.17261 -0.0670426 
-0.410559 -1.68376 -0.0138491 
-0.532712 -1.11707 -0.120404 
-1.08117 -4.19877 -0.206932 
0.442046 -0.567727 -1.69088 
2.82918 -3.67803 0.534395 
-0.348642 -2.77328 1.97253 
-1.03959 -4.12559 -0.224327 
2.08679 -0.193166 -0.588033 
1.626 -4.66916 -0.537649 
0.384851 -2.09768 -0.814551 
-0.694294 -0.882319 -0.199639 
-0.517918 -2.65199 1.41617 
1.57587 -4.53598 -0.505449 
