0.479935 -0.221534 -0.848873 -0.315842 0.350598 0.935401 -0.0458945 -0.0465896 0.804204 -0.275587 0.526601 0.0302523 0 0 0 1
-0.707707 0.171871 0.685282 -0.669757 -0.240302 0.853572 -0.462244 0.79491 -0.664384 -0.491808 -0.562778 0.095582 0 0 0 1
###
1.0218 -7.38752 -5.04183 
6.88121 -12.2309 11.0546 
0.914558 -0.502896 -1.04479 
-7.30244 -9.56434 8.10958 
0.171409 0.640492 0.93964 
2.3062 0.715099 0.803514 
4.38947 -3.76934 0.721584 
1.50283 -0.600653 -0.716758 
2.48385 -2.44424 1.7782 
1.40848 -0.251837 -0.745574 
13.6246 -12.7161 7.41444 
-0.973715 -4.67156 5.45687 
-0.380091 -4.475 0.532052 
2.24843 -0.291914 -0.455597 
2.14305 -0.0405872 -0.49564 
4.77881 -4.60258 2.3083 
2.38004 -0.737549 2.5389 
4.23327 -5.10023 4.52228 
2.70021 0.794831 2.817 
16.7931 -15.3861 9.32631 
50.221 -45.8617 13.6794 
-0.37739 -4.52342 0.553004 
1.75605 -0.0282429 -0.631211 
2.48879 -0.862808 -1.55996 
3.88144 -3.78379 1.76989 
2.50675 -0.0164168 2.95809 
0.470511 -2.23701 2.64103 
3.03045 -0.883029 2.04697 
1.88071 0.585425 -0.302387 
1.41701 -0.248562 -0.743123 
2.65707 -0.495598 2.82401 
1.65322 -2.15274 0.751813 
4.49169 -3.98499 2.12499 
5.22805 -6.12395 5.5545 
5.7341 -4.96274 -0.149913 
1.59405 0.103289 -1.20261 
0.314312 -1.81492 -1.43625 
3.55296 -3.80809 3.24683 
0.0889359 0.683806 1.51692 
3.33288 -1.53012 0.00284427 
1.46325 -0.6138 -0.706879 
-0.363956 -4.57854 0.544304 
1.39047 -1.3698 0.931056 
0.425901 -5.0147 -0.490348 
1.18449 -0.784393 -0.78527 
0.960853 -0.613164 -0.910691 
3.70375 -3.25177 1.67911 
-0.443363 -2.17784 2.36356 
0.0400396 0.512649 0.34907 

-0.855338 0.0960153 -0.103385 
1.85898 -4.90089 -1.00053 
-0.612109 -0.924169 -0.12194 
0.92711 -1.90325 0.597046 
-0.458619 -0.680222 -0.315471 
-1.21365 0.200103 0.175542 
-0.468778 -3.17261 -0.0670426 
-0.272962 -1.10662 -0.428811 
2.02303 -3.00841 0.498446 
-0.311411 -0.854888 -0.486393 
-6.58312 -5.63471 6.45697 
1.21633 -3.70885 -0.340244 
-1.01412 -4.08659 2.02488 
0.177202 -1.01004 -1.03447 
0.119021 -0.854717 -1.0031 
-1.48386 -1.86603 1.34854 
3.12803 -0.755194 -0.559368 
-3.36236 -3.32899 3.22143 
2.99576 -0.0690433 -0.816762 
3.24251 -4.49334 0.216458 
7.28365 -7.81431 2.45489 
-0.262614 -3.45372 2.38052 
-0.104134 -0.726809 -0.781065 
-0.427467 -1.13969 -0.164594 
1.52244 -8.54515 -2.13158 
3.10234 -0.632224 -0.373807 
0.957433 -5.43033 -1.21933 
2.39016 -1.57378 -0.67162 
0.225285 -0.262056 -1.0249 
-0.313977 -0.771646 -0.470278 
4.32541 -1.83906 -0.661508 
-1.06922 -4.88524 -0.181276 
4.83179 -8.06624 -1.37276 
-0.993104 -1.21478 1.34516 
4.13333 -6.96948 -1.01787 
-1.77649 0.452604 0.787926 
-0.809708 -0.875615 1.81556 
-1.81314 -2.47473 1.29969 
-0.865489 0.124018 -0.0513851 
-1.09299 -1.1247 0.641926 
-0.279228 -1.10352 -0.416724 
-0.348642 -2.77328 1.97253 
2.095 -4.59815 -0.367386 
-0.30634 -3.66525 2.2182 
-0.452406 -1.10156 -0.194528 
-0.648814 -0.860665 -0.116114 
0.925984 -5.35124 -1.15182 
25.4442 -23.7155 4.39312 
-4.60459 -10.5665 13.1971 
