0.53455 -0.14542 -0.832532 -0.360366 0.333675 0.941371 0.0498147 -0.256068 0.776477 -0.304423 0.551733 -0.102459 0 0 0 1
-0.699415 0.149433 0.69892 -0.701618 -0.277342 0.844525 -0.458104 0.780145 -0.658711 -0.514244 -0.549229 0.079367 0 0 0 1
###
2.43888 -0.0348519 2.7938 
2.77199 -0.907406 2.95941 
1.21019 0.0527848 2.9517 
1.39739 -0.258466 -0.734556 
2.30155 0.713758 0.802406 
13.7447 -12.8228 7.48184 
5.836 -5.23405 1.33567 
2.20344 -0.0580807 -0.489378 
6.85619 -12.1868 11.0206 
0.618166 -4.04088 -2.63685 
2.13721 -0.0414936 -0.493957 
2.66165 -2.81217 2.55846 
2.94002 -1.13371 2.11239 
-0.378027 -4.4919 0.53156 
1.49671 -0.599716 -0.71464 
12.4234 -10.1788 2.40028 
0.446966 -2.4267 -1.39089 
2.23979 0.70536 0.765402 
16.7691 -15.4419 9.2125 
50.0722 -46.0595 13.4714 
2.24502 -0.291832 -0.454664 
1.40429 -0.251686 -0.744104 
-2.06106 -6.44639 7.32786 
4.33212 -9.06349 8.3007 
1.50039 -0.608503 -0.714869 
2.8901 0.614376 -0.333974 
2.51059 -0.0159807 2.96201 
-0.243527 -4.27525 0.117964 
3.77375 0.514639 0.489825 
1.14713 0.667407 2.85763 
0.457152 -1.18006 1.46308 
1.48275 -2.76204 3.37345 
7.22475 -8.48784 8.06596 
2.74281 -1.06913 2.9332 
6.03731 -5.76388 -0.267164 
0.576114 -2.55151 -1.89975 
3.02099 -0.578812 2.13055 
0.0511801 -1.84273 0.0531104 
1.47185 -0.613832 -0.71047 
-0.315827 -4.22632 0.394207 
1.04743 -0.722465 -0.910636 
2.79486 0.59815 -0.350178 

-1.07607 -1.20959 0.686757 
-0.430275 -1.56154 -0.0515088 
-1.10526 -1.08052 0.635009 
-0.304496 -0.783445 -0.469216 
-1.21365 0.200103 0.175542 
-1.13204 -1.75878 0.927391 
-0.914763 -4.16023 -0.0699908 
-0.791049 0.114873 -0.0923094 
23.4293 -24.3251 5.49437 
-0.16512 -0.526123 0.94262 
0.119021 -0.854717 -1.0031 
-3.36236 -3.32899 3.22143 
-0.411029 -1.71617 -0.00764406 
-1.01412 -4.08659 2.02488 
-0.272962 -1.10662 -0.428811 
1.45137 -4.25703 -0.556744 
-12.3586 -13.3428 21.673 
-1.34346 0.259578 0.314429 
-1.0961 -1.63861 0.921354 
1.57587 -4.53598 -0.505449 
0.182896 -1.08311 -1.00315 
-0.307627 -0.782273 -0.469775 
25.4442 -23.7155 4.39312 
6.15135 -6.43391 2.74375 
-0.276582 -1.10165 -0.424449 
0.486233 -0.583845 -1.77554 
3.10234 -0.632224 -0.373807 
-0.343957 -3.89247 2.57661 
1.39039 -0.879139 -2.09122 
3.08153 -0.123407 -0.741976 
-1.07474 -2.60177 0.507256 
1.50064 -2.10034 0.856407 
-2.32233 -2.5774 2.03078 
-0.709447 0.057773 -0.155696 
2.20128 -12.0702 -3.4725 
-4.60459 -10.5665 13.1971 
2.50541 -1.32649 -0.770934 
-0.262614 -3.45372 2.38052 
-0.366572 -0.0847741 -0.553185 
-0.348642 -2.77328 1.97253 
-1.12339 -0.796777 0.523845 
0.442046 -0.567727 -1.69088 
