0.53455 -0.14542 -0.832532 -0.360366 0.333675 0.941371 0.0498147 -0.256068 0.776477 -0.304423 0.551733 -0.102459 0 0 0 1
-0.707707 0.171871 0.685282 -0.669757 -0.240302 0.853572 -0.462244 0.79491 -0.664384 -0.491808 -0.562778 0.095582 0 0 0 1
###
2.43888 -0.0348519 2.7938 
1.21019 0.0527848 2.9517 
1.39739 -0.258466 -0.734556 
2.30155 0.713758 0.802406 
13.7447 -12.8228 7.48184 
5.836 -5.23405 1.33567 
2.20344 -0.0580807 -0.489378 
6.85619 -12.1868 11.0206 
0.446583 -2.46042 -1.41146 
2.13721 -0.0414936 -0.493957 
2.66165 -2.81217 2.55846 
2.94002 -1.13371 2.11239 
-0.378027 -4.4919 0.53156 
1.49671 -0.599716 -0.71464 
12.4234 -10.1788 2.40028 
2.23979 0.70536 0.765402 
16.7691 -15.4419 9.2125 
50.0722 -46.0595 13.4714 
2.24502 -0.291832 -0.454664 
2.04603 -0.0734728 -0.552279 
1.40429 -0.251686 -0.744104 
-2.06106 -6.44639 7.32786 
4.33212 -9.06349 8.3007 
1.50039 -0.608503 -0.714869 
2.8901 0.614376 -0.333974 
3.77375 0.514639 0.489825 
1.14713 0.667407 2.85763 
0.457152 -1.18006 1.46308 
1.48275 -2.76204 3.37345 
7.22475 -8.48784 8.06596 
2.74281 -1.06913 2.9332 
6.03731 -5.76388 -0.267164 
0.576114 -2.55151 -1.89975 
0.0511801 -1.84273 0.0531104 
1.47185 -0.613832 -0.71047 
-0.315827 -4.22632 0.394207 
1.04743 -0.722465 -0.910636 
2.79486 0.59815 -0.350178 

-1.07607 -1.20959 0.686757 
-1.10526 -1.08052 0.635009 
-0.304496 -0.783445 -0.469216 
-1.21365 0.200103 0.175542 
-6.58312 -5.63471 6.45697 
0.0353191 -7.29913 -1.4277 
-0.791049 0.114873 -0.0923094 
23.4293 -24.3251 5.49437 
-12.3586 -13.3428 21.673 
0.119021 -0.854717 -1.0031 
-3.36236 -3.32899 3.22143 
-0.411029 -1.71617 -0.00764406 
-1.01412 -4.08659 2.02488 
-0.272962 -1.10662 -0.428811 
13.4788 -30.6129 -10.9973 
-1.34346 0.259578 0.314429 
-1.0961 -1.63861 0.921354 
1.57587 -4.53598 -0.505449 
0.182896 -1.08311 -1.00315 
0.0442312 -0.850533 -0.941395 
-0.313977 -0.771646 -0.470278 
25.4442 -23.7155 4.39312 
6.15135 -6.43391 2.74375 
-0.276582 -1.10165 -0.424449 
0.486233 -0.583845 -1.77554 
1.39039 -0.879139 -2.09122 
3.08153 -0.123407 -0.741976 
-1.07474 -2.60177 0.507256 
1.50064 -2.10034 0.856407 
-2.32233 -2.5774 2.03078 
-0.709447 0.057773 -0.155696 
2.20128 -12.0702 -3.4725 
-0.509263 0.127669 -0.0621979 
-0.262614 -3.45372 2.38052 
-0.366572 -0.0847741 -0.553185 
-0.348642 -2.77328 1.97253 
-1.12339 -0.796777 0.523845 
0.442046 -0.567727 -1.69088 
