0.60268 -0.0481117 -0.796531 -0.443896 0.490957 0.809255 0.322594 -0.546439 0.629077 -0.585484 0.511343 -0.0809495 0 0 0 1
-0.699415 0.149433 0.69892 -0.701618 -0.277342 0.844525 -0.458104 0.780145 -0.658711 -0.514244 -0.549229 0.079367 0 0 0 1
###
1.39314 -0.258556 -0.733047 
12.5671 -10.2516 2.42158 
4.88359 -11.7751 11.9235 
0.539602 0.66128 1.01016 
-0.107326 -1.83001 0.972809 
16.9492 -16.8858 13.4297 
1.42271 0.552874 -0.656226 
-2.88283 -7.91729 8.71491 
-1.91117 -2.88291 2.47242 
2.74018 -0.120668 2.95264 
9.92976 -23.7697 23.8716 
15.3476 -15.2162 12.0226 
2.13285 -0.0422805 -0.49314 
-0.0955089 -1.87453 0.982309 
1.486 -0.59801 -0.711132 
2.30843 -2.44429 -0.615672 
10.2625 -12.1733 11.8647 
23.6653 -23.6828 18.5857 
11.6252 -11.5623 7.55017 
2.75657 -1.89719 3.25231 
2.72476 0.0150987 2.85583 
-0.190685 -4.46992 -0.00195574 
1.47975 -0.616718 -0.714673 
2.32067 -4.31828 -1.89055 
0.425664 0.150022 0.0398977 
-0.0450407 -5.04296 -0.57075 
0.420837 -4.75818 -1.40209 
2.44567 -4.36314 -1.8014 
-0.681897 -1.94816 0.808526 
11.9825 -11.0147 2.83036 
-0.119084 -4.59858 -0.17349 

-0.304496 -0.783445 -0.469216 
1.45137 -4.25703 -0.556744 
-6.72423 -6.09893 6.18048 
-0.357066 -0.111726 -0.60147 
-1.03834 -4.00115 1.57096 
41.4412 -55.9945 -10.5212 
-0.697842 0.0556942 -0.186584 
1.63303 -1.99886 1.12443 
-5.62328 -5.17844 6.64797 
-1.71445 0.500172 0.902777 
-1.28263 -3.49626 4.80683 
-1.82813 -3.18749 0.894218 
0.119021 -0.854717 -1.0031 
-2.02271 -4.29298 1.09528 
-0.272962 -1.10662 -0.428811 
-5.29759 -5.82415 2.78973 
-2.00952 -2.28946 1.83733 
7.6821 -16.9837 -4.57965 
2.30224 -3.87246 0.15703 
-1.13566 -0.987175 0.572099 
3.12803 -0.755194 -0.559368 
-0.343957 -3.89247 2.57661 
-0.482052 0.16704 0.0117201 
-1.06363 -1.61301 0.917348 
0.254145 -1.647 -0.783246 
-0.486017 -4.07189 2.52182 
-1.26338 -4.22544 1.7262 
-1.47515 -2.02196 1.00491 
-2.95523 -6.64014 0.172353 
9.61984 -22.5239 -6.62734 
-1.00974 -4.11538 2.04883 
