0.978365 -0.192286 0.076336 0.091442 0.197603 0.977813 -0.0695283 0.0166375 -0.061273 0.0831083 0.994655 -0.191202 0 0 0 1
1 0 0 0 0 1 0 0 0 0 1 0 0 0 0 1
###
544.644 541.06
612.724 422.815
540.463 546.435
621.085 570.323
490.199 666.87
612.127 423.014
263.762 547.43
462.828 584.755
497.664 248.832
236.39 542.454
547.43 539.136
620.006 566.093
539.136 620.006
374.976 592.704
518.4 630.72
561.6 613.44
468.288 594.432
399.168 651.456
449.28 652.32
604.8 552.96
438 645.6
492 644.4
576 618
360 598.8
356 515
346 585

0.198282 0.0407448 0.372285 
0.220939 -0.104755 0.284321 
0.209101 0.0185243 0.388135 
0.243793 0.0130331 0.268663 
0.156284 0.110132 0.263559 
0.225252 -0.106803 0.288199 
-1.1265 0.671006 1.88552 
0.119299 0.0855457 0.383887 
0.0875502 -0.504185 0.745951 
-0.401901 0.227221 0.681267 
0.205077 0.0165845 0.374153 
0.248746 0.011653 0.27429 
0.193551 0.0761026 0.294284 
-0.0584304 0.220837 0.604006 
0.177051 0.0858518 0.288288 
0.212441 0.0657246 0.293683 
0.126618 0.0840596 0.35121 
0.0764724 0.11691 0.268216 
0.11953 0.111155 0.274595 
0.237928 0.00343358 0.287208 
0.109244 0.109945 0.279456 
0.156308 0.101623 0.286725 
0.221872 0.0631962 0.280912 
-0.0715954 0.214818 0.549125 
-0.362139 0.199045 1.21483 
-0.12515 0.227318 0.61554 
