0.90355 -0.222796 -0.366005 0.234139 0.243163 0.969935 0.00987154 0.016766 0.352802 -0.0979184 0.930561 -0.117936 0 0 0 1
0.995052 -0.0118591 -0.0986434 -0.00921351 0.0101286 0.999786 -0.0180254 -0.00140546 0.0988361 0.0169371 0.99496 -0.00583557 0 0 0 1
###
580.475 372.651
519.561 462.23
444.315 573.309
429.982 329.653
543.449 582.267
624.071 597.197
447.898 573.309
412.066 659.903
447.898 572.314
475.269 641.987
629.545 559.872
628.301 431.309
528.768 595.123
580.608 526.694
512.179 582.682
543.283 582.682
628.301 559.872
628.301 593.05
580.608 527.04
620.352 584.064
521.856 407.808
454.464 651.456
587.52 628.992
264.96 591.84
447.84 570.24
528.48 594.72
552.96 591.84
645.12 511.2
604.8 443.52
479.52 629.28
511.2 635.04
537.12 419.04
456 562.8
586.8 469.2
414 601.2
580.8 526.8
513.6 582
293 593

0.30724 -0.249855 0.315857 
0.217929 -0.103317 0.280493 
0.206293 0.0183039 0.382877 
0.49591 -1.90298 2.96524 
0.254736 -0.00240179 0.269466 
0.345379 0.00278906 0.25114 
0.195712 0.0402425 0.367431 
0.153933 0.0849226 0.297141 
0.199917 0.0243819 0.392712 
0.211781 0.0646243 0.28949 
0.354775 -0.0313106 0.255091 
0.372333 -0.184456 0.293284 
0.245368 0.011333 0.270623 
0.305141 -0.0606215 0.285171 
0.230036 0.00332493 0.27762 
0.256652 -0.00127425 0.267423 
0.35554 -0.0317648 0.256753 
0.354632 -0.000447174 0.246552 
0.301985 -0.0593331 0.28213 
0.348162 -0.00650912 0.255708 
0.240253 -0.182113 0.338736 
0.192889 0.0759037 0.292551 
0.294514 0.0333077 0.239771 
-0.0823094 0.415568 1.51297 
0.210402 0.017137 0.396477 
0.246086 0.0105018 0.272262 
0.261947 0.00465169 0.258199 
0.356197 -0.0833143 0.252114 
0.351942 -0.169057 0.310199 
0.211527 0.0514581 0.289414 
0.237269 0.0517306 0.27718 
0.312314 -0.211171 0.414859 
0.219193 0.0115137 0.398248 
0.315866 -0.123917 0.297825 
0.174183 0.0610699 0.388634 
0.304682 -0.0590111 0.28366 
0.233024 0.00306606 0.281041 
-0.0382242 0.405972 1.48057 
