0.929272 -0.257716 -0.264645 0.382232 0.243061 0.966075 -0.0872993 0.0421757 0.278165 0.0168001 0.960386 -0.104855 0 0 0 1
1 0 0 0 0 1 0 0 0 0 1 0 0 0 0 1
###
440.731 677.221
340.402 322.486
494.479 569.726
505.229 300.987
507.617 301.584
576.295 441.926
641.987 444.912
424.01 220.963
307.556 591.225
441.926 680.805
343.388 322.486
459.842 271.725
492.687 569.825
338.412 594.709
440.433 679.311
599.685 423.014
485.222 594.709
502.641 676.823
559.872 649.452
493.517 570.24
545.357 611.712
561.946 649.037
599.271 599.271
518.4 642.816
642.816 445.824
597.888 599.616
574.56 440.64
610.56 535.68
492.48 570.24
528 634.8
544.8 612
602.4 602.4
664.8 434.4
493.2 570
550.8 570
477 586
569 618
616 535
599 554
577 573

0.0484404 0.14161 0.2665 
-0.337823 -0.512736 1.31968 
0.128323 0.070684 0.3836 
0.490885 -1.88384 2.93627 
3.49508 -9.35471 13.3967 
0.182397 -0.103901 0.355388 
0.216386 -0.102584 0.278543 
-0.324947 -5.42304 6.60851 
-0.118892 0.225712 0.610683 
0.0478407 0.135782 0.254966 
-0.329658 -0.551455 1.29708 
0.0865079 -0.505962 0.753353 
0.128288 0.0685046 0.373795 
-0.0569962 0.215693 0.590248 
0.0484784 0.136904 0.25645 
0.1881 -0.125085 0.321626 
0.113365 0.0905585 0.348755 
0.0902561 0.117708 0.233581 
0.152483 0.106278 0.254964 
0.132521 0.0741341 0.399512 
0.152577 0.0840331 0.294483 
0.152465 0.107172 0.257229 
0.21016 0.0641377 0.28729 
0.117762 0.109663 0.270713 
0.220672 -0.104627 0.282438 
0.207855 0.0642113 0.287426 
0.182449 -0.103725 0.361251 
0.220604 -0.00450736 0.308738 
0.136852 0.0747236 0.410883 
0.127705 0.100162 0.274543 
0.151878 0.0843637 0.296481 
0.211542 0.0655552 0.283076 
0.221847 -0.104372 0.281662 
0.120961 0.0717299 0.371385 
0.19649 0.0565283 0.376518 
0.113882 0.0853698 0.380671 
0.173353 0.0842014 0.283448 
0.216086 -0.00612843 0.293696 
0.211571 0.0191537 0.308404 
0.202265 0.0462787 0.328051 
