0.919375 -0.304487 -0.249072 0.499695 0.302834 0.951937 -0.0459088 0.0902448 0.251079 -0.0332199 0.967396 -0.087712 0 0 0 1
0.995056 -0.0116886 -0.0986238 -0.00879559 0.00994797 0.999786 -0.018123 -0.00128563 0.0988146 0.0170523 0.99496 -0.00556643 0 0 0 1
###
354.735 612.724
562.56 601.974
505.229 326.07
504.631 325.472
352.346 612.127
364.29 346.374
376.234 340.402
674.335 572.314
377.395 342.144
308.966 526.694
387.763 620.006
309.312 527.04
352.512 611.712
559.872 601.344
563.328 715.392
371.52 576
348 573.6
351 611
372 576

-0.114269 0.216983 0.586923 
0.123351 0.0679649 0.368726 
3.44839 -9.22783 13.2132 
0.505657 -1.95062 3.03831 
-0.116016 0.217691 0.588564 
-0.342801 -0.522381 1.32614 
-0.321651 -0.536727 1.26339 
0.208188 -0.010525 0.304272 
-0.314835 -0.522171 1.24306 
-0.313211 0.188138 1.08788 
-0.0548675 0.207611 0.567769 
-0.305553 0.184769 1.07303 
-0.116815 0.215955 0.58473 
0.127387 0.0712809 0.384017 
0.0463106 0.131167 0.246014 
-0.0667701 0.364255 1.32441 
-0.15665 0.34933 1.23732 
-0.11758 0.213866 0.578657 
-0.0392066 0.386612 1.40418 
