0.834308 -0.348947 -0.42681 0.599921 0.360232 0.931114 -0.0570856 0.157703 0.417329 -0.106124 0.902538 0.0340554 0 0 0 1
1 0 0 0 0 1 0 0 0 0 1 0 0 0 0 1
###
472.98 329.653
325.472 627.057
346.374 337.416
474.772 331.444
323.482 624.568
344.218 337.997
698.803 346.291
475.2 333.504
352.512 217.728
531.36 636.48
445.2 301.2

0.434674 -1.67146 2.60639 
-0.110213 0.209477 0.566379 
-0.306429 -0.512758 1.20982 
3.41254 -9.13048 13.0717 
-0.111848 0.210188 0.568252 
-0.303824 -0.504182 1.20197 
8.62408 -7.95145 5.50156 
1.21004 -2.96677 4.34049 
-0.378001 -1.06734 1.46142 
0.11057 0.093737 0.387935 
0.2563 -2.43828 3.56832 
