-0.241694 -0.249729 -0.937667 0.190921 0.146933 0.945755 -0.289756 0.140339 0.959164 -0.207806 -0.19189 0.303905 0 0 0 1
1 0 0 0 0 1 0 0 0 0 1 0 0 0 0 1
###
465.814 279.488
253.809 537.477
382.206 647.959
283.669 483.729
322.486 498.659
283.669 472.781
383.201 500.152
404.352 447.898
311.04 563.04
444.96 659.52
404.64 372.96
370.08 354.24
391.2 500.4
321.6 531.6
404.4 372
506.4 554.4
333 536
345 467
428 551

1.71441 -1.66032 -0.0298252 
0.260428 -0.0168974 0.16072 
0.401773 0.0666445 0.0690249 
0.327651 -0.0776765 0.180563 
0.351856 -0.0709599 0.144115 
0.329965 -0.0870793 0.185917 
0.364925 -0.0870594 0.0826463 
0.387953 -0.156403 0.0831686 
0.313993 -0.0119615 0.131825 
0.325178 0.0569881 -0.0146879 
0.38062 -0.241232 0.096876 
0.365492 -0.247027 0.14271 
0.395431 -0.090011 0.0714477 
0.337917 -0.0398589 0.133269 
0.37903 -0.240413 0.0972956 
1.57707 -0.0278266 -0.584697 
0.336506 -0.0381154 0.121239 
0.350852 -0.10875 0.129175 
1.94173 0.0590639 -0.214647 
