-0.121943 -0.241579 -0.962689 0.219368 0.168158 0.950877 -0.259915 0.119002 0.978189 -0.193578 -0.0753288 0.19767 0 0 0 1
0.995061 -0.0116261 -0.0985821 -0.00769047 0.00982552 0.999776 -0.0187303 -0.0010023 0.0987778 0.0176692 0.994953 -0.00486607 0 0 0 1
###
490.896 283.071
268.739 558.976
400.122 671.846
292.626 471.786
441.926 450.884
363.295 368.271
440.433 450.386
327.629 418.867
311.04 505.958
317.261 553.651
429.235 358.733
336.96 502.848
323.136 570.24
540 485.28
311.04 506.88
429.12 358.56
384.48 383.04
370.08 426.24
356.4 470.4
369.6 426
338 521
548 558

1.7141 -1.65987 -0.029643 
0.339914 -0.0104662 0.192976 
0.308697 0.0511983 0.0558724 
0.329941 -0.0870621 0.18591 
1.52615 -0.430048 0.0504606 
0.385039 -0.219768 0.166697 
0.387945 -0.156389 0.0831832 
0.432885 -0.151108 0.202005 
0.33685 -0.0606896 0.162974 
0.316798 -0.0227922 0.140999 
0.405726 -0.258302 0.102377 
0.348274 -0.0678243 0.143144 
0.313952 -0.0119507 0.131812 
1.53764 -0.37019 -0.450045 
0.326322 -0.0584469 0.158327 
0.37899 -0.240371 0.097309 
0.35356 -0.189958 0.130222 
0.359748 -0.145551 0.133537 
0.357921 -0.101095 0.134633 
0.36321 -0.145756 0.143244 
0.340698 -0.0521947 0.136091 
1.57726 -0.027731 -0.584675 
