0.987103 -0.136702 0.0833089 0.050108 0.141286 0.988611 -0.0518376 0.0115065 -0.0752738 0.0629394 0.995175 -0.197717 0 0 0 1
1 0 0 0 0 1 0 0 0 0 1 0 0 0 0 1
###
655.722 859.964
809.799 498.062
584.059 290.238
623.474 286.655
795.466 175.576
584.059 229.324
579.281 226.935
182.145 552.407
430.479 144.323
363.295 161.741
171.694 248.832
582.267 423.014
696.73 385.69
537.477 87.0912
226.437 559.872
624.568 574.802
766.403 495.176
828.611 296.11
383.616 358.733
696.73 385.69
727.834 109.901
796.263 174.182
530.842 821.146
821.146 491.443
595.123 572.314
657.331 319.334
431.309 145.152
485.222 790.042
364.608 162.432
782.784 445.824
542.592 300.672
727.488 110.592
259.2 565.056
376.704 665.28
426.816 665.28
416.16 154.08
855.36 309.6
527.04 547.2
507.6 632.4
554.4 626.4
505.2 720
709.2 576
478.8 720
400.8 193.2
426 246
397 357

0.245254 0.0977139 0.0924251 
0.383856 -0.0636605 0.195209 
3.6706 -9.83146 14.0892 
5.15883 -9.27873 12.3123 
6.97234 -8.2012 2.71163 
2.0939 -8.16504 7.94672 
2.35808 -9.38239 9.1679 
-0.4168 0.161413 0.438772 
-2.49559 -9.78277 6.11201 
-0.925794 -2.14641 1.42133 
-0.680191 -0.507263 0.402243 
0.222026 -0.10497 0.284033 
0.347365 -0.165445 0.30629 
0.248338 -4.49203 1.81446 
-0.491529 0.236889 0.675616 
0.269186 0.00550008 0.259292 
0.348861 -0.0612595 0.21482 
0.469036 -0.267791 0.202907 
-0.385605 -0.544087 1.35792 
0.353604 -0.169702 0.311631 
1.13332 -1.96412 0.56538 
11.9617 -14.5573 5.04127 
0.197163 0.111357 0.134576 
0.394374 -0.0706009 0.191173 
0.247636 0.0116459 0.273011 
0.312167 -0.238603 0.320074 
-0.782206 -3.21708 2.05177 
0.173188 0.11561 0.157276 
-0.828356 -1.94009 1.30193 
0.385277 -0.105433 0.228229 
0.370085 -1.25065 1.9702 
1.15971 -2.01566 0.579286 
-0.425334 0.239765 0.710918 
0.0761857 0.116467 0.267183 
0.118944 0.110539 0.273024 
-0.819459 -2.81383 1.87107 
0.430025 -0.216308 0.155654 
0.206087 0.0148919 0.380673 
0.185962 0.0767767 0.290938 
0.221 0.0629479 0.279784 
0.182049 0.0864018 0.189078 
0.343453 0.00559102 0.253735 
0.166388 0.08924 0.190604 
-0.831493 -2.32386 1.90209 
-0.340725 -1.29172 1.49218 
-0.322969 -0.551648 1.35261 
