0.978365 -0.192286 0.076336 0.091442 0.197603 0.977813 -0.0695283 0.0166375 -0.061273 0.0831083 0.994655 -0.191202 0 0 0 1
1 0 0 0 0 1 0 0 0 0 1 0 0 0 0 1
###
627.057 741.719
666.472 272.322
612.724 422.815
300.987 75.2468
594.808 225.74
848.02 319.5
540.463 546.435
621.085 570.323
591.225 295.612
692.748 833.09
827.118 197.075
597.197 226.935
846.029 320.993
649.452 569.825
263.762 547.43
462.828 584.755
236.39 542.454
547.43 734.055
721.613 589.732
752.717 124.416
814.925 188.698
829.44 501.811
620.006 566.093
779.674 501.811
753.408 124.416
188.352 535.68
518.4 630.72
692.928 832.896
570.24 801.792
831.168 502.848
594.432 297.216
686.016 319.68
399.168 651.456
430.272 694.656
766.08 144
550.08 538.56
571.68 802.08
780.48 499.68
724.32 576
732.96 676.8
840.96 466.56
830.88 504
888.48 545.76
623.52 364.32
807.84 456.48
604.8 552.96
182.4 530.4
438 645.6
408 664.8
492 644.4
576 618
514.8 704.4
560.4 727.2
610.8 616.8
812.4 601.2
852 321.6
538 690
415 646
447 652
495 713
561 728
559 799
631 528
356 515

0.217281 0.071946 0.142367 
0.304703 -0.334982 0.356153 
0.220939 -0.104755 0.284321 
-1.85997 -3.02961 0.889711 
2.20197 -8.59138 8.35668 
0.479294 -0.274586 0.204296 
0.209101 0.0185243 0.388135 
0.243793 0.0130331 0.268663 
3.61813 -9.6849 13.8606 
0.24532 0.0972798 0.0921234 
7.21134 -8.48516 2.80212 
2.39687 -9.54064 9.32516 
0.469879 -0.268215 0.203248 
0.270233 0.00551575 0.260299 
-0.401901 0.227221 0.681267 
0.119299 0.0855457 0.383887 
-0.49475 0.238279 0.679813 
0.184435 0.0876899 0.166101 
0.345914 0.0160726 0.252777 
1.11096 -1.92471 0.55524 
12.2034 -14.8543 5.13941 
0.393561 -0.0706915 0.191321 
0.253335 0.0123236 0.280352 
0.344205 -0.0610348 0.212411 
1.13836 -1.97735 0.56884 
-0.46483 0.186241 0.489413 
0.177051 0.0858518 0.288288 
0.244978 0.0963917 0.091797 
0.197863 0.111767 0.135073 
0.395163 -0.0707262 0.191574 
1.12694 -2.74653 4.02619 
0.318368 -0.257411 0.327174 
0.0764724 0.11691 0.268216 
0.112957 0.123541 0.229607 
1.20265 -1.87236 0.617719 
0.206615 0.0143491 0.381845 
0.197994 0.110778 0.134412 
0.369221 -0.0679993 0.228555 
0.346101 0.00555466 0.256578 
0.297818 0.0501068 0.166781 
0.42695 -0.10508 0.202705 
0.393064 -0.0700256 0.190644 
0.411703 -0.0460629 0.132656 
0.246968 -0.186227 0.34613 
0.395257 -0.107315 0.222992 
0.237928 0.00343358 0.287208 
-0.554493 0.20237 0.545233 
0.109244 0.109945 0.279456 
0.0869633 0.126319 0.263564 
0.156308 0.101623 0.286725 
0.221872 0.0631962 0.280912 
0.16723 0.0897524 0.191584 
0.188641 0.0804749 0.163013 
0.23597 0.043935 0.243457 
0.3566 0.000898146 0.166912 
0.401172 -0.221908 0.16491 
0.18113 0.0814812 0.198971 
0.0899929 0.112729 0.27674 
0.118177 0.112494 0.276664 
0.156114 0.095977 0.188492 
0.188375 0.0801376 0.162846 
0.191797 0.113277 0.137362 
0.254456 -0.0230714 0.278279 
-0.362139 0.199045 1.21483 
