0.90355 -0.222796 -0.366005 0.234139 0.243163 0.969935 0.00987154 0.016766 0.352802 -0.0979184 0.930561 -0.117936 0 0 0 1
0.995052 -0.0118591 -0.0986434 -0.00921351 0.0101286 0.999786 -0.0180254 -0.00140546 0.0988361 0.0169371 0.99496 -0.00583557 0 0 0 1
###
616.307 329.653
501.645 756.051
415.649 702.304
716.636 630.64
444.315 573.309
279.488 351.152
429.982 329.653
543.449 582.267
624.071 597.197
531.505 845.034
806.216 537.477
412.066 659.903
725.594 388.178
755.454 373.248
607.15 330.947
415.549 701.706
154.276 582.267
512.594 753.961
557.384 594.709
629.545 559.872
724.101 388.178
279.936 352.512
607.565 331.776
628.301 431.309
483.149 758.938
512.179 582.682
543.283 582.682
724.032 388.8
717.12 679.104
580.608 527.04
668.736 803.52
705.024 532.224
620.352 584.064
521.856 407.808
582.336 373.248
587.52 628.992
511.488 756.864
447.84 570.24
528.48 594.72
552.96 591.84
655.2 410.4
604.8 443.52
479.52 629.28
734.4 542.88
774.72 820.8
674.4 496.8
523.2 747.6
621.6 620.4
612 670.8
580.8 526.8
513.6 582
768 543.6
663.6 831.6
874.8 711.6
830.4 777.6
511 804
705 609

0.433391 -0.422972 0.381064 
0.17308 0.0891163 0.162058 
0.153632 0.10707 0.256876 
0.382115 0.0183998 0.154995 
0.206293 0.0183039 0.382877 
-0.325298 -0.546644 1.28498 
0.49591 -1.90298 2.96524 
0.254736 -0.00240179 0.269466 
0.350795 0.00550205 0.253473 
0.183212 0.130941 0.126007 
0.43894 -0.0732915 0.09372 
0.154585 0.0843094 0.295945 
0.472971 -0.271039 0.201663 
0.45064 -0.264571 0.149627 
0.40424 -0.399679 0.374755 
0.153818 0.108216 0.259562 
-1.11144 0.662934 1.86064 
0.182008 0.0865261 0.163918 
0.268345 0.00545638 0.258418 
0.354775 -0.0313106 0.255091 
0.463099 -0.264389 0.200395 
-0.325831 -0.54269 1.2889 
0.416114 -0.407474 0.383253 
0.372333 -0.184456 0.293284 
0.172124 0.0977688 0.175929 
0.230036 0.00332493 0.27762 
0.256652 -0.00127425 0.267423 
0.459259 -0.259472 0.198634 
0.330042 0.0455212 0.123829 
0.301985 -0.0593331 0.28213 
0.241775 0.0951034 0.0905891 
0.40506 -0.0726656 0.195621 
0.348162 -0.00650912 0.255708 
0.240253 -0.182113 0.338736 
0.313702 -0.253607 0.322439 
0.294514 0.0333077 0.239771 
0.181232 0.0865245 0.16279 
0.210402 0.017137 0.396477 
0.246086 0.0105018 0.272262 
0.261947 0.00465169 0.258199 
0.409312 -0.225497 0.277906 
0.351942 -0.169057 0.310199 
0.211527 0.0514581 0.289414 
0.409074 -0.0624327 0.163271 
0.293891 0.112563 0.0228679 
0.380695 -0.104188 0.225546 
0.186139 0.0793892 0.160841 
0.33872 0.0270812 0.237458 
0.286625 0.055394 0.194608 
0.304682 -0.0590111 0.28366 
0.233024 0.00306606 0.281041 
0.407442 -0.0632856 0.127278 
0.234514 0.108288 0.0805057 
0.385448 0.0600697 -0.0232237 
0.326927 0.0918013 -0.00460803 
0.177608 0.112309 0.147306 
0.366004 0.000283461 0.164312 
