0.977398 -0.0692055 -0.19976 0.258298 0.0646331 0.997478 -0.0293288 -0.142864 0.201286 0.0157548 0.979406 0.0250174 0 0 0 1
0.250281 -0.247438 -0.93602 0.0618845 0.198276 0.959399 -0.200602 -0.20082 0.947653 -0.135384 0.28918 0.186466 0 0 0 1
###
458.647 311.737
498.062 544.644
673.638 483.73
480.146 662.889
483.73 311.737
566.143 386.984
816.965 236.49
806.216 372.651
759.635 376.234
372.651 136.161
397.733 132.578
257.989 594.808
498.659 546.435
662.889 570.323
480.743 662.889
704.692 564.351
767.398 140.341
698.72 185.131
788.3 370.262
761.426 379.22
358.318 161.243
313.528 331.444
713.65 752.468
828.611 492.687
699.218 818.657
487.711 313.528
821.146 236.39
758.938 380.713
714.148 751.473
821.146 714.148
313.528 330.947
460.339 311.04
534.989 709.171
582.267 704.195
532.501 609.638
458.266 313.114
379.469 136.858
489.37 313.114
510.106 439.603
613.786 398.131
754.791 190.771
837.734 250.906
501.811 111.974
501.811 248.832
367.027 698.803
151.373 549.504
707.098 659.405
470.707 622.08
530.842 609.638
543.283 609.638
537.062 690.509
628.301 503.885
609.638 564.019
661.479 557.798
644.89 319.334
164.16 143.424
768.96 148.608
150.336 549.504
537.408 691.2
673.92 368.064
613.44 756.864
698.112 817.344
649.728 480.384
684.288 502.848
658.368 580.608
623.808 620.352
383.616 663.552
476.928 665.28
879.552 694.656
819.072 715.392
801.792 777.6
767.232 523.584
286.56 56.16
380.16 136.8
493.92 113.76
501.12 249.12
698.4 184.32
256.32 594.72
347.04 686.88
565.92 609.12
538.56 689.76
469.44 622.08
476.64 663.84
652.32 635.04
671.04 612
708.48 660.96
627.84 368.64
648 426.24
576 531.36
568.8 552.96
740.16 512.64
819.36 715.68
802.08 777.6
780.48 385.92
698.4 754.56
784.8 622.08
67.68 527.04
312 332.4
535.2 612
565.2 609.6
468 621.6
406.8 697.2
669.6 612
739.2 717.6
712.8 777.6
615.6 756
639.6 796.8
498 542.4
712.8 480
776.4 498
627.6 368.4
879.6 694.8
627.6 358.8
758.4 381.6
348 687.6
844.8 244.8
421.2 123.6
34 478
495 628
642 607
693 640
628 504
628 369
686 397
713 561
740 716
879 697

12.8544 -10.1013 5.58322 
-0.0453408 0.228831 -0.0338736 
-0.0633803 0.196221 -0.0814141 
-0.0886507 0.25485 -0.0397207 
0.100651 0.00813203 0.0659786 
-0.0502469 0.16765 -0.0398759 
-0.00520521 -0.270753 -0.351353 
-0.0897808 0.152812 -0.113955 
-0.0688072 0.144211 -0.10942 
0.0476647 -0.464521 0.456023 
0.399058 -1.49517 0.937844 
-0.00193332 0.30542 0.0827135 
-0.0475549 0.23054 -0.0316362 
-0.0617012 0.220555 -0.0839839 
-0.0796451 0.256571 -0.0407032 
-0.0714228 0.216436 -0.092049 
-0.0594748 -0.673497 -0.338296 
0.0183453 -0.2512 -0.148603 
-0.0836738 0.148617 -0.110626 
-0.0702165 0.146702 -0.107756 
0.183872 -0.633628 0.686047 
0.10251 0.0772208 0.24744 
-0.109906 0.25151 -0.0822485 
-0.0899834 0.189504 -0.121175 
-0.11754 0.260618 -0.0805393 
3.69771 -2.91825 1.30483 
-0.00391464 -0.288713 -0.36363 
-0.070047 0.14702 -0.107545 
-0.110622 0.251132 -0.0817705 
-0.114357 0.242994 -0.104556 
0.114662 0.0733848 0.256142 
0.640111 -0.414525 0.331153 
-0.100414 0.253796 -0.0512277 
-0.101549 0.250145 -0.0584351 
-0.0894367 0.241093 -0.0452971 
1.16844 -0.833309 0.553008 
0.110865 -0.553817 0.53279 
2.57608 -2.003 0.898683 
-0.0637424 0.198254 -0.0287793 
-0.0543549 0.16861 -0.0566234 
-0.00663381 -0.275775 -0.227136 
-0.0267789 -0.202064 -0.340712 
0.129149 -0.817614 0.298242 
0.821046 -0.999083 0.401716 
-0.0946703 0.267884 -0.0223894 
-0.0429345 0.309229 0.146748 
-0.096003 0.238248 -0.0826892 
-0.071731 0.249747 -0.0349307 
-0.0680379 0.241915 -0.0484373 
-0.0673675 0.241224 -0.0518604 
-0.0971368 0.251525 -0.0513623 
-0.0617168 0.204754 -0.0672984 
-0.0705793 0.224184 -0.0643208 
-0.0614871 0.217334 -0.0829655 
-0.0405501 0.112506 -0.0685825 
-0.175356 0.0212195 0.320779 
-0.103984 -0.166908 -0.182229 
-0.0470577 0.306254 0.140283 
-0.0966715 0.251644 -0.051416 
-0.0453944 0.138445 -0.0824434 
-0.106399 0.256045 -0.0660126 
-0.117082 0.261043 -0.0811929 
-0.0576974 0.194445 -0.0741845 
-0.0629938 0.199549 -0.0852061 
-0.0648846 0.224013 -0.0820517 
-0.0766195 0.236166 -0.0703085 
-0.0887563 0.261443 -0.0215415 
-0.0800713 0.256616 -0.0400975 
-0.117831 0.23921 -0.132415 
-0.113279 0.243391 -0.106852 
-0.119488 0.254152 -0.10241 
-0.0765547 0.2007 -0.107912 
-0.257137 -0.583956 0.713914 
0.135636 -0.621099 0.57324 
0.195864 -1.02022 0.383495 
1.11698 -1.35428 0.514782 
0.0146419 -0.235814 -0.144588 
-0.0247376 0.296572 0.0684616 
-0.0931978 0.268667 -0.0170081 
-0.0745668 0.238607 -0.0557676 
-0.0967299 0.251535 -0.051539 
-0.0692914 0.249932 -0.0345058 
-0.0796473 0.256754 -0.0399303 
-0.0898619 0.237435 -0.0721085 
-0.0803693 0.231462 -0.0800404 
-0.0955263 0.238378 -0.0832636 
-0.0720747 0.167756 -0.0558859 
-0.0549063 0.174968 -0.0710671 
-0.0687426 0.218723 -0.0533134 
-0.0673242 0.224432 -0.0532348 
-0.0748373 0.200161 -0.0984297 
-0.117108 0.242751 -0.101043 
-0.119363 0.254181 -0.103567 
-0.0813225 0.156025 -0.107314 
-0.109953 0.252172 -0.0790627 
-0.0804198 0.226053 -0.120953 
-0.0942707 0.316135 0.1828 
0.115678 0.0722418 0.260265 
-0.0689545 0.242136 -0.049878 
-0.07062 0.238956 -0.056832 
-0.0714942 0.249817 -0.0344135 
-0.094011 0.263921 -0.0294587 
-0.0799251 0.231421 -0.0801898 
-0.10712 0.245622 -0.0874535 
-0.113428 0.254847 -0.0820454 
-0.105945 0.256222 -0.0662397 
-0.11093 0.260938 -0.0716011 
-0.0462688 0.227687 -0.0340489 
-0.0680129 0.191026 -0.09107 
-0.0685715 0.187684 -0.118822 
-0.0656917 0.163135 -0.0573126 
-0.118849 0.238988 -0.129721 
-0.0587514 0.153925 -0.0582875 
-0.0693323 0.147648 -0.107457 
-0.0931494 0.268576 -0.0169018 
-0.0380395 -0.240207 -0.37132 
0.143822 -0.76204 0.516334 
-0.127205 0.287881 0.168828 
-0.072212 0.248902 -0.0413503 
-0.0699 0.232549 -0.0771403 
-0.0876748 0.235827 -0.0837439 
-0.0628227 0.205304 -0.0672822 
-0.0576858 0.156661 -0.0591147 
-0.0538761 0.156837 -0.084562 
-0.0790515 0.216643 -0.0889032 
-0.109828 0.244737 -0.0844368 
-0.119546 0.239 -0.127741 
