0.927559 -0.261042 -0.267377 0.312666 0.2483 0.965288 -0.0810378 0.0231898 0.27925 0.00877766 0.960178 -0.109588 0 0 0 1
1 0 0 0 0 1 0 0 0 0 1 0 0 0 0 1
###
770.384 695.137
476.563 300.987
716.636 179.159
666.472 265.155
612.724 691.554
331.444 322.486
534.491 534.491
689.762 558.379
519.561 647.959
809.202 516.575
504.631 301.584
546.435 429.982
612.127 432.968
836.076 232.907
791.286 343.388
782.328 373.248
570.323 728.58
364.29 134.369
286.655 585.253
146.313 534.491
519.561 238.879
532.501 534.989
579.779 661.893
846.029 490.199
731.566 641.987
783.821 146.811
716.636 179.159
365.783 136.858
370.76 154.276
286.157 584.755
741.519 726.59
599.685 383.201
783.821 145.152
593.05 711.245
846.029 518.4
385.69 622.08
412.646 682.214
429.235 657.331
713.318 485.222
787.968 516.326
508.032 607.565
518.4 649.037
580.608 669.773
742.349 472.781
688.435 559.872
331.776 323.136
475.2 304.128
504.576 305.856
838.08 233.28
743.04 727.488
846.72 518.4
732.672 642.816
565.056 596.16
575.424 668.736
438.912 660.096
708.48 495.936
781.056 378.432
743.04 473.472
684.288 568.512
511.488 743.04
539.136 711.936
715.392 177.984
746.496 235.008
828 348.48
846.72 518.4
427.68 648
570.24 597.6
529.92 531.36
655.2 354.24
889.92 681.12
743.04 727.2
777.6 767.52
599.04 596.16
777.6 663.84
783.36 144
720 197.28
720 394.56
780.48 378.72
393.12 126.72
826.8 348
415.2 661.2
535.2 528
675.6 420
598.8 596.4
609.6 520.8
602.4 541.2
688.8 580.8
786 530.4
837.6 442.8
736.8 474
720 625.2
802.8 610.8
434.4 114
718.8 196.8
710 484
613 557
689 581
693 605
719 106
710 393
720 625
448 592

0.26763 0.0772817 0.0897335 
0.49513 -1.90191 2.96278 
1.08365 -1.85344 0.529665 
8.81826 -11.6466 7.95603 
0.174959 0.0900928 0.163809 
-0.335837 -0.56203 1.32034 
0.208333 0.0184502 0.386723 
0.348945 0.00281171 0.25379 
0.155255 0.108199 0.259594 
0.419399 -0.0681747 0.136586 
3.51538 -9.42286 13.4853 
0.185591 -0.105763 0.361586 
0.220198 -0.1044 0.283422 
1.85602 -1.93739 0.0471099 
0.435709 -0.294493 0.167552 
0.478264 -0.274096 0.203951 
0.152015 0.121617 0.167254 
-2.57608 -6.62371 4.62554 
-0.121111 0.229717 0.621798 
-0.429376 0.210099 0.602602 
2.34733 -9.3853 9.1773 
0.199423 0.0249972 0.394006 
0.173468 0.0891729 0.201528 
0.443213 -0.105735 0.100452 
0.269942 0.0525377 0.138087 
1.10706 -1.88015 0.0303928 
1.07418 -1.85873 0.537377 
-1.00197 -2.68373 1.95222 
-0.598084 -1.68108 1.32271 
-0.122957 0.230492 0.623567 
0.245209 0.0976645 0.0924638 
0.248592 -0.192779 0.35705 
0.979616 -1.66648 0.0170631 
0.171849 0.112929 0.171982 
0.440344 -0.0734115 0.094483 
0.0541371 0.183965 0.451576 
0.0644674 0.137792 0.24522 
0.0802744 0.12626 0.267332 
0.368906 -0.0865844 0.252151 
0.41417 -0.0644688 0.165345 
0.155386 0.0855828 0.29995 
0.155274 0.10915 0.261984 
0.16592 0.0899805 0.190557 
0.397194 -0.104704 0.224004 
0.354857 0.00556727 0.256465 
-0.327499 -0.545402 1.29496 
0.346976 -1.22957 1.94863 
1.08435 -2.6418 3.87361 
1.90279 -1.98452 0.0279179 
0.244973 0.0969852 0.091835 
0.452259 -0.0755122 0.0958726 
0.279149 0.0556452 0.14023 
0.211702 0.0653937 0.292779 
0.16174 0.0876549 0.191066 
0.0867592 0.128038 0.264245 
0.370251 -0.0744543 0.255208 
0.464533 -0.262479 0.20094 
0.403644 -0.107565 0.227431 
0.340432 0.0155935 0.248824 
0.124491 0.14557 0.183374 
0.138438 0.120044 0.185728 
1.08551 -1.8826 0.543536 
15.2876 -18.4861 6.34348 
0.462555 -0.292992 0.117346 
0.466302 -0.0779878 0.0978167 
0.0762866 0.116641 0.267507 
0.215392 0.0667346 0.288245 
0.212499 0.0172751 0.400506 
0.316842 -0.256186 0.325697 
0.376398 0.0660546 -0.0158567 
0.244424 0.0961698 0.0916114 
0.262802 0.120241 0.0520126 
0.23652 0.0561274 0.269584 
0.309583 0.0644248 0.104937 
0.904078 -1.53815 0.00896513 
1.17998 -1.83813 0.605498 
0.413736 -0.227971 0.280952 
0.462975 -0.260722 0.201283 
-0.82156 -2.81754 1.87261 
0.461447 -0.292702 0.118245 
0.0679691 0.129087 0.265177 
0.221273 0.0115982 0.402075 
0.356144 -0.171169 0.313999 
0.237495 0.0571468 0.271348 
0.235669 -0.0185732 0.279857 
0.2352 0.00303612 0.283633 
0.342238 0.0271851 0.240467 
0.409347 -0.0482338 0.161602 
0.414707 -0.145628 0.102522 
0.384924 -0.105352 0.228092 
0.298563 0.0504544 0.166298 
0.408043 0.0306976 0.119899 
-0.593177 -3.28894 1.88195 
1.1928 -1.85845 0.608773 
0.370323 -0.0882063 0.255014 
0.248088 0.0166321 0.27557 
0.341875 0.0273278 0.239746 
0.300346 0.0421506 0.202536 
0.697812 -1.72141 0.146182 
0.415097 -0.234112 0.297646 
0.297285 0.0500276 0.166505 
0.116686 0.102903 0.377109 
