0.929272 -0.257716 -0.264645 0.382232 0.243061 0.966075 -0.0872993 0.0421757 0.278165 0.0168001 0.960386 -0.104855 0 0 0 1
1 0 0 0 0 1 0 0 0 0 1 0 0 0 0 1
###
369.068 128.995
154.077 537.477
189.909 544.644
662.889 674.833
507.617 301.584
722.608 179.159
839.062 232.907
794.272 385.192
415.052 122.425
101.523 525.533
158.257 540.463
767.398 716.636
519.561 235.893
668.861 262.767
307.556 591.225
785.314 552.407
888.33 467.804
577.29 714.148
368.271 134.369
338.412 594.709
189.112 544.942
485.222 594.709
547.43 614.615
502.641 676.823
342.144 323.482
375.322 147.226
464.486 690.509
186.624 545.357
767.232 715.392
846.029 686.362
493.517 570.24
744.422 512.179
545.357 611.712
561.946 649.037
682.214 607.565
663.552 680.141
721.613 178.33
790.042 149.299
397.44 127.872
482.112 304.128
767.232 717.12
801.792 537.408
793.152 634.176
665.28 402.624
597.888 599.616
625.536 670.464
100.224 527.04
722.304 179.712
789.696 146.88
748.224 231.552
478.08 714.24
305.28 590.4
871.2 711.36
486.72 666.72
779.04 512.64
756 640.8
794.88 658.08
708.48 620.64
624.96 671.04
663.84 681.12
610.56 535.68
846.72 688.32
892.8 673.92
794.88 390.24
620.64 728.64
676.8 364.32
492.48 570.24
436.32 112.32
792 254.88
725.76 197.28
757.44 773.28
478.8 714
528 634.8
544.8 612
487.2 666
441.6 680.4
602.4 602.4
666 556.8
778.8 513.6
550.8 570
846 688.8
892.8 674.4
768 716.4
789.6 146.4
865 732
569 618
625 670
673 674
616 535
682 503
474 689
718 607
755 719
814 395
723 433
527 712
647 327
687 350
725 198

-2.42099 -6.23256 4.35693 
-0.422102 0.206576 0.592422 
-0.38981 0.222021 0.663424 
0.186388 0.0844965 0.171043 
3.49508 -9.35471 13.3967 
1.0616 -1.81495 0.519274 
1.82884 -1.90892 0.0465741 
0.469973 -0.269333 0.200432 
-1.03218 -4.14357 2.60202 
-0.411061 0.159203 0.432647 
-0.483822 0.233182 0.664982 
0.247504 0.100202 0.0939118 
2.29386 -9.16078 8.94911 
8.81694 -11.6399 7.95451 
-0.120703 0.226442 0.612364 
0.361379 -0.0257177 0.159788 
2.169 -0.587161 0.0678541 
0.12995 0.123804 0.187117 
-0.995089 -2.66521 1.93971 
-0.0569962 0.215693 0.590248 
-0.393699 0.222837 0.667457 
0.113365 0.0905585 0.348755 
0.153329 0.0835714 0.293439 
0.0902561 0.117708 0.233581 
-0.323519 -0.538016 1.27884 
-0.872421 -2.33245 1.8838 
0.0632996 0.135318 0.240834 
-0.418132 0.235865 0.69891 
0.24079 0.0958806 0.0907776 
0.311589 0.0729148 0.0386045 
0.132521 0.0741341 0.399512 
0.360319 -0.0620578 0.222542 
0.152577 0.0840331 0.294483 
0.152465 0.107172 0.257229 
0.27023 0.0494663 0.227401 
0.180685 0.0859001 0.162729 
1.05997 -1.83384 0.530312 
1.1108 -1.88678 0.0292759 
-0.811063 -2.78212 1.85027 
0.369287 -1.33464 2.10752 
0.240554 0.0952071 0.0901553 
0.408606 -0.0478731 0.158659 
0.325495 0.0486969 0.11821 
0.309449 -0.199258 0.339506 
0.207855 0.0642113 0.287426 
0.16294 0.0883586 0.187148 
-0.389109 0.147639 0.401023 
1.06476 -1.84586 0.533562 
1.02701 -1.74659 0.0152484 
13.2167 -16.0435 5.53669 
0.0733689 0.148964 0.22585 
-0.12156 0.224683 0.608468 
0.330175 0.0919976 -0.00496903 
0.0851949 0.125745 0.259516 
0.401971 -0.0725324 0.194468 
0.274164 0.0546355 0.137711 
0.304045 0.0632499 0.103033 
0.269909 0.0531125 0.191076 
0.163234 0.088289 0.18721 
0.179883 0.0858771 0.16158 
0.220604 -0.00450736 0.308738 
0.31163 0.0740235 0.0386471 
0.386653 0.0678643 -0.01747 
0.454979 -0.256214 0.197822 
0.150277 0.119883 0.159885 
0.311631 -0.251964 0.320389 
0.136852 0.0747236 0.410883 
-0.602453 -3.33511 1.90842 
14.3584 -14.4623 3.70059 
1.14541 -1.78147 0.58786 
0.219505 0.127776 0.0677342 
0.0746719 0.151406 0.229779 
0.127705 0.100162 0.274543 
0.151878 0.0843637 0.296481 
0.0849637 0.123163 0.257107 
0.0483084 0.137054 0.256317 
0.211542 0.0655552 0.283076 
0.258505 0.00454981 0.254743 
0.40227 -0.0721576 0.194309 
0.19649 0.0565283 0.376518 
0.312592 0.0747095 0.038747 
0.369573 0.0647935 -0.0156297 
0.240033 0.094416 0.089942 
0.889626 -1.51356 0.00908113 
0.330219 0.111229 -0.0120709 
0.173353 0.0842014 0.283448 
0.163571 0.0877115 0.187326 
0.184765 0.0788021 0.159657 
0.216086 -0.00612843 0.293696 
0.302553 -0.0585867 0.281722 
0.071197 0.13406 0.239531 
0.294944 0.0413908 0.198879 
0.233053 0.0978359 0.0975301 
0.421945 -0.226857 0.155306 
0.405536 -0.180128 0.296609 
0.101065 0.131193 0.206141 
0.318031 -0.350595 0.398713 
0.326171 -0.281186 0.315164 
1.17503 -1.83041 0.599954 
