-0.937733 -0.343193 -0.0536299 0.0373848 -0.309054 0.894803 -0.322201 -0.0668614 0.158565 -0.285564 -0.945151 0.0608157 0 0 0 1
1 0 0 0 0 1 0 0 0 0 1 0 0 0 0 1
###
752.468 232.907
573.309 544.644
490.896 272.322
795.466 290.238
809.799 211.408
426.399 644.973
612.127 558.379
812.188 701.706
429.982 644.973
564.351 704.692
785.314 197.075
698.72 220.963
489.701 271.725
629.545 691.753
261.274 231.414
637.01 410.573
646.963 489.37
564.019 705.024
514.253 686.362
611.712 626.227
661.479 655.258
468.634 574.387
752.717 232.243
180.403 537.062
566.093 410.573
611.712 252.979
700.877 207.36
410.573 252.979
472.781 205.286
503.885 547.43
651.11 584.755
607.565 568.167
641.088 497.664
611.712 627.264
414.72 592.704
489.024 273.024
810.432 710.208
566.784 411.264
361.152 136.512
865.728 269.568
665.28 558.144
825.12 694.08
879.84 547.2
488.16 272.16
882.72 264.96
727.2 286.56
142.8 524.4
754.8 234
698.4 270
472.8 206.4
260.4 231.6
442.8 265.2
697 226
565 293
370 478

0.634891 -1.16095 2.11715 
-0.0767952 0.225961 0.484613 
-3.66621 -3.56216 5.71447 
1.00201 -1.10631 2.68938 
1.1187 -1.38572 2.11388 
-0.140793 0.2666 0.322359 
-0.0518812 0.260508 0.563054 
0.211191 0.361619 0.478847 
-0.144388 0.280524 0.340335 
-0.0299058 0.281552 0.337555 
1.56807 -2.35151 3.41469 
0.293068 -1.17941 2.05743 
-5.07737 -5.45638 8.60869 
0.00551159 0.282516 0.365713 
-1.17329 -0.737153 0.50636 
-0.0429288 0.0736046 0.688843 
-0.0200862 0.179508 0.609076 
-0.0297292 0.281912 0.336986 
-0.0624075 0.273645 0.329164 
-0.026608 0.285282 0.449155 
0.0229344 0.29528 0.437055 
-0.156638 0.248597 0.418226 
0.652154 -1.17666 2.17492 
-0.583645 0.248401 0.220302 
-0.0923605 0.0930708 0.492485 
-1.56039 -6.76965 11.4165 
0.330603 -1.27976 2.01497 
-2.34214 -1.93291 2.58553 
-6.48354 -9.8211 9.72832 
-0.133397 0.221912 0.44021 
-0.000166135 0.281002 0.551488 
-0.0527781 0.267528 0.545076 
-0.0269154 0.190968 0.605123 
-0.0255395 0.282954 0.443643 
-0.17649 0.249292 0.360207 
-4.09266 -4.29543 6.85455 
0.207823 0.366879 0.470495 
-0.0920103 0.0936274 0.492232 
-1.11983 -1.46272 0.822454 
4.2229 -3.1544 5.72084 
0.0131138 0.249852 0.556536 
0.235501 0.365367 0.496736 
1.25202 0.555326 1.8873 
-4.27963 -4.52986 7.21746 
5.59191 -3.89226 6.586 
2.10624 -5.08805 10.995 
-0.630257 0.225738 0.161656 
0.602291 -1.06487 2.02213 
1.6079 -7.16571 14.0515 
-5.15079 -7.71845 7.8046 
-1.15717 -0.715617 0.496854 
-4.71108 -4.16668 5.66253 
0.276946 -1.16746 2.05604 
-2.52123 -3.85644 8.13718 
-1.68667 0.333343 1.45427 
