0 313.346 1 311.962
0 313.58 1 311.962
0 313.78 1 311.962
0 314.047 1 311.962
0 314.314 1 312.229
1 314.431 0 311.511
0 314.581 1 312.229
1 314.731 0 311.511
0 314.848 1 312.229
1 315.065 0 311.511
0 315.248 1 312.229
1 315.465 0 311.511
0 315.582 1 311.962
0 315.949 1 311.962
1 315.866 0 311.511
0 316.383 1 311.962
1 316.333 0 311.511
0 316.85 1 311.962
1 316.733 0 311.778
0 317.25 1 311.962
1 317.267 0 311.511
0 317.651 1 311.127
1 317.701 0 311.778
0 318.084 1 311.127
1 318.235 0 311.511
0 318.485 1 312.229
0 318.852 1 311.127
1 318.768 0 311.511
0 319.186 1 311.127
1 319.402 0 311.511
0 319.753 1 311.962
1 319.97 0 311.778
0 320.22 1 312.229
0 320.62 1 311.127
1 320.57 0 311.411
0 321.054 1 315.065
0 321.054 1 311.127
1 321.238 0 311.511
0 321.488 1 315.065
1 321.838 0 311.511
0 322.222 1 315.065
0 322.756 1 315.065
0 322.756 1 311.962
1 322.539 0 311.511
0 323.19 1 315.065
0 323.19 1 311.962
1 323.206 0 311.511
0 323.69 1 311.962
1 323.874 0 311.778
0 324.391 1 312.229
1 324.541 0 311.511
0 324.925 1 311.127
1 325.208 0 311.511
0 325.325 1 311.127
0 325.926 1 323.206
0 325.926 1 311.127
0 325.926 1 319.97
1 325.909 0 311.511
0 326.493 1 311.127
0 326.927 1 311.127
1 326.676 0 311.511
0 327.327 1 311.127
1 327.41 0 311.511
0 327.928 1 311.127
1 328.111 0 311.778
0 328.495 1 323.206
0 328.495 1 311.127
0 328.995 1 312.229
1 328.912 0 311.411
0 329.596 1 316.733
0 329.596 1 323.874
1 329.613 0 311.511
0 330.497 1 316.733
1 330.347 0 311.945
0 330.997 1 316.733
1 331.047 0 311.411
0 331.631 1 316.733
1 331.815 0 311.778
0 332.465 1 316.733
1 332.682 0 311.778
0 333.333 1 316.733
1 333.55 0 311.778
0 333.967 1 316.733
1 334.384 0 311.511
0 334.634 1 316.733
0 335.335 1 316.733
1 335.285 0 311.511
0 336.069 1 316.733
1 336.186 0 311.411
0 336.636 1 316.733
1 337.02 0 311.411
0 337.204 1 316.733
1 337.954 0 311.778
0 338.004 1 316.733
0 338.805 1 316.733
1 338.688 0 311.778
0 339.439 1 316.733
1 339.456 0 311.411
0 339.973 1 316.733
0 339.973 1 324.541
0 339.973 1 332.682
0 340.54 1 331.047
0 340.54 1 316.733
1 340.824 0 311.778
0 341.041 1 316.733
1 341.591 0 311.511
0 341.608 1 316.733
1 342.259 0 311.511
1 343.026 0 311.511
0 343.043 1 322.539
0 343.043 1 316.733
1 343.76 0 311.945
0 343.877 1 316.733
1 344.561 0 311.411
0 344.578 1 316.733
1 345.629 0 311.778
0 345.512 1 316.733
1 346.329 0 311.778
0 346.413 1 316.733
0 346.413 1 342.259
0 352.652 1 311.127
0 352.953 1 317.267
0 352.953 1 312.229
0 353.119 1 311.962
1 351.434 0 350.483
0 353.386 1 311.962
0 353.687 1 311.962
0 353.887 1 311.962
0 353.887 0 311.945
0 354.087 1 312.229
0 354.387 1 317.267
0 354.387 1 316.733
0 354.387 0 311.945
0 354.621 1 317.267
0 354.621 1 316.733
0 354.621 0 311.778
0 354.921 1 316.733
0 355.255 1 316.733
0 355.255 0 311.778
0 355.589 1 317.267
0 355.589 1 316.733
1 353.537 0 350.483
0 355.889 1 317.267
0 355.889 1 316.733
0 356.189 1 317.267
0 356.189 1 316.733
0 356.489 1 317.267
0 356.489 1 316.733
0 356.823 1 317.267
0 356.823 1 316.733
0 357.123 1 317.267
0 357.123 1 316.733
0 357.457 1 317.267
0 357.457 1 316.733
0 357.824 1 317.267
0 357.824 1 316.733
0 358.158 1 317.267
0 358.158 1 316.733
0 358.525 1 311.962
0 358.925 1 311.127
0 359.326 1 317.267
0 359.326 1 316.733
0 359.826 1 316.733
0 359.826 0 311.778
0 360.36 1 317.267
0 360.36 1 316.733
0 361.928 1 317.267
0 361.928 1 316.733
0 362.329 1 317.267
0 362.329 1 316.733
0 362.863 1 317.267
0 362.863 1 316.733
0 362.863 0 311.778
0 363.33 1 311.962
0 363.33 0 311.778
0 363.697 1 317.267
0 363.697 1 316.733
0 364.197 1 317.267
0 364.197 1 316.733
0 364.664 1 316.733
0 365.165 1 317.267
0 365.165 1 316.733
0 365.165 0 311.511
0 365.832 1 317.267
0 365.832 1 316.733
1 365.582 0 351.184
0 366.199 1 311.962
0 366.766 1 317.267
0 366.766 1 316.733
0 367.3 1 311.127
0 367.667 1 317.267
0 367.667 1 316.733
0 368.201 1 312.829
0 368.702 1 312.829
0 369.202 1 312.829
0 369.669 1 312.829
1 368.585 0 351.184
0 370.17 1 312.829
0 370.67 1 312.829
0 371.204 1 312.829
0 371.638 1 312.829
0 372.038 1 311.962
0 372.038 0 311.945
0 374.14 1 311.962
0 374.674 1 312.829
0 375.442 1 311.127
0 376.877 1 312.829
0 377.51 1 311.127
0 378.011 1 312.829
1 377.727 0 351.184
0 378.578 1 312.829
0 379.179 1 312.829
0 379.779 1 312.829
0 380.614 1 312.829
1 379.162 0 350.483
0 381.615 1 312.829
1 381.331 0 350.483
0 382.249 1 312.829
0 383.483 1 312.829
1 382.899 0 351.184
0 384.251 1 312.829
0 384.918 1 312.829
0 385.619 1 312.829
1 385.201 0 350.483
0 386.62 1 312.829
0 387.454 1 312.829
1 387.037 0 351.184
0 388.154 1 312.829
0 388.989 1 312.829
0 388.989 0 311.511
0 389.789 1 312.829
1 388.805 0 350.483
0 390.49 1 324.541
0 390.49 1 312.829
0 390.49 0 311.511
1 390.707 0 350.483
0 391.324 1 312.829
0 391.324 0 311.511
0 392.025 1 312.829
0 392.726 1 312.829
1 392.042 0 351.184
0 393.56 1 312.829
1 393.777 0 350.483
0 395.762 1 312.829
1 395.312 0 350.483
0 396.563 1 313.23
1 396.713 0 350.483
0 397.731 1 313.23
0 398.598 1 313.23
0 399.366 1 313.23
0 399.366 0 311.511
1 398.281 0 350.483
0 400.4 1 313.23
0 401.234 1 313.23
0 402.335 1 313.23
1 400.85 0 351.184
0 403.603 1 313.23
1 403.32 0 351.184
0 405.572 1 313.23
0 405.572 0 311.511
0 406.339 1 313.23
0 407.34 1 313.23
0 407.34 0 311.945
1 406.256 0 351.184
0 408.608 1 313.23
0 410.377 1 313.23
1 408.892 0 350.483
0 411.278 1 313.23
0 412.078 1 313.23
0 413.213 1 313.23
1 411.728 0 351.184
0 414.447 1 313.23
0 415.382 1 313.23
0 416.449 1 313.23
0 417.517 1 313.23
1 416.6 0 351.184
0 418.752 1 313.23
0 419.853 1 313.23
0 421.021 1 313.23
0 421.855 1 313.23
0 423.39 1 313.23
0 424.324 1 313.23
0 424.925 1 313.23
0 425.592 1 313.23
1 422.606 0 350.483
0 426.493 1 313.23
0 427.227 1 313.23
0 427.661 1 313.23
0 428.094 1 313.23
0 428.695 1 313.23
0 429.195 1 313.23
1 427.177 0 350.483
0 429.93 1 313.23
0 429.93 0 311.945
1 431.481 1 311.127
0 431.498 1 311.962
0 440.607 1 332.682
0 440.607 1 316.733
0 440.607 0 311.511
0 440.774 1 316.733
0 440.774 0 350.483
0 440.774 0 311.511
0 440.974 1 316.733
0 440.974 0 311.778
0 441.207 1 316.733
0 441.508 1 316.733
0 441.508 0 311.511
0 441.775 1 316.733
0 441.775 0 311.778
0 442.108 1 316.733
0 442.108 0 311.778
0 442.409 1 316.733
0 442.676 1 316.733
0 442.909 1 316.733
0 443.276 1 316.733
0 443.71 1 316.733
0 443.71 0 311.778
0 444.611 1 316.733
0 445.211 1 316.733
0 445.211 0 350.483
1 442.792 0 438.672
0 445.779 1 316.733
0 445.779 0 311.511
0 446.212 1 316.733
0 446.212 0 311.511
0 446.546 1 316.733
0 446.913 1 315.465
0 446.913 0 311.511
0 447.447 1 315.465
0 447.981 1 315.465
0 448.381 1 315.465
0 448.949 1 315.465
0 449.449 1 315.465
0 449.983 1 315.465
0 450.417 1 315.465
0 450.917 1 315.465
0 451.484 1 315.465
0 452.018 1 315.465
0 452.519 1 315.465
0 453.086 1 315.465
0 453.62 1 315.465
0 454.087 1 315.465
0 454.421 1 315.465
0 454.921 1 315.465
0 455.455 1 315.465
1 454.671 0 438.672
1 456.506 0 438.672
1 458.575 0 438.672
0 460.994 1 315.465
0 461.194 1 315.465
0 461.194 0 311.511
1 460.21 0 438.672
1 460.21 0 459.259
0 461.928 1 315.465
0 461.928 0 311.511
0 462.195 1 315.465
0 462.195 0 311.511
1 461.378 0 438.772
1 461.378 0 459.259
0 462.329 1 315.465
0 462.329 0 351.184
0 462.495 1 315.465
0 462.729 1 315.465
0 462.729 0 351.184
1 462.379 0 438.672
0 462.929 1 315.465
1 462.946 0 438.672
1 462.946 0 459.025
0 463.163 1 315.465
0 463.163 0 438.672
0 463.463 1 315.465
0 463.463 0 311.778
0 463.83 1 315.465
1 463.48 0 459.025
1 463.48 0 438.672
0 464.13 1 315.465
0 464.364 1 315.465
1 464.08 0 459.025
1 464.08 0 438.772
0 464.698 1 315.465
0 465.065 1 315.465
1 464.881 0 438.772
1 464.881 0 459.025
0 465.465 1 315.465
0 465.765 1 315.465
0 465.765 0 350.483
1 465.548 0 459.025
0 466.199 1 315.465
0 466.599 1 315.465
0 466.966 1 315.465
0 467.367 1 315.465
0 467.734 1 315.465
0 468.635 1 315.465
0 468.969 1 315.465
0 469.369 1 315.465
0 469.736 1 315.465
0 470.17 1 315.465
1 469.352 0 459.025
1 469.352 0 438.672
0 470.67 1 315.465
0 471.071 1 315.465
0 471.538 1 315.465
1 470.787 0 459.025
1 470.787 0 438.772
0 472.038 1 315.465
0 472.605 1 315.465
0 473.139 1 315.465
1 472.589 0 459.025
1 472.589 0 438.772
0 473.673 1 315.465
0 474.341 1 315.465
0 474.908 1 315.465
1 474.19 0 459.025
1 474.19 0 438.772
0 475.408 1 315.465
0 475.875 1 316.733
0 476.309 1 316.733
1 475.725 0 459.025
0 476.776 1 316.733
0 477.277 1 316.733
0 477.844 1 316.733
1 477.16 0 459.259
1 477.16 0 438.672
0 478.378 1 316.733
0 478.912 1 316.733
0 479.446 1 316.733
1 478.695 0 311.411
1 478.695 0 459.259
0 479.946 1 316.733
0 479.946 0 311.945
0 480.547 1 316.733
0 480.947 1 316.733
1 480.096 0 459.025
0 481.681 1 316.733
0 482.082 1 316.733
1 481.431 0 438.772
1 481.431 0 459.259
0 482.549 1 316.733
0 482.983 1 316.733
0 483.45 1 316.733
1 482.832 0 459.259
0 483.95 1 316.733
0 484.351 1 316.733
0 484.851 1 316.733
1 484.067 0 459.025
0 485.251 1 316.733
0 485.251 0 311.945
0 485.618 1 316.733
0 485.919 1 316.733
1 485.301 0 438.772
1 485.301 0 459.025
0 486.286 1 316.733
0 486.72 1 316.733
0 487.087 1 316.733
0 487.554 1 316.733
1 486.603 0 459.259
1 486.603 0 438.772
0 488.021 1 316.733
0 488.455 1 316.733
1 488.038 0 438.672
1 488.038 0 459.025
0 488.855 1 316.733
0 489.222 1 316.733
0 489.622 1 316.733
1 489.105 0 438.672
1 489.105 0 459.025
0 490.09 1 316.733
0 490.523 1 316.733
1 490.24 0 438.672
1 490.24 0 459.259
0 491.024 1 316.733
0 491.458 1 316.733
1 491.141 0 459.259
1 491.141 0 438.672
0 492.058 1 316.733
0 492.492 1 316.733
0 492.492 1 335.285
1 492.175 0 459.025
1 492.175 0 438.672
0 492.993 1 316.733
1 493.109 0 459.259
1 493.109 0 438.672
0 494.06 1 316.733
1 493.943 0 459.025
1 493.943 0 438.772
0 494.461 1 316.733
0 494.995 1 316.733
1 494.978 0 438.772
1 494.978 0 459.259
0 495.495 1 316.733
0 496.029 1 316.733
1 495.845 0 459.025
1 495.845 0 438.772
0 496.529 1 316.733
1 496.613 0 438.672
1 496.613 0 459.259
0 497.063 1 316.333
0 497.063 1 316.733
1 497.514 0 459.259
0 497.664 1 316.333
0 497.664 1 316.733
0 498.732 1 316.733
0 499.466 1 316.333
0 499.466 1 316.733
0 500.333 1 316.333
0 500.333 1 316.733
0 501.368 1 316.333
0 501.368 1 316.733
0 502.135 1 316.333
0 502.135 1 316.733
0 502.869 1 316.333
0 502.869 1 316.733
0 503.636 1 316.333
0 503.636 1 316.733
0 504.304 1 316.333
0 504.304 1 316.733
0 505.038 1 316.333
0 505.038 1 316.733
0 506.606 1 316.333
0 506.606 1 316.733
0 507.54 1 316.333
0 507.54 1 316.733
0 508.575 1 316.733
0 509.376 1 316.333
0 509.376 1 316.733
0 510.243 1 316.333
0 510.243 1 316.733
0 511.111 1 316.333
0 511.111 1 316.733
0 511.778 1 316.733
0 512.779 1 316.333
0 512.779 1 316.733
0 513.98 1 316.733
0 514.547 1 316.333
0 514.547 1 316.733
0 514.547 0 311.945
0 515.348 1 316.333
0 515.348 1 316.733
0 516.149 1 316.333
0 516.149 1 316.733
0 517.083 1 316.333
0 517.083 1 316.733
0 517.884 1 316.333
0 517.884 1 316.733
0 519.119 1 316.333
0 519.119 1 316.733
0 520.186 1 316.333
0 520.186 1 316.733
0 521.321 1 316.333
0 521.321 1 316.733
0 522.422 1 316.333
0 522.422 1 316.733
0 523.723 1 316.333
0 523.723 1 316.733
0 524.891 1 316.333
0 524.891 1 316.733
0 526.326 1 316.333
0 526.326 1 316.733
0 527.527 1 316.333
0 527.527 1 316.733
0 528.828 1 316.333
0 528.828 1 316.733
0 529.996 1 316.333
0 529.996 1 316.733
0 531.097 1 316.333
0 531.097 1 316.733
0 532.232 1 316.333
0 532.232 1 316.733
0 533.433 1 316.333
0 533.433 1 316.733
0 534.667 1 316.333
0 534.667 1 316.733
0 534.667 0 311.945
0 535.735 1 316.333
0 535.735 1 316.733
0 537.27 1 316.333
0 537.27 1 316.733
0 538.838 1 316.333
0 538.838 1 316.733
0 540.273 1 316.333
0 540.273 1 316.733
0 540.273 0 311.945
0 541.474 1 316.333
0 541.474 1 316.733
0 542.542 1 316.333
0 542.542 1 316.733
0 543.777 1 316.333
0 543.777 1 316.733
0 544.878 1 316.333
0 544.878 1 316.733
0 546.179 1 316.333
0 546.179 1 316.733
0 547.38 1 316.333
0 547.38 1 316.733
0 547.38 0 311.511
0 548.214 1 316.333
0 548.214 1 316.733
0 549.282 1 316.333
0 549.282 1 316.733
0 550.25 1 316.733
0 550.884 1 316.333
0 550.884 1 316.733
0 551.851 1 316.333
0 551.851 1 316.733
0 552.519 1 316.333
0 552.519 1 316.733
0 553.019 1 316.333
0 553.019 1 316.733
0 553.72 1 316.333
0 553.72 1 316.733
0 554.687 1 316.333
0 554.687 1 316.733
0 555.655 1 316.333
0 555.655 1 316.733
0 556.289 1 316.333
0 556.289 1 316.733
0 556.99 1 316.333
0 556.99 1 316.733
0 557.59 1 316.333
0 557.59 1 316.733
0 558.224 1 316.333
0 558.224 1 316.733
0 559.058 1 316.333
0 559.058 1 316.733
0 559.826 1 316.733
0 560.527 1 316.333
0 560.527 1 316.733
0 561.094 1 316.333
0 561.094 1 316.733
0 561.694 1 316.333
0 561.694 1 316.733
0 563.029 1 316.333
0 563.029 1 316.733
0 564.063 1 316.333
0 564.063 1 316.733
0 564.931 1 316.333
0 564.931 1 316.733
0 565.765 1 316.733
0 566.533 1 316.333
0 566.533 1 316.733
0 567.801 1 316.333
0 567.801 1 316.733
0 568.601 1 316.333
0 568.601 1 316.733
0 569.469 1 316.333
0 569.469 1 316.733
0 570.437 1 316.733
0 571.204 1 316.333
0 571.204 1 316.733
0 571.938 1 316.333
0 573.139 1 316.333
0 573.139 1 316.733
0 574.14 1 316.733
0 575.408 1 316.333
0 575.408 1 316.733
0 576.142 1 316.333
0 576.142 1 316.733
0 576.743 1 316.333
0 577.343 1 316.333
0 577.343 1 316.733
0 578.044 1 316.333
0 578.044 1 316.733
0 579.145 1 316.333
0 579.145 1 316.733
0 579.979 1 316.333
0 579.979 1 316.733
0 580.713 1 316.333
0 581.448 1 316.333
0 581.448 1 316.733
0 582.415 1 316.333
0 582.415 1 316.733
0 583.483 1 316.333
0 583.483 1 316.733
0 585.218 1 316.333
0 585.218 1 316.733
0 586.92 1 316.333
0 586.92 1 316.733
0 588.488 1 316.333
0 588.488 1 316.733
