0.927559 -0.261042 -0.267377 0.312666 0.2483 0.965288 -0.0810378 0.0231898 0.27925 0.00877766 0.960178 -0.109588 0 0 0 1
1 0 0 0 0 1 0 0 0 0 1 0 0 0 0 1
###
476.563 300.987
684.388 308.154
594.808 379.817
458.647 566.143
390.567 670.055
612.724 691.554
331.444 322.486
534.491 534.491
519.561 647.959
504.631 301.584
546.435 429.982
612.127 432.968
418.038 223.949
286.655 585.253
391.164 671.846
532.501 534.989
579.779 661.893
286.157 584.755
460.339 564.849
729.078 552.407
599.685 383.201
474.854 302.746
385.69 622.08
412.646 682.214
429.235 657.331
508.032 607.565
566.093 595.123
518.4 649.037
580.608 669.773
331.776 323.136
475.2 304.128
516.672 648
565.056 596.16
575.424 668.736
438.912 660.096
613.44 435.456
599.616 596.16
247.68 322.56
550.08 430.56
460.8 564.48
427.68 648
570.24 597.6
580.32 671.04
529.92 531.36
550.08 522.72
599.04 596.16
439.2 660
535.2 528
555.6 589.2
598.8 596.4
609.6 520.8
602.4 541.2
542.4 432
302.4 596.4
555 589
613 557
613 436
550 430
361 609
448 592

0.49513 -1.90191 2.96278 
0.303118 -0.333227 0.354381 
0.254816 -0.203753 0.376149 
0.130618 0.0719144 0.390478 
0.0493424 0.144219 0.271407 
0.174959 0.0900928 0.163809 
-0.335837 -0.56203 1.32034 
0.208333 0.0184502 0.386723 
0.155255 0.108199 0.259594 
3.51538 -9.42286 13.4853 
0.185591 -0.105763 0.361586 
0.220198 -0.1044 0.283422 
-0.322264 -5.374 6.54494 
-0.121111 0.229717 0.621798 
0.048724 0.13823 0.259557 
0.197648 0.0406194 0.371094 
0.173468 0.0891729 0.201528 
-0.122957 0.230492 0.623567 
0.130518 0.0695973 0.380134 
0.35689 -0.00798527 0.26266 
0.244466 -0.19078 0.353919 
0.103476 -0.303802 0.489244 
0.0541371 0.183965 0.451576 
0.0644674 0.137792 0.24522 
0.0802744 0.12626 0.267332 
0.155386 0.0855828 0.29995 
0.213962 0.0652802 0.292504 
0.155274 0.10915 0.261984 
0.16592 0.0899805 0.190557 
-0.327499 -0.545402 1.29496 
0.346976 -1.22957 1.94863 
0.154811 0.110368 0.263215 
0.211702 0.0653937 0.292779 
0.16174 0.0876549 0.191066 
0.0867592 0.128038 0.264245 
0.224616 -0.106514 0.287466 
0.233119 0.0515583 0.266013 
-0.191295 -0.174223 0.491862 
0.186614 -0.106269 0.360899 
0.134883 0.0754123 0.406665 
0.0762866 0.116641 0.267507 
0.215392 0.0667346 0.288245 
0.166241 0.0899289 0.190649 
0.212499 0.0172751 0.400506 
0.206467 -0.00158067 0.34525 
0.23652 0.0561274 0.269584 
0.08653 0.125432 0.261838 
0.199516 0.0241207 0.392668 
0.204741 0.0622989 0.302402 
0.237495 0.0571468 0.271348 
0.235669 -0.0185732 0.279857 
0.2352 0.00303612 0.283633 
0.185661 -0.105585 0.367601 
-0.0713427 0.214209 0.547406 
0.202315 0.0606025 0.2972 
0.248088 0.0166321 0.27557 
0.225865 -0.106288 0.28675 
0.188274 -0.107849 0.358465 
0.0271123 0.22076 0.556444 
0.116686 0.102903 0.377109 
