0.984281 -0.082135 -0.156346 0.951038 0.0727315 0.995234 -0.0649539 -0.232613 0.160936 0.0525616 0.985564 0.183621 0 0 0 1
-0.984157 -0.1296 -0.120988 0.0117144 -0.0833529 0.940496 -0.329423 -0.0758886 0.156482 -0.314119 -0.936399 0.06566 0 0 0 1
###
519.561 537.477
630.64 555.393
505.229 652.139
587.642 383.4
275.905 584.059
447.898 566.143
522.547 537.477
507.617 650.945
534.491 432.968
600.183 435.954
274.711 585.253
510.106 539.966
602.174 435.456
273.715 584.755
440.433 579.779
375.736 674.335
724.101 554.895
537.062 431.309
275.789 584.755
474.854 568.167
510.106 539.136
495.59 611.712
552.96 599.616
601.344 435.456
461.376 646.272
520.128 533.952
539.136 525.312
479.52 570.24
502.56 652.32
519.84 534.24
538.56 525.6
591.84 544.32
532.8 433.44
438 576
493.2 610.8
588 598.8
459.6 645.6
519.6 534
538.8 525.6
351.6 612
562.8 388.8
538.8 432
526 531
535 432
476 568

0.0132768 0.0862686 0.00100979 
-0.00245057 0.0865221 0.00451461 
0.00760458 0.100516 0.0126692 
0.00576953 0.0624588 0.00601691 
0.0617386 0.108682 0.00493781 
0.017809 0.0940174 0.0104504 
0.014686 0.0869714 0.000762714 
0.00772983 0.100537 0.0127972 
0.011238 0.0736124 0.00915564 
0.00206575 0.0748607 0.0118772 
0.0530439 0.107034 0.00407269 
0.0135135 0.0859646 0.000578643 
0.00225387 0.0743761 0.0109006 
0.0563273 0.107893 -0.00035846 
0.0209315 0.0950548 0.00668432 
0.0165688 0.105403 0.0210474 
-0.010137 0.0861506 -0.000765134 
0.0117202 0.0728769 0.00813043 
0.0550297 0.107514 0.00143499 
0.0172569 0.0920509 0.00171361 
0.0146033 0.0869019 0.00102023 
0.0107126 0.0968746 0.0104427 
0.00521137 0.0939766 0.00711772 
0.00211402 0.0745372 0.0109343 
0.011676 0.100838 0.0147997 
0.0116643 0.0867117 0.00368226 
0.00972482 0.0850131 0.00465079 
0.0159178 0.0927568 0.006494 
0.00798106 0.100605 0.012751 
0.012527 0.0870831 0.00293344 
0.00973928 0.0849478 0.00464635 
0.00202655 0.0867915 0.00733457 
0.0125517 0.0725744 0.007263 
0.0214413 0.0953075 0.00685593 
0.0109092 0.0968137 0.0104251 
0.00120835 0.0931883 0.00737513 
0.0118034 0.100939 0.0150347 
0.0125069 0.0871383 0.00296431 
0.00973717 0.0848886 0.00439575 
0.0416537 0.106892 0.000207267 
0.0100368 0.0706109 0.0102415 
0.0111445 0.072946 0.00853095 
0.0140448 0.0856737 -0.000493676 
0.0124844 0.0726067 0.00736989 
0.0166129 0.0925916 0.00528557 
