0.977398 -0.0692055 -0.19976 0.258298 0.0646331 0.997478 -0.0293288 -0.142864 0.201286 0.0157548 0.979406 0.0250174 0 0 0 1
0.250281 -0.247438 -0.93602 0.0618845 0.198276 0.959399 -0.200602 -0.20082 0.947653 -0.135384 0.28918 0.186466 0 0 0 1
###
458.647 311.737
498.062 544.644
673.638 483.73
480.146 662.889
566.143 386.984
498.659 546.435
662.889 570.323
480.743 662.889
513.589 438.94
403.108 232.907
426.996 579.281
471.786 624.071
515.082 534.989
427.991 577.29
258.785 594.709
532.501 609.638
542.454 609.638
480.246 664.382
510.106 439.603
613.786 398.131
470.707 622.08
530.842 609.638
628.301 503.885
609.638 564.019
516.672 533.952
649.728 480.384
476.928 665.28
509.76 440.64
459.36 313.92
455.04 577.44
535.68 612
565.92 609.12
469.44 622.08
476.64 663.84
576 531.36
568.8 552.96
320.4 568.8
460.8 573.6
535.2 612
565.2 609.6
468 621.6
498 542.4
495 628
509 534
605 562
517 438

12.8544 -10.1013 5.58322 
-0.0453408 0.228831 -0.0338736 
-0.0585596 0.193993 -0.0833357 
-0.0886507 0.25485 -0.0397207 
-0.0502469 0.16765 -0.0398759 
-0.0475549 0.23054 -0.0316362 
-0.0617012 0.220555 -0.0839839 
-0.0796451 0.256571 -0.0407032 
-0.0589535 0.197105 -0.0275312 
0.525972 -0.461355 0.440775 
-0.048729 0.246715 -0.0158952 
-0.0722764 0.249746 -0.0354384 
-0.0569597 0.223788 -0.0381608 
-0.0654425 0.245254 -0.0180852 
0.00703781 0.301685 0.0685725 
-0.0894367 0.241093 -0.0452971 
-0.0673675 0.241224 -0.0518604 
-0.0794827 0.256538 -0.0404934 
-0.0637424 0.198254 -0.0287793 
-0.0543549 0.16861 -0.0566234 
-0.071731 0.249747 -0.0349307 
-0.0680379 0.241915 -0.0484373 
-0.0617168 0.204754 -0.0672984 
-0.0705793 0.224184 -0.0643208 
-0.0554837 0.223777 -0.0382801 
-0.0576974 0.194445 -0.0741845 
-0.0800713 0.256616 -0.0400975 
-0.0712681 0.202278 -0.0274556 
-0.0421183 0.145913 0.0110013 
-0.0673093 0.242777 -0.0264787 
-0.0673389 0.241337 -0.0520999 
-0.0745668 0.238607 -0.0557676 
-0.0692914 0.249932 -0.0345058 
-0.0796473 0.256754 -0.0399303 
-0.0687426 0.218723 -0.0533134 
-0.0673242 0.224432 -0.0532348 
0.244363 0.341349 0.17342 
-0.0520398 0.241201 -0.0278229 
-0.0689545 0.242136 -0.049878 
-0.07062 0.238956 -0.056832 
-0.0714942 0.249817 -0.0344135 
-0.0462688 0.227687 -0.0340489 
-0.0714219 0.249015 -0.0414354 
-0.0625101 0.22843 -0.035771 
-0.0720459 0.224205 -0.0625753 
-0.062956 0.197503 -0.0295058 
