-0.326654 -0.287577 -0.900331 0.216754 0.26873 0.885011 -0.380183 0.164353 0.906135 -0.366135 -0.211812 0.303007 0 0 0 1
0.995045 -0.011615 -0.0987444 -0.00765728 0.00981027 0.999776 -0.018743 -0.000989978 0.09894 0.0176814 0.994936 -0.00489537 0 0 0 1
###
558.976 322.486
382.206 674.833
459.842 313.528
328.458 516.575
537.477 323.482
325.97 547.43
462.413 315.187
324.864 547.776
357.696 412.992
292.032 478.656
305.28 516.96
338.4 624.96
325.2 547.2
415.2 400.8
423.6 398.4
378 428.4
336 553

1.43591 -1.89576 -0.6066 
0.308836 0.0512187 0.0558828 
2.05592 -2.18462 0.0289329 
0.351856 -0.0709599 0.144115 
1.85532 -2.3274 -0.646602 
0.342386 -0.0401056 0.13298 
1.63578 -1.70625 0.0147683 
0.339823 -0.0400541 0.133739 
0.371687 -0.194702 0.161194 
0.333026 -0.0887134 0.187676 
0.326261 -0.0584982 0.158211 
0.335815 0.0252153 0.0987118 
0.337917 -0.0398589 0.133269 
0.375077 -0.235876 0.0982243 
0.37903 -0.240413 0.0972956 
0.354204 -0.178197 0.12808 
0.336506 -0.0381154 0.121239 
