-0.163751 -0.349689 -0.922444 0.287933 0.179065 0.908997 -0.376379 0.132458 0.970114 -0.22681 -0.0862315 0.2039 0 0 0 1
1 0 0 0 0 1 0 0 0 0 1 0 0 0 0 1
###
515.978 297.404
311.737 530.311
343.985 455.064
259.781 534.491
307.556 441.926
498.659 692.748
313.528 522.547
311.04 562.36
400.205 472.781
313.114 522.547
418.176 361.152
308.16 528.48
384.48 515.52
325.2 532.8
366 572.4
304.8 828
482.4 355.2
357 565

1.7141 -1.65981 -0.0296116 
0.339909 -0.0104646 0.192975 
0.327584 -0.0776444 0.180534 
0.293104 -0.00644341 0.215709 
0.304054 -0.0712904 0.207816 
0.289032 0.0575015 0.00998794 
0.310927 -0.0129687 0.179677 
0.301346 0.0110968 0.168257 
0.362931 -0.0812752 0.136127 
0.308533 -0.0154452 0.178976 
0.377003 -0.203385 0.163161 
0.306401 -0.0105367 0.179976 
0.337907 -0.0398428 0.133267 
0.296143 -0.013761 0.163725 
0.309502 0.00522821 0.127544 
0.189829 0.0570922 0.1039 
0.375075 -0.235831 0.0982258 
0.307613 0.000337923 0.137684 
