-0.937733 -0.343193 -0.0536299 0.0373848 -0.309054 0.894803 -0.322201 -0.0668614 0.158565 -0.285564 -0.945151 0.0608157 0 0 0 1
1 0 0 0 0 1 0 0 0 0 1 0 0 0 0 1
###
644.973 544.644
483.73 584.059
573.309 544.644
655.722 293.821
490.896 272.322
426.399 644.973
612.127 558.379
653.931 561.365
429.982 644.973
432.968 507.617
415.549 592.22
425.503 646.963
562.36 410.573
637.01 410.573
646.963 489.37
615.859 342.144
611.712 626.227
468.634 574.387
294.451 516.326
566.093 410.573
503.885 547.43
607.565 568.167
369.792 478.656
641.088 497.664
546.048 542.592
414.72 592.704
566.784 411.264
370.08 478.08
457.92 545.76
370 478

-0.0173961 0.246302 0.588827 
-0.140702 0.25462 0.418593 
-0.0767952 0.225961 0.484613 
-0.54626 -1.49956 4.1679 
-3.66621 -3.56216 5.71447 
-0.140793 0.2666 0.322359 
-0.0518812 0.260508 0.563054 
-0.00235679 0.260545 0.572088 
-0.144388 0.280524 0.340335 
-0.271136 0.214541 0.455388 
-0.173234 0.252295 0.362499 
-0.143447 0.280941 0.339035 
-0.0929147 0.0926241 0.492693 
-0.0429288 0.0736046 0.688843 
-0.0200862 0.179508 0.609076 
-0.0680862 -0.0209045 0.651632 
-0.026608 0.285282 0.449155 
-0.156638 0.248597 0.418226 
-1.8168 0.519689 0.971768 
-0.0923605 0.0930708 0.492485 
-0.133397 0.221912 0.44021 
-0.0527781 0.267528 0.545076 
-1.61539 0.328918 1.4122 
-0.0269154 0.190968 0.605123 
-0.101471 0.219438 0.463902 
-0.17649 0.249292 0.360207 
-0.0920103 0.0936274 0.492232 
-1.6133 0.336383 1.43203 
-0.183303 0.228983 0.433253 
-1.68667 0.333343 1.45427 
